0.000775	0	0
0.241299	0	70
22.105139	0	23
33.432439	0	16
33.763541	0	26
49.018831	0	22
49.193741	0	49
52.363951	0	14
52.848307	0	9
53.443072	0	24
54.580599	0	35
54.639706	0	53
58.529244	0	6
84.013764	0	72
107.415869	0	32
0.000775	0	0
0.241299	0	70
22.105139	0	23
33.432439	0	16
33.763541	0	26
49.018831	0	22
49.193741	0	49
52.363951	0	14
52.848307	0	9
53.443072	0	24
54.580599	0	35
54.639706	0	53
58.529244	0	6
84.013764	0	72
107.415869	0	32
0.000775	0	0
0.241299	0	70
22.105139	0	23
33.432439	0	16
33.763541	0	26
49.018831	0	22
49.193741	0	49
52.363951	0	14
52.848307	0	9
53.443072	0	24
54.580599	0	35
54.639706	0	53
58.529244	0	6
84.013764	0	72
107.415869	0	32
