0	0	0	0	0	0	0	0	0	0	0	0	0	0	0	0	14	0	18	0	5	223	0	62	256	5	0	0	13	0	2	0	1	8	60	1	0	0	9	0	0	0	0	0	8	1	0	4	2	0	0	21	1	0	150	0	1	67	1	0	0	0	0	0	0	0	9	163	0	0	0	0	0	0
0	0	0	0	3	0	0	0	0	0	0	0	5	0	0	0	0	0	0	0	0	0	0	0	0	0	0	4	0	0	0	0	0	3	0	0	0	0	0	0	0	0	1	0	2	0	0	0	0	0	0	0	0	0	0	0	1	1	0	0	0	0	0	0	0	0	0	0	0	0	0	0	0	0
0	0	0	0	0	0	0	0	0	113	2	0	0	9	64	0	0	0	0	0	0	0	0	0	0	0	0	6	0	0	0	0	4	7	0	0	0	0	4	0	0	0	0	0	1	1	0	167	0	0	0	0	0	0	0	0	185	1	24	0	0	0	0	1	0	27	0	0	25	18	0	0	0	0
0	0	0	0	0	0	0	0	0	6	0	0	0	0	50	0	0	0	0	0	0	0	0	0	0	0	0	0	0	0	0	0	0	1	0	0	0	0	0	0	0	0	0	0	0	2	0	0	0	0	0	0	0	0	0	0	0	1	0	0	0	0	0	0	0	0	0	0	3	0	0	0	0	0
0	3	0	0	0	0	0	0	0	0	30	0	42	0	0	0	0	0	0	0	0	0	0	0	0	0	0	214	0	0	0	1	9	184	0	0	0	0	0	0	0	0	0	0	1	106	0	14	0	0	0	0	0	0	0	0	2	0	0	0	0	0	0	80	0	0	0	0	44	0	0	0	0	0
0	0	0	0	0	0	0	0	0	0	0	0	0	0	0	0	0	0	0	0	0	0	0	0	0	0	0	0	0	0	0	0	0	0	0	0	0	0	0	0	0	0	0	0	0	0	0	0	0	0	0	0	0	0	0	0	0	0	0	0	0	0	0	0	0	0	0	0	0	0	0	0	0	0
0	0	0	0	0	0	0	0	0	0	0	0	0	0	0	0	0	0	0	0	0	0	0	0	0	0	0	0	0	0	0	0	0	0	0	0	0	0	0	0	0	0	0	0	0	0	0	0	0	0	0	0	0	0	0	0	0	0	0	0	0	0	1	0	0	0	0	0	0	0	0	0	0	0
0	0	0	0	0	0	0	0	0	0	0	0	1	0	0	0	0	0	0	0	0	0	0	0	0	0	0	0	0	0	0	0	0	0	0	0	0	0	0	0	0	0	0	0	0	0	0	0	0	0	0	0	0	0	0	0	0	0	0	0	0	0	0	0	0	0	0	0	0	0	0	0	0	0
0	0	0	0	0	0	0	0	0	0	0	0	0	0	0	0	0	0	0	0	0	0	0	0	0	0	0	0	0	0	0	0	0	0	0	0	0	0	0	0	0	0	0	0	0	0	0	1	0	2	0	0	0	0	0	0	0	0	0	0	0	1	0	0	0	0	0	0	1	0	0	0	0	0
0	0	113	6	0	0	0	0	0	0	0	0	0	0	505	0	0	2	114	217	0	0	0	0	0	0	0	0	0	0	116	0	0	0	0	154	1	0	0	0	93	8	5	180	0	8	1	233	0	0	5	0	242	0	0	2	562	14	0	0	6	5	3	0	0	129	0	0	0	158	2	0	0	0
0	0	2	0	30	0	0	0	0	0	0	0	1	0	0	24	0	11	0	0	0	0	0	0	0	0	0	4	0	0	0	0	1	0	0	2	0	4	0	0	0	0	0	32	0	4	0	5	0	0	0	0	0	0	0	0	1	0	0	0	0	34	0	2	0	0	0	0	2	6	0	0	0	0
0	0	0	0	0	0	0	0	0	0	0	0	0	0	0	0	0	0	0	0	0	0	0	0	0	0	0	0	0	0	0	0	0	0	0	0	0	0	0	0	0	0	0	0	0	0	0	0	0	0	0	0	0	0	0	0	0	0	0	0	0	0	0	0	0	0	0	0	0	0	0	0	0	0
0	5	0	0	42	0	0	1	0	0	1	0	0	0	0	3	8	0	14	5	2	0	1	0	0	0	0	313	3	0	0	0	60	273	3	0	1	1	42	0	0	0	9	1	2	130	0	81	0	0	0	2	0	0	4	0	7	8	2	1	0	2	0	7	0	0	0	0	0	1	17	0	0	0
0	0	9	0	0	0	0	0	0	0	0	0	0	0	1	0	0	1	0	0	0	0	1	0	0	0	0	1	0	0	0	1	0	1	0	9	0	4	0	0	0	1	0	5	0	0	0	3	0	0	0	0	0	0	0	0	1	16	0	0	21	34	0	2	0	0	0	0	0	4	0	0	0	0
0	0	64	50	0	0	0	0	0	505	0	0	0	1	0	0	1	0	73	0	0	0	0	0	0	0	0	0	0	0	0	0	0	0	0	212	0	4	0	0	109	220	0	160	0	0	0	11	0	0	0	0	7	0	0	0	206	3	0	0	0	1	1	0	0	108	0	0	10	0	0	0	0	0
0	0	0	0	0	0	0	0	0	0	24	0	3	0	0	0	0	0	0	0	0	0	0	0	0	0	0	3	0	0	0	0	0	0	0	0	0	0	4	0	0	0	0	0	0	1	0	0	0	0	0	0	0	0	0	0	0	0	0	0	0	0	0	0	0	0	0	0	0	0	0	0	0	0
14	0	0	0	0	0	0	0	0	0	0	0	8	0	1	0	0	0	0	0	0	0	0	8	0	15	0	0	0	0	16	0	191	21	5	0	0	0	417	0	0	0	0	0	1	22	0	3	0	0	0	25	0	0	0	1	1	60	2	0	0	0	2	0	0	0	9	1	0	0	1	0	0	0
0	0	0	0	0	0	0	0	0	2	11	0	0	1	0	0	0	0	0	0	0	0	2	0	0	0	0	4	0	0	0	0	0	8	0	0	0	1	0	0	1	2	0	6	1	0	0	5	0	44	0	0	0	0	0	0	0	3	0	0	0	1	0	0	0	0	0	0	0	0	1	0	0	0
18	0	0	0	0	0	0	0	0	114	0	0	14	0	73	0	0	0	0	107	4	6	0	2	15	2	0	3	51	0	208	0	66	0	126	6	1	0	217	0	0	2	13	8	18	1	0	48	4	0	2	4	70	2	0	47	334	354	112	0	0	2	0	0	0	0	2	18	0	143	12	0	0	0
0	0	0	0	0	0	0	0	0	217	0	0	5	0	0	0	0	0	107	0	0	0	0	16	369	0	0	3	4	0	101	0	95	7	3	0	0	0	10	0	6	0	5	0	87	9	0	185	0	0	17	0	39	1	11	209	473	59	2	0	0	0	0	0	0	0	0	0	0	184	15	0	0	0
5	0	0	0	0	0	0	0	0	0	0	0	2	0	0	0	0	0	4	0	0	0	0	0	0	22	0	0	0	0	0	0	27	8	2	0	0	0	773	0	0	0	0	0	1	11	0	4	0	0	0	19	0	0	0	0	1	3	0	0	0	0	0	0	0	0	0	0	0	0	0	0	0	0
223	0	0	0	0	0	0	0	0	0	0	0	0	0	0	0	0	0	6	0	0	0	0	28	257	5	0	0	4	0	46	0	0	2	74	0	0	0	77	0	0	0	0	0	2	0	0	6	0	0	0	71	0	0	0	4	0	122	0	0	0	0	0	0	0	0	5	0	0	0	0	0	0	0
0	0	0	0	0	0	0	0	0	0	0	0	1	1	0	0	0	2	0	0	0	0	0	6	0	0	0	2	0	0	0	0	0	0	3	0	0	0	1	0	0	0	0	0	2	0	0	0	0	0	0	0	0	0	0	2	1	4	0	0	0	0	2	0	0	0	0	1	0	0	0	0	0	0
62	0	0	0	0	0	0	0	0	0	0	0	0	0	0	0	8	0	2	16	0	28	6	0	292	0	0	0	23	0	0	0	4	0	7	0	0	0	1	0	0	0	0	0	4	0	0	0	0	0	0	27	8	0	46	86	2	6	0	0	0	0	0	0	0	0	0	96	0	0	0	0	0	0
256	0	0	0	0	0	0	0	0	0	0	0	0	0	0	0	0	0	15	369	0	257	0	292	0	0	0	0	0	0	3	0	3	0	1	0	0	0	9	0	0	0	0	0	305	0	0	0	0	0	0	61	138	0	256	280	10	16	2	0	0	0	0	0	0	0	0	0	0	8	0	0	0	0
5	0	0	0	0	0	0	0	0	0	0	0	0	0	0	0	15	0	2	0	22	5	0	0	0	0	0	0	2	0	0	0	5	0	4	0	0	0	25	0	0	0	3	0	2	0	0	2	0	0	0	0	1	0	6	0	0	2	1	0	0	0	0	0	0	0	6	0	0	0	9	0	0	0
0	0	0	0	0	0	0	0	0	0	0	0	0	0	0	0	0	0	0	0	0	0	0	0	0	0	0	0	0	0	0	0	0	0	0	0	0	0	0	0	1	8	0	0	0	0	0	6	0	0	0	0	0	0	0	0	0	0	0	0	0	1	0	0	0	7	0	0	0	0	0	0	0	0
0	4	6	0	214	0	0	0	0	0	4	0	313	1	0	3	0	4	3	3	0	0	2	0	0	0	0	0	0	0	1	1	1	166	1	0	1	0	0	0	0	1	1	0	5	264	0	81	3	0	0	11	0	0	0	2	17	41	386	10	0	1	3	140	0	0	1	0	0	2	120	0	0	0
13	0	0	0	0	0	0	0	0	0	0	0	3	0	0	0	0	0	51	4	0	4	0	23	0	2	0	0	0	0	18	0	25	0	258	0	2	24	19	0	0	0	2	0	0	0	0	24	0	0	0	4	0	0	0	7	19	440	192	0	0	0	0	0	0	0	57	16	0	0	2	0	0	0
0	0	0	0	0	0	0	0	0	0	0	0	0	0	0	0	0	0	0	0	0	0	0	0	0	0	0	0	0	0	0	0	0	0	0	0	0	0	0	0	0	0	0	0	0	0	0	0	0	0	0	0	0	0	0	0	0	0	0	0	0	0	0	0	0	0	0	0	0	0	0	0	0	0
2	0	0	0	0	0	0	0	0	116	0	0	0	0	0	0	16	0	208	101	0	46	0	0	3	0	0	1	18	0	0	0	0	2	2	0	0	0	15	0	4	0	0	180	34	0	12	5	0	0	21	3	610	2	228	0	316	2	0	0	26	0	0	0	0	0	110	30	0	8	0	0	0	0
0	0	0	0	1	0	0	0	0	0	0	0	0	1	0	0	0	0	0	0	0	0	0	0	0	0	0	1	0	0	0	0	0	0	0	0	0	1	0	0	0	0	0	1	0	0	1	0	0	0	0	0	0	0	0	0	0	0	0	0	0	2	0	2	0	0	0	0	0	1	0	0	0	0
1	0	4	0	9	0	0	0	0	0	1	0	60	0	0	0	191	0	66	95	27	0	0	4	3	5	0	1	25	0	0	0	0	0	47	0	0	1	471	0	0	3	0	0	0	1	0	10	0	0	0	6	0	0	0	4	5	36	0	1	0	3	0	0	0	0	0	4	4	3	299	0	0	0
8	3	7	1	184	0	0	0	0	0	0	0	273	1	0	0	21	8	0	7	8	2	0	0	0	0	0	166	0	0	2	0	0	0	9	0	1	0	153	0	2	0	3	0	4	303	0	58	0	0	0	5	2	0	13	2	4	371	32	0	0	11	1	4	0	0	16	1	0	1	13	0	0	0
60	0	0	0	0	0	0	0	0	0	0	0	3	0	0	0	5	0	126	3	2	74	3	7	1	4	0	1	258	0	2	0	47	9	0	0	3	10	15	0	2	0	83	0	0	0	0	15	0	0	0	10	0	2	0	16	6	853	200	5	0	5	0	0	0	0	111	6	0	2	2	0	0	0
1	0	0	0	0	0	0	0	0	154	2	0	0	9	212	0	0	0	6	0	0	0	0	0	0	0	0	0	0	0	0	0	0	0	0	0	0	0	0	0	0	0	0	0	0	0	0	39	0	0	0	0	0	0	0	0	11	7	0	0	0	0	1	0	0	107	0	0	0	0	0	0	0	0
0	0	0	0	0	0	0	0	0	1	0	0	1	0	0	0	0	0	1	0	0	0	0	0	0	0	0	1	2	0	0	0	0	1	3	0	0	1	0	0	0	0	0	0	0	1	0	1	0	0	0	0	0	0	1	0	0	1	3	1	0	0	0	0	0	0	3	0	0	0	0	0	0	0
0	0	0	0	0	0	0	0	0	0	4	0	1	4	4	0	0	1	0	0	0	0	0	0	0	0	0	0	24	0	0	1	1	0	10	0	1	0	2	0	0	0	1	0	1	0	0	3	0	0	0	1	0	0	0	2	0	286	56	0	0	0	0	0	0	0	1	0	34	9	0	0	0	0
9	0	4	0	0	0	0	0	0	0	0	0	42	0	0	4	417	0	217	10	773	77	1	1	9	25	0	0	19	0	15	0	471	153	15	0	0	2	0	0	0	0	0	0	2	33	1	6	35	0	0	19	0	0	38	0	1	71	4	2	0	0	0	0	0	1	6	16	0	0	555	0	0	0
0	0	0	0	0	0	0	0	0	0	0	0	0	0	0	0	0	0	0	0	0	0	0	0	0	0	0	0	0	0	0	0	0	0	0	0	0	0	0	0	0	0	0	0	0	0	0	0	0	0	0	0	0	0	0	0	0	0	0	0	0	0	0	0	0	0	0	0	0	0	0	0	0	0
0	0	0	0	0	0	0	0	0	93	0	0	0	0	109	0	0	1	0	6	0	0	0	0	0	0	1	0	0	0	4	0	0	2	2	0	0	0	0	0	0	1	0	5	0	2	0	285	0	0	0	0	4	0	0	0	6	0	0	0	0	0	12	0	0	54	0	0	3	4	0	0	0	0
0	0	0	0	0	0	0	0	0	8	0	0	0	1	220	0	0	2	2	0	0	0	0	0	0	0	8	1	0	0	0	0	3	0	0	0	0	0	0	0	1	0	0	0	0	0	0	137	0	0	0	0	0	0	0	0	1	77	0	0	0	0	22	0	0	108	0	0	0	0	0	0	0	0
0	1	0	0	0	0	0	0	0	5	0	0	9	0	0	0	0	0	13	5	0	0	0	0	0	3	0	1	2	0	0	0	0	3	83	0	0	1	0	0	0	0	0	0	0	2	0	49	0	0	0	0	0	0	1	0	141	243	267	2	0	0	0	0	0	0	41	0	0	0	0	0	0	0
0	0	0	0	0	0	0	0	0	180	32	0	1	5	160	0	0	6	8	0	0	0	0	0	0	0	0	0	0	0	180	1	0	0	0	0	0	0	0	0	5	0	0	0	1	6	0	266	0	0	0	0	0	0	0	0	57	35	0	0	0	0	1	0	0	1	0	1	1	0	0	0	0	0
8	2	1	0	1	0	0	0	0	0	0	0	2	0	0	0	1	1	18	87	1	2	2	4	305	2	0	5	0	0	34	0	0	4	0	0	0	1	2	0	0	0	0	1	0	1	0	14	0	0	30	7	76	0	61	0	86	24	0	0	0	3	0	0	0	0	12	0	0	54	5	5	0	0
1	0	1	2	106	0	0	0	0	8	4	0	130	0	0	1	22	0	1	9	11	0	0	0	0	0	0	264	0	0	0	0	1	303	0	0	1	0	33	0	2	0	2	6	1	0	0	13	0	0	0	6	0	0	3	0	10	155	4	0	0	3	0	0	0	0	0	0	2	0	9	0	0	0
0	0	0	0	0	0	0	0	0	1	0	0	0	0	0	0	0	0	0	0	0	0	0	0	0	0	0	0	0	0	12	1	0	0	0	0	0	0	1	0	0	0	0	0	0	0	0	0	0	0	0	3	0	0	0	0	0	0	100	0	0	0	0	0	0	0	0	0	0	1	0	0	0	0
4	0	167	0	14	0	0	0	1	233	5	0	81	3	11	0	3	5	48	185	4	6	0	0	0	2	6	81	24	0	5	0	10	58	15	39	1	3	6	0	285	137	49	266	14	13	0	0	3	0	0	0	24	5	19	7	341	18	85	42	1	18	0	0	0	208	30	0	15	2	42	0	0	0
2	0	0	0	0	0	0	0	0	0	0	0	0	0	0	0	0	0	4	0	0	0	0	0	0	0	0	3	0	0	0	0	0	0	0	0	0	0	35	0	0	0	0	0	0	0	0	3	0	0	0	5	0	0	0	2	0	2	0	0	0	0	0	0	0	0	0	0	0	0	0	0	0	0
0	0	0	0	0	0	0	0	2	0	0	0	0	0	0	0	0	44	0	0	0	0	0	0	0	0	0	0	0	0	0	0	0	0	0	0	0	0	0	0	0	0	0	0	0	0	0	0	0	0	0	0	0	0	0	0	0	0	0	0	0	0	0	0	0	0	0	0	0	0	0	0	0	0
0	0	0	0	0	0	0	0	0	5	0	0	0	0	0	0	0	0	2	17	0	0	0	0	0	0	0	0	0	0	21	0	0	0	0	0	0	0	0	0	0	0	0	0	30	0	0	0	0	0	0	0	17	0	7	0	28	1	0	0	2	0	0	0	0	0	3	0	0	5	0	0	0	0
21	0	0	0	0	0	0	0	0	0	0	0	2	0	0	0	25	0	4	0	19	71	0	27	61	0	0	11	4	0	3	0	6	5	10	0	0	1	19	0	0	0	0	0	7	6	3	0	5	0	0	0	7	0	77	1	0	8	18	0	0	0	0	0	0	0	19	11	0	0	12	0	0	0
1	0	0	0	0	0	0	0	0	242	0	0	0	0	7	0	0	0	70	39	0	0	0	8	138	1	0	0	0	0	610	0	0	2	0	0	0	0	0	0	4	0	0	0	76	0	0	24	0	0	17	7	0	0	0	0	556	135	0	0	0	0	0	0	0	0	2	0	0	95	0	0	0	0
0	0	0	0	0	0	0	0	0	0	0	0	0	0	0	0	0	0	2	1	0	0	0	0	0	0	0	0	0	0	2	0	0	0	2	0	0	0	0	0	0	0	0	0	0	0	0	5	0	0	0	0	0	0	0	0	1	0	2	0	0	0	0	0	0	0	0	0	0	0	0	0	0	0
150	0	0	0	0	0	0	0	0	0	0	0	4	0	0	0	0	0	0	11	0	0	0	46	256	6	0	0	0	0	228	0	0	13	0	0	1	0	38	0	0	0	1	0	61	3	0	19	0	0	7	77	0	0	0	89	0	90	0	0	0	0	4	0	0	0	31	0	0	0	0	0	0	0
0	0	0	0	0	0	0	0	0	2	0	0	0	0	0	0	1	0	47	209	0	4	2	86	280	0	0	2	7	0	0	0	4	2	16	0	0	2	0	0	0	0	0	0	0	0	0	7	2	0	0	1	0	0	89	0	331	4	7	0	0	0	0	0	0	0	0	0	0	232	0	0	0	0
1	1	185	0	2	0	0	0	0	562	1	0	7	1	206	0	1	0	334	473	1	0	1	2	10	0	0	17	19	0	316	0	5	4	6	11	0	0	1	0	6	1	141	57	86	10	0	341	0	0	28	0	556	1	0	331	0	95	53	3	0	4	0	0	0	76	0	0	3	467	11	0	0	0
67	1	1	1	0	0	0	0	0	14	0	0	8	16	3	0	60	3	354	59	3	122	4	6	16	2	0	41	440	0	2	0	36	371	853	7	1	286	71	0	0	77	243	35	24	155	0	18	2	0	1	8	135	0	90	4	95	0	762	28	3	54	1	0	0	0	905	72	0	0	142	0	0	0
1	0	24	0	0	0	0	0	0	0	0	0	2	0	0	0	2	0	112	2	0	0	0	0	2	1	0	386	192	0	0	0	0	32	200	0	3	56	4	0	0	0	267	0	0	4	100	85	0	0	0	18	0	2	0	7	53	762	0	20	0	0	0	0	0	0	181	0	2	27	2	0	0	0
0	0	0	0	0	0	0	0	0	0	0	0	1	0	0	0	0	0	0	0	0	0	0	0	0	0	0	10	0	0	0	0	1	0	5	0	1	0	2	0	0	0	2	0	0	0	0	42	0	0	0	0	0	0	0	0	3	28	20	0	0	0	0	0	0	0	0	0	2	2	2	0	0	0
0	0	0	0	0	0	0	0	0	6	0	0	0	21	0	0	0	0	0	0	0	0	0	0	0	0	0	0	0	0	26	0	0	0	0	0	0	0	0	0	0	0	0	0	0	0	0	1	0	0	2	0	0	0	0	0	0	3	0	0	0	0	1	0	0	0	0	0	0	0	0	0	0	0
0	0	0	0	0	0	0	0	1	5	34	0	2	34	1	0	0	1	2	0	0	0	0	0	0	0	1	1	0	0	0	2	3	11	5	0	0	0	0	0	0	0	0	0	3	3	0	18	0	0	0	0	0	0	0	0	4	54	0	0	0	0	0	0	0	0	0	0	10	18	0	0	0	0
0	0	0	0	0	0	1	0	0	3	0	0	0	0	1	0	2	0	0	0	0	0	2	0	0	0	0	3	0	0	0	0	0	1	0	1	0	0	0	0	12	22	0	1	0	0	0	0	0	0	0	0	0	0	4	0	0	1	0	0	1	0	0	0	0	22	6	0	0	0	0	0	0	0
0	0	1	0	80	0	0	0	0	0	2	0	7	2	0	0	0	0	0	0	0	0	0	0	0	0	0	140	0	0	0	2	0	4	0	0	0	0	0	0	0	0	0	0	0	0	0	0	0	0	0	0	0	0	0	0	0	0	0	0	0	0	0	0	0	0	0	0	9	0	0	0	0	0
0	0	0	0	0	0	0	0	0	0	0	0	0	0	0	0	0	0	0	0	0	0	0	0	0	0	0	0	0	0	0	0	0	0	0	0	0	0	0	0	0	0	0	0	0	0	0	0	0	0	0	0	0	0	0	0	0	0	0	0	0	0	0	0	0	0	0	0	0	0	0	0	0	0
0	0	27	0	0	0	0	0	0	129	0	0	0	0	108	0	0	0	0	0	0	0	0	0	0	0	7	0	0	0	0	0	0	0	0	107	0	0	1	0	54	108	0	1	0	0	0	208	0	0	0	0	0	0	0	0	76	0	0	0	0	0	22	0	0	0	0	0	0	0	0	0	0	0
9	0	0	0	0	0	0	0	0	0	0	0	0	0	0	0	9	0	2	0	0	5	0	0	0	6	0	1	57	0	110	0	0	16	111	0	3	1	6	0	0	0	41	0	12	0	0	30	0	0	3	19	2	0	31	0	0	905	181	0	0	0	6	0	0	0	0	1	0	0	2	0	0	0
163	0	0	0	0	0	0	0	0	0	0	0	0	0	0	0	1	0	18	0	0	0	1	96	0	0	0	0	16	0	30	0	4	1	6	0	0	0	16	0	0	0	0	1	0	0	0	0	0	0	0	11	0	0	0	0	0	72	0	0	0	0	0	0	0	0	1	0	0	0	2	0	0	0
0	0	25	3	44	0	0	0	1	0	2	0	0	0	10	0	0	0	0	0	0	0	0	0	0	0	0	0	0	0	0	0	4	0	0	0	0	34	0	0	3	0	0	1	0	2	0	15	0	0	0	0	0	0	0	0	3	0	2	2	0	10	0	9	0	0	0	0	0	15	0	0	0	0
0	0	18	0	0	0	0	0	0	158	6	0	1	4	0	0	0	0	143	184	0	0	0	0	8	0	0	2	0	0	8	1	3	1	2	0	0	9	0	0	4	0	0	0	54	0	1	2	0	0	5	0	95	0	0	232	467	0	27	2	0	18	0	0	0	0	0	0	15	0	0	0	0	0
0	0	0	0	0	0	0	0	0	2	0	0	17	0	0	0	1	1	12	15	0	0	0	0	0	9	0	120	2	0	0	0	299	13	2	0	0	0	555	0	0	0	0	0	5	9	0	42	0	0	0	12	0	0	0	0	11	142	2	2	0	0	0	0	0	0	2	2	0	0	0	0	0	0
0	0	0	0	0	0	0	0	0	0	0	0	0	0	0	0	0	0	0	0	0	0	0	0	0	0	0	0	0	0	0	0	0	0	0	0	0	0	0	0	0	0	0	0	5	0	0	0	0	0	0	0	0	0	0	0	0	0	0	0	0	0	0	0	0	0	0	0	0	0	0	0	0	0
0	0	0	0	0	0	0	0	0	0	0	0	0	0	0	0	0	0	0	0	0	0	0	0	0	0	0	0	0	0	0	0	0	0	0	0	0	0	0	0	0	0	0	0	0	0	0	0	0	0	0	0	0	0	0	0	0	0	0	0	0	0	0	0	0	0	0	0	0	0	0	0	0	0
0	0	0	0	0	0	0	0	0	0	0	0	0	0	0	0	0	0	0	0	0	0	0	0	0	0	0	0	0	0	0	0	0	0	0	0	0	0	0	0	0	0	0	0	0	0	0	0	0	0	0	0	0	0	0	0	0	0	0	0	0	0	0	0	0	0	0	0	0	0	0	0	0	0
