0	0	0	0	0	0	0	0	0	0	0	0	0	0	0	0	0	0	0	0	2	4	0	0	0	2	0	0	17	0	4	0	0	0	0	0	0	0	0	0	0	0	0	0	0	0	0	0	0	0	1	2	0	0	36	0	0	1	0	0	0	0	0	0	0	0	0	0	0	0	0	0	0	0
0	0	1	0	8	0	0	5	0	0	0	0	2	6	0	0	0	0	0	0	0	0	0	0	0	0	0	0	0	0	0	0	0	10	0	0	0	0	0	0	0	0	0	0	0	0	0	1	0	0	0	0	0	0	0	0	4	4	1	2	0	0	0	0	0	0	0	0	0	0	0	0	1	0
0	1	0	0	0	0	0	0	0	2	0	0	0	0	34	0	0	0	0	0	0	0	0	0	0	0	0	0	0	0	0	0	0	0	0	0	0	0	0	0	11	0	0	0	0	0	0	0	0	0	0	0	0	0	0	0	6	0	0	0	0	0	0	0	0	0	0	0	0	0	0	0	0	0
0	0	0	0	0	0	0	0	0	0	0	0	0	0	0	0	0	0	0	0	0	0	0	0	0	0	0	0	0	0	0	0	0	0	0	0	0	0	0	0	0	0	0	0	0	0	0	0	0	0	0	0	0	0	0	1	0	0	0	116	0	9	0	0	0	5	4	0	0	0	0	0	0	0
0	8	0	0	0	0	0	0	0	0	0	0	10	30	1	0	0	0	0	0	0	0	0	0	0	0	0	0	0	0	0	0	2	27	0	0	0	0	0	0	0	32	0	0	0	0	0	0	0	0	0	0	0	0	0	0	0	2	0	0	0	0	0	2	0	0	0	0	11	0	0	8	160	1
0	0	0	0	0	0	0	0	0	0	0	0	0	0	0	0	0	0	0	0	0	0	0	0	0	0	0	0	0	0	0	0	0	0	0	0	0	0	0	0	0	0	0	0	0	0	0	0	0	0	0	0	0	0	0	0	0	0	0	0	0	0	0	0	0	0	0	0	0	0	0	0	0	0
0	0	0	0	0	0	0	0	0	7	0	0	53	0	1	0	0	0	0	0	0	0	0	0	0	1	0	0	0	0	0	0	0	0	0	0	0	0	0	0	36	0	0	0	0	0	0	0	0	0	0	0	0	0	0	0	0	0	0	0	0	7	0	0	0	3	0	0	0	0	0	0	0	0
0	5	0	0	0	0	0	0	0	0	0	0	24	0	0	0	0	0	0	97	93	2	0	0	0	3	0	0	4	0	0	0	0	0	0	0	0	0	0	0	1	0	0	0	0	0	0	0	0	0	1	0	0	0	0	0	1	0	0	0	0	0	0	0	0	0	0	0	0	0	0	0	0	0
0	0	0	0	0	0	0	0	0	0	0	0	0	0	0	0	0	1	0	0	0	0	0	0	0	0	0	0	0	0	0	0	0	0	0	0	0	0	0	0	0	0	0	0	0	0	0	0	0	0	0	0	0	0	0	0	0	0	0	0	0	0	0	0	0	0	0	0	0	0	0	0	0	0
0	0	2	0	0	0	7	0	0	0	0	0	1	0	70	0	0	0	0	0	0	0	0	0	0	2	0	0	0	0	121	0	0	0	0	0	0	0	0	0	11	60	0	0	0	0	0	8	0	0	0	0	41	0	0	0	51	6	2	1	0	3	0	0	0	66	1	0	0	4	0	0	1	0
0	0	0	0	0	0	0	0	0	0	0	0	0	0	0	0	0	0	0	0	0	0	0	0	0	0	0	0	0	0	0	0	0	0	0	0	0	0	0	0	0	0	0	0	0	0	0	0	0	0	0	0	0	0	4	0	0	0	0	0	0	0	0	0	0	0	0	0	0	0	0	0	0	0
0	0	0	0	0	0	0	0	0	0	0	0	0	0	0	0	0	0	0	0	0	0	0	0	0	0	0	0	0	0	0	0	0	0	0	0	0	0	0	0	0	0	0	0	0	0	0	0	0	0	0	0	0	0	0	0	0	0	0	0	0	0	0	0	0	0	0	0	0	0	0	0	0	0
0	2	0	0	10	0	53	24	0	1	0	0	0	0	2	0	0	0	0	19	110	16	0	2	0	18	0	0	8	0	0	0	706	19	64	0	0	0	0	620	1	6	0	0	0	7	0	1	0	0	0	7	0	0	0	4	2	84	131	1231	0	2	0	53	0	1	5	0	15	1	10	3	1	1
0	6	0	0	30	0	0	0	0	0	0	0	0	0	0	0	0	1	0	0	0	0	0	0	0	1	0	0	0	0	0	0	0	0	0	0	0	0	0	0	3	0	0	0	0	0	0	0	0	0	0	1	0	0	0	0	0	0	0	0	0	207	0	0	0	0	0	0	0	0	0	0	103	0
0	0	34	0	1	0	1	0	0	70	0	0	2	0	0	0	0	0	0	0	0	0	0	0	0	0	0	0	0	0	1	0	0	0	0	0	0	0	0	1	2	87	0	0	0	0	0	73	0	0	0	0	5	0	0	0	38	469	7	0	0	0	0	0	0	0	0	0	0	58	0	0	0	19
0	0	0	0	0	0	0	0	0	0	0	0	0	0	0	0	0	0	0	0	0	0	0	0	0	0	0	0	0	0	0	0	0	0	0	0	0	0	0	0	0	0	0	0	0	0	0	0	0	0	0	0	0	0	0	0	0	0	0	0	0	0	0	0	0	0	0	0	0	0	0	0	1	0
0	0	0	0	0	0	0	0	0	0	0	0	0	0	0	0	0	0	0	0	0	0	0	0	0	0	0	0	0	0	0	0	0	0	0	0	0	0	0	0	0	0	0	0	0	0	0	0	0	0	0	0	0	0	0	0	0	0	0	0	0	0	0	0	0	0	0	0	0	0	0	0	0	0
0	0	0	0	0	0	0	0	1	0	0	0	0	1	0	0	0	0	0	1	0	0	0	0	0	0	0	0	0	0	0	0	0	0	0	0	0	0	0	0	17	0	0	0	0	0	4	26	0	0	0	0	38	0	0	4	0	3	0	0	0	18	0	0	0	0	1	0	0	0	0	0	0	0
0	0	0	0	0	0	0	0	0	0	0	0	0	0	0	0	0	0	0	0	0	0	0	0	0	0	0	0	0	0	0	0	0	0	0	0	0	0	0	0	0	0	0	0	0	0	0	0	0	0	0	0	0	0	0	0	0	0	0	0	0	0	0	0	0	0	0	0	0	0	0	0	0	0
0	0	0	0	0	0	0	97	0	0	0	0	19	0	0	0	0	1	0	0	162	25	1	52	1	75	0	0	2	0	0	0	302	1	211	0	0	0	0	249	27	0	0	0	0	0	1	0	0	0	0	69	102	0	0	176	0	32	15	79	0	4	0	0	0	0	1	0	31	0	121	1	0	0
2	0	0	0	0	0	0	93	0	0	0	0	110	0	0	0	0	0	0	162	0	182	0	7	0	676	0	0	16	0	16	0	680	149	161	0	0	0	0	522	9	3	0	0	0	1	0	0	0	0	0	553	62	0	0	18	3	176	5	6	0	1	0	0	0	2	1	0	0	1	56	0	1	1
4	0	0	0	0	0	0	2	0	0	0	0	16	0	0	0	0	0	0	25	182	0	0	1322	263	338	0	0	129	0	87	0	82	3	471	0	0	0	0	51	5	0	0	0	0	0	0	0	0	0	1	724	29	0	47	119	1	627	7	613	0	0	0	0	0	0	467	0	60	1	0	0	0	14
0	0	0	0	0	0	0	0	0	0	0	0	0	0	0	0	0	0	0	1	0	0	0	0	0	5	0	0	0	0	0	0	0	0	2	0	0	0	0	0	0	0	0	0	0	0	0	0	0	0	0	11	0	0	0	0	0	37	0	150	0	0	0	0	0	0	0	0	81	0	0	0	0	0
0	0	0	0	0	0	0	0	0	0	0	0	2	0	0	0	0	0	0	52	7	1322	0	0	1072	15	0	0	0	0	101	0	56	0	102	0	0	0	0	44	7	2	0	0	0	0	0	0	0	0	0	540	500	0	62	413	0	85	4	9	0	9	0	0	0	0	6	0	0	0	0	0	0	0
0	0	0	0	0	0	0	0	0	0	0	0	0	0	0	0	0	0	0	1	0	263	0	1072	0	0	0	0	0	0	0	0	1	0	6	0	0	0	0	0	0	0	0	0	0	0	0	0	0	0	0	7	66	0	0	0	0	1	0	6	0	0	0	0	0	0	1	0	0	0	0	0	0	0
2	0	0	0	0	0	1	3	0	2	0	0	18	1	0	0	0	0	0	75	676	338	5	15	0	0	0	0	37	0	12	0	708	26	176	0	0	0	0	858	18	5	0	0	0	0	1	0	0	0	1	772	133	0	4	16	2	256	36	208	0	27	0	0	0	1	419	0	34	0	40	0	0	6
0	0	0	0	0	0	0	0	0	0	0	0	0	0	0	0	0	0	0	0	0	0	0	0	0	0	0	0	0	0	0	0	0	0	0	0	0	0	0	0	0	0	0	0	0	0	0	0	0	0	0	0	0	0	0	0	0	0	0	0	0	0	0	0	0	0	0	0	0	0	0	0	0	0
0	0	0	0	0	0	0	0	0	0	0	0	0	0	0	0	0	0	0	0	0	0	0	0	0	0	0	0	0	0	0	0	0	0	0	0	0	0	0	0	0	0	0	0	0	0	0	0	0	0	0	0	0	0	0	0	0	0	0	0	0	0	0	0	0	0	0	0	0	0	0	0	0	0
17	0	0	0	0	0	0	4	0	0	0	0	8	0	0	0	0	0	0	2	16	129	0	0	0	37	0	0	0	0	12	0	60	0	102	0	0	0	0	58	3	18	0	0	0	0	0	0	0	0	1	102	0	0	5	1	11	121	89	28	0	0	0	0	0	0	72	0	0	0	0	3	0	0
0	0	0	0	0	0	0	0	0	0	0	0	0	0	0	0	0	0	0	0	0	0	0	0	0	0	0	0	0	0	0	0	0	0	0	0	0	0	0	0	0	0	0	0	0	0	0	0	0	0	0	0	0	0	0	0	0	0	0	0	0	0	0	0	0	0	0	0	0	0	0	0	0	0
4	0	0	0	0	0	0	0	0	121	0	0	0	0	1	0	0	0	0	0	16	87	0	101	0	12	0	0	12	0	0	0	6	1	13	0	0	0	0	7	0	0	0	0	0	0	0	0	0	0	46	19	180	0	182	0	2	23	0	0	0	0	0	0	0	0	78	0	0	9	0	0	0	211
0	0	0	0	0	0	0	0	0	0	0	0	0	0	0	0	0	0	0	0	0	0	0	0	0	0	0	0	0	0	0	0	0	0	0	0	0	0	0	0	0	0	0	0	0	0	0	0	0	0	0	0	0	0	0	0	0	0	0	0	0	0	0	0	0	0	0	0	0	0	0	0	0	0
0	0	0	0	2	0	0	0	0	0	0	0	706	0	0	0	0	0	0	302	680	82	0	56	1	708	0	0	60	0	6	0	0	2	333	0	0	0	0	185	8	9	0	0	0	0	0	1	0	0	0	504	21	0	0	23	1	172	33	551	0	20	0	0	0	0	17	0	89	0	0	0	0	7
0	10	0	0	27	0	0	0	0	0	0	0	19	0	0	0	0	0	0	1	149	3	0	0	0	26	0	0	0	0	1	0	2	0	8	0	0	0	0	3	0	0	0	0	0	0	0	0	0	0	0	55	0	0	0	2	0	74	4	89	0	1	0	0	0	0	0	0	94	0	0	0	123	0
0	0	0	0	0	0	0	0	0	0	0	0	64	0	0	0	0	0	0	211	161	471	2	102	6	176	0	0	102	0	13	0	333	8	0	0	0	0	0	255	17	0	0	0	0	0	0	0	0	0	1	564	23	0	1	39	9	652	149	953	0	18	0	0	0	0	151	0	85	0	0	0	0	1
0	0	0	0	0	0	0	0	0	0	0	0	0	0	0	0	0	0	0	0	0	0	0	0	0	0	0	0	0	0	0	0	0	0	0	0	0	0	0	0	0	0	0	0	0	0	0	0	0	0	0	0	0	0	0	0	0	0	0	0	0	0	0	0	0	0	0	0	0	0	0	0	0	0
0	0	0	0	0	0	0	0	0	0	0	0	0	0	0	0	0	0	0	0	0	0	0	0	0	0	0	0	0	0	0	0	0	0	0	0	0	0	0	0	0	0	0	0	0	0	0	0	0	0	0	0	0	0	0	0	0	0	0	0	0	0	0	0	0	0	0	0	0	0	0	0	0	0
0	0	0	0	0	0	0	0	0	0	0	0	0	0	0	0	0	0	0	0	0	0	0	0	0	0	0	0	0	0	0	0	0	0	0	0	0	0	0	0	0	0	0	0	0	0	0	0	0	0	0	0	0	0	0	0	0	0	0	0	0	0	0	0	0	0	0	0	0	0	0	0	0	0
0	0	0	0	0	0	0	0	0	0	0	0	0	0	0	0	0	0	0	0	0	0	0	0	0	0	0	0	0	0	0	0	0	0	0	0	0	0	0	0	0	0	0	0	0	0	0	0	0	0	0	0	0	0	0	0	0	0	0	0	0	0	0	0	0	0	0	0	0	0	0	0	0	0
0	0	0	0	0	0	0	0	0	0	0	0	620	0	1	0	0	0	0	249	522	51	0	44	0	858	0	0	58	0	7	0	185	3	255	0	0	0	0	0	11	0	0	0	0	0	0	0	0	0	0	618	4	0	1	11	1	139	4	1157	0	53	0	0	0	0	0	0	62	0	0	0	1	0
0	0	11	0	0	0	36	1	0	11	0	0	1	3	2	0	0	17	0	27	9	5	0	7	0	18	0	0	3	0	0	0	8	0	17	0	0	0	0	11	0	1	0	0	0	0	1	32	0	0	0	33	19	0	0	0	10	9	5	11	0	73	0	0	0	280	0	0	7	0	0	3	6	0
0	0	0	0	32	0	0	0	0	60	0	0	6	0	87	0	0	0	0	0	3	0	0	2	0	5	0	0	18	0	0	0	9	0	0	0	0	0	0	0	1	0	0	0	0	0	0	0	0	0	0	0	0	0	0	0	20	225	30	72	0	315	0	0	0	11	0	0	18	0	0	0	34	0
0	0	0	0	0	0	0	0	0	0	0	0	0	0	0	0	0	0	0	0	0	0	0	0	0	0	0	0	0	0	0	0	0	0	0	0	0	0	0	0	0	0	0	0	0	0	0	0	0	0	0	0	0	0	0	0	0	0	0	0	0	5	0	0	0	0	0	0	0	0	0	0	0	0
0	0	0	0	0	0	0	0	0	0	0	0	0	0	0	0	0	0	0	0	0	0	0	0	0	0	0	0	0	0	0	0	0	0	0	0	0	0	0	0	0	0	0	0	0	0	0	0	0	0	0	0	0	0	0	0	0	0	0	0	0	0	0	0	0	0	0	0	0	0	0	0	0	0
0	0	0	0	0	0	0	0	0	0	0	0	0	0	0	0	0	0	0	0	0	0	0	0	0	0	0	0	0	0	0	0	0	0	0	0	0	0	0	0	0	0	0	0	0	0	0	0	0	0	0	0	0	0	0	0	0	0	0	0	0	0	0	0	0	0	0	0	0	0	0	0	0	0
0	0	0	0	0	0	0	0	0	0	0	0	7	0	0	0	0	0	0	0	1	0	0	0	0	0	0	0	0	0	0	0	0	0	0	0	0	0	0	0	0	0	0	0	0	0	0	0	0	0	0	0	0	0	0	0	0	0	0	0	0	0	0	0	0	0	0	0	0	0	0	0	10	0
0	0	0	0	0	0	0	0	0	0	0	0	0	0	0	0	0	4	0	1	0	0	0	0	0	1	0	0	0	0	0	0	0	0	0	0	0	0	0	0	1	0	0	0	0	0	0	0	0	0	0	0	0	0	0	0	0	0	8	4	0	20	0	0	0	0	0	0	0	0	0	0	0	0
0	1	0	0	0	0	0	0	0	8	0	0	1	0	73	0	0	26	0	0	0	0	0	0	0	0	0	0	0	0	0	0	1	0	0	0	0	0	0	0	32	0	0	0	0	0	0	0	0	0	0	0	0	0	0	0	61	0	0	0	0	0	0	0	0	0	0	0	0	1	0	0	0	0
0	0	0	0	0	0	0	0	0	0	0	0	0	0	0	0	0	0	0	0	0	0	0	0	0	0	0	0	0	0	0	0	0	0	0	0	0	0	0	0	0	0	0	0	0	0	0	0	0	0	0	0	0	0	0	0	0	0	0	0	0	0	0	0	0	0	0	0	0	0	0	0	0	0
0	0	0	0	0	0	0	0	0	0	0	0	0	0	0	0	0	0	0	0	0	0	0	0	0	0	0	0	0	0	0	0	0	0	0	0	0	0	0	0	0	0	0	0	0	0	0	0	0	0	0	0	0	0	0	0	0	0	0	0	0	0	0	0	0	0	0	0	0	0	0	0	0	0
1	0	0	0	0	0	0	1	0	0	0	0	0	0	0	0	0	0	0	0	0	1	0	0	0	1	0	0	1	0	46	0	0	0	1	0	0	0	0	0	0	0	0	0	0	0	0	0	0	0	0	1	1	0	2	0	0	1	0	0	0	0	0	0	0	0	1	0	0	1	0	0	0	1
2	0	0	0	0	0	0	0	0	0	0	0	7	1	0	0	0	0	0	69	553	724	11	540	7	772	0	0	102	0	19	0	504	55	564	0	0	0	0	618	33	0	0	0	0	0	0	0	0	0	1	0	81	0	133	89	3	256	6	19	0	0	0	0	0	0	197	0	154	0	0	0	0	7
0	0	0	0	0	0	0	0	0	41	0	0	0	0	5	0	0	38	0	102	62	29	0	500	66	133	0	0	0	0	180	0	21	0	23	0	0	0	0	4	19	0	0	0	0	0	0	0	0	0	1	81	0	0	9	1	71	185	0	1	0	0	0	0	0	0	0	0	1	1	0	0	0	0
0	0	0	0	0	0	0	0	0	0	0	0	0	0	0	0	0	0	0	0	0	0	0	0	0	0	0	0	0	0	0	0	0	0	0	0	0	0	0	0	0	0	0	0	0	0	0	0	0	0	0	0	0	0	0	0	0	0	0	0	0	0	0	0	0	0	0	0	0	0	0	0	0	0
36	0	0	0	0	0	0	0	0	0	4	0	0	0	0	0	0	0	0	0	0	47	0	62	0	4	0	0	5	0	182	0	0	0	1	0	0	0	0	1	0	0	0	0	0	0	0	0	0	0	2	133	9	0	0	86	0	3	0	0	0	0	0	0	0	0	1	0	0	0	0	0	0	0
0	0	0	1	0	0	0	0	0	0	0	0	4	0	0	0	0	4	0	176	18	119	0	413	0	16	0	0	1	0	0	0	23	2	39	0	0	0	0	11	0	0	0	0	0	0	0	0	0	0	0	89	1	0	86	0	9	57	43	113	0	0	0	0	0	0	0	0	37	8	0	0	0	0
0	4	6	0	0	0	0	1	0	51	0	0	2	0	38	0	0	0	0	0	3	1	0	0	0	2	0	0	11	0	2	0	1	0	9	0	0	0	0	1	10	20	0	0	0	0	0	61	0	0	0	3	71	0	0	9	0	29	7	4	0	0	0	0	0	0	8	0	0	52	2	1	2	11
1	4	0	0	2	0	0	0	0	6	0	0	84	0	469	0	0	3	0	32	176	627	37	85	1	256	0	0	121	0	23	0	172	74	652	0	0	0	0	139	9	225	0	0	0	0	0	0	0	0	1	256	185	0	3	57	29	0	354	1172	0	2	0	0	0	8	650	0	183	0	0	0	8	495
0	1	0	0	0	0	0	0	0	2	0	0	131	0	7	0	0	0	0	15	5	7	0	4	0	36	0	0	89	0	0	0	33	4	149	0	0	0	0	4	5	30	0	0	0	0	8	0	0	0	0	6	0	0	0	43	7	354	0	1259	0	1	0	0	0	0	64	0	51	0	0	0	0	0
0	2	0	116	0	0	0	0	0	1	0	0	1231	0	0	0	0	0	0	79	6	613	150	9	6	208	0	0	28	0	0	0	551	89	953	0	0	0	0	1157	11	72	0	0	0	0	4	0	0	0	0	19	1	0	0	113	4	1172	1259	0	0	0	0	107	0	0	478	0	341	6	0	4	1	5
0	0	0	0	0	0	0	0	0	0	0	0	0	0	0	0	0	0	0	0	0	0	0	0	0	0	0	0	0	0	0	0	0	0	0	0	0	0	0	0	0	0	0	0	0	0	0	0	0	0	0	0	0	0	0	0	0	0	0	0	0	0	0	0	0	0	0	0	0	0	0	0	0	0
0	0	0	9	0	0	7	0	0	3	0	0	2	207	0	0	0	18	0	4	1	0	0	9	0	27	0	0	0	0	0	0	20	1	18	0	0	0	0	53	73	315	5	0	0	0	20	0	0	0	0	0	0	0	0	0	0	2	1	0	0	0	0	3	0	54	0	0	0	0	0	0	0	0
0	0	0	0	0	0	0	0	0	0	0	0	0	0	0	0	0	0	0	0	0	0	0	0	0	0	0	0	0	0	0	0	0	0	0	0	0	0	0	0	0	0	0	0	0	0	0	0	0	0	0	0	0	0	0	0	0	0	0	0	0	0	0	0	0	0	0	0	0	0	0	0	0	0
0	0	0	0	2	0	0	0	0	0	0	0	53	0	0	0	0	0	0	0	0	0	0	0	0	0	0	0	0	0	0	0	0	0	0	0	0	0	0	0	0	0	0	0	0	0	0	0	0	0	0	0	0	0	0	0	0	0	0	107	0	3	0	0	0	0	0	0	0	0	0	0	0	0
0	0	0	0	0	0	0	0	0	0	0	0	0	0	0	0	0	0	0	0	0	0	0	0	0	0	0	0	0	0	0	0	0	0	0	0	0	0	0	0	0	0	0	0	0	0	0	0	0	0	0	0	0	0	0	0	0	0	0	0	0	0	0	0	0	0	0	0	0	0	0	0	0	0
0	0	0	5	0	0	3	0	0	66	0	0	1	0	0	0	0	0	0	0	2	0	0	0	0	1	0	0	0	0	0	0	0	0	0	0	0	0	0	0	280	11	0	0	0	0	0	0	0	0	0	0	0	0	0	0	0	8	0	0	0	54	0	0	0	0	0	0	0	0	0	0	0	0
0	0	0	4	0	0	0	0	0	1	0	0	5	0	0	0	0	1	0	1	1	467	0	6	1	419	0	0	72	0	78	0	17	0	151	0	0	0	0	0	0	0	0	0	0	0	0	0	0	0	1	197	0	0	1	0	8	650	64	478	0	0	0	0	0	0	0	0	101	0	0	0	0	0
0	0	0	0	0	0	0	0	0	0	0	0	0	0	0	0	0	0	0	0	0	0	0	0	0	0	0	0	0	0	0	0	0	0	0	0	0	0	0	0	0	0	0	0	0	0	0	0	0	0	0	0	0	0	0	0	0	0	0	0	0	0	0	0	0	0	0	0	0	0	0	0	0	0
0	0	0	0	11	0	0	0	0	0	0	0	15	0	0	0	0	0	0	31	0	60	81	0	0	34	0	0	0	0	0	0	89	94	85	0	0	0	0	62	7	18	0	0	0	0	0	0	0	0	0	154	1	0	0	37	0	183	51	341	0	0	0	0	0	0	101	0	0	0	0	0	0	0
0	0	0	0	0	0	0	0	0	4	0	0	1	0	58	0	0	0	0	0	1	1	0	0	0	0	0	0	0	0	9	0	0	0	0	0	0	0	0	0	0	0	0	0	0	0	0	1	0	0	1	0	1	0	0	8	52	0	0	6	0	0	0	0	0	0	0	0	0	0	0	0	0	0
0	0	0	0	0	0	0	0	0	0	0	0	10	0	0	0	0	0	0	121	56	0	0	0	0	40	0	0	0	0	0	0	0	0	0	0	0	0	0	0	0	0	0	0	0	0	0	0	0	0	0	0	0	0	0	0	2	0	0	0	0	0	0	0	0	0	0	0	0	0	0	0	0	0
0	0	0	0	8	0	0	0	0	0	0	0	3	0	0	0	0	0	0	1	0	0	0	0	0	0	0	0	3	0	0	0	0	0	0	0	0	0	0	0	3	0	0	0	0	0	0	0	0	0	0	0	0	0	0	0	1	0	0	4	0	0	0	0	0	0	0	0	0	0	0	0	20	0
0	1	0	0	160	0	0	0	0	1	0	0	1	103	0	1	0	0	0	0	1	0	0	0	0	0	0	0	0	0	0	0	0	123	0	0	0	0	0	1	6	34	0	0	0	10	0	0	0	0	0	0	0	0	0	0	2	8	0	1	0	0	0	0	0	0	0	0	0	0	0	20	0	0
0	0	0	0	1	0	0	0	0	0	0	0	1	0	19	0	0	0	0	0	1	14	0	0	0	6	0	0	0	0	211	0	7	0	1	0	0	0	0	0	0	0	0	0	0	0	0	0	0	0	1	7	0	0	0	0	11	495	0	5	0	0	0	0	0	0	0	0	0	0	0	0	0	0
