0	0	0	0	0	0	0	0	0	0	0	0	0	0	0	0	0	1	18	1	9	155	0	39	55	22	0	0	0	0	2	0	7	0	1	0	0	0	44	0	0	0	0	0	0	0	0	0	0	1	0	222	0	0	0	0	0	2	0	0	0	0	0	0	0	0	1	0	0	0	0	0	0	0
0	0	0	0	0	0	0	0	0	0	0	0	0	0	0	0	0	0	0	0	0	0	0	0	0	0	0	0	0	0	0	0	0	0	0	0	0	0	0	0	0	0	0	0	0	0	0	0	0	0	0	0	0	0	0	0	0	0	0	0	0	0	0	0	0	0	0	0	0	0	0	0	0	0
0	0	0	0	0	0	0	0	0	275	6	0	1	14	46	0	0	1	0	0	3	0	0	0	0	0	8	4	0	0	0	0	0	0	0	0	2	0	0	0	11	17	2	2	0	2	0	583	0	3	0	0	0	17	0	0	105	0	2	0	0	18	2	2	0	4	0	0	1	0	0	0	0	0
0	0	0	0	0	0	0	0	0	22	0	0	0	0	42	0	0	0	0	0	0	0	0	0	0	0	21	0	0	0	0	0	0	0	0	0	0	0	0	0	11	2	0	0	0	0	0	370	0	0	0	0	0	0	0	0	0	0	0	0	0	0	0	0	0	3	0	0	0	0	0	0	0	0
0	0	0	0	0	0	0	0	0	0	654	0	68	0	2	0	0	3	0	0	1	0	0	0	0	0	0	170	0	0	0	0	0	47	0	0	0	0	0	0	0	1	0	0	0	54	0	2	0	2	0	0	0	0	0	0	2	0	0	0	0	139	0	375	0	0	0	0	1	0	0	0	0	0
0	0	0	0	0	0	0	0	0	0	0	0	0	0	0	0	0	0	0	0	0	0	0	0	0	0	0	0	0	0	0	0	0	0	0	0	0	0	0	0	0	0	0	0	0	0	0	0	0	0	0	0	0	0	0	0	0	0	0	0	0	0	0	0	0	0	0	0	0	0	0	0	0	0
0	0	0	0	0	0	0	0	0	0	0	0	2	0	10	0	0	2	0	0	0	0	0	0	0	0	0	0	0	0	0	0	0	0	0	0	0	0	0	0	8	1	0	16	0	0	0	0	0	1	0	0	0	0	0	0	0	0	0	0	0	0	6	0	0	1	0	0	0	0	0	0	0	0
0	0	0	0	0	0	0	0	0	0	0	0	203	0	0	0	0	1	0	0	92	0	0	0	0	0	1	85	0	0	0	0	9	1	0	0	0	0	7	0	0	0	0	0	0	29	0	0	0	0	0	0	0	1	0	0	0	0	6	0	0	0	0	40	0	0	0	0	0	1	0	0	0	0
0	0	0	0	0	0	0	0	0	0	0	0	0	0	0	0	0	1	0	0	0	0	0	0	0	0	0	0	0	0	0	0	0	0	2	0	0	0	0	0	0	0	0	0	0	0	0	0	0	0	0	0	0	0	0	0	0	0	0	0	0	0	0	0	0	0	0	0	0	0	0	0	0	0
0	0	275	22	0	0	0	0	0	0	6	0	1	0	184	0	0	6	223	151	1	0	0	0	0	0	0	0	0	0	43	0	0	1	0	317	0	1	2	1	412	115	10	324	13	27	14	1306	0	0	3	0	364	48	0	0	436	19	0	1	4	2	0	7	0	333	1	0	2	99	1	0	0	0
0	0	6	0	654	0	0	0	0	6	0	0	0	262	0	2	0	6	0	0	3	0	0	0	0	0	2	31	0	0	0	0	0	34	29	4	0	4	0	0	0	128	14	4	0	0	0	1	0	0	0	0	0	0	0	0	14	2	0	0	478	418	0	381	0	2	0	0	124	0	2	0	0	0
0	0	0	0	0	0	0	0	0	0	0	0	0	0	0	0	0	0	0	0	0	0	0	0	0	0	0	0	0	0	0	0	0	0	0	0	0	0	0	0	0	0	0	0	0	0	0	0	0	0	0	0	0	0	0	0	0	0	0	0	0	0	0	0	0	0	0	0	0	0	0	0	0	0
0	0	1	0	68	0	2	203	0	1	0	0	0	4	0	0	2	13	9	10	143	0	2	0	0	0	0	407	6	0	0	0	27	189	32	0	1	1	58	151	14	1	10	0	4	257	5	31	0	0	0	0	2	0	0	3	37	10	0	61	9	1	0	154	0	12	0	0	66	22	127	0	1	0
0	0	14	0	0	0	0	0	0	0	262	0	4	0	0	0	0	1	0	0	0	0	1	0	0	1	4	4	0	0	0	0	0	1	0	0	0	10	0	0	8	13	0	4	0	4	4	0	0	9	0	0	0	0	0	0	0	0	3	0	44	276	0	4	0	2	0	0	4	0	0	0	0	0
0	0	46	42	2	0	10	0	0	184	0	0	0	0	0	0	0	0	70	1	0	0	1	0	0	0	3	0	0	0	0	0	0	0	2	16	0	1	0	0	1	3	1	114	0	3	0	495	0	1	0	0	0	0	0	0	128	1	1	0	2	2	1	0	0	34	0	0	2	0	0	0	0	0
0	0	0	0	0	0	0	0	0	0	2	0	0	0	0	0	0	0	0	0	0	0	0	0	0	0	0	0	0	0	0	0	0	0	0	0	0	0	0	0	0	0	0	0	0	0	0	1	0	0	0	0	0	0	0	0	0	0	0	0	0	0	0	2	0	0	0	0	0	0	0	0	0	0
0	0	0	0	0	0	0	0	0	0	0	0	2	0	0	0	0	0	2	0	581	4	0	0	1	64	0	0	0	0	2	0	3	11	0	0	0	0	40	0	0	1	0	0	0	3	0	0	0	0	0	64	0	0	0	0	1	0	0	0	0	3	0	0	0	0	1	0	0	0	6	0	0	0
1	0	1	0	3	0	2	1	1	6	6	0	13	1	0	0	0	0	0	0	1	1	1	0	1	2	2	0	0	0	0	0	0	0	1	2	0	2	1	6	7	1	3	7	0	3	0	21	0	187	0	0	0	0	0	0	3	4	6	5	2	5	1	0	0	1	2	0	18	1	0	0	2	0
18	0	0	0	0	0	0	0	0	223	0	0	9	0	70	0	2	0	0	234	56	211	4	0	1	2	0	2	50	0	156	0	1	0	20	4	59	4	8	6	0	0	519	32	14	43	2	441	0	0	0	0	328	47	4	12	383	48	446	10	0	0	0	0	0	0	2	0	14	299	2	0	38	0
1	0	0	0	0	0	0	0	0	151	0	0	10	0	1	0	0	0	234	0	84	2	13	25	78	6	0	2	5	0	160	0	4	1	4	0	21	0	12	0	0	0	24	0	2	1	0	98	0	0	1	0	4	3	5	18	211	1	1	3	0	1	0	0	0	0	0	0	1	10	8	0	0	0
9	0	3	0	1	0	0	92	0	1	3	0	143	0	0	0	581	1	56	84	0	100	6	0	5	60	1	4	3	0	3	0	174	256	52	0	0	1	803	441	5	0	0	0	3	57	1	0	0	2	0	35	0	0	19	30	6	9	0	3	1	1	0	0	0	1	1	0	1	5	196	0	0	0
155	0	0	0	0	0	0	0	0	0	0	0	0	0	0	0	4	1	211	2	100	0	0	32	173	34	1	0	41	0	219	0	3	0	43	0	0	0	1	1	0	0	0	0	69	2	0	0	0	1	3	403	15	0	128	36	3	43	0	13	0	0	0	0	0	0	105	0	0	1	19	0	0	0
0	0	0	0	0	0	0	0	0	0	0	0	2	1	1	0	0	1	4	13	6	0	0	12	1	0	0	1	0	0	0	0	4	0	0	0	0	0	0	0	0	0	0	0	0	9	0	0	0	0	1	6	0	1	0	2	0	0	0	0	0	1	0	1	0	0	0	0	0	1	2	0	0	0
39	0	0	0	0	0	0	0	0	0	0	0	0	0	0	0	0	0	0	25	0	32	12	0	12	0	0	0	0	0	2	0	0	0	0	0	0	0	0	0	0	0	0	0	15	0	0	0	0	0	0	2	30	1	38	56	0	0	0	0	0	0	0	0	0	0	0	0	0	0	0	0	0	0
55	0	0	0	0	0	0	0	0	0	0	0	0	0	0	0	1	1	1	78	5	173	1	12	0	1	0	0	0	0	43	0	0	0	1	0	0	0	1	1	1	0	0	1	20	0	0	0	0	0	0	0	13	0	49	2	2	0	0	0	0	0	0	0	0	0	0	0	0	26	0	0	0	0
22	0	0	0	0	0	0	0	0	0	0	0	0	1	0	0	64	2	2	6	60	34	0	0	1	0	2	3	6	0	1	0	7	1	10	0	0	0	52	41	0	0	2	0	2	3	1	0	0	0	0	0	2	0	9	1	4	7	5	0	0	0	0	0	0	0	12	0	4	2	5	0	4	0
0	0	8	21	0	0	0	1	0	0	2	0	0	4	3	0	0	2	0	0	1	1	0	0	0	2	0	0	1	0	0	0	2	0	0	6	0	1	0	1	14	21	0	2	0	0	5	149	0	3	0	0	0	0	0	0	0	0	4	1	0	1	19	2	0	27	0	0	3	0	0	0	0	0
0	0	4	0	170	0	0	85	0	0	31	0	407	4	0	0	0	0	2	2	4	0	1	0	0	3	0	0	0	0	0	0	23	57	2	0	0	1	0	31	0	0	2	0	4	254	1	27	0	7	0	0	0	2	0	13	5	0	255	118	2	22	0	537	0	0	0	0	55	3	17	0	6	0
0	0	0	0	0	0	0	0	0	0	0	0	6	0	0	0	0	0	50	5	3	41	0	0	0	6	1	0	0	0	0	0	6	0	9	0	31	0	0	0	5	0	31	0	0	2	0	0	0	0	0	44	0	3	0	0	1	95	102	0	0	0	0	0	0	0	19	0	0	0	4	0	0	0
0	0	0	0	0	0	0	0	0	0	0	0	0	0	0	0	0	0	0	0	0	0	0	0	0	0	0	0	0	0	0	0	0	0	0	0	0	0	0	0	0	0	0	0	0	0	0	0	0	0	0	0	0	0	0	0	0	0	0	0	0	0	0	0	0	0	0	0	0	0	0	0	0	0
2	0	0	0	0	0	0	0	0	43	0	0	0	0	0	0	2	0	156	160	3	219	0	2	43	1	0	0	0	0	0	0	0	0	0	0	0	0	1	0	0	0	0	164	582	1	0	6	0	0	183	0	490	4	380	0	416	47	0	0	0	0	0	0	0	0	412	0	0	0	0	0	0	0
0	0	0	0	0	0	0	0	0	0	0	0	0	0	0	0	0	0	0	0	0	0	0	0	0	0	0	0	0	0	0	0	0	0	0	0	0	0	0	0	0	0	0	0	0	0	0	0	0	0	0	0	0	0	0	0	0	0	0	0	0	0	0	0	0	0	0	0	0	0	0	0	0	0
7	0	0	0	0	0	0	9	0	0	0	0	27	0	0	0	3	0	1	4	174	3	4	0	0	7	2	23	6	0	0	0	0	18	14	0	0	5	62	2	0	0	1	0	0	1	0	0	0	0	0	0	0	0	1	0	8	3	1	5	0	0	0	0	0	0	0	0	0	0	113	0	0	0
0	0	0	0	47	0	0	1	0	1	34	0	189	1	0	0	11	0	0	1	256	0	0	0	0	1	0	57	0	0	0	0	18	0	5	0	0	0	21	14	0	0	4	1	0	262	0	0	0	0	0	0	1	0	1	0	1	51	3	0	2	0	0	33	0	3	2	0	1	0	2	0	0	0
1	0	0	0	0	0	0	0	2	0	29	0	32	0	2	0	0	1	20	4	52	43	0	0	1	10	0	2	9	0	0	0	14	5	0	0	29	4	1	4	0	1	32	2	0	14	1	0	0	0	0	46	0	2	0	1	0	60	17	0	0	1	0	0	0	0	17	0	1	0	12	0	1	0
0	0	0	0	0	0	0	0	0	317	4	0	0	0	16	0	0	2	4	0	0	0	0	0	0	0	6	0	0	0	0	0	0	0	0	0	0	0	0	0	8	9	0	8	0	0	0	709	0	1	0	0	0	0	0	0	8	0	0	0	0	4	27	0	0	31	0	0	1	0	0	0	0	0
0	0	2	0	0	0	0	0	0	0	0	0	1	0	0	0	0	0	59	21	0	0	0	0	0	0	0	0	31	0	0	0	0	0	29	0	0	31	0	29	0	0	0	1	0	0	20	0	0	0	0	0	0	0	0	9	21	56	66	59	0	0	0	0	0	0	66	0	24	0	3	0	50	0
0	0	0	0	0	0	0	0	0	1	4	0	1	10	1	0	0	2	4	0	1	0	0	0	0	0	1	1	0	0	0	0	5	0	4	0	31	0	0	0	0	0	31	0	0	3	0	4	0	2	0	1	0	0	0	1	2	86	20	0	0	47	0	0	0	0	0	0	0	0	16	0	0	0
44	0	0	0	0	0	0	7	0	2	0	0	58	0	0	0	40	1	8	12	803	1	0	0	1	52	0	0	0	0	1	0	62	21	1	0	0	0	0	0	0	0	0	0	0	38	0	12	0	0	0	40	0	0	0	0	0	1	0	0	0	0	0	0	0	0	0	0	0	0	109	0	0	0
0	0	0	0	0	0	0	0	0	1	0	0	151	0	0	0	0	6	6	0	441	1	0	0	1	41	1	31	0	0	0	0	2	14	4	0	29	0	0	0	0	0	29	0	0	59	0	29	0	1	0	45	0	0	0	0	0	0	38	0	0	0	0	0	0	0	0	0	0	0	0	0	0	0
0	0	11	11	0	0	8	0	0	412	0	0	14	8	1	0	0	7	0	0	5	0	0	0	1	0	14	0	5	0	0	0	0	0	0	8	0	0	0	0	0	40	0	20	0	7	1	481	0	4	0	0	0	0	0	0	4	4	0	0	2	10	8	0	0	78	0	0	2	0	0	0	0	0
0	0	17	2	1	0	1	0	0	115	128	0	1	13	3	0	1	1	0	0	0	0	0	0	0	0	21	0	0	0	0	0	0	0	1	9	0	0	0	0	40	0	0	0	0	0	0	227	0	1	0	0	0	0	0	0	1	12	0	0	14	34	27	5	0	37	0	0	9	0	0	0	0	0
0	0	2	0	0	0	0	0	0	10	14	0	10	0	1	0	0	3	519	24	0	0	0	0	0	2	0	2	31	0	0	0	1	4	32	0	0	31	0	29	0	0	0	1	0	93	20	18	0	0	0	0	0	0	0	9	115	56	244	59	0	0	0	0	0	0	77	0	24	2	6	0	50	0
0	0	2	0	0	0	16	0	0	324	4	0	0	4	114	0	0	7	32	0	0	0	0	0	1	0	2	0	0	0	164	0	0	1	2	8	1	0	0	0	20	0	1	0	0	22	0	829	0	15	3	0	6	0	0	0	48	78	18	0	2	84	0	0	0	6	2	0	0	0	0	0	0	0
0	0	0	0	0	0	0	0	0	13	0	0	4	0	0	0	0	0	14	2	3	69	0	15	20	2	0	4	0	0	582	0	0	0	0	0	0	0	0	0	0	0	0	0	0	0	0	1	0	0	9	44	0	0	0	0	64	0	0	0	0	0	0	0	0	0	0	0	0	1	0	0	0	0
0	0	2	0	54	0	0	29	0	27	0	0	257	4	3	0	3	3	43	1	57	2	9	0	0	3	0	254	2	0	1	0	1	262	14	0	0	3	38	59	7	0	93	22	0	0	2	19	0	2	0	0	0	0	0	0	21	104	18	77	6	2	0	56	0	0	101	0	32	13	93	0	0	0
0	0	0	0	0	0	0	0	0	14	0	0	5	4	0	0	0	0	2	0	1	0	0	0	0	1	5	1	0	0	0	0	0	0	1	0	20	0	0	0	1	0	20	0	0	2	0	2	0	4	0	0	0	0	0	0	1	0	218	0	0	1	0	0	0	0	0	0	0	0	0	0	0	0
0	0	583	370	2	0	0	0	0	1306	1	0	31	0	495	1	0	21	441	98	0	0	0	0	0	0	149	27	0	0	6	0	0	0	0	709	0	4	12	29	481	227	18	829	1	19	2	0	0	0	0	0	241	51	0	0	499	0	0	0	5	2	15	0	0	895	0	0	11	3	0	0	6	0
0	0	0	0	0	0	0	0	0	0	0	0	0	0	0	0	0	0	0	0	0	0	0	0	0	0	0	0	0	0	0	0	0	0	0	0	0	0	0	0	0	0	0	0	0	0	0	0	0	0	0	0	0	0	0	0	0	0	0	0	0	0	0	0	0	0	0	0	0	0	0	0	0	0
1	0	3	0	2	0	1	0	0	0	0	0	0	9	1	0	0	187	0	0	2	1	0	0	0	0	3	7	0	0	0	0	0	0	0	1	0	2	0	1	4	1	0	15	0	2	4	0	0	0	0	0	0	0	0	0	0	4	0	0	12	52	0	0	0	4	3	0	0	1	0	0	0	0
0	0	0	0	0	0	0	0	0	3	0	0	0	0	0	0	0	0	0	1	0	3	1	0	0	0	0	0	0	0	183	0	0	0	0	0	0	0	0	0	0	0	0	3	9	0	0	0	0	0	0	0	10	0	8	0	27	2	0	0	1	0	0	0	0	0	2	0	0	0	0	0	0	0
222	0	0	0	0	0	0	0	0	0	0	0	0	0	0	0	64	0	0	0	35	403	6	2	0	0	0	0	44	0	0	0	0	0	46	0	0	1	40	45	0	0	0	0	44	0	0	0	0	0	0	0	0	0	232	3	0	0	0	0	0	0	0	0	0	0	21	0	0	0	0	0	0	0
0	0	0	0	0	0	0	0	0	364	0	0	2	0	0	0	0	0	328	4	0	15	0	30	13	2	0	0	0	0	490	0	0	1	0	0	0	0	0	0	0	0	0	6	0	0	0	241	0	0	10	0	0	38	0	0	216	11	0	0	0	0	0	0	0	0	0	0	0	1	0	0	0	0
0	0	17	0	0	0	0	1	0	48	0	0	0	0	0	0	0	0	47	3	0	0	1	1	0	0	0	2	3	0	4	0	0	0	2	0	0	0	0	0	0	0	0	0	0	0	0	51	0	0	0	0	38	0	0	2	6	0	12	2	0	0	0	0	0	0	0	0	0	52	0	0	0	0
0	0	0	0	0	0	0	0	0	0	0	0	0	0	0	0	0	0	4	5	19	128	0	38	49	9	0	0	0	0	380	0	1	1	0	0	0	0	0	0	0	0	0	0	0	0	0	0	0	0	8	232	0	0	0	0	0	0	0	0	0	0	0	0	0	0	2	0	0	0	0	0	0	0
0	0	0	0	0	0	0	0	0	0	0	0	3	0	0	0	0	0	12	18	30	36	2	56	2	1	0	13	0	0	0	0	0	0	1	0	9	1	0	0	0	0	9	0	0	0	0	0	0	0	0	3	0	2	0	0	3	0	2	1	0	0	0	0	0	0	0	0	0	49	3	0	0	0
0	0	105	0	2	0	0	0	0	436	14	0	37	0	128	0	1	3	383	211	6	3	0	0	2	4	0	5	1	0	416	0	8	1	0	8	21	2	0	0	4	1	115	48	64	21	1	499	0	0	27	0	216	6	0	3	0	12	69	0	1	35	1	1	0	18	8	0	8	126	3	0	0	0
2	0	0	0	0	0	0	0	0	19	2	0	10	0	1	0	0	4	48	1	9	43	0	0	0	7	0	0	95	0	47	0	3	51	60	0	56	86	1	0	4	12	56	78	0	104	0	0	0	4	2	0	11	0	0	0	12	0	346	0	1	3	1	15	0	0	130	0	0	0	3	0	0	0
0	0	2	0	0	0	0	6	0	0	0	0	0	3	1	0	0	6	446	1	0	0	0	0	0	5	4	255	102	0	0	0	1	3	17	0	66	20	0	38	0	0	244	18	0	18	218	0	0	0	0	0	0	12	0	2	69	346	0	172	0	0	0	0	0	0	215	0	6	55	111	0	4	0
0	0	0	0	0	0	0	0	0	1	0	0	61	0	0	0	0	5	10	3	3	13	0	0	0	0	1	118	0	0	0	0	5	0	0	0	59	0	0	0	0	0	59	0	0	77	0	0	0	0	0	0	0	2	0	1	0	0	172	0	0	0	0	0	0	0	0	0	0	2	43	0	0	0
0	0	0	0	0	0	0	0	0	4	478	0	9	44	2	0	0	2	0	0	1	0	0	0	0	0	0	2	0	0	0	0	0	2	0	0	0	0	0	0	2	14	0	2	0	6	0	5	0	12	1	0	0	0	0	0	1	1	0	0	0	255	0	0	0	0	0	0	1	0	0	0	0	0
0	0	18	0	139	0	0	0	0	2	418	0	1	276	2	0	3	5	0	1	1	0	1	0	0	0	1	22	0	0	0	0	0	0	1	4	0	47	0	0	10	34	0	84	0	2	1	2	0	52	0	0	0	0	0	0	35	3	0	0	255	0	1	13	0	9	0	0	22	0	0	0	0	0
0	0	2	0	0	0	6	0	0	0	0	0	0	0	1	0	0	1	0	0	0	0	0	0	0	0	19	0	0	0	0	0	0	0	0	27	0	0	0	0	8	27	0	0	0	0	0	15	0	0	0	0	0	0	0	0	1	1	0	0	0	1	0	0	0	27	0	0	0	0	0	0	0	0
0	0	2	0	375	0	0	40	0	7	381	0	154	4	0	2	0	0	0	0	0	0	1	0	0	0	2	537	0	0	0	0	0	33	0	0	0	0	0	0	0	5	0	0	0	56	0	0	0	0	0	0	0	0	0	0	1	15	0	0	0	13	0	0	0	0	0	0	8	0	0	0	0	0
0	0	0	0	0	0	0	0	0	0	0	0	0	0	0	0	0	0	0	0	0	0	0	0	0	0	0	0	0	0	0	0	0	0	0	0	0	0	0	0	0	0	0	0	0	0	0	0	0	0	0	0	0	0	0	0	0	0	0	0	0	0	0	0	0	0	0	0	0	0	0	0	0	0
0	0	4	3	0	0	1	0	0	333	2	0	12	2	34	0	0	1	0	0	1	0	0	0	0	0	27	0	0	0	0	0	0	3	0	31	0	0	0	0	78	37	0	6	0	0	0	895	0	4	0	0	0	0	0	0	18	0	0	0	0	9	27	0	0	0	0	0	0	0	0	0	0	0
1	0	0	0	0	0	0	0	0	1	0	0	0	0	0	0	1	2	2	0	1	105	0	0	0	12	0	0	19	0	412	0	0	2	17	0	66	0	0	0	0	0	77	2	0	101	0	0	0	3	2	21	0	0	2	0	8	130	215	0	0	0	0	0	0	0	0	0	2	0	2	0	1	0
0	0	0	0	0	0	0	0	0	0	0	0	0	0	0	0	0	0	0	0	0	0	0	0	0	0	0	0	0	0	0	0	0	0	0	0	0	0	0	0	0	0	0	0	0	0	0	0	0	0	0	0	0	0	0	0	0	0	0	0	0	0	0	0	0	0	0	0	0	0	0	0	0	0
0	0	1	0	1	0	0	0	0	2	124	0	66	4	2	0	0	18	14	1	1	0	0	0	0	4	3	55	0	0	0	0	0	1	1	1	24	0	0	0	2	9	24	0	0	32	0	11	0	0	0	0	0	0	0	0	8	0	6	0	1	22	0	8	0	0	2	0	0	0	0	0	0	0
0	0	0	0	0	0	0	1	0	99	0	0	22	0	0	0	0	1	299	10	5	1	1	0	26	2	0	3	0	0	0	0	0	0	0	0	0	0	0	0	0	0	2	0	1	13	0	3	0	1	0	0	1	52	0	49	126	0	55	2	0	0	0	0	0	0	0	0	0	0	15	0	0	0
0	0	0	0	0	0	0	0	0	1	2	0	127	0	0	0	6	0	2	8	196	19	2	0	0	5	0	17	4	0	0	0	113	2	12	0	3	16	109	0	0	0	6	0	0	93	0	0	0	0	0	0	0	0	0	3	3	3	111	43	0	0	0	0	0	0	2	0	0	15	0	0	0	0
0	0	0	0	0	0	0	0	0	0	0	0	0	0	0	0	0	0	0	0	0	0	0	0	0	0	0	0	0	0	0	0	0	0	0	0	0	0	0	0	0	0	0	0	0	0	0	0	0	0	0	0	0	0	0	0	0	0	0	0	0	0	0	0	0	0	0	0	0	0	0	0	0	0
0	0	0	0	0	0	0	0	0	0	0	0	1	0	0	0	0	2	38	0	0	0	0	0	0	4	0	6	0	0	0	0	0	0	1	0	50	0	0	0	0	0	50	0	0	0	0	6	0	0	0	0	0	0	0	0	0	0	4	0	0	0	0	0	0	0	1	0	0	0	0	0	0	0
0	0	0	0	0	0	0	0	0	0	0	0	0	0	0	0	0	0	0	0	0	0	0	0	0	0	0	0	0	0	0	0	0	0	0	0	0	0	0	0	0	0	0	0	0	0	0	0	0	0	0	0	0	0	0	0	0	0	0	0	0	0	0	0	0	0	0	0	0	0	0	0	0	0
