0	17	0	0	0	0	0	0	0	0	0	0	0	0	8	6	31	0	17	0	9	249	7	235	56	8	0	0	21	0	8	0	4	10	190	21	0	0	20	45	2	2	0	0	251	10	0	0	0	0	1	267	16	0	405	7	1	32	4	0	0	0	0	1	0	0	182	455	0	0	4	0	4	17
17	0	12	1	1095	0	1	147	0	2	344	0	504	10	3	343	274	0	20	40	95	121	1	0	1	63	6	0	2	0	3	0	381	743	35	5	0	0	14	1200	15	14	251	0	28	275	16	0	0	0	0	6	71	0	92	11	178	149	113	0	1	7	0	196	0	0	1	80	70	6	602	532	1254	23
0	12	0	0	41	0	1	0	0	514	24	0	0	117	147	9	0	93	0	54	18	0	12	0	0	6	343	0	4	98	63	0	13	0	3	115	0	0	3	4	349	49	7	244	0	2	66	113	0	0	0	2	10	0	1	3	303	13	29	0	31	218	0	15	0	0	1	0	3	171	24	44	21	1
0	1	0	0	0	0	0	0	0	83	0	0	0	0	2	0	0	0	0	0	0	0	0	1	0	0	30	0	0	20	13	0	1	6	0	1	0	0	0	0	1	0	0	0	0	0	0	0	0	0	20	0	0	0	1	0	0	0	0	0	0	2	0	0	0	0	0	0	0	0	1	0	0	2
0	1095	41	0	0	0	0	1	0	6	423	0	208	119	54	81	13	2	2	1	6	0	3	0	0	3	9	0	0	12	3	0	5	101	2	16	0	0	7	153	8	130	10	29	0	6	2	2	0	0	0	0	1	0	6	1	13	46	9	0	2	1089	0	121	0	0	0	0	5	7	14	109	794	0
0	0	0	0	0	0	0	0	0	0	0	0	0	0	0	0	0	0	0	0	0	0	0	0	0	0	0	0	0	0	0	0	0	0	0	0	0	0	0	0	0	0	0	0	0	0	0	0	0	0	0	0	0	0	0	0	0	0	0	0	0	0	0	0	0	0	0	0	0	0	0	0	0	0
0	1	1	0	0	0	0	0	0	0	17	0	0	0	15	0	15	23	0	0	9	0	0	0	0	12	3	0	0	193	0	0	0	0	3	187	0	0	0	1	178	0	0	70	0	0	0	0	0	0	0	63	11	0	0	0	2	13	0	0	0	7	0	0	0	0	0	0	0	0	0	0	6	0
0	147	0	0	1	0	0	0	0	0	0	0	157	1	0	0	15	0	0	6	91	0	0	0	0	1	0	0	0	0	0	0	12	0	12	0	0	0	0	33	2	0	1	0	0	0	0	0	0	0	0	0	1	0	0	1	2	18	16	0	0	1	0	0	0	0	0	0	0	0	0	0	0	0
0	0	0	0	0	0	0	0	0	0	0	0	0	0	0	0	0	0	0	0	0	0	0	0	0	0	0	0	0	0	0	0	0	0	0	0	0	0	0	0	0	0	0	0	0	0	0	0	0	4	0	0	0	0	0	0	0	0	0	0	0	0	0	0	0	0	0	0	0	0	0	0	0	0
0	2	514	83	6	0	0	0	0	0	11	0	0	16	308	2	13	46	96	73	0	0	3	3	0	18	10	0	0	12	212	0	4	0	0	207	0	0	0	1	227	144	7	415	5	2	4	410	0	0	3	0	212	0	2	0	353	46	0	0	4	81	0	1	0	0	0	4	9	458	32	19	8	0
0	344	24	0	423	0	17	0	0	11	0	0	1	548	5	80	8	37	1	3	2	0	0	0	0	0	4	0	0	0	0	0	2	52	2	21	0	0	0	1	49	254	6	151	0	0	6	8	0	0	0	1	0	0	1	0	39	14	36	0	91	1200	0	80	0	0	1	1	123	53	2	221	807	0
0	0	0	0	0	0	0	0	0	0	0	0	0	0	0	0	0	0	0	0	0	0	0	0	0	0	0	0	0	0	0	0	0	0	0	0	0	0	0	0	0	0	0	0	0	0	0	0	0	0	0	0	0	0	0	0	0	0	0	0	0	0	0	0	0	0	0	0	0	0	0	0	0	0
0	504	0	0	208	0	0	157	0	0	1	0	0	2	0	40	248	3	1	5	112	77	8	1	0	7	1	0	5	0	2	0	298	321	70	1	0	0	0	398	8	8	0	1	0	208	0	0	0	0	0	0	1	0	4	2	18	22	111	0	1	5	0	20	0	0	3	7	6	4	359	266	2	0
0	10	117	0	119	0	0	1	0	16	548	0	2	0	4	25	5	8	1	0	21	1	0	0	0	0	52	0	8	0	3	0	1	6	12	37	0	0	35	19	24	226	4	154	33	1	197	4	0	0	0	0	0	0	11	65	59	26	50	0	159	1503	0	75	0	0	1	1	97	5	6	152	75	4
8	3	147	2	54	0	15	0	0	308	5	0	0	4	0	30	2	0	86	0	22	0	0	2	0	1	6	0	1	1	1	0	0	2	1	243	0	0	1	2	75	235	75	284	0	2	8	89	0	0	0	0	67	0	3	0	144	89	29	0	0	19	0	1	0	0	1	15	74	27	35	22	7	1
6	343	9	0	81	0	0	0	0	2	80	0	40	25	30	0	20	0	0	0	2	0	0	0	0	16	5	0	3	0	30	0	2	0	2	0	0	0	9	4	2	0	1	3	5	0	0	0	0	0	0	8	14	0	1	0	3	16	2	0	0	232	0	0	0	0	0	0	0	0	0	0	225	0
31	274	0	0	13	0	15	15	0	13	8	0	248	5	2	20	0	1	9	25	1216	389	4	18	6	854	9	0	157	0	23	0	723	192	224	0	0	0	410	927	69	2	9	33	227	34	15	0	0	1	0	697	608	0	413	5	46	152	17	0	36	115	0	1	0	0	243	297	16	3	307	49	4	5
0	0	93	0	2	0	23	0	0	46	37	0	3	8	0	0	1	0	0	17	4	0	51	0	0	27	3	0	0	50	105	0	19	1	0	22	0	0	0	0	126	6	0	77	1	0	44	60	0	448	0	19	102	0	0	0	25	15	0	0	44	262	0	0	0	0	1	3	74	13	110	65	63	3
17	20	0	0	2	0	0	0	0	96	1	0	1	1	86	0	9	0	0	0	0	12	0	100	13	7	0	0	197	0	89	0	8	0	56	0	0	0	0	3	1	0	29	2	86	0	0	0	0	0	0	4	229	0	2	231	63	217	478	0	0	2	0	0	0	0	0	0	0	5	0	0	1	1
0	40	54	0	1	0	0	6	0	73	3	0	5	0	0	0	25	17	0	0	35	16	0	175	70	42	0	0	122	0	30	0	161	21	48	0	0	0	81	244	5	2	2	0	73	0	1	14	0	0	0	42	159	0	11	203	27	10	53	0	0	4	0	1	0	0	5	18	14	19	21	11	4	5
9	95	18	0	6	0	9	91	0	0	2	0	112	21	22	2	1216	4	0	35	0	21	2	15	1	875	0	0	38	0	5	0	462	245	123	0	0	0	344	478	66	12	1	0	126	17	19	0	0	0	0	307	348	0	88	30	39	102	1	0	0	3	0	1	0	0	1	136	0	2	221	28	7	1
249	121	0	0	0	0	0	0	0	0	0	0	77	1	0	0	389	0	12	16	21	0	1	459	93	256	0	0	248	0	142	0	9	8	49	0	0	0	12	25	6	0	0	0	202	10	0	0	0	0	0	187	203	0	345	17	5	178	87	0	9	2	0	0	0	0	32	38	2	0	0	3	3	4
7	1	12	0	3	0	0	0	0	3	0	0	8	0	0	0	4	51	0	0	2	1	0	750	80	2	0	0	1	10	28	0	0	0	1	0	0	0	0	0	0	0	0	0	0	0	0	0	0	0	0	92	14	0	147	315	0	4	0	0	0	15	0	0	0	0	0	0	0	2	0	0	0	0
235	0	0	1	0	0	0	0	0	3	0	0	1	0	2	0	18	0	100	175	15	459	750	0	1132	19	0	0	45	0	165	0	23	20	76	0	0	0	6	8	4	0	0	0	194	22	0	0	0	0	0	521	304	0	509	1006	43	9	2	0	0	0	0	0	0	0	4	720	0	3	10	0	1	0
56	1	0	0	0	0	0	0	0	0	0	0	0	0	0	0	6	0	13	70	1	93	80	1132	0	18	1	0	12	0	36	0	2	3	7	0	0	0	0	1	0	0	0	0	7	1	0	0	0	0	0	126	109	0	277	388	13	2	1	0	0	2	0	0	0	0	2	73	0	0	1	0	1	1
8	63	6	0	3	0	12	1	0	18	0	0	7	0	1	16	854	27	7	42	875	256	2	19	18	0	0	0	21	0	8	0	629	120	93	1	0	0	363	826	42	5	8	18	154	75	2	6	0	0	0	489	416	0	286	31	54	93	29	0	2	38	0	0	0	0	240	311	0	3	263	30	12	3
0	6	343	30	9	0	3	0	0	10	4	0	1	52	6	5	9	3	0	0	0	0	0	0	1	0	0	0	0	362	0	0	3	0	1	264	0	0	0	8	564	9	1	4	0	0	39	25	0	0	0	0	0	0	24	0	16	16	4	0	1	24	0	3	0	0	0	1	11	1	1	29	8	1
0	0	0	0	0	0	0	0	0	0	0	0	0	0	0	0	0	0	0	0	0	0	0	0	0	0	0	0	0	0	0	0	0	0	0	0	0	0	0	0	0	0	0	0	0	0	0	0	0	0	0	0	0	0	0	0	0	0	0	0	0	0	0	0	0	0	0	0	0	0	0	0	0	0
21	2	4	0	0	0	0	0	0	0	0	0	5	8	1	3	157	0	197	122	38	248	1	45	12	21	0	0	0	0	11	0	179	52	558	0	0	0	99	586	15	4	170	1	30	42	0	0	0	0	0	203	298	0	43	36	28	354	239	0	0	0	0	0	0	0	405	310	28	4	50	25	0	4
0	0	98	20	12	0	193	0	0	12	0	0	0	0	1	0	0	50	0	0	0	0	10	0	0	0	362	0	0	0	51	0	0	0	0	302	0	0	0	0	192	2	0	5	0	0	21	37	0	0	0	0	0	0	0	0	7	7	0	0	5	32	0	0	0	0	0	0	0	1	26	19	12	0
8	3	63	13	3	0	0	0	0	212	0	0	2	3	1	30	23	105	89	30	5	142	28	165	36	8	0	0	11	51	0	0	5	60	3	0	0	0	4	6	8	5	0	243	304	16	73	42	0	0	231	4	389	0	130	4	183	48	1	0	4	86	0	5	0	0	145	11	1	143	14	27	6	218
0	0	0	0	0	0	0	0	0	0	0	0	0	0	0	0	0	0	0	0	0	0	0	0	0	0	0	0	0	0	0	0	0	0	0	0	0	0	0	0	0	0	0	0	0	0	0	0	0	0	0	0	0	0	0	0	0	0	0	0	0	0	0	0	0	0	0	0	0	0	0	0	0	0
4	381	13	1	5	0	0	12	0	4	2	0	298	1	0	2	723	19	8	161	462	9	0	23	2	629	3	0	179	0	5	0	0	10	71	4	0	0	150	218	29	1	10	0	68	5	1	1	0	0	0	175	245	0	34	6	11	89	24	0	0	18	0	0	0	0	4	23	4	4	81	21	10	0
10	743	0	6	101	0	0	0	0	0	52	0	321	6	2	0	192	1	0	21	245	8	0	20	3	120	0	0	52	0	60	0	10	0	17	0	0	0	50	60	6	0	17	0	61	0	0	0	0	0	0	80	188	0	34	2	7	398	62	0	0	3	0	0	0	0	0	0	0	0	0	0	650	0
190	35	3	0	2	0	3	12	0	0	2	0	70	12	1	2	224	0	56	48	123	49	1	76	7	93	1	0	558	0	3	0	71	17	0	2	0	0	43	252	26	0	36	2	60	27	2	0	0	0	0	147	196	0	39	31	27	487	235	0	0	22	0	0	0	0	69	73	2	1	38	7	7	0
21	5	115	1	16	0	187	0	0	207	21	0	1	37	243	0	0	22	0	0	0	0	0	0	0	1	264	0	0	302	0	0	4	0	2	0	0	0	0	0	406	121	0	259	0	0	1	6	0	0	0	6	5	0	0	1	11	6	10	0	1	28	0	0	0	0	0	0	0	2	1	2	52	0
0	0	0	0	0	0	0	0	0	0	0	0	0	0	0	0	0	0	0	0	0	0	0	0	0	0	0	0	0	0	0	0	0	0	0	0	0	0	0	0	0	0	0	0	0	0	0	0	0	0	0	0	0	0	0	0	0	0	0	0	0	0	0	0	0	0	0	0	0	0	0	0	0	0
0	0	0	0	0	0	0	0	0	0	0	0	0	0	0	0	0	0	0	0	0	0	0	0	0	0	0	0	0	0	0	0	0	0	0	0	0	0	0	0	0	0	0	0	0	0	0	0	0	0	0	0	0	0	0	0	0	0	0	0	0	0	0	0	0	0	0	0	0	0	0	0	0	0
20	14	3	0	7	0	0	0	0	0	0	0	0	35	1	9	410	0	0	81	344	12	0	6	0	363	0	0	99	0	4	0	150	50	43	0	0	0	0	153	21	0	1	0	104	1	0	0	0	0	0	210	263	0	36	6	9	28	1	0	0	1	0	1	0	0	0	41	1	0	8	4	4	1
45	1200	4	0	153	0	1	33	0	1	1	0	398	19	2	4	927	0	3	244	478	25	0	8	1	826	8	0	586	0	6	0	218	60	252	0	0	0	153	0	22	2	35	1	260	24	10	0	0	0	0	188	432	0	126	9	20	86	202	0	0	3	0	0	0	0	2	21	2	2	153	46	6	4
2	15	349	1	8	0	178	2	0	227	49	0	8	24	75	2	69	126	1	5	66	6	0	4	0	42	564	0	15	192	8	0	29	6	26	406	0	0	21	22	0	2	7	403	69	3	2	278	0	0	0	64	49	0	18	11	25	52	1	0	19	182	0	0	0	0	0	12	38	1	5	16	33	1
2	14	49	0	130	0	0	0	0	144	254	0	8	226	235	0	2	6	0	2	12	0	0	0	0	5	9	0	4	2	5	0	1	0	0	121	0	0	0	2	2	0	10	167	0	0	56	1	0	0	0	2	1	0	1	0	30	329	733	0	0	407	0	0	0	0	33	0	9	3	1	1	78	0
0	251	7	0	10	0	0	1	0	7	6	0	0	4	75	1	9	0	29	2	1	0	0	0	0	8	1	0	170	0	0	0	10	17	36	0	0	0	1	35	7	10	0	5	0	0	3	0	0	0	0	1	2	0	8	4	39	325	48	0	4	13	0	1	0	0	32	3	19	4	3	2	3	0
0	0	244	0	29	0	70	0	0	415	151	0	1	154	284	3	33	77	2	0	0	0	0	0	0	18	4	0	1	5	243	0	0	0	2	259	0	0	0	1	403	167	5	0	6	0	1	61	0	0	0	56	111	0	7	0	53	141	3	0	0	415	0	0	0	0	2	0	8	3	0	41	67	3
251	28	0	0	0	0	0	0	0	5	0	0	0	33	0	5	227	1	86	73	126	202	0	194	7	154	0	0	30	0	304	0	68	61	60	0	0	0	104	260	69	0	0	6	0	0	2	0	0	0	1	141	136	0	322	37	202	21	0	0	17	4	0	0	0	0	130	69	19	102	44	16	0	32
10	275	2	0	6	0	0	0	0	2	0	0	208	1	2	0	34	0	0	0	17	10	0	22	1	75	0	0	42	0	16	0	5	0	27	0	0	0	1	24	3	0	0	0	0	0	0	0	0	0	0	15	32	0	11	4	10	132	412	0	0	6	0	0	0	0	0	0	0	3	0	0	31	0
0	16	66	0	2	0	0	0	0	4	6	0	0	197	8	0	15	44	0	1	19	0	0	0	0	2	39	0	0	21	73	0	1	0	2	1	0	0	0	10	2	56	3	1	2	0	0	0	0	0	0	0	0	0	2	2	11	28	558	0	0	28	0	0	0	0	0	0	0	59	0	0	22	0
0	0	113	0	2	0	0	0	0	410	8	0	0	4	89	0	0	60	0	14	0	0	0	0	0	6	25	0	0	37	42	0	1	0	0	6	0	0	0	0	278	1	0	61	0	0	0	0	0	0	0	3	49	0	0	1	107	24	2	0	0	50	0	0	0	0	0	1	0	108	0	0	15	0
0	0	0	0	0	0	0	0	0	0	0	0	0	0	0	0	0	0	0	0	0	0	0	0	0	0	0	0	0	0	0	0	0	0	0	0	0	0	0	0	0	0	0	0	0	0	0	0	0	0	0	0	0	0	0	0	0	0	0	0	0	0	0	0	0	0	0	0	0	0	0	0	0	0
0	0	0	0	0	0	0	0	4	0	0	0	0	0	0	0	1	448	0	0	0	0	0	0	0	0	0	0	0	0	0	0	0	0	0	0	0	0	0	0	0	0	0	0	0	0	0	0	0	0	0	0	0	0	0	0	0	0	0	0	0	0	0	0	0	0	0	0	0	0	0	0	0	0
1	0	0	20	0	0	0	0	0	3	0	0	0	0	0	0	0	0	0	0	0	0	0	0	0	0	0	0	0	0	231	0	0	0	0	0	0	0	0	0	0	0	0	0	1	0	0	0	0	0	0	0	0	0	0	0	0	0	0	0	0	0	0	0	0	0	0	0	0	0	0	0	0	0
267	6	2	0	0	0	63	0	0	0	1	0	0	0	0	8	697	19	4	42	307	187	92	521	126	489	0	0	203	0	4	0	175	80	147	6	0	0	210	188	64	2	1	56	141	15	0	3	0	0	0	0	563	0	298	55	43	51	0	0	1	11	0	0	0	0	100	242	1	0	4	23	1	9
16	71	10	0	1	0	11	1	0	212	0	0	1	0	67	14	608	102	229	159	348	203	14	304	109	416	0	0	298	0	389	0	245	188	196	5	0	0	263	432	49	1	2	111	136	32	0	49	0	0	0	563	0	0	238	29	167	419	2	0	1	12	0	1	0	0	212	114	17	126	68	30	4	223
0	0	0	0	0	0	0	0	0	0	0	0	0	0	0	0	0	0	0	0	0	0	0	0	0	0	0	0	0	0	0	0	0	0	0	0	0	0	0	0	0	0	0	0	0	0	0	0	0	0	0	0	0	0	0	0	0	0	0	0	0	0	0	0	0	0	0	0	0	0	0	0	0	0
405	92	1	1	6	0	0	0	0	2	1	0	4	11	3	1	413	0	2	11	88	345	147	509	277	286	24	0	43	0	130	0	34	34	39	0	0	0	36	126	18	1	8	7	322	11	2	0	0	0	0	298	238	0	0	553	29	90	16	0	2	32	0	1	0	0	60	232	2	0	2	10	18	0
7	11	3	0	1	0	0	1	0	0	0	0	2	65	0	0	5	0	231	203	30	17	315	1006	388	31	0	0	36	0	4	0	6	2	31	1	0	0	6	9	11	0	4	0	37	4	2	1	0	0	0	55	29	0	553	0	244	39	109	0	0	0	0	0	0	0	1	26	0	479	2	4	1	2
1	178	303	0	13	0	2	2	0	353	39	0	18	59	144	3	46	25	63	27	39	5	0	43	13	54	16	0	28	7	183	0	11	7	27	11	0	0	9	20	25	30	39	53	202	10	11	107	0	0	0	43	167	0	29	244	0	185	427	0	1	180	0	1	0	0	13	1	11	166	10	18	31	26
32	149	13	0	46	0	13	18	0	46	14	0	22	26	89	16	152	15	217	10	102	178	4	9	2	93	16	0	354	7	48	0	89	398	487	6	0	0	28	86	52	329	325	141	21	132	28	24	0	0	0	51	419	0	90	39	185	0	1238	0	1	177	0	4	0	0	579	63	100	13	76	76	13	205
4	113	29	0	9	0	0	16	0	0	36	0	111	50	29	2	17	0	478	53	1	87	0	2	1	29	4	0	239	0	1	0	24	62	235	10	0	0	1	202	1	733	48	3	0	412	558	2	0	0	0	0	2	0	16	109	427	1238	0	0	12	53	0	10	0	0	1074	0	42	755	78	206	18	0
0	0	0	0	0	0	0	0	0	0	0	0	0	0	0	0	0	0	0	0	0	0	0	0	0	0	0	0	0	0	0	0	0	0	0	0	0	0	0	0	0	0	0	0	0	0	0	0	0	0	0	0	0	0	0	0	0	0	0	0	0	0	0	0	0	0	0	0	0	0	0	0	0	0
0	1	31	0	2	0	0	0	0	4	91	0	1	159	0	0	36	44	0	0	0	9	0	0	0	2	1	0	0	5	4	0	0	0	0	1	0	0	0	0	19	0	4	0	17	0	0	0	0	0	0	1	1	0	2	0	1	1	12	0	0	288	0	0	0	0	0	0	0	0	0	0	207	0
0	7	218	2	1089	0	7	1	0	81	1200	0	5	1503	19	232	115	262	2	4	3	2	15	0	2	38	24	0	0	32	86	0	18	3	22	28	0	0	1	3	182	407	13	415	4	6	28	50	0	0	0	11	12	0	32	0	180	177	53	0	288	0	0	5	0	0	1	36	215	31	65	376	832	64
0	0	0	0	0	0	0	0	0	0	0	0	0	0	0	0	0	0	0	0	0	0	0	0	0	0	0	0	0	0	0	0	0	0	0	0	0	0	0	0	0	0	0	0	0	0	0	0	0	0	0	0	0	0	0	0	0	0	0	0	0	0	0	0	0	0	0	0	0	0	0	0	0	0
1	196	15	0	121	0	0	0	0	1	80	0	20	75	1	0	1	0	0	1	1	0	0	0	0	0	3	0	0	0	5	0	0	0	0	0	0	0	1	0	0	0	1	0	0	0	0	0	0	0	0	0	1	0	1	0	1	4	10	0	0	5	0	0	0	0	0	0	0	0	0	0	221	0
0	0	0	0	0	0	0	0	0	0	0	0	0	0	0	0	0	0	0	0	0	0	0	0	0	0	0	0	0	0	0	0	0	0	0	0	0	0	0	0	0	0	0	0	0	0	0	0	0	0	0	0	0	0	0	0	0	0	0	0	0	0	0	0	0	0	0	0	0	0	0	0	0	0
0	0	0	0	0	0	0	0	0	0	0	0	0	0	0	0	0	0	0	0	0	0	0	0	0	0	0	0	0	0	0	0	0	0	0	0	0	0	0	0	0	0	0	0	0	0	0	0	0	0	0	0	0	0	0	0	0	0	0	0	0	0	0	0	0	0	0	0	0	0	0	0	0	0
182	1	1	0	0	0	0	0	0	0	1	0	3	1	1	0	243	1	0	5	1	32	0	4	2	240	0	0	405	0	145	0	4	0	69	0	0	0	0	2	0	33	32	2	130	0	0	0	0	0	0	100	212	0	60	1	13	579	1074	0	0	1	0	0	0	0	0	0	0	1	0	0	3	0
455	80	0	0	0	0	0	0	0	4	1	0	7	1	15	0	297	3	0	18	136	38	0	720	73	311	1	0	310	0	11	0	23	0	73	0	0	0	41	21	12	0	3	0	69	0	0	1	0	0	0	242	114	0	232	26	1	63	0	0	0	36	0	0	0	0	0	0	0	0	1	1	0	0
0	70	3	0	5	0	0	0	0	9	123	0	6	97	74	0	16	74	0	14	0	2	0	0	0	0	11	0	28	0	1	0	4	0	2	0	0	0	1	2	38	9	19	8	19	0	0	0	0	0	0	1	17	0	2	0	11	100	42	0	0	215	0	0	0	0	0	0	0	1	0	0	175	0
0	6	171	0	7	0	0	0	0	458	53	0	4	5	27	0	3	13	5	19	2	0	2	3	0	3	1	0	4	1	143	0	4	0	1	2	0	0	0	2	1	3	4	3	102	3	59	108	0	0	0	0	126	0	0	479	166	13	755	0	0	31	0	0	0	0	1	0	1	0	0	2	7	37
4	602	24	1	14	0	0	0	0	32	2	0	359	6	35	0	307	110	0	21	221	0	0	10	1	263	1	0	50	26	14	0	81	0	38	1	0	0	8	153	5	1	3	0	44	0	0	0	0	0	0	4	68	0	2	2	10	76	78	0	0	65	0	0	0	0	0	1	0	0	0	1	30	0
0	532	44	0	109	0	0	0	0	19	221	0	266	152	22	0	49	65	0	11	28	3	0	0	0	30	29	0	25	19	27	0	21	0	7	2	0	0	4	46	16	1	2	41	16	0	0	0	0	0	0	23	30	0	10	4	18	76	206	0	0	376	0	0	0	0	0	1	0	2	1	0	273	0
4	1254	21	0	794	0	6	0	0	8	807	0	2	75	7	225	4	63	1	4	7	3	0	1	1	12	8	0	0	12	6	0	10	650	7	52	0	0	4	6	33	78	3	67	0	31	22	15	0	0	0	1	4	0	18	1	31	13	18	0	207	832	0	221	0	0	3	0	175	7	30	273	0	0
17	23	1	2	0	0	0	0	0	0	0	0	0	4	1	0	5	3	1	5	1	4	0	0	1	3	1	0	4	0	218	0	0	0	0	0	0	0	1	4	1	0	0	3	32	0	0	0	0	0	0	9	223	0	0	2	26	205	0	0	0	64	0	0	0	0	0	0	0	37	0	0	0	0
