0	0	0	0	0	0	0	0	0	0	0	0	0	0	0	0	0	0	0	0	0	0	0	0	0	0	0	0	0	0	0	0	0	0	0	0	0	0	0	0	0	0	0	0	0	0	0	0	0	0	0	0	0	0	0	0	0	0	0	0	0	0	0	0	0	0	0	0	0	0	0	0	0	0
0	0	4	0	0	0	0	0	0	0	0	0	0	8	0	0	0	3	0	0	0	0	0	0	0	0	0	0	0	0	0	0	0	0	0	0	0	0	0	0	2	1	0	0	0	0	0	0	0	0	0	0	0	0	0	0	2	0	0	0	0	8	0	1	0	0	0	0	0	0	0	0	0	1
0	4	0	0	10	0	0	0	0	0	0	0	5	89	0	0	0	9	0	0	2	0	0	0	0	3	8	0	3	0	0	0	1	0	4	0	0	0	0	0	2	0	0	0	0	0	0	0	0	0	0	13	0	0	2	0	33	1	0	12	0	94	0	0	0	0	0	0	0	0	0	0	2	0
0	0	0	0	0	0	0	0	0	0	0	0	0	0	0	0	0	0	0	0	0	0	0	0	0	0	0	0	0	0	0	0	0	0	0	0	0	0	0	0	0	0	0	0	0	0	0	0	0	0	0	0	0	0	0	1	0	0	0	0	0	9	0	0	0	5	4	0	0	0	0	0	0	0
0	0	10	0	0	0	0	0	0	0	0	0	212	0	0	1	0	0	0	0	0	0	0	0	0	0	0	0	2	0	0	0	2	0	1	0	0	0	0	0	0	3	0	0	0	70	0	0	0	0	0	0	0	0	0	0	0	0	0	1	0	173	0	78	0	0	0	0	0	0	0	2	233	0
0	0	0	0	0	0	0	0	0	0	0	0	0	0	0	0	0	0	0	0	0	0	0	0	0	0	0	0	0	0	0	0	0	0	0	0	0	0	0	0	0	0	0	0	0	0	0	0	0	0	0	0	0	0	0	0	0	0	0	0	0	0	0	0	0	0	0	0	0	0	0	0	0	0
0	0	0	0	0	0	0	0	0	7	0	0	0	0	0	0	0	6	0	0	0	0	0	0	0	1	0	0	0	0	0	0	0	0	0	0	0	0	0	0	34	0	0	0	0	0	0	0	0	0	0	0	0	0	0	0	0	2	0	0	0	7	0	0	0	8	0	0	0	0	0	0	0	0
0	0	0	0	0	0	0	0	0	0	0	0	36	0	0	0	0	1	0	0	4	0	0	6	0	1	0	0	0	0	0	0	0	0	0	0	0	0	0	0	0	0	0	0	0	0	0	0	0	0	0	16	0	0	0	0	0	0	0	41	0	0	0	0	0	0	0	0	0	0	0	0	0	0
0	0	0	0	0	0	0	0	0	0	0	0	0	0	0	0	0	0	0	0	0	0	0	0	0	0	0	0	0	0	0	0	0	0	0	0	0	0	0	0	0	0	0	0	0	0	0	0	0	0	0	0	0	0	0	0	0	0	0	0	0	0	0	0	0	0	0	0	0	0	0	0	0	0
0	0	0	0	0	0	7	0	0	0	1	0	1	2	0	1	0	26	78	1	0	0	0	0	0	2	1	0	0	0	156	0	1	0	0	0	0	0	0	0	1	168	0	113	0	0	0	44	0	0	77	0	147	0	0	0	58	13	7	1	0	5	0	0	0	79	1	0	0	74	0	4	0	0
0	0	0	0	0	0	0	0	0	1	0	0	2	0	0	1	0	0	1	0	0	0	0	0	0	0	0	0	0	0	0	0	0	0	0	0	0	0	0	0	0	2	0	0	0	0	0	0	0	0	0	0	0	0	0	0	0	2	2	2	0	3	0	0	0	0	0	0	0	0	0	0	0	0
0	0	0	0	0	0	0	0	0	0	0	0	0	0	0	0	0	0	0	0	0	0	0	0	0	0	0	0	0	0	0	0	0	0	0	0	0	0	0	0	0	0	0	0	0	0	0	0	0	0	0	0	0	0	0	0	0	0	0	0	0	0	0	0	0	0	0	0	0	0	0	0	0	0
0	0	5	0	212	0	0	36	0	1	2	0	0	2	0	29	0	0	93	7	215	12	0	12	2	24	0	0	106	0	0	0	977	0	150	0	0	0	0	920	1	9	0	2	0	141	0	2	0	0	0	8	0	0	3	2	41	198	144	1768	0	3	0	114	0	1	4	0	15	9	0	3	2	1
0	8	89	0	0	0	0	0	0	2	0	0	2	0	0	0	0	1	0	0	3	1	0	0	0	1	0	0	0	0	0	0	0	0	0	0	0	0	0	0	2	3	0	0	0	0	0	0	0	0	0	1	0	0	0	0	9	0	3	0	0	460	0	1	0	0	0	0	0	0	0	39	0	0
0	0	0	0	0	0	0	0	0	0	0	0	0	0	0	0	0	0	0	0	0	0	0	0	0	0	0	0	0	0	0	0	0	0	0	0	0	0	0	0	0	0	0	0	0	0	0	0	0	0	0	0	0	0	0	0	0	461	0	0	0	0	0	0	0	0	0	0	0	0	0	0	0	17
0	0	0	0	1	0	0	0	0	1	1	0	29	0	0	0	0	0	0	0	0	0	0	0	0	0	0	0	0	0	0	0	0	0	0	0	0	0	0	0	0	0	0	0	0	0	0	0	0	0	0	1	0	0	0	0	0	0	0	0	0	8	0	0	0	0	0	0	0	0	0	0	6	0
0	0	0	0	0	0	0	0	0	0	0	0	0	0	0	0	0	0	0	0	0	0	0	0	0	0	0	0	0	0	0	0	0	0	0	0	0	0	0	0	0	0	0	0	0	0	0	0	0	0	0	0	0	0	0	0	0	0	0	0	0	0	0	0	0	0	0	0	0	0	0	0	0	0
0	3	9	0	0	0	6	1	0	26	0	0	0	1	0	0	0	0	2	1	0	0	0	0	0	0	0	0	0	0	2	0	6	0	0	0	0	0	0	0	20	15	0	37	0	0	4	7	0	189	15	0	23	0	0	0	3	3	3	0	0	38	0	0	0	0	1	0	0	2	0	8	1	2
0	0	0	0	0	0	0	0	0	78	1	0	93	0	0	0	0	2	0	2	119	0	0	0	1	40	0	0	72	0	21	0	8	0	1	0	0	0	0	105	0	0	0	0	0	0	0	0	0	0	46	93	0	0	2	0	13	177	0	111	0	0	0	0	0	0	0	0	0	0	0	0	1	0
0	0	0	0	0	0	0	0	0	1	0	0	7	0	0	0	0	1	2	0	0	22	0	52	1	6	0	0	0	0	0	0	116	0	120	0	0	0	0	113	0	0	0	0	1	0	1	2	0	0	3	0	104	0	0	114	2	0	9	64	0	5	0	0	0	0	1	0	16	2	189	0	1	0
0	0	2	0	0	0	0	4	0	0	0	0	215	3	0	0	0	0	119	0	0	59	0	19	9	703	0	0	133	0	5	0	720	0	182	0	0	0	0	574	1	3	0	0	0	0	0	0	0	0	0	612	152	0	69	0	20	329	4	17	0	4	0	0	0	2	8	0	0	0	0	1	2	8
0	0	0	0	0	0	0	0	0	0	0	0	12	1	0	0	0	0	0	22	59	0	0	1433	266	215	0	0	142	0	141	0	57	0	436	0	0	0	0	57	0	0	0	0	0	0	0	0	0	0	9	674	28	0	160	115	1	589	7	559	0	0	0	0	0	0	414	0	6	0	0	0	0	11
0	0	0	0	0	0	0	0	0	0	0	0	0	0	0	0	0	0	0	0	0	0	0	0	0	0	0	0	0	0	0	0	0	0	0	0	0	0	0	0	0	0	0	0	0	0	0	0	0	0	0	0	0	0	0	0	0	0	0	0	0	0	0	0	0	0	0	0	0	0	0	0	0	0
0	0	0	0	0	0	0	6	0	0	0	0	12	0	0	0	0	0	0	52	19	1433	0	0	1634	14	0	0	53	0	134	0	45	0	175	0	0	0	0	64	0	2	0	0	0	0	0	0	0	0	2	584	435	0	345	415	16	121	4	14	0	9	0	0	0	0	8	0	0	4	0	0	0	2
0	0	0	0	0	0	0	0	0	0	0	0	2	0	0	0	0	0	1	1	9	266	0	1634	0	7	0	0	40	0	67	0	4	0	8	0	0	0	0	16	0	0	0	0	0	0	0	0	0	0	0	22	68	0	9	0	26	31	0	12	0	0	0	0	0	0	1	0	0	0	0	0	0	0
0	0	3	0	0	0	1	1	0	2	0	0	24	1	0	0	0	0	40	6	703	215	0	14	7	0	0	0	85	0	4	0	657	0	191	0	0	0	0	635	1	6	0	0	0	7	1	0	0	0	0	771	224	0	124	7	15	271	36	205	0	82	0	0	0	2	431	0	26	3	2	0	0	7
0	0	8	0	0	0	0	0	0	1	0	0	0	0	0	0	0	0	0	0	0	0	0	0	0	0	0	0	0	0	0	0	0	0	0	0	0	0	0	0	0	2	0	1	0	0	0	0	0	0	0	0	0	0	0	0	0	0	2	0	0	0	0	0	0	0	0	0	0	1	0	0	0	0
0	0	0	0	0	0	0	0	0	0	0	0	0	0	0	0	0	0	0	0	0	0	0	0	0	0	0	0	0	0	0	0	0	0	0	0	0	0	0	0	0	0	0	0	0	0	0	0	0	0	0	0	0	0	0	0	0	0	0	0	0	0	0	0	0	0	0	0	0	0	0	0	0	0
0	0	3	0	2	0	0	0	0	0	0	0	106	0	0	0	0	0	72	0	133	142	0	53	40	85	0	0	0	0	1	0	215	0	292	0	0	0	0	289	0	1	0	0	0	1	0	0	0	0	0	322	10	0	32	0	6	522	136	267	0	2	0	0	0	0	239	0	0	1	0	0	2	0
0	0	0	0	0	0	0	0	0	0	0	0	0	0	0	0	0	0	0	0	0	0	0	0	0	0	0	0	0	0	0	0	0	0	0	0	0	0	0	0	0	0	0	0	0	0	0	0	0	0	0	0	0	0	0	0	0	0	0	0	0	0	0	0	0	0	0	0	0	0	0	0	0	0
0	0	0	0	0	0	0	0	0	156	0	0	0	0	0	0	0	2	21	0	5	141	0	134	67	4	0	0	1	0	0	0	2	0	8	0	0	0	0	2	0	0	0	57	0	0	0	1	0	0	185	10	378	0	226	0	244	26	0	0	0	0	0	0	0	0	112	0	0	37	0	0	0	327
0	0	0	0	0	0	0	0	0	0	0	0	0	0	0	0	0	0	0	0	0	0	0	0	0	0	0	0	0	0	0	0	0	0	0	0	0	0	0	0	0	0	0	0	0	0	0	0	0	0	0	0	0	0	0	0	0	0	0	0	0	0	0	0	0	0	0	0	0	0	0	0	0	0
0	0	1	0	2	0	0	0	0	1	0	0	977	0	0	0	0	6	8	116	720	57	0	45	4	657	0	0	215	0	2	0	0	0	331	0	0	0	0	392	0	8	0	0	0	0	0	0	0	0	0	335	21	0	13	5	2	215	30	496	0	104	0	0	0	1	16	0	2	0	0	2	1	10
0	0	0	0	0	0	0	0	0	0	0	0	0	0	0	0	0	0	0	0	0	0	0	0	0	0	0	0	0	0	0	0	0	0	0	0	0	0	0	0	0	0	0	0	0	0	0	0	0	0	0	0	0	0	0	0	0	0	0	0	0	0	0	0	0	0	0	0	0	0	0	0	0	0
0	0	4	0	1	0	0	0	0	0	0	0	150	0	0	0	0	0	1	120	182	436	0	175	8	191	0	0	292	0	8	0	331	0	0	0	0	0	0	370	0	0	0	0	0	0	0	0	0	0	0	532	24	0	9	24	6	736	147	861	0	4	0	0	0	0	141	0	6	0	0	1	1	0
0	0	0	0	0	0	0	0	0	0	0	0	0	0	0	0	0	0	0	0	0	0	0	0	0	0	0	0	0	0	0	0	0	0	0	0	0	0	0	0	0	0	0	0	0	0	0	0	0	0	0	0	0	0	0	0	0	0	0	0	0	0	0	0	0	0	0	0	0	0	0	0	0	0
0	0	0	0	0	0	0	0	0	0	0	0	0	0	0	0	0	0	0	0	0	0	0	0	0	0	0	0	0	0	0	0	0	0	0	0	0	0	0	0	0	0	0	0	0	0	0	0	0	0	0	0	0	0	0	0	0	0	0	0	0	0	0	0	0	0	0	0	0	0	0	0	0	0
0	0	0	0	0	0	0	0	0	0	0	0	0	0	0	0	0	0	0	0	0	0	0	0	0	0	0	0	0	0	0	0	0	0	0	0	0	0	0	0	0	0	0	0	0	0	0	0	0	0	0	0	0	0	0	0	0	0	0	0	0	0	0	0	0	0	0	0	0	0	0	0	0	0
0	0	0	0	0	0	0	0	0	0	0	0	0	0	0	0	0	0	0	0	0	0	0	0	0	0	0	0	0	0	0	0	0	0	0	0	0	0	0	0	0	0	0	0	0	0	0	0	0	0	0	0	0	0	0	0	0	0	0	0	0	0	0	0	0	0	0	0	0	0	0	0	0	0
0	0	0	0	0	0	0	0	0	0	0	0	920	0	0	0	0	0	105	113	574	57	0	64	16	635	0	0	289	0	2	0	392	0	370	0	0	0	0	0	0	0	0	0	0	0	0	0	0	0	0	479	8	0	24	5	22	320	6	1171	0	1	0	0	0	0	0	0	4	0	0	0	1	0
0	2	2	0	0	0	34	0	0	1	0	0	1	2	0	0	0	20	0	0	1	0	0	0	0	1	0	0	0	0	0	0	0	0	0	0	0	0	0	0	0	5	0	1	0	0	0	0	0	0	0	0	19	0	0	0	5	0	0	1	0	41	0	0	0	280	0	0	0	0	0	2	0	1
0	1	0	0	3	0	0	0	0	168	2	0	9	3	0	0	0	15	0	0	3	0	0	2	0	6	2	0	1	0	0	0	8	0	0	0	0	0	0	0	5	0	0	0	0	0	0	0	0	0	0	0	0	0	0	0	3	387	30	98	0	412	0	0	0	11	0	0	2	0	0	0	2	0
0	0	0	0	0	0	0	0	0	0	0	0	0	0	0	0	0	0	0	0	0	0	0	0	0	0	0	0	0	0	0	0	0	0	0	0	0	0	0	0	0	0	0	0	0	0	0	0	0	0	0	0	0	0	0	0	0	0	0	0	0	5	0	0	0	0	0	0	0	0	0	0	0	0
0	0	0	0	0	0	0	0	0	113	0	0	2	0	0	0	0	37	0	0	0	0	0	0	0	0	1	0	0	0	57	0	0	0	0	0	0	0	0	0	1	0	0	0	0	0	0	0	0	0	46	0	0	0	2	0	66	38	0	0	0	0	0	0	0	2	0	0	0	0	0	0	0	0
0	0	0	0	0	0	0	0	0	0	0	0	0	0	0	0	0	0	0	1	0	0	0	0	0	0	0	0	0	0	0	0	0	0	0	0	0	0	0	0	0	0	0	0	0	0	0	0	0	0	0	0	0	0	0	0	0	0	0	0	0	0	0	0	0	0	0	0	0	0	3	0	0	0
0	0	0	0	70	0	0	0	0	0	0	0	141	0	0	0	0	0	0	0	0	0	0	0	0	7	0	0	1	0	0	0	0	0	0	0	0	0	0	0	0	0	0	0	0	0	0	0	0	0	0	0	0	0	2	0	0	21	0	62	0	0	0	0	0	0	0	0	0	0	0	0	87	0
0	0	0	0	0	0	0	0	0	0	0	0	0	0	0	0	0	4	0	1	0	0	0	0	0	1	0	0	0	0	0	0	0	0	0	0	0	0	0	0	0	0	0	0	0	0	0	0	0	0	0	0	0	0	0	0	0	0	8	4	0	20	0	0	0	0	0	0	0	0	0	0	0	0
0	0	0	0	0	0	0	0	0	44	0	0	2	0	0	0	0	7	0	2	0	0	0	0	0	0	0	0	0	0	1	0	0	0	0	0	0	0	0	0	0	0	0	0	0	0	0	0	0	0	12	0	0	0	0	0	1	0	0	0	0	0	0	0	0	14	0	0	0	0	0	0	0	0
0	0	0	0	0	0	0	0	0	0	0	0	0	0	0	0	0	0	0	0	0	0	0	0	0	0	0	0	0	0	0	0	0	0	0	0	0	0	0	0	0	0	0	0	0	0	0	0	0	0	0	0	0	0	0	0	0	0	0	0	0	0	0	0	0	0	0	0	0	0	0	0	0	0
0	0	0	0	0	0	0	0	0	0	0	0	0	0	0	0	0	189	0	0	0	0	0	0	0	0	0	0	0	0	0	0	0	0	0	0	0	0	0	0	0	0	0	0	0	0	0	0	0	0	0	0	0	0	0	0	0	0	0	0	0	0	0	0	0	0	0	0	0	0	0	0	0	0
0	0	0	0	0	0	0	0	0	77	0	0	0	0	0	0	0	15	46	3	0	9	0	2	0	0	0	0	0	0	185	0	0	0	0	0	0	0	0	0	0	0	0	46	0	0	0	12	0	0	0	0	53	0	7	0	7	20	0	0	0	0	0	0	0	0	44	0	0	36	0	0	0	18
0	0	13	0	0	0	0	16	0	0	0	0	8	1	0	1	0	0	93	0	612	674	0	584	22	771	0	0	322	0	10	0	335	0	532	0	0	0	0	479	0	0	0	0	0	0	0	0	0	0	0	0	168	0	301	11	18	329	2	18	0	0	0	0	0	0	161	0	23	8	0	1	0	14
0	0	0	0	0	0	0	0	0	147	0	0	0	0	0	0	0	23	0	104	152	28	0	435	68	224	0	0	10	0	378	0	21	0	24	0	0	0	0	8	19	0	0	0	0	0	0	0	0	0	53	168	0	0	7	1	65	227	0	4	0	0	0	0	0	0	0	0	0	0	0	0	0	0
0	0	0	0	0	0	0	0	0	0	0	0	0	0	0	0	0	0	0	0	0	0	0	0	0	0	0	0	0	0	0	0	0	0	0	0	0	0	0	0	0	0	0	0	0	0	0	0	0	0	0	0	0	0	0	0	0	0	0	0	0	0	0	0	0	0	0	0	0	0	0	0	0	0
0	0	2	0	0	0	0	0	0	0	0	0	3	0	0	0	0	0	2	0	69	160	0	345	9	124	0	0	32	0	226	0	13	0	9	0	0	0	0	24	0	0	0	2	0	2	0	0	0	0	7	301	7	0	0	0	2	51	2	33	0	0	0	0	0	0	8	0	0	0	0	0	0	7
0	0	0	1	0	0	0	0	0	0	0	0	2	0	0	0	0	0	0	114	0	115	0	415	0	7	0	0	0	0	0	0	5	0	24	0	0	0	0	5	0	0	0	0	0	0	0	0	0	0	0	11	1	0	0	0	1	0	42	27	0	0	0	0	0	0	0	0	0	17	0	0	0	0
0	2	33	0	0	0	0	0	0	58	0	0	41	9	0	0	0	3	13	2	20	1	0	16	26	15	0	0	6	0	244	0	2	0	6	0	0	0	0	22	5	3	0	66	0	0	0	1	0	0	7	18	65	0	2	1	0	41	3	51	0	31	0	0	0	0	3	0	0	1	0	1	8	5
0	0	1	0	0	0	2	0	0	13	2	0	198	0	461	0	0	3	177	0	329	589	0	121	31	271	0	0	522	0	26	0	215	0	736	0	0	0	0	320	0	387	0	38	0	21	0	0	0	0	20	329	227	0	51	0	41	0	496	1294	0	25	0	0	0	8	696	0	43	1	0	2	2	463
0	0	0	0	0	0	0	0	0	7	2	0	144	3	0	0	0	3	0	9	4	7	0	4	0	36	2	0	136	0	0	0	30	0	147	0	0	0	0	6	0	30	0	0	0	0	8	0	0	0	0	2	0	0	2	42	3	496	0	1652	0	3	0	0	0	0	54	0	1	0	0	0	26	0
0	0	12	0	1	0	0	41	0	1	2	0	1768	0	0	0	0	0	111	64	17	559	0	14	12	205	0	0	267	0	0	0	496	0	861	0	0	0	0	1171	1	98	0	0	0	62	4	0	0	0	0	18	4	0	33	27	51	1294	1652	0	0	0	0	152	0	0	503	0	93	14	2	4	0	4
0	0	0	0	0	0	0	0	0	0	0	0	0	0	0	0	0	0	0	0	0	0	0	0	0	0	0	0	0	0	0	0	0	0	0	0	0	0	0	0	0	0	0	0	0	0	0	0	0	0	0	0	0	0	0	0	0	0	0	0	0	0	0	0	0	0	0	0	0	0	0	0	0	0
0	8	94	9	173	0	7	0	0	5	3	0	3	460	0	8	0	38	0	5	4	0	0	9	0	82	0	0	2	0	0	0	104	0	4	0	0	0	0	1	41	412	5	0	0	0	20	0	0	0	0	0	0	0	0	0	31	25	3	0	0	0	0	4	0	54	0	0	0	0	0	48	101	32
0	0	0	0	0	0	0	0	0	0	0	0	0	0	0	0	0	0	0	0	0	0	0	0	0	0	0	0	0	0	0	0	0	0	0	0	0	0	0	0	0	0	0	0	0	0	0	0	0	0	0	0	0	0	0	0	0	0	0	0	0	0	0	0	0	0	0	0	0	0	0	0	0	0
0	1	0	0	78	0	0	0	0	0	0	0	114	1	0	0	0	0	0	0	0	0	0	0	0	0	0	0	0	0	0	0	0	0	0	0	0	0	0	0	0	0	0	0	0	0	0	0	0	0	0	0	0	0	0	0	0	0	0	152	0	4	0	0	0	0	0	0	0	0	0	0	51	0
0	0	0	0	0	0	0	0	0	0	0	0	0	0	0	0	0	0	0	0	0	0	0	0	0	0	0	0	0	0	0	0	0	0	0	0	0	0	0	0	0	0	0	0	0	0	0	0	0	0	0	0	0	0	0	0	0	0	0	0	0	0	0	0	0	0	0	0	0	0	0	0	0	0
0	0	0	5	0	0	8	0	0	79	0	0	1	0	0	0	0	0	0	0	2	0	0	0	0	2	0	0	0	0	0	0	1	0	0	0	0	0	0	0	280	11	0	2	0	0	0	14	0	0	0	0	0	0	0	0	0	8	0	0	0	54	0	0	0	0	0	0	0	0	0	0	0	0
0	0	0	4	0	0	0	0	0	1	0	0	4	0	0	0	0	1	0	1	8	414	0	8	1	431	0	0	239	0	112	0	16	0	141	0	0	0	0	0	0	0	0	0	0	0	0	0	0	0	44	161	0	0	8	0	3	696	54	503	0	0	0	0	0	0	0	0	2	0	0	0	0	0
0	0	0	0	0	0	0	0	0	0	0	0	0	0	0	0	0	0	0	0	0	0	0	0	0	0	0	0	0	0	0	0	0	0	0	0	0	0	0	0	0	0	0	0	0	0	0	0	0	0	0	0	0	0	0	0	0	0	0	0	0	0	0	0	0	0	0	0	0	0	0	0	0	0
0	0	0	0	0	0	0	0	0	0	0	0	15	0	0	0	0	0	0	16	0	6	0	0	0	26	0	0	0	0	0	0	2	0	6	0	0	0	0	4	0	2	0	0	0	0	0	0	0	0	0	23	0	0	0	0	0	43	1	93	0	0	0	0	0	0	2	0	0	0	0	0	0	0
0	0	0	0	0	0	0	0	0	74	0	0	9	0	0	0	0	2	0	2	0	0	0	4	0	3	1	0	1	0	37	0	0	0	0	0	0	0	0	0	0	0	0	0	0	0	0	0	0	0	36	8	0	0	0	17	1	1	0	14	0	0	0	0	0	0	0	0	0	0	0	0	1	0
0	0	0	0	0	0	0	0	0	0	0	0	0	0	0	0	0	0	0	189	0	0	0	0	0	2	0	0	0	0	0	0	0	0	0	0	0	0	0	0	0	0	0	0	3	0	0	0	0	0	0	0	0	0	0	0	0	0	0	2	0	0	0	0	0	0	0	0	0	0	0	0	0	0
0	0	0	0	2	0	0	0	0	4	0	0	3	39	0	0	0	8	0	0	1	0	0	0	0	0	0	0	0	0	0	0	2	0	1	0	0	0	0	0	2	0	0	0	0	0	0	0	0	0	0	1	0	0	0	0	1	2	0	4	0	48	0	0	0	0	0	0	0	0	0	0	0	0
0	0	2	0	233	0	0	0	0	0	0	0	2	0	0	6	0	1	1	1	2	0	0	0	0	0	0	0	2	0	0	0	1	0	1	0	0	0	0	1	0	2	0	0	0	87	0	0	0	0	0	0	0	0	0	0	8	2	26	0	0	101	0	51	0	0	0	0	0	1	0	0	0	1
0	1	0	0	0	0	0	0	0	0	0	0	1	0	17	0	0	2	0	0	8	11	0	2	0	7	0	0	0	0	327	0	10	0	0	0	0	0	0	0	1	0	0	0	0	0	0	0	0	0	18	14	0	0	7	0	5	463	0	4	0	32	0	0	0	0	0	0	0	0	0	0	1	0
