0	0	0	0	0	0	0	0	0	0	0	0	0	0	0	0	0	0	0	0	0	0	0	0	0	0	0	0	0	0	0	0	0	0	0	0	0	0	0	0	0	0	0	0	0	0	0	0	0	0	0	0	0	0	0	0	0	0	0	0	0	0	0	0	0	0	0	0	0	0	0	0	0	0
0	0	0	0	0	0	0	0	0	0	0	0	0	0	0	0	0	0	0	0	0	0	0	0	0	0	0	0	0	0	0	0	0	0	0	0	0	0	0	0	0	0	0	0	0	0	0	0	0	0	0	0	0	0	0	0	0	0	0	0	0	0	0	0	0	0	0	0	0	0	0	0	0	0
0	0	0	0	0	0	0	0	0	0	0	0	0	20	0	0	0	0	0	0	2	0	0	0	0	0	0	0	0	0	0	0	0	0	0	0	0	0	0	0	0	0	0	0	0	0	0	0	0	0	0	0	0	0	0	0	0	0	0	0	0	46	0	0	0	0	0	0	0	0	0	0	0	0
0	0	0	0	0	0	0	0	0	0	0	0	0	0	0	0	0	0	0	0	0	0	0	0	0	0	0	0	0	0	0	0	0	0	0	0	0	0	0	0	0	0	0	0	0	0	0	0	0	0	0	0	0	0	0	1	0	0	0	0	0	9	0	0	0	5	4	0	0	0	0	0	0	0
0	0	0	0	0	0	0	0	0	0	0	0	0	0	0	0	0	0	0	0	0	0	0	0	0	0	0	0	0	0	0	0	0	0	0	0	0	0	0	0	0	0	0	0	0	0	0	0	0	0	0	0	0	0	0	0	0	0	0	0	0	0	0	0	0	0	0	0	0	0	0	0	0	0
0	0	0	0	0	0	0	0	0	0	0	0	0	0	0	0	0	0	0	0	0	0	0	0	0	0	0	0	0	0	0	0	0	0	0	0	0	0	0	0	0	0	0	0	0	0	0	0	0	0	0	0	0	0	0	0	0	0	0	0	0	0	0	0	0	0	0	0	0	0	0	0	0	0
0	0	0	0	0	0	0	0	0	7	0	0	0	0	0	0	0	0	0	0	0	0	0	0	0	1	0	0	0	0	0	0	0	0	0	0	0	0	0	0	33	0	0	0	0	0	0	0	0	0	0	0	0	0	0	0	0	1	0	0	0	7	0	0	0	3	0	0	0	0	0	0	0	0
0	0	0	0	0	0	0	0	0	0	0	0	0	0	0	0	0	0	0	0	0	0	0	0	0	0	0	0	0	0	0	0	0	0	0	0	0	0	0	0	0	0	0	0	0	0	0	0	0	0	0	0	0	0	0	0	0	0	0	0	0	0	0	0	0	0	0	0	0	0	0	0	0	0
0	0	0	0	0	0	0	0	0	0	0	0	0	0	0	0	0	1	0	0	0	0	0	0	0	0	0	0	0	0	0	0	0	0	0	0	0	0	0	0	0	0	0	0	0	0	0	0	0	0	0	0	0	0	0	0	0	0	0	0	0	0	0	0	0	0	0	0	0	0	0	0	0	0
0	0	0	0	0	0	7	0	0	0	0	0	1	0	0	0	0	0	0	0	0	0	0	0	0	2	0	0	0	0	117	0	0	0	0	0	0	0	0	0	0	55	0	0	0	0	0	0	0	0	0	0	34	0	0	0	0	6	2	1	0	3	0	0	0	66	1	0	0	0	0	0	0	0
0	0	0	0	0	0	0	0	0	0	0	0	0	0	0	0	0	0	0	0	0	0	0	0	0	0	0	0	0	0	0	0	0	0	0	0	0	0	0	0	0	0	0	0	0	0	0	0	0	0	0	0	0	0	0	0	0	0	0	0	0	0	0	0	0	0	0	0	0	0	0	0	0	0
0	0	0	0	0	0	0	0	0	0	0	0	0	0	0	0	0	0	0	0	0	0	0	0	0	0	0	0	0	0	0	0	0	0	0	0	0	0	0	0	0	0	0	0	0	0	0	0	0	0	0	0	0	0	0	0	0	0	0	0	0	0	0	0	0	0	0	0	0	0	0	0	0	0
0	0	0	0	0	0	0	0	0	1	0	0	0	1	0	0	0	0	4	7	161	11	0	7	0	20	0	0	7	0	0	0	792	0	65	0	0	0	0	742	0	8	0	1	0	0	0	2	0	0	0	7	0	0	0	2	7	116	141	1408	0	3	0	53	0	1	3	0	15	0	0	0	0	1
0	0	20	0	0	0	0	0	0	0	0	0	1	0	0	0	0	1	0	0	3	1	0	0	0	1	0	0	0	0	0	0	0	0	0	0	0	0	0	0	1	3	0	0	0	0	0	0	0	0	0	1	0	0	0	0	0	0	3	0	0	216	0	0	0	0	0	0	0	0	0	0	0	0
0	0	0	0	0	0	0	0	0	0	0	0	0	0	0	0	0	0	0	0	0	0	0	0	0	0	0	0	0	0	0	0	0	0	0	0	0	0	0	0	0	0	0	0	0	0	0	0	0	0	0	0	0	0	0	0	0	461	0	0	0	0	0	0	0	0	0	0	0	0	0	0	0	17
0	0	0	0	0	0	0	0	0	0	0	0	0	0	0	0	0	0	0	0	0	0	0	0	0	0	0	0	0	0	0	0	0	0	0	0	0	0	0	0	0	0	0	0	0	0	0	0	0	0	0	0	0	0	0	0	0	0	0	0	0	0	0	0	0	0	0	0	0	0	0	0	0	0
0	0	0	0	0	0	0	0	0	0	0	0	0	0	0	0	0	0	0	0	0	0	0	0	0	0	0	0	0	0	0	0	0	0	0	0	0	0	0	0	0	0	0	0	0	0	0	0	0	0	0	0	0	0	0	0	0	0	0	0	0	0	0	0	0	0	0	0	0	0	0	0	0	0
0	0	0	0	0	0	0	0	1	0	0	0	0	1	0	0	0	0	0	1	0	0	0	0	0	0	0	0	0	0	2	0	0	0	0	0	0	0	0	0	3	6	0	1	0	0	4	23	0	36	0	0	34	0	0	0	0	5	2	0	0	17	0	0	0	0	1	0	0	0	0	0	0	0
0	0	0	0	0	0	0	0	0	0	0	0	4	0	0	0	0	0	0	0	9	0	0	0	0	5	0	0	46	0	0	0	5	0	1	0	0	0	0	32	0	0	0	0	0	0	0	0	0	0	0	13	0	0	2	0	0	45	0	41	0	0	0	0	0	0	0	0	0	0	0	0	0	0
0	0	0	0	0	0	0	0	0	0	0	0	7	0	0	0	0	1	0	0	5	22	1	52	1	12	0	0	0	0	0	0	161	0	167	0	0	0	0	128	26	0	0	0	0	0	1	0	0	0	0	34	102	0	0	111	0	0	13	75	0	4	0	0	0	0	1	0	22	0	59	0	0	0
0	0	2	0	0	0	0	0	0	0	0	0	161	3	0	0	0	0	9	5	0	43	0	7	0	674	0	0	16	0	4	0	640	18	134	0	0	0	0	438	4	3	0	0	0	0	0	0	0	0	0	392	86	0	30	0	6	112	4	17	0	4	0	0	0	2	8	0	0	0	0	0	0	1
0	0	0	0	0	0	0	0	0	0	0	0	11	1	0	0	0	0	0	22	43	0	0	1326	263	201	0	0	130	0	99	0	70	1	442	0	0	0	0	58	3	0	0	0	0	0	0	0	0	0	0	652	28	0	147	115	1	678	7	671	0	0	0	0	0	0	451	0	24	0	0	0	0	14
0	0	0	0	0	0	0	0	0	0	0	0	0	0	0	0	0	0	0	1	0	0	0	0	0	0	0	0	0	0	0	0	0	0	0	0	0	0	0	0	0	0	0	0	0	0	0	0	0	0	0	7	0	0	0	0	0	32	0	104	0	0	0	0	0	0	0	0	37	0	0	0	0	0
0	0	0	0	0	0	0	0	0	0	0	0	7	0	0	0	0	0	0	52	7	1326	0	0	1426	16	0	0	41	0	101	0	71	0	126	0	0	0	0	84	7	2	0	0	0	0	0	0	0	0	0	571	512	0	116	413	0	117	4	10	0	9	0	0	0	0	6	0	0	0	0	0	0	2
0	0	0	0	0	0	0	0	0	0	0	0	0	0	0	0	0	0	0	1	0	263	0	1426	0	1	0	0	35	0	0	0	3	0	7	0	0	0	0	15	0	0	0	0	0	0	0	0	0	0	0	18	66	0	4	0	0	23	0	12	0	0	0	0	0	0	1	0	0	0	0	0	0	0
0	0	0	0	0	0	1	0	0	2	0	0	20	1	0	0	0	0	5	12	674	201	0	16	1	0	0	0	12	0	4	0	683	1	155	0	0	0	0	752	9	6	0	0	0	0	1	0	0	0	0	694	163	0	34	7	2	181	36	196	0	59	0	0	0	1	399	0	26	0	0	0	0	4
0	0	0	0	0	0	0	0	0	0	0	0	0	0	0	0	0	0	0	0	0	0	0	0	0	0	0	0	0	0	0	0	0	0	0	0	0	0	0	0	0	0	0	0	0	0	0	0	0	0	0	0	0	0	0	0	0	0	0	0	0	0	0	0	0	0	0	0	0	0	0	0	0	0
0	0	0	0	0	0	0	0	0	0	0	0	0	0	0	0	0	0	0	0	0	0	0	0	0	0	0	0	0	0	0	0	0	0	0	0	0	0	0	0	0	0	0	0	0	0	0	0	0	0	0	0	0	0	0	0	0	0	0	0	0	0	0	0	0	0	0	0	0	0	0	0	0	0
0	0	0	0	0	0	0	0	0	0	0	0	7	0	0	0	0	0	46	0	16	130	0	41	35	12	0	0	0	0	0	0	192	0	259	0	0	0	0	205	0	1	0	0	0	0	0	0	0	0	0	152	8	0	20	0	5	360	133	70	0	0	0	0	0	0	226	0	0	0	0	0	0	0
0	0	0	0	0	0	0	0	0	0	0	0	0	0	0	0	0	0	0	0	0	0	0	0	0	0	0	0	0	0	0	0	0	0	0	0	0	0	0	0	0	0	0	0	0	0	0	0	0	0	0	0	0	0	0	0	0	0	0	0	0	0	0	0	0	0	0	0	0	0	0	0	0	0
0	0	0	0	0	0	0	0	0	117	0	0	0	0	0	0	0	2	0	0	4	99	0	101	0	4	0	0	0	0	0	0	1	0	7	0	0	0	0	2	0	0	0	2	0	0	0	1	0	0	57	8	197	0	134	0	1	23	0	0	0	0	0	0	0	0	88	0	0	0	0	0	0	241
0	0	0	0	0	0	0	0	0	0	0	0	0	0	0	0	0	0	0	0	0	0	0	0	0	0	0	0	0	0	0	0	0	0	0	0	0	0	0	0	0	0	0	0	0	0	0	0	0	0	0	0	0	0	0	0	0	0	0	0	0	0	0	0	0	0	0	0	0	0	0	0	0	0
0	0	0	0	0	0	0	0	0	0	0	0	792	0	0	0	0	0	5	161	640	70	0	71	3	683	0	0	192	0	1	0	0	0	336	0	0	0	0	318	6	8	0	0	0	0	0	0	0	0	0	422	21	0	12	6	1	154	34	515	0	55	0	0	0	0	17	0	40	0	0	0	0	7
0	0	0	0	0	0	0	0	0	0	0	0	0	0	0	0	0	0	0	0	18	1	0	0	0	1	0	0	0	0	0	0	0	0	0	0	0	0	0	0	0	0	0	0	0	0	0	0	0	0	0	4	0	0	0	0	0	31	4	20	0	1	0	0	0	0	0	0	36	0	0	0	0	0
0	0	0	0	0	0	0	0	0	0	0	0	65	0	0	0	0	0	1	167	134	442	0	126	7	155	0	0	259	0	7	0	336	0	0	0	0	0	0	321	14	0	0	0	0	0	0	0	0	0	0	517	24	0	5	24	3	766	150	968	0	19	0	0	0	0	144	0	46	0	0	0	0	1
0	0	0	0	0	0	0	0	0	0	0	0	0	0	0	0	0	0	0	0	0	0	0	0	0	0	0	0	0	0	0	0	0	0	0	0	0	0	0	0	0	0	0	0	0	0	0	0	0	0	0	0	0	0	0	0	0	0	0	0	0	0	0	0	0	0	0	0	0	0	0	0	0	0
0	0	0	0	0	0	0	0	0	0	0	0	0	0	0	0	0	0	0	0	0	0	0	0	0	0	0	0	0	0	0	0	0	0	0	0	0	0	0	0	0	0	0	0	0	0	0	0	0	0	0	0	0	0	0	0	0	0	0	0	0	0	0	0	0	0	0	0	0	0	0	0	0	0
0	0	0	0	0	0	0	0	0	0	0	0	0	0	0	0	0	0	0	0	0	0	0	0	0	0	0	0	0	0	0	0	0	0	0	0	0	0	0	0	0	0	0	0	0	0	0	0	0	0	0	0	0	0	0	0	0	0	0	0	0	0	0	0	0	0	0	0	0	0	0	0	0	0
0	0	0	0	0	0	0	0	0	0	0	0	0	0	0	0	0	0	0	0	0	0	0	0	0	0	0	0	0	0	0	0	0	0	0	0	0	0	0	0	0	0	0	0	0	0	0	0	0	0	0	0	0	0	0	0	0	0	0	0	0	0	0	0	0	0	0	0	0	0	0	0	0	0
0	0	0	0	0	0	0	0	0	0	0	0	742	0	0	0	0	0	32	128	438	58	0	84	15	752	0	0	205	0	2	0	318	0	321	0	0	0	0	0	1	0	0	0	0	0	0	0	0	0	0	562	4	0	21	5	10	196	6	1226	0	25	0	0	0	0	0	0	32	0	0	0	0	0
0	0	0	0	0	0	33	0	0	0	0	0	0	1	0	0	0	3	0	26	4	3	0	7	0	9	0	0	0	0	0	0	6	0	14	0	0	0	0	1	0	0	0	0	0	0	1	9	0	0	0	27	19	0	0	0	0	0	4	11	0	50	0	0	0	280	0	0	5	0	0	0	0	0
0	0	0	0	0	0	0	0	0	55	0	0	8	3	0	0	0	6	0	0	3	0	0	2	0	6	0	0	1	0	0	0	8	0	0	0	0	0	0	0	0	0	0	0	0	0	0	0	0	0	0	0	0	0	0	0	1	328	30	88	0	353	0	0	0	11	0	0	2	0	0	0	0	0
0	0	0	0	0	0	0	0	0	0	0	0	0	0	0	0	0	0	0	0	0	0	0	0	0	0	0	0	0	0	0	0	0	0	0	0	0	0	0	0	0	0	0	0	0	0	0	0	0	0	0	0	0	0	0	0	0	0	0	0	0	5	0	0	0	0	0	0	0	0	0	0	0	0
0	0	0	0	0	0	0	0	0	0	0	0	1	0	0	0	0	1	0	0	0	0	0	0	0	0	0	0	0	0	2	0	0	0	0	0	0	0	0	0	0	0	0	0	0	0	0	0	0	0	0	0	0	0	0	0	0	3	0	0	0	0	0	0	0	0	0	0	0	0	0	0	0	0
0	0	0	0	0	0	0	0	0	0	0	0	0	0	0	0	0	0	0	0	0	0	0	0	0	0	0	0	0	0	0	0	0	0	0	0	0	0	0	0	0	0	0	0	0	0	0	0	0	0	0	0	0	0	0	0	0	0	0	0	0	0	0	0	0	0	0	0	0	0	0	0	0	0
0	0	0	0	0	0	0	0	0	0	0	0	0	0	0	0	0	0	0	0	0	0	0	0	0	0	0	0	0	0	0	0	0	0	0	0	0	0	0	0	0	0	0	0	0	0	0	0	0	0	0	0	0	0	0	0	0	0	0	0	0	0	0	0	0	0	0	0	0	0	0	0	0	0
0	0	0	0	0	0	0	0	0	0	0	0	0	0	0	0	0	4	0	1	0	0	0	0	0	1	0	0	0	0	0	0	0	0	0	0	0	0	0	0	1	0	0	0	0	0	0	0	0	0	0	0	0	0	0	0	0	0	8	4	0	20	0	0	0	0	0	0	0	0	0	0	0	0
0	0	0	0	0	0	0	0	0	0	0	0	2	0	0	0	0	23	0	0	0	0	0	0	0	0	0	0	0	0	1	0	0	0	0	0	0	0	0	0	9	0	0	0	0	0	0	0	0	0	0	0	0	0	0	0	0	0	0	0	0	0	0	0	0	0	0	0	0	0	0	0	0	0
0	0	0	0	0	0	0	0	0	0	0	0	0	0	0	0	0	0	0	0	0	0	0	0	0	0	0	0	0	0	0	0	0	0	0	0	0	0	0	0	0	0	0	0	0	0	0	0	0	0	0	0	0	0	0	0	0	0	0	0	0	0	0	0	0	0	0	0	0	0	0	0	0	0
0	0	0	0	0	0	0	0	0	0	0	0	0	0	0	0	0	36	0	0	0	0	0	0	0	0	0	0	0	0	0	0	0	0	0	0	0	0	0	0	0	0	0	0	0	0	0	0	0	0	0	0	0	0	0	0	0	0	0	0	0	0	0	0	0	0	0	0	0	0	0	0	0	0
0	0	0	0	0	0	0	0	0	0	0	0	0	0	0	0	0	0	0	0	0	0	0	0	0	0	0	0	0	0	57	0	0	0	0	0	0	0	0	0	0	0	0	0	0	0	0	0	0	0	0	0	0	0	0	0	0	0	0	0	0	0	0	0	0	0	0	0	0	0	0	0	0	0
0	0	0	0	0	0	0	0	0	0	0	0	7	1	0	0	0	0	13	34	392	652	7	571	18	694	0	0	152	0	8	0	422	4	517	0	0	0	0	562	27	0	0	0	0	0	0	0	0	0	0	0	112	0	201	10	0	207	6	18	0	0	0	0	0	0	216	0	85	0	0	0	0	8
0	0	0	0	0	0	0	0	0	34	0	0	0	0	0	0	0	34	0	102	86	28	0	512	66	163	0	0	8	0	197	0	21	0	24	0	0	0	0	4	19	0	0	0	0	0	0	0	0	0	0	112	0	0	5	1	0	188	0	1	0	0	0	0	0	0	0	0	0	0	0	0	0	0
0	0	0	0	0	0	0	0	0	0	0	0	0	0	0	0	0	0	0	0	0	0	0	0	0	0	0	0	0	0	0	0	0	0	0	0	0	0	0	0	0	0	0	0	0	0	0	0	0	0	0	0	0	0	0	0	0	0	0	0	0	0	0	0	0	0	0	0	0	0	0	0	0	0
0	0	0	0	0	0	0	0	0	0	0	0	0	0	0	0	0	0	2	0	30	147	0	116	4	34	0	0	20	0	134	0	12	0	5	0	0	0	0	21	0	0	0	0	0	0	0	0	0	0	0	201	5	0	0	0	0	23	0	2	0	0	0	0	0	0	3	0	0	0	0	0	0	0
0	0	0	1	0	0	0	0	0	0	0	0	2	0	0	0	0	0	0	111	0	115	0	413	0	7	0	0	0	0	0	0	6	0	24	0	0	0	0	5	0	0	0	0	0	0	0	0	0	0	0	10	1	0	0	0	0	0	43	29	0	0	0	0	0	0	0	0	0	0	0	0	0	0
0	0	0	0	0	0	0	0	0	0	0	0	7	0	0	0	0	0	0	0	6	1	0	0	0	2	0	0	5	0	1	0	1	0	3	0	0	0	0	10	0	1	0	0	0	0	0	0	0	0	0	0	0	0	0	0	0	17	3	15	0	14	0	0	0	0	3	0	0	0	0	0	2	1
0	0	0	0	0	0	1	0	0	6	0	0	116	0	461	0	0	5	45	0	112	678	32	117	23	181	0	0	360	0	23	0	154	31	766	0	0	0	0	196	0	328	0	3	0	0	0	0	0	0	0	207	188	0	23	0	17	0	510	1341	0	21	0	0	0	8	803	0	124	0	0	0	0	594
0	0	0	0	0	0	0	0	0	2	0	0	141	3	0	0	0	2	0	13	4	7	0	4	0	36	0	0	133	0	0	0	34	4	150	0	0	0	0	6	4	30	0	0	0	0	8	0	0	0	0	6	0	0	0	43	3	510	0	1528	0	1	0	0	0	0	64	0	51	0	0	0	0	0
0	0	0	0	0	0	0	0	0	1	0	0	1408	0	0	0	0	0	41	75	17	671	104	10	12	196	0	0	70	0	0	0	515	20	968	0	0	0	0	1226	11	88	0	0	0	0	4	0	0	0	0	18	1	0	2	29	15	1341	1528	0	0	0	0	105	0	0	475	0	213	0	0	0	0	4
0	0	0	0	0	0	0	0	0	0	0	0	0	0	0	0	0	0	0	0	0	0	0	0	0	0	0	0	0	0	0	0	0	0	0	0	0	0	0	0	0	0	0	0	0	0	0	0	0	0	0	0	0	0	0	0	0	0	0	0	0	0	0	0	0	0	0	0	0	0	0	0	0	0
0	0	46	9	0	0	7	0	0	3	0	0	3	216	0	0	0	17	0	4	4	0	0	9	0	59	0	0	0	0	0	0	55	1	19	0	0	0	0	25	50	353	5	0	0	0	20	0	0	0	0	0	0	0	0	0	14	21	1	0	0	0	0	4	0	54	0	0	0	0	0	0	0	0
0	0	0	0	0	0	0	0	0	0	0	0	0	0	0	0	0	0	0	0	0	0	0	0	0	0	0	0	0	0	0	0	0	0	0	0	0	0	0	0	0	0	0	0	0	0	0	0	0	0	0	0	0	0	0	0	0	0	0	0	0	0	0	0	0	0	0	0	0	0	0	0	0	0
0	0	0	0	0	0	0	0	0	0	0	0	53	0	0	0	0	0	0	0	0	0	0	0	0	0	0	0	0	0	0	0	0	0	0	0	0	0	0	0	0	0	0	0	0	0	0	0	0	0	0	0	0	0	0	0	0	0	0	105	0	4	0	0	0	0	0	0	0	0	0	0	0	0
0	0	0	0	0	0	0	0	0	0	0	0	0	0	0	0	0	0	0	0	0	0	0	0	0	0	0	0	0	0	0	0	0	0	0	0	0	0	0	0	0	0	0	0	0	0	0	0	0	0	0	0	0	0	0	0	0	0	0	0	0	0	0	0	0	0	0	0	0	0	0	0	0	0
0	0	0	5	0	0	3	0	0	66	0	0	1	0	0	0	0	0	0	0	2	0	0	0	0	1	0	0	0	0	0	0	0	0	0	0	0	0	0	0	280	11	0	0	0	0	0	0	0	0	0	0	0	0	0	0	0	8	0	0	0	54	0	0	0	0	0	0	0	0	0	0	0	0
0	0	0	4	0	0	0	0	0	1	0	0	3	0	0	0	0	1	0	1	8	451	0	6	1	399	0	0	226	0	88	0	17	0	144	0	0	0	0	0	0	0	0	0	0	0	0	0	0	0	0	216	0	0	3	0	3	803	64	475	0	0	0	0	0	0	0	0	45	0	0	0	0	0
0	0	0	0	0	0	0	0	0	0	0	0	0	0	0	0	0	0	0	0	0	0	0	0	0	0	0	0	0	0	0	0	0	0	0	0	0	0	0	0	0	0	0	0	0	0	0	0	0	0	0	0	0	0	0	0	0	0	0	0	0	0	0	0	0	0	0	0	0	0	0	0	0	0
0	0	0	0	0	0	0	0	0	0	0	0	15	0	0	0	0	0	0	22	0	24	37	0	0	26	0	0	0	0	0	0	40	36	46	0	0	0	0	32	5	2	0	0	0	0	0	0	0	0	0	85	0	0	0	0	0	124	51	213	0	0	0	0	0	0	45	0	0	0	0	0	0	0
0	0	0	0	0	0	0	0	0	0	0	0	0	0	0	0	0	0	0	0	0	0	0	0	0	0	0	0	0	0	0	0	0	0	0	0	0	0	0	0	0	0	0	0	0	0	0	0	0	0	0	0	0	0	0	0	0	0	0	0	0	0	0	0	0	0	0	0	0	0	0	0	0	0
0	0	0	0	0	0	0	0	0	0	0	0	0	0	0	0	0	0	0	59	0	0	0	0	0	0	0	0	0	0	0	0	0	0	0	0	0	0	0	0	0	0	0	0	0	0	0	0	0	0	0	0	0	0	0	0	0	0	0	0	0	0	0	0	0	0	0	0	0	0	0	0	0	0
0	0	0	0	0	0	0	0	0	0	0	0	0	0	0	0	0	0	0	0	0	0	0	0	0	0	0	0	0	0	0	0	0	0	0	0	0	0	0	0	0	0	0	0	0	0	0	0	0	0	0	0	0	0	0	0	0	0	0	0	0	0	0	0	0	0	0	0	0	0	0	0	0	0
0	0	0	0	0	0	0	0	0	0	0	0	0	0	0	0	0	0	0	0	0	0	0	0	0	0	0	0	0	0	0	0	0	0	0	0	0	0	0	0	0	0	0	0	0	0	0	0	0	0	0	0	0	0	0	0	2	0	0	0	0	0	0	0	0	0	0	0	0	0	0	0	0	0
0	0	0	0	0	0	0	0	0	0	0	0	1	0	17	0	0	0	0	0	1	14	0	2	0	4	0	0	0	0	241	0	7	0	1	0	0	0	0	0	0	0	0	0	0	0	0	0	0	0	0	8	0	0	0	0	1	594	0	4	0	0	0	0	0	0	0	0	0	0	0	0	0	0
