0	0	0	0	0	0	0	0	0	0	0	0	0	0	0	0	0	0	1	0	19	81	0	2	5	35	0	0	7	0	15	0	34	1	64	0	0	0	0	7	0	0	0	0	7	0	0	0	0	0	4	62	0	0	77	27	6	4	11	0	0	0	0	0	0	0	22	0	0	0	5	0	0	0
0	0	4	0	3	0	0	3	0	0	0	0	3	8	0	0	0	3	0	0	0	0	0	0	0	0	0	0	0	0	0	0	0	0	0	0	0	0	0	2	2	1	0	0	0	2	0	0	0	0	0	0	0	0	0	0	2	0	2	3	0	8	0	4	0	0	0	0	0	0	3	0	2	1
0	4	0	0	11	0	0	0	0	43	15	0	5	114	0	0	0	11	0	0	3	0	0	0	0	3	100	0	3	0	0	0	1	0	4	0	0	0	0	0	67	0	0	0	0	0	0	0	0	0	0	13	0	0	2	0	89	3	0	12	0	159	0	0	0	10	0	0	0	0	0	0	22	0
0	0	0	0	0	0	0	0	0	0	0	0	0	0	0	0	0	0	0	0	0	0	0	0	0	0	0	0	0	0	0	0	0	0	0	0	0	0	0	9	0	0	0	0	0	0	0	0	0	0	0	0	0	0	0	1	0	0	0	0	0	9	0	0	0	5	0	0	0	0	10	0	0	0
0	3	11	0	0	0	0	0	2	0	204	0	302	26	0	15	0	0	0	0	0	0	0	0	0	0	0	0	2	0	0	0	2	38	1	0	0	0	0	2	0	61	0	0	0	190	0	0	0	0	0	0	0	0	0	1	0	2	0	1	0	438	0	170	0	5	1	0	0	0	0	105	431	0
0	0	0	0	0	0	0	0	0	0	0	0	0	0	0	0	0	0	0	0	0	0	0	0	0	0	0	0	0	0	0	0	0	0	0	0	0	0	0	0	0	0	0	0	0	0	0	0	0	0	0	0	0	0	0	0	0	0	0	0	0	0	0	0	0	0	0	0	0	0	0	0	0	0
0	0	0	0	0	0	0	0	0	7	0	0	0	0	0	0	0	7	0	0	0	0	0	0	0	1	0	0	0	0	0	0	0	0	0	0	0	0	0	0	103	0	0	0	0	0	0	0	0	0	0	0	0	0	0	0	0	18	0	0	0	7	0	0	0	16	0	0	0	0	0	0	1	0
0	3	0	0	0	0	0	0	0	0	0	0	179	0	0	0	0	1	0	0	34	1	0	8	1	22	0	0	0	0	0	0	1	0	0	0	0	0	0	3	0	0	0	0	0	0	0	0	0	0	0	60	0	0	0	2	0	1	0	176	0	0	0	0	0	0	0	0	0	0	0	0	0	0
0	0	0	0	2	0	0	0	0	0	9	0	18	1	0	0	0	4	0	0	0	0	0	0	0	0	0	0	1	0	1	0	0	0	0	0	0	0	0	0	0	0	0	0	0	0	0	0	0	0	1	0	0	0	0	0	0	26	0	20	0	4	0	0	0	0	0	0	0	2	0	0	7	0
0	0	43	0	0	0	7	0	0	0	1	0	1	4	38	1	0	27	127	9	0	0	0	0	0	2	1	0	0	0	165	0	2	0	0	0	0	0	0	0	44	218	0	175	13	0	0	106	0	0	90	0	186	0	0	0	229	15	7	1	0	8	0	0	0	132	1	0	0	140	0	4	0	0
0	0	15	0	204	0	0	0	9	1	0	0	2	159	0	7	0	4	1	11	2	0	0	0	0	0	0	0	0	0	0	0	5	3	0	0	0	0	0	0	5	107	0	0	0	0	0	0	0	0	0	0	0	0	0	0	30	14	2	2	0	289	0	64	0	1	0	0	0	0	23	98	198	0
0	0	0	0	0	0	0	0	0	0	0	0	0	0	0	0	0	0	0	0	0	0	0	0	0	0	0	0	0	0	0	0	0	0	0	0	0	0	0	0	0	0	0	0	0	0	0	0	0	0	0	0	0	0	0	0	0	0	0	0	0	0	0	0	0	0	0	0	0	0	0	0	0	0
0	3	5	0	302	0	0	179	18	1	2	0	0	4	0	62	0	0	93	5	263	13	0	15	7	24	0	0	106	0	1	0	1092	72	181	0	0	0	0	947	1	11	0	2	0	315	0	2	0	0	0	10	0	0	4	5	44	206	179	2035	0	5	0	128	0	2	4	0	15	17	126	81	2	2
0	8	114	0	26	0	0	0	1	4	159	0	4	0	10	0	0	4	0	0	5	1	0	0	0	1	1	0	1	0	0	0	1	0	0	0	0	0	0	0	5	4	0	0	0	0	0	0	0	0	0	3	0	0	1	0	9	1	3	0	1	898	0	1	0	7	0	0	0	1	1	76	11	0
0	0	0	0	0	0	0	0	0	38	0	0	0	10	0	26	0	3	8	0	1	0	0	0	0	0	0	0	0	0	0	0	2	0	0	0	0	0	0	0	0	27	0	32	0	0	0	27	0	0	0	0	3	0	0	0	1	419	0	0	0	0	0	0	0	6	0	0	0	10	0	0	0	0
0	0	0	0	15	0	0	0	0	1	7	0	62	0	26	0	0	0	0	0	0	0	0	0	0	0	0	0	0	0	0	0	0	0	0	0	0	0	0	0	0	0	0	0	0	0	0	0	0	0	16	1	0	0	0	1	0	2	0	0	0	29	0	0	0	0	0	0	0	0	0	0	13	0
0	0	0	0	0	0	0	0	0	0	0	0	0	0	0	0	0	0	0	0	0	0	0	0	0	0	0	0	0	0	0	0	0	0	0	0	0	0	0	0	0	0	0	0	0	0	0	0	0	0	0	0	0	0	0	0	0	0	0	0	0	0	0	0	0	0	0	0	0	0	0	0	0	0
0	3	11	0	0	0	7	1	4	27	4	0	0	4	3	0	0	0	2	0	0	0	0	0	0	0	0	0	0	0	2	0	9	0	0	0	0	0	0	0	36	19	0	42	0	0	0	9	0	314	15	0	13	0	0	0	4	4	3	0	0	68	0	0	0	1	0	0	0	2	0	9	1	2
1	0	0	0	0	0	0	0	0	127	1	0	93	0	8	0	0	2	0	57	119	0	0	0	1	40	0	0	72	0	52	0	11	0	1	0	0	0	0	105	0	0	0	0	18	0	0	0	0	0	54	93	0	0	2	0	139	301	0	111	0	0	0	0	0	0	0	0	0	3	0	0	1	0
0	0	0	0	0	0	0	0	0	9	11	0	5	0	0	0	0	0	57	0	3	21	0	52	1	2	0	0	0	0	1	0	97	0	109	0	0	0	0	96	0	0	0	0	1	0	1	15	0	0	5	0	145	0	9	188	146	0	10	66	0	5	0	0	0	1	0	0	16	55	189	0	1	0
19	0	3	0	0	0	0	34	0	0	2	0	263	5	1	0	0	0	119	3	0	59	0	19	13	857	0	0	151	0	5	0	762	22	202	0	0	0	0	594	41	4	0	1	0	11	0	0	0	0	3	760	154	0	79	22	22	332	4	17	0	5	0	0	0	2	8	0	0	0	43	3	27	8
81	0	0	0	0	0	0	1	0	0	0	0	13	1	0	0	0	0	0	21	59	0	0	1112	112	214	0	0	142	0	145	0	51	1	364	0	0	0	0	56	0	0	0	0	70	0	0	0	0	0	18	659	23	0	244	115	1	473	3	465	0	1	0	0	0	0	288	0	2	0	1	0	0	11
0	0	0	0	0	0	0	0	0	0	0	0	0	0	0	0	0	0	0	0	0	0	0	0	0	0	0	0	0	0	0	0	0	0	0	0	0	0	0	0	0	0	0	0	0	0	0	0	0	0	0	0	0	0	0	0	0	0	0	0	0	0	0	0	0	0	0	0	0	0	0	0	0	0
2	0	0	0	0	0	0	8	0	0	0	0	15	0	0	0	0	0	0	52	19	1112	0	0	1618	10	0	0	115	0	141	0	43	34	165	0	0	0	0	78	0	4	0	0	138	0	0	0	0	0	6	433	251	0	367	367	16	119	4	24	0	9	0	0	0	0	8	0	0	4	18	4	0	2
5	0	0	0	0	0	0	1	0	0	0	0	7	0	0	0	0	0	1	1	13	112	0	1618	0	9	0	0	42	0	68	0	7	0	6	0	0	0	0	16	0	0	0	0	14	0	0	0	0	0	1	29	6	0	9	10	28	31	0	14	0	1	0	0	0	0	1	0	0	0	0	0	0	0
35	0	3	0	0	0	1	22	0	2	0	0	24	1	0	0	0	0	40	2	857	214	0	10	9	0	0	0	97	0	4	0	654	2	179	0	0	0	0	525	0	6	0	0	0	9	0	0	0	0	5	759	243	0	147	1	18	257	27	160	0	56	0	0	0	2	357	0	6	3	98	1	0	4
0	0	100	0	0	0	0	0	0	1	0	0	0	1	0	0	0	0	0	0	0	0	0	0	0	0	0	0	0	0	0	0	0	0	0	0	0	0	0	0	75	2	0	1	0	0	0	31	0	0	0	0	0	0	1	0	0	0	2	0	0	2	0	0	0	165	0	0	0	1	0	1	0	0
0	0	0	0	0	0	0	0	0	0	0	0	0	0	0	0	0	0	0	0	0	0	0	0	0	0	0	0	0	0	0	0	0	0	0	0	0	0	0	0	0	0	0	0	0	0	0	0	0	0	0	0	0	0	0	0	0	0	0	0	0	0	0	0	0	0	0	0	0	0	0	0	0	0
7	0	3	0	2	0	0	0	1	0	0	0	106	1	0	0	0	0	72	0	151	142	0	115	42	97	0	0	0	0	2	0	222	0	306	0	0	0	0	293	0	1	0	0	4	1	0	0	0	0	0	497	10	0	33	2	7	675	144	432	0	2	0	0	0	0	247	0	0	4	3	0	2	0
0	0	0	0	0	0	0	0	0	0	0	0	0	0	0	0	0	0	0	0	0	0	0	0	0	0	0	0	0	0	0	0	0	0	0	0	0	0	0	0	0	0	0	0	0	0	0	0	0	0	0	0	0	0	0	0	0	0	0	0	0	0	0	0	0	0	0	0	0	0	0	0	0	0
15	0	0	0	0	0	0	0	1	165	0	0	1	0	0	0	0	2	52	1	5	145	0	141	68	4	0	0	2	0	0	0	2	0	9	0	0	0	0	2	0	0	0	83	77	0	0	2	0	0	305	16	418	0	243	0	282	43	0	0	0	1	0	0	0	0	147	0	0	68	2	1	0	353
0	0	0	0	0	0	0	0	0	0	0	0	0	0	0	0	0	0	0	0	0	0	0	0	0	0	0	0	0	0	0	0	0	0	0	0	0	0	0	0	0	0	0	0	0	0	0	0	0	0	0	0	0	0	0	0	0	0	0	0	0	0	0	0	0	0	0	0	0	0	0	0	0	0
34	0	1	0	2	0	0	1	0	2	5	0	1092	1	2	0	0	9	11	97	762	51	0	43	7	654	0	0	222	0	2	0	0	1	308	0	0	0	0	357	1	11	0	0	0	4	0	0	0	0	0	413	22	0	13	4	4	217	32	573	0	128	0	0	0	1	18	0	2	3	4	2	2	8
1	0	0	0	38	0	0	0	0	0	3	0	72	0	0	0	0	0	0	0	22	1	0	34	0	2	0	0	0	0	0	0	1	0	0	0	0	0	0	0	0	0	0	0	0	0	0	0	0	0	0	1	0	0	0	0	0	43	0	55	0	5	0	0	0	0	0	0	0	0	0	0	35	0
64	0	4	0	1	0	0	0	0	0	0	0	181	0	0	0	0	0	1	109	202	364	0	165	6	179	0	0	306	0	9	0	308	0	0	0	0	0	0	347	0	0	0	0	0	2	0	0	0	0	2	519	24	0	10	9	6	776	144	791	0	4	0	0	0	0	135	0	1	0	2	1	1	0
0	0	0	0	0	0	0	0	0	0	0	0	0	0	0	0	0	0	0	0	0	0	0	0	0	0	0	0	0	0	0	0	0	0	0	0	0	0	0	0	0	0	0	0	0	0	0	0	0	0	0	0	0	0	0	0	0	0	0	0	0	0	0	0	0	0	0	0	0	0	0	0	0	0
0	0	0	0	0	0	0	0	0	0	0	0	0	0	0	0	0	0	0	0	0	0	0	0	0	0	0	0	0	0	0	0	0	0	0	0	0	0	0	0	0	0	0	0	0	0	0	0	0	0	0	0	0	0	0	0	0	0	0	0	0	0	0	0	0	0	0	0	0	0	0	0	0	0
0	0	0	0	0	0	0	0	0	0	0	0	0	0	0	0	0	0	0	0	0	0	0	0	0	0	0	0	0	0	0	0	0	0	0	0	0	0	0	0	0	0	0	0	0	0	0	0	0	0	0	0	0	0	0	0	0	0	0	0	0	0	0	0	0	0	0	0	0	0	0	0	0	0
0	0	0	0	0	0	0	0	0	0	0	0	0	0	0	0	0	0	0	0	0	0	0	0	0	0	0	0	0	0	0	0	0	0	0	0	0	0	0	0	0	0	0	0	0	0	0	0	0	0	0	0	0	0	0	0	0	0	0	0	0	0	0	0	0	0	0	0	0	0	0	0	0	0
7	2	0	9	2	0	0	3	0	0	0	0	947	0	0	0	0	0	105	96	594	56	0	78	16	525	0	0	293	0	2	0	357	0	347	0	0	0	0	0	1	0	0	0	0	1	0	0	0	0	0	358	8	0	24	4	22	316	6	959	0	1	0	0	0	0	0	0	2	0	5	2	1	0
0	2	67	0	0	0	103	0	0	44	5	0	1	5	0	0	0	36	0	0	41	0	0	0	0	0	75	0	0	0	0	0	1	0	0	0	0	0	0	1	0	7	0	77	0	0	0	72	0	0	0	0	19	0	0	5	6	1	0	1	0	74	0	1	0	357	0	0	0	0	0	2	30	1
0	1	0	0	61	0	0	0	0	218	107	0	11	4	27	0	0	19	0	0	4	0	0	4	0	6	2	0	1	0	0	0	11	0	0	0	0	0	0	0	7	0	0	0	0	0	0	0	0	0	0	1	0	0	0	0	18	512	30	110	0	563	0	0	0	12	0	0	2	0	0	0	34	0
0	0	0	0	0	0	0	0	0	0	0	0	0	0	0	0	0	0	0	0	0	0	0	0	0	0	0	0	0	0	0	0	0	0	0	0	0	0	0	0	0	0	0	0	0	0	0	0	0	0	0	0	0	0	0	0	0	0	0	0	0	5	0	0	0	0	0	0	0	0	0	0	0	0
0	0	0	0	0	0	0	0	0	175	0	0	2	0	32	0	0	42	0	0	1	0	0	0	0	0	1	0	0	0	83	0	0	0	0	0	0	0	0	0	77	0	0	0	0	0	0	0	0	0	61	0	0	0	2	0	97	163	0	0	0	0	0	0	0	10	0	0	0	0	0	0	1	0
7	0	0	0	0	0	0	0	0	13	0	0	0	0	0	0	0	0	18	1	0	70	0	138	14	0	0	0	4	0	77	0	0	0	0	0	0	0	0	0	0	0	0	0	0	0	0	0	0	0	4	1	88	0	19	2	8	24	0	0	0	0	0	0	0	0	15	0	0	62	3	0	0	18
0	2	0	0	190	0	0	0	0	0	0	0	315	0	0	0	0	0	0	0	11	0	0	0	0	9	0	0	1	0	0	0	4	0	2	0	0	0	0	1	0	0	0	0	0	0	0	0	0	0	0	10	0	0	3	0	0	67	0	115	0	0	0	0	0	0	0	0	0	0	0	0	188	0
0	0	0	0	0	0	0	0	0	0	0	0	0	0	0	0	0	0	0	1	0	0	0	0	0	0	0	0	0	0	0	0	0	0	0	0	0	0	0	0	0	0	0	0	0	0	0	0	0	0	0	0	0	0	0	0	0	0	6	1	0	20	0	0	0	0	0	0	0	0	0	0	0	0
0	0	0	0	0	0	0	0	0	106	0	0	2	0	27	0	0	9	0	15	0	0	0	0	0	0	31	0	0	0	2	0	0	0	0	0	0	0	0	0	72	0	0	0	0	0	0	0	0	0	13	0	0	0	0	0	140	0	0	0	0	0	0	0	0	33	0	0	0	0	0	0	0	0
0	0	0	0	0	0	0	0	0	0	0	0	0	0	0	0	0	0	0	0	0	0	0	0	0	0	0	0	0	0	0	0	0	0	0	0	0	0	0	0	0	0	0	0	0	0	0	0	0	0	0	0	0	0	0	0	0	0	0	0	0	0	0	0	0	0	0	0	0	0	0	0	0	0
0	0	0	0	0	0	0	0	0	0	0	0	0	0	0	0	0	314	0	0	0	0	0	0	0	0	0	0	0	0	0	0	0	0	0	0	0	0	0	0	0	0	0	0	0	0	0	0	0	0	0	0	0	0	0	0	0	0	0	0	0	0	0	0	0	0	0	0	0	0	0	0	1	0
4	0	0	0	0	0	0	0	1	90	0	0	0	0	0	16	0	15	54	5	3	18	0	6	1	5	0	0	0	0	305	0	0	0	2	0	0	0	0	0	0	0	0	61	4	0	0	13	0	0	0	6	63	0	12	0	26	26	0	0	0	0	0	0	0	0	50	0	0	49	0	0	0	27
62	0	13	0	0	0	0	60	0	0	0	0	10	3	0	1	0	0	93	0	760	659	0	433	29	759	0	0	497	0	16	0	413	1	519	0	0	0	0	358	0	1	0	0	1	10	0	0	0	0	6	0	206	0	359	6	33	335	2	17	0	0	0	0	0	0	143	0	0	8	15	3	0	12
0	0	0	0	0	0	0	0	0	186	0	0	0	0	3	0	0	13	0	145	154	23	0	251	6	243	0	0	10	0	418	0	22	0	24	0	0	0	0	8	19	0	0	0	88	0	0	0	0	0	63	206	0	0	11	5	153	269	0	4	0	0	0	0	0	0	0	0	0	3	0	0	0	0
0	0	0	0	0	0	0	0	0	0	0	0	0	0	0	0	0	0	0	0	0	0	0	0	0	0	0	0	0	0	0	0	0	0	0	0	0	0	0	0	0	0	0	0	0	0	0	0	0	0	0	0	0	0	0	0	0	0	0	0	0	0	0	0	0	0	0	0	0	0	0	0	0	0
77	0	2	0	0	0	0	0	0	0	0	0	4	1	0	0	0	0	2	9	79	244	0	367	9	147	1	0	33	0	243	0	13	0	10	0	0	0	0	24	0	0	0	2	19	3	0	0	0	0	12	359	11	0	0	150	2	76	5	43	0	0	0	0	0	0	21	0	0	2	0	0	0	7
27	0	0	1	1	0	0	2	0	0	0	0	5	0	0	1	0	0	0	188	22	115	0	367	10	1	0	0	2	0	0	0	4	0	9	0	0	0	0	4	5	0	0	0	2	0	0	0	0	0	0	6	5	0	150	0	79	1	10	17	0	1	0	0	0	0	0	0	0	134	2	1	0	0
6	2	89	0	0	0	0	0	0	229	30	0	44	9	1	0	0	4	139	146	22	1	0	16	28	18	0	0	7	0	282	0	4	0	6	0	0	0	0	22	6	18	0	97	8	0	0	140	0	0	26	33	153	0	2	79	0	94	6	53	0	32	0	0	0	4	3	0	0	124	2	3	11	49
4	0	3	0	2	0	18	1	26	15	14	0	206	1	419	2	0	4	301	0	332	473	0	119	31	257	0	0	675	0	43	0	217	43	776	0	0	0	0	316	1	512	0	163	24	67	0	0	0	0	26	335	269	0	76	1	94	0	524	1281	0	34	0	0	0	8	729	0	0	11	29	18	11	483
11	2	0	0	0	0	0	0	0	7	2	0	179	3	0	0	0	3	0	10	4	3	0	4	0	27	2	0	144	0	0	0	32	0	144	0	0	0	0	6	0	30	0	0	0	0	6	0	0	0	0	2	0	0	5	10	6	524	0	1602	0	3	0	0	0	0	44	0	1	0	0	0	27	0
0	3	12	0	1	0	0	176	20	1	2	0	2035	0	0	0	0	0	111	66	17	465	0	24	14	160	0	0	432	0	0	0	573	55	791	0	0	0	0	959	1	110	0	0	0	115	1	0	0	0	0	17	4	0	43	17	53	1281	1602	0	0	0	0	118	0	0	394	0	49	24	181	94	0	4
0	0	0	0	0	0	0	0	0	0	0	0	0	1	0	0	0	0	0	0	0	0	0	0	0	0	0	0	0	0	0	0	0	0	0	0	0	0	0	0	0	0	0	0	0	0	0	0	0	0	0	0	0	0	0	0	0	0	0	0	0	1	0	0	0	0	0	0	0	0	0	0	0	0
0	8	159	9	438	0	7	0	4	8	289	0	5	898	0	29	0	68	0	5	5	1	0	9	1	56	2	0	2	0	1	0	128	5	4	0	0	0	0	1	74	563	5	0	0	0	20	0	0	0	0	0	0	0	0	1	32	34	3	0	1	0	0	6	0	59	1	0	0	0	0	151	223	32
0	0	0	0	0	0	0	0	0	0	0	0	0	0	0	0	0	0	0	0	0	0	0	0	0	0	0	0	0	0	0	0	0	0	0	0	0	0	0	0	0	0	0	0	0	0	0	0	0	0	0	0	0	0	0	0	0	0	0	0	0	0	0	0	0	0	0	0	0	0	0	0	0	0
0	4	0	0	170	0	0	0	0	0	64	0	128	1	0	0	0	0	0	0	0	0	0	0	0	0	0	0	0	0	0	0	0	0	0	0	0	0	0	0	1	0	0	0	0	0	0	0	0	0	0	0	0	0	0	0	0	0	0	118	0	6	0	0	0	0	0	0	0	0	0	0	120	0
0	0	0	0	0	0	0	0	0	0	0	0	0	0	0	0	0	0	0	0	0	0	0	0	0	0	0	0	0	0	0	0	0	0	0	0	0	0	0	0	0	0	0	0	0	0	0	0	0	0	0	0	0	0	0	0	0	0	0	0	0	0	0	0	0	0	0	0	0	0	0	0	0	0
0	0	10	5	5	0	16	0	0	132	1	0	2	7	6	0	0	1	0	1	2	0	0	0	0	2	165	0	0	0	0	0	1	0	0	0	0	0	0	0	357	12	0	10	0	0	0	33	0	0	0	0	0	0	0	0	4	8	0	0	0	59	0	0	0	0	0	0	0	0	0	1	2	0
22	0	0	0	1	0	0	0	0	1	0	0	4	0	0	0	0	0	0	0	8	288	0	8	1	357	0	0	247	0	147	0	18	0	135	0	0	0	0	0	0	0	0	0	15	0	0	0	0	0	50	143	0	0	21	0	3	729	44	394	0	1	0	0	0	0	0	0	1	0	0	0	0	0
0	0	0	0	0	0	0	0	0	0	0	0	0	0	0	0	0	0	0	0	0	0	0	0	0	0	0	0	0	0	0	0	0	0	0	0	0	0	0	0	0	0	0	0	0	0	0	0	0	0	0	0	0	0	0	0	0	0	0	0	0	0	0	0	0	0	0	0	0	0	0	0	0	0
0	0	0	0	0	0	0	0	0	0	0	0	15	0	0	0	0	0	0	16	0	2	0	0	0	6	0	0	0	0	0	0	2	0	1	0	0	0	0	2	0	2	0	0	0	0	0	0	0	0	0	0	0	0	0	0	0	0	1	49	0	0	0	0	0	0	1	0	0	0	0	0	0	0
0	0	0	0	0	0	0	0	2	140	0	0	17	1	10	0	0	2	3	55	0	0	0	4	0	3	1	0	4	0	68	0	3	0	0	0	0	0	0	0	0	0	0	0	62	0	0	0	0	0	49	8	3	0	2	134	124	11	0	24	0	0	0	0	0	0	0	0	0	0	2	0	1	0
5	3	0	10	0	0	0	0	0	0	23	0	126	1	0	0	0	0	0	189	43	1	0	18	0	98	0	0	3	0	2	0	4	0	2	0	0	0	0	5	0	0	0	0	3	0	0	0	0	0	0	15	0	0	0	2	2	29	0	181	0	0	0	0	0	0	0	0	0	2	0	0	0	0
0	0	0	0	105	0	0	0	0	4	98	0	81	76	0	0	0	9	0	0	3	0	0	4	0	1	1	0	0	0	1	0	2	0	1	0	0	0	0	2	2	0	0	0	0	0	0	0	0	0	0	3	0	0	0	1	3	18	0	94	0	151	0	0	0	1	0	0	0	0	0	0	110	0
0	2	22	0	431	0	1	0	7	0	198	0	2	11	0	13	0	1	1	1	27	0	0	0	0	0	0	0	2	0	0	0	2	35	1	0	0	0	0	1	30	34	0	1	0	188	0	0	0	1	0	0	0	0	0	0	11	11	27	0	0	223	0	120	0	2	0	0	0	1	0	110	0	1
0	1	0	0	0	0	0	0	0	0	0	0	2	0	0	0	0	2	0	0	8	11	0	2	0	4	0	0	0	0	353	0	8	0	0	0	0	0	0	0	1	0	0	0	18	0	0	0	0	0	27	12	0	0	7	0	49	483	0	4	0	32	0	0	0	0	0	0	0	0	0	0	1	0
