0	0	0	0	0	0	0	0	0	0	0	0	0	0	0	0	0	1	19	1	9	166	0	29	55	24	0	0	0	0	0	0	7	1	2	0	0	0	72	0	0	0	1	0	0	0	0	0	0	1	0	224	0	0	0	0	0	2	0	0	0	0	0	0	0	0	7	0	0	0	0	0	0	0
0	0	0	0	0	0	0	0	0	0	0	0	0	0	0	0	0	0	0	0	0	0	0	0	0	0	0	0	0	0	0	0	0	0	0	0	0	0	0	0	0	0	0	0	0	0	0	0	0	0	0	0	0	0	0	0	0	0	0	0	0	0	0	0	0	0	0	0	0	0	0	0	0	0
0	0	0	0	0	0	0	0	0	279	6	0	0	18	4	0	0	1	0	0	3	0	0	0	0	0	5	4	0	0	0	0	0	0	11	0	2	0	0	0	13	17	2	0	0	2	0	362	0	3	0	0	0	17	0	0	98	0	2	0	0	18	3	3	0	4	0	0	1	0	0	0	0	0
0	0	0	0	0	0	0	0	0	22	0	0	0	0	1	0	0	0	0	0	0	0	0	0	0	0	20	0	0	0	0	0	0	0	0	0	0	0	0	0	10	2	0	0	0	0	0	220	0	0	0	0	0	0	0	0	0	0	0	0	0	0	0	0	0	3	0	0	0	0	0	0	0	0
0	0	0	0	0	0	0	0	0	0	654	0	86	0	2	0	0	3	0	0	1	0	0	0	0	0	0	175	0	0	0	0	0	122	0	0	0	0	0	0	0	1	0	0	0	60	0	30	0	2	0	0	0	0	0	0	2	0	0	0	0	151	0	388	0	0	0	0	1	0	0	0	0	0
0	0	0	0	0	0	0	0	0	0	0	0	0	0	0	0	0	0	0	0	0	0	0	0	0	0	0	0	0	0	0	0	0	0	0	0	0	0	0	0	0	0	0	0	0	0	0	0	0	0	0	0	0	0	0	0	0	0	0	0	0	0	0	0	0	0	0	0	0	0	0	0	0	0
0	0	0	0	0	0	0	0	0	0	0	0	2	0	0	0	0	2	0	0	0	0	0	0	0	0	0	0	0	0	0	0	0	0	0	0	0	0	0	0	11	1	0	0	0	0	0	3	0	1	0	0	0	0	0	0	0	0	0	0	0	0	6	0	0	1	0	0	0	0	0	0	0	0
0	0	0	0	0	0	0	0	0	0	0	0	118	0	0	0	0	0	0	0	38	0	0	0	0	0	0	76	0	0	0	0	9	1	0	0	0	0	7	0	0	0	0	0	0	29	0	0	0	0	0	0	0	1	0	0	0	0	6	0	0	0	0	40	0	0	0	0	0	1	0	0	0	0
0	0	0	0	0	0	0	0	0	0	0	0	0	0	0	0	0	1	0	0	0	0	0	0	0	0	0	0	0	0	0	0	0	0	2	0	0	0	0	0	0	0	0	0	0	0	0	0	0	0	0	0	0	0	0	0	0	0	0	0	0	0	0	0	0	0	0	0	0	0	0	0	0	0
0	0	279	22	0	0	0	0	0	0	6	0	1	0	115	0	0	8	271	157	0	1	0	0	0	0	0	0	0	0	43	0	0	1	0	317	0	1	1	1	419	115	12	320	13	27	13	1033	0	0	3	0	370	51	0	0	481	18	0	1	3	14	0	7	0	328	1	0	1	99	1	0	0	0
0	0	6	0	654	0	0	0	0	6	0	0	0	262	0	2	0	6	0	0	3	0	0	0	0	0	2	31	0	0	0	0	0	34	29	4	0	4	0	0	0	128	14	4	0	0	0	1	0	0	0	0	0	0	0	0	14	2	0	0	478	418	0	381	0	2	0	0	124	0	2	0	0	0
0	0	0	0	0	0	0	0	0	0	0	0	0	0	0	0	0	0	0	0	0	0	0	0	0	0	0	0	0	0	0	0	0	0	0	0	0	0	0	0	0	0	0	0	0	0	0	0	0	0	0	0	0	0	0	0	0	0	0	0	0	0	0	0	0	0	0	0	0	0	0	0	0	0
0	0	0	0	86	0	2	118	0	1	0	0	0	1	0	1	4	6	11	8	119	0	2	0	0	0	0	406	6	0	0	0	27	277	37	0	1	1	48	40	6	1	11	0	1	260	1	31	0	0	0	0	0	0	0	2	24	8	0	66	4	1	0	151	0	12	0	0	5	11	145	0	1	0
0	0	18	0	0	0	0	0	0	0	262	0	1	0	0	0	1	1	0	0	1	0	1	0	0	1	2	4	0	0	0	0	0	1	1	1	0	9	0	0	5	13	1	4	0	1	5	28	0	4	0	0	0	0	0	0	0	0	3	0	53	282	0	2	0	2	0	0	3	0	1	0	0	0
0	0	4	1	2	0	0	0	0	115	0	0	0	0	0	0	0	0	25	3	0	0	1	0	0	0	0	0	0	0	0	0	0	0	2	6	0	1	0	0	0	2	4	12	0	3	0	251	0	1	0	0	0	0	0	0	76	0	1	0	2	2	0	0	0	1	0	0	1	0	0	0	0	0
0	0	0	0	0	0	0	0	0	0	2	0	1	0	0	0	0	0	0	0	0	0	0	0	0	0	0	0	0	0	0	0	0	0	0	0	0	0	0	0	0	0	0	0	0	0	0	1	0	0	0	0	0	0	0	0	0	0	0	0	0	0	0	1	0	0	0	0	0	0	0	0	0	0
0	0	0	0	0	0	0	0	0	0	0	0	4	1	0	0	0	0	2	0	508	3	0	0	4	60	0	0	0	0	0	0	3	12	0	0	0	0	95	0	0	1	0	0	0	4	0	0	0	0	0	62	0	0	0	0	1	0	0	0	0	3	0	0	0	0	1	0	0	0	6	0	0	0
1	0	1	0	3	0	2	0	1	8	6	0	6	1	0	0	0	0	0	0	1	1	1	0	1	2	0	0	0	0	0	0	1	0	1	2	0	2	1	2	7	3	3	8	0	1	0	44	0	63	0	0	0	0	0	0	3	5	5	3	1	7	1	0	0	1	2	0	13	0	0	0	2	0
19	0	0	0	0	0	0	0	0	271	0	0	11	0	25	0	2	0	0	354	56	223	4	0	1	2	0	2	50	0	158	0	3	0	27	4	59	4	13	6	0	0	639	150	14	43	8	414	0	0	8	0	434	75	6	28	429	123	464	12	0	0	0	0	0	0	2	0	14	373	42	0	38	0
1	0	0	0	0	0	0	0	0	157	0	0	8	0	3	0	0	0	354	0	84	2	13	17	100	6	0	1	5	0	162	0	4	1	5	0	21	0	15	0	0	0	32	0	7	1	0	88	0	0	1	1	16	2	8	29	261	1	1	3	0	1	0	0	0	0	0	0	1	30	8	0	0	0
9	0	3	0	1	0	0	38	0	0	3	0	119	1	0	0	508	1	56	84	0	99	6	0	8	57	1	4	3	0	1	0	174	256	45	0	0	1	783	386	4	0	0	0	3	57	1	3	0	1	0	33	0	0	19	30	4	10	0	3	1	1	0	1	0	1	1	0	0	5	196	0	0	0
166	0	0	0	0	0	0	0	0	1	0	0	0	0	0	0	3	1	223	2	99	0	0	28	175	33	1	0	76	0	304	0	3	0	98	0	0	0	2	0	0	0	0	0	69	2	0	0	0	1	3	488	15	0	228	37	3	156	0	18	1	0	0	0	0	0	139	0	0	0	35	0	0	0
0	0	0	0	0	0	0	0	0	0	0	0	2	1	1	0	0	1	4	13	6	0	0	0	1	0	0	1	0	0	0	0	4	0	0	0	0	0	0	0	0	0	0	0	0	9	0	0	0	0	0	6	0	0	0	1	0	0	0	0	0	1	0	1	0	0	0	0	0	1	2	0	0	0
29	0	0	0	0	0	0	0	0	0	0	0	0	0	0	0	0	0	0	17	0	28	0	0	96	0	0	0	4	0	2	0	0	0	4	0	0	0	0	0	0	0	0	0	13	0	0	0	0	0	0	6	22	0	30	50	0	2	0	0	0	0	0	0	0	0	0	0	0	0	0	0	0	0
55	0	0	0	0	0	0	0	0	0	0	0	0	0	0	0	4	1	1	100	8	175	1	96	0	2	3	0	3	0	43	0	0	0	8	0	0	0	1	1	1	0	0	1	35	0	0	0	0	0	0	8	22	0	50	23	1	3	0	0	0	0	0	0	0	0	0	0	0	26	0	0	0	0
24	0	0	0	0	0	0	0	0	0	0	0	0	1	0	0	60	2	2	6	57	33	0	0	2	0	3	3	8	0	1	0	8	1	8	0	0	0	48	33	0	0	2	0	1	3	1	0	0	0	0	0	2	0	10	1	3	8	3	0	0	0	0	0	0	0	11	0	3	1	5	0	4	0
0	0	5	20	0	0	0	0	0	0	2	0	0	2	0	0	0	0	0	0	1	1	0	0	3	3	0	0	0	0	0	0	2	0	4	5	0	1	0	0	8	19	0	2	0	0	5	89	0	2	0	0	0	0	0	0	0	0	2	0	0	1	18	2	0	24	0	0	3	0	0	0	0	0
0	0	4	0	175	0	0	76	0	0	31	0	406	4	0	0	0	0	2	1	4	0	1	0	0	3	0	0	0	0	0	0	23	141	2	0	0	1	0	26	0	0	2	0	0	263	1	27	0	6	0	0	0	2	0	13	5	0	259	123	0	22	0	575	0	0	0	0	47	2	23	0	6	0
0	0	0	0	0	0	0	0	0	0	0	0	6	0	0	0	0	0	50	5	3	76	0	4	3	8	0	0	0	0	0	0	9	0	109	0	31	0	14	0	5	0	31	0	0	2	0	0	0	0	0	43	0	3	0	0	1	103	26	0	0	0	0	0	0	0	5	0	0	0	4	0	0	0
0	0	0	0	0	0	0	0	0	0	0	0	0	0	0	0	0	0	0	0	0	0	0	0	0	0	0	0	0	0	0	0	0	0	0	0	0	0	0	0	0	0	0	0	0	0	0	0	0	0	0	0	0	0	0	0	0	0	0	0	0	0	0	0	0	0	0	0	0	0	0	0	0	0
0	0	0	0	0	0	0	0	0	43	0	0	0	0	0	0	0	0	158	162	1	304	0	2	43	1	0	0	0	0	0	0	0	6	0	0	0	0	1	0	0	0	0	162	580	0	0	4	0	0	200	0	488	4	374	0	450	51	0	0	0	0	0	0	0	0	390	0	0	0	0	0	0	0
0	0	0	0	0	0	0	0	0	0	0	0	0	0	0	0	0	0	0	0	0	0	0	0	0	0	0	0	0	0	0	0	0	0	0	0	0	0	0	0	0	0	0	0	0	0	0	0	0	0	0	0	0	0	0	0	0	0	0	0	0	0	0	0	0	0	0	0	0	0	0	0	0	0
7	0	0	0	0	0	0	9	0	0	0	0	27	0	0	0	3	1	3	4	174	3	4	0	0	8	2	23	9	0	0	0	0	18	21	0	0	5	67	2	0	0	1	0	0	1	0	0	0	0	0	0	0	0	2	0	8	5	1	6	0	0	0	0	0	0	0	0	0	0	113	0	0	0
1	0	0	0	122	0	0	1	0	1	34	0	277	1	0	0	12	0	0	1	256	0	0	0	0	1	0	141	0	0	6	0	18	0	5	0	0	0	67	14	0	0	4	1	0	347	0	1	0	0	0	0	1	0	1	0	1	135	3	0	2	0	0	38	0	3	2	0	1	0	15	0	0	0
2	0	11	0	0	0	0	0	2	0	29	0	37	1	2	0	0	1	27	5	45	98	0	4	8	8	4	2	109	0	0	0	21	5	0	0	29	3	8	3	0	1	128	2	0	14	1	0	0	0	1	44	1	3	0	18	18	177	14	1	0	1	0	0	0	0	82	0	1	0	34	0	1	0
0	0	0	0	0	0	0	0	0	317	4	0	0	1	6	0	0	2	4	0	0	0	0	0	0	0	5	0	0	0	0	0	0	0	0	0	0	0	4	0	4	9	0	0	0	0	0	627	0	1	0	0	0	0	0	0	8	0	0	0	0	6	26	0	0	31	0	0	1	0	0	0	0	0
0	0	2	0	0	0	0	0	0	0	0	0	1	0	0	0	0	0	59	21	0	0	0	0	0	0	0	0	31	0	0	0	0	0	29	0	0	31	0	29	0	0	0	1	0	0	20	0	0	0	0	0	0	0	0	9	21	56	66	59	0	0	0	0	0	0	66	0	24	0	3	0	50	0
0	0	0	0	0	0	0	0	0	1	4	0	1	9	1	0	0	2	4	0	1	0	0	0	0	0	1	1	0	0	0	0	5	0	3	0	31	0	0	0	0	0	31	0	0	3	0	4	0	2	0	1	0	0	0	1	2	0	8	0	0	47	0	0	0	0	0	0	0	0	16	0	0	0
72	0	0	0	0	0	0	7	0	1	0	0	48	0	0	0	95	1	13	15	783	2	0	0	1	48	0	0	14	0	1	0	67	67	8	4	0	0	0	0	0	0	0	0	0	45	0	12	0	0	0	39	0	0	3	0	0	9	0	0	0	0	0	0	0	0	2	0	0	0	109	0	0	0
0	0	0	0	0	0	0	0	0	1	0	0	40	0	0	0	0	2	6	0	386	0	0	0	1	33	0	26	0	0	0	0	2	14	3	0	29	0	0	0	0	0	29	0	0	46	0	29	0	1	0	43	0	0	0	0	0	0	6	0	0	0	0	0	0	0	0	0	0	0	0	0	0	0
0	0	13	10	0	0	11	0	0	419	0	0	6	5	0	0	0	7	0	0	4	0	0	0	1	0	8	0	5	0	0	0	0	0	0	4	0	0	0	0	0	36	0	24	0	10	0	396	0	3	0	0	0	0	0	0	23	3	0	0	3	26	9	0	0	74	0	0	1	0	13	0	0	0
0	0	17	2	1	0	1	0	0	115	128	0	1	13	2	0	1	3	0	0	0	0	0	0	0	0	19	0	0	0	0	0	0	0	1	9	0	0	0	0	36	0	0	0	0	0	0	217	0	1	0	0	0	0	0	0	1	12	0	0	14	34	27	5	0	36	0	0	9	0	0	0	0	0
1	0	2	0	0	0	0	0	0	12	14	0	11	1	4	0	0	3	639	32	0	0	0	0	0	2	0	2	31	0	0	0	1	4	128	0	0	31	0	29	0	0	0	1	0	94	20	21	0	0	0	0	0	0	0	9	220	183	248	59	0	0	0	0	0	0	79	0	24	2	6	0	50	0
0	0	0	0	0	0	0	0	0	320	4	0	0	4	12	0	0	8	150	0	0	0	0	0	1	0	2	0	0	0	162	0	0	1	2	0	1	0	0	0	24	0	1	0	0	22	0	706	0	15	2	0	2	0	0	0	88	109	18	0	2	84	0	0	0	3	0	0	0	0	0	0	0	0
0	0	0	0	0	0	0	0	0	13	0	0	1	0	0	0	0	0	14	7	3	69	0	13	35	1	0	0	0	0	580	0	0	0	0	0	0	0	0	0	0	0	0	0	0	0	0	1	0	0	8	46	0	0	0	0	53	0	0	0	0	0	0	0	0	0	0	0	0	1	0	0	0	0
0	0	2	0	60	0	0	29	0	27	0	0	260	1	3	0	4	1	43	1	57	2	9	0	0	3	0	263	2	0	0	0	1	347	14	0	0	3	45	46	10	0	94	22	0	0	2	25	0	2	0	0	0	0	0	0	23	177	18	77	6	2	0	80	0	0	99	0	19	13	99	0	0	0
0	0	0	0	0	0	0	0	0	13	0	0	1	5	0	0	0	0	8	0	1	0	0	0	0	1	5	1	0	0	0	0	0	0	1	0	20	0	0	0	0	0	20	0	0	2	0	9	0	1	0	0	0	0	0	0	1	0	116	0	0	5	0	0	0	0	0	0	0	0	0	0	0	0
0	0	362	220	30	0	3	0	0	1033	1	0	31	28	251	1	0	44	414	88	3	0	0	0	0	0	89	27	0	0	4	0	0	1	0	627	0	4	12	29	396	217	21	706	1	25	9	0	0	3	0	0	76	51	0	1	491	2	0	0	36	97	13	2	0	714	0	0	70	3	29	0	6	0
0	0	0	0	0	0	0	0	0	0	0	0	0	0	0	0	0	0	0	0	0	0	0	0	0	0	0	0	0	0	0	0	0	0	0	0	0	0	0	0	0	0	0	0	0	0	0	0	0	0	0	0	0	0	0	0	0	0	0	0	0	0	0	0	0	0	0	0	0	0	0	0	0	0
1	0	3	0	2	0	1	0	0	0	0	0	0	4	1	0	0	63	0	0	1	1	0	0	0	0	2	6	0	0	0	0	0	0	0	1	0	2	0	1	3	1	0	15	0	2	1	3	0	0	0	0	0	0	0	0	0	4	0	0	9	53	0	0	0	4	3	0	0	1	0	0	0	0
0	0	0	0	0	0	0	0	0	3	0	0	0	0	0	0	0	0	8	1	0	3	0	0	0	0	0	0	0	0	200	0	0	0	1	0	0	0	0	0	0	0	0	2	8	0	0	0	0	0	0	0	11	0	7	0	18	1	0	0	0	0	0	0	0	0	2	0	0	0	0	0	0	0
224	0	0	0	0	0	0	0	0	0	0	0	0	0	0	0	62	0	0	1	33	488	6	6	8	0	0	0	43	0	0	0	0	0	44	0	0	1	39	43	0	0	0	0	46	0	0	0	0	0	0	0	0	0	341	3	0	0	0	0	0	0	0	0	0	0	21	0	0	0	0	0	0	0
0	0	0	0	0	0	0	0	0	370	0	0	0	0	0	0	0	0	434	16	0	15	0	22	22	2	0	0	0	0	488	0	0	1	1	0	0	0	0	0	0	0	0	2	0	0	0	76	0	0	11	0	0	38	0	0	261	9	0	0	0	0	0	0	0	0	0	0	0	6	0	0	0	0
0	0	17	0	0	0	0	1	0	51	0	0	0	0	0	0	0	0	75	2	0	0	0	0	0	0	0	2	3	0	4	0	0	0	3	0	0	0	0	0	0	0	0	0	0	0	0	51	0	0	0	0	38	0	0	1	17	0	12	2	0	0	0	0	0	0	0	0	0	52	0	0	0	0
0	0	0	0	0	0	0	0	0	0	0	0	0	0	0	0	0	0	6	8	19	228	0	30	50	10	0	0	0	0	374	0	2	1	0	0	0	0	3	0	0	0	0	0	0	0	0	0	0	0	7	341	0	0	0	1	0	0	0	0	0	0	0	0	0	0	1	0	0	0	0	0	0	0
0	0	0	0	0	0	0	0	0	0	0	0	2	0	0	0	0	0	28	29	30	37	1	50	23	1	0	13	0	0	0	0	0	0	18	0	9	1	0	0	0	0	9	0	0	0	0	1	0	0	0	3	0	1	1	0	20	0	2	1	0	0	0	0	0	0	0	0	0	64	3	0	0	0
0	0	98	0	2	0	0	0	0	481	14	0	24	0	76	0	1	3	429	261	4	3	0	0	1	3	0	5	1	0	450	0	8	1	18	8	21	2	0	0	23	1	220	88	53	23	1	491	0	0	18	0	261	17	0	20	0	11	79	3	1	46	1	0	0	7	7	0	8	230	8	0	0	0
2	0	0	0	0	0	0	0	0	18	2	0	8	0	0	0	0	5	123	1	10	156	0	2	3	8	0	0	103	0	51	0	5	135	177	0	56	0	9	0	3	12	183	109	0	177	0	2	0	4	1	0	9	0	0	0	11	0	231	63	1	3	1	0	0	0	134	0	0	0	123	0	0	0
0	0	2	0	0	0	0	6	0	0	0	0	0	3	1	0	0	5	464	1	0	0	0	0	0	3	2	259	26	0	0	0	1	3	14	0	66	8	0	6	0	0	248	18	0	18	116	0	0	0	0	0	0	12	0	2	79	231	0	174	0	0	0	0	0	0	120	0	4	55	115	0	4	0
0	0	0	0	0	0	0	0	0	1	0	0	66	0	0	0	0	3	12	3	3	18	0	0	0	0	0	123	0	0	0	0	6	0	1	0	59	0	0	0	0	0	59	0	0	77	0	0	0	0	0	0	0	2	0	1	3	63	174	0	0	0	0	0	0	0	0	0	0	2	43	0	0	0
0	0	0	0	0	0	0	0	0	3	478	0	4	53	2	0	0	1	0	0	1	1	0	0	0	0	0	0	0	0	0	0	0	2	0	0	0	0	0	0	3	14	0	2	0	6	0	36	0	9	0	0	0	0	0	0	1	1	0	0	0	290	0	0	0	0	0	0	1	0	0	0	0	0
0	0	18	0	151	0	0	0	0	14	418	0	1	282	2	0	3	7	0	1	1	0	1	0	0	0	1	22	0	0	0	0	0	0	1	6	0	47	0	0	26	34	0	84	0	2	5	97	0	53	0	0	0	0	0	0	46	3	0	0	290	0	1	13	0	9	0	0	22	0	0	0	0	0
0	0	3	0	0	0	6	0	0	0	0	0	0	0	0	0	0	1	0	0	0	0	0	0	0	0	18	0	0	0	0	0	0	0	0	26	0	0	0	0	9	27	0	0	0	0	0	13	0	0	0	0	0	0	0	0	1	1	0	0	0	1	0	0	0	25	0	0	0	0	0	0	0	0
0	0	3	0	388	0	0	40	0	7	381	0	151	2	0	1	0	0	0	0	1	0	1	0	0	0	2	575	0	0	0	0	0	38	0	0	0	0	0	0	0	5	0	0	0	80	0	2	0	0	0	0	0	0	0	0	0	0	0	0	0	13	0	0	0	0	0	0	34	0	0	0	0	0
0	0	0	0	0	0	0	0	0	0	0	0	0	0	0	0	0	0	0	0	0	0	0	0	0	0	0	0	0	0	0	0	0	0	0	0	0	0	0	0	0	0	0	0	0	0	0	0	0	0	0	0	0	0	0	0	0	0	0	0	0	0	0	0	0	0	0	0	0	0	0	0	0	0
0	0	4	3	0	0	1	0	0	328	2	0	12	2	1	0	0	1	0	0	1	0	0	0	0	0	24	0	0	0	0	0	0	3	0	31	0	0	0	0	74	36	0	3	0	0	0	714	0	4	0	0	0	0	0	0	7	0	0	0	0	9	25	0	0	0	0	0	0	0	0	0	0	0
7	0	0	0	0	0	0	0	0	1	0	0	0	0	0	0	1	2	2	0	1	139	0	0	0	11	0	0	5	0	390	0	0	2	82	0	66	0	2	0	0	0	79	0	0	99	0	0	0	3	2	21	0	0	1	0	7	134	120	0	0	0	0	0	0	0	0	0	1	0	2	0	1	0
0	0	0	0	0	0	0	0	0	0	0	0	0	0	0	0	0	0	0	0	0	0	0	0	0	0	0	0	0	0	0	0	0	0	0	0	0	0	0	0	0	0	0	0	0	0	0	0	0	0	0	0	0	0	0	0	0	0	0	0	0	0	0	0	0	0	0	0	0	0	0	0	0	0
0	0	1	0	1	0	0	0	0	1	124	0	5	3	1	0	0	13	14	1	0	0	0	0	0	3	3	47	0	0	0	0	0	1	1	1	24	0	0	0	1	9	24	0	0	19	0	70	0	0	0	0	0	0	0	0	8	0	4	0	1	22	0	34	0	0	1	0	0	0	0	0	0	0
0	0	0	0	0	0	0	1	0	99	0	0	11	0	0	0	0	0	373	30	5	0	1	0	26	1	0	2	0	0	0	0	0	0	0	0	0	0	0	0	0	0	2	0	1	13	0	3	0	1	0	0	6	52	0	64	230	0	55	2	0	0	0	0	0	0	0	0	0	0	15	0	0	0
0	0	0	0	0	0	0	0	0	1	2	0	145	1	0	0	6	0	42	8	196	35	2	0	0	5	0	23	4	0	0	0	113	15	34	0	3	16	109	0	13	0	6	0	0	99	0	29	0	0	0	0	0	0	0	3	8	123	115	43	0	0	0	0	0	0	2	0	0	15	0	0	0	0
0	0	0	0	0	0	0	0	0	0	0	0	0	0	0	0	0	0	0	0	0	0	0	0	0	0	0	0	0	0	0	0	0	0	0	0	0	0	0	0	0	0	0	0	0	0	0	0	0	0	0	0	0	0	0	0	0	0	0	0	0	0	0	0	0	0	0	0	0	0	0	0	0	0
0	0	0	0	0	0	0	0	0	0	0	0	1	0	0	0	0	2	38	0	0	0	0	0	0	4	0	6	0	0	0	0	0	0	1	0	50	0	0	0	0	0	50	0	0	0	0	6	0	0	0	0	0	0	0	0	0	0	4	0	0	0	0	0	0	0	1	0	0	0	0	0	0	0
0	0	0	0	0	0	0	0	0	0	0	0	0	0	0	0	0	0	0	0	0	0	0	0	0	0	0	0	0	0	0	0	0	0	0	0	0	0	0	0	0	0	0	0	0	0	0	0	0	0	0	0	0	0	0	0	0	0	0	0	0	0	0	0	0	0	0	0	0	0	0	0	0	0
