0	0	0	0	0	0	2	1	1	0	0	0	0	0	0	0	9	5	1	0	110	220	0	58	9	38	0	0	38	0	19	0	159	1	161	0	0	0	0	117	0	0	0	0	7	21	0	0	0	0	4	251	21	0	90	31	9	9	11	0	0	0	0	0	0	0	127	0	0	0	42	3	0	3
0	0	4	0	8	0	0	3	0	0	0	0	3	8	0	0	0	3	0	0	0	0	0	0	0	0	0	0	0	0	0	0	0	0	0	0	0	0	0	2	2	2	0	0	0	2	0	0	0	0	0	0	0	0	0	0	3	0	2	3	0	8	0	4	0	0	0	0	0	0	3	0	2	1
0	4	0	0	11	0	0	0	0	97	15	0	5	114	19	0	0	17	0	0	3	0	0	0	0	3	132	0	3	0	0	0	1	0	4	0	0	0	0	0	97	0	0	0	0	0	0	0	0	0	0	13	0	0	6	0	117	3	0	12	0	196	0	0	0	10	0	0	0	0	0	0	25	0
0	0	0	0	0	0	0	35	0	10	0	0	28	0	0	0	6	0	0	29	0	0	0	12	0	0	0	0	16	0	0	0	0	16	33	0	0	0	0	65	4	0	0	0	0	0	0	0	0	0	0	0	0	0	0	12	11	0	55	0	0	9	0	0	0	5	2	0	0	4	29	2	0	0
0	8	11	0	0	0	0	0	4	5	241	0	370	28	0	26	3	3	0	0	0	1	0	0	0	0	0	0	3	0	0	0	2	136	1	0	0	0	0	11	0	136	0	0	0	190	0	0	0	0	0	0	0	0	12	1	2	3	0	1	5	687	0	252	0	7	1	0	0	0	0	127	674	0
0	0	0	0	0	0	0	0	0	0	0	0	0	0	0	0	0	0	0	0	0	0	0	0	0	0	0	0	0	0	0	0	0	0	0	0	0	0	0	0	0	0	0	0	0	0	0	0	0	0	0	0	0	0	0	0	0	0	0	0	0	0	0	0	0	0	0	0	0	0	0	0	0	0
2	0	0	0	0	0	0	0	0	7	0	0	0	0	0	0	8	10	0	0	0	0	0	0	0	1	0	0	0	0	0	0	0	0	0	0	0	0	0	0	109	0	0	0	0	0	0	0	0	0	0	5	0	0	0	0	0	18	0	0	0	7	0	0	0	17	0	0	0	0	0	0	1	0
1	3	0	35	0	0	0	0	0	0	0	0	324	0	0	0	1	1	0	1	125	1	0	30	1	46	0	0	6	0	0	0	2	0	3	0	0	0	0	26	0	0	0	0	0	0	0	0	0	0	0	81	0	0	0	3	1	1	0	301	0	0	0	0	0	0	0	0	0	0	0	0	0	0
1	0	0	0	4	0	0	0	0	0	9	0	19	1	0	0	0	10	0	0	0	0	0	0	0	0	0	0	1	0	1	0	0	0	0	0	0	0	0	0	0	0	0	0	0	0	0	0	0	0	1	0	0	0	4	0	0	27	0	21	0	6	0	0	0	0	0	0	0	2	0	0	11	0
0	0	97	10	5	0	7	0	0	0	33	0	1	37	224	3	16	64	212	9	0	0	0	0	0	2	14	0	0	0	182	0	3	0	0	0	0	0	0	2	95	280	0	284	13	0	0	215	0	0	90	0	261	0	1	0	369	15	7	1	39	69	0	0	0	215	1	0	0	249	2	8	36	0
0	0	15	0	241	0	0	0	9	33	0	0	3	236	0	42	12	9	1	13	2	0	0	0	0	0	1	0	0	0	0	0	5	14	0	0	0	0	0	2	5	107	0	0	0	0	0	0	0	0	0	0	0	0	0	0	40	20	2	2	63	389	0	69	0	1	0	0	0	0	23	101	242	0
0	0	0	0	0	0	0	0	0	0	0	0	0	0	0	0	0	0	0	0	0	0	0	0	0	0	0	0	0	0	0	0	0	0	0	0	0	0	0	0	0	0	0	0	0	0	0	0	0	0	0	0	0	0	0	0	0	0	0	0	0	0	0	0	0	0	0	0	0	0	0	0	0	0
0	3	5	28	370	0	0	324	19	1	3	0	0	4	0	65	4	0	93	12	352	14	0	46	7	22	0	0	119	0	1	0	1075	181	203	0	0	0	0	1006	5	8	0	2	0	382	0	2	0	0	0	18	0	0	10	18	51	211	179	1871	0	8	0	130	0	2	2	0	0	21	262	83	2	2
0	8	114	0	28	0	0	0	1	37	236	0	4	0	10	1	1	14	0	0	5	1	0	0	0	0	2	0	1	0	0	0	2	8	0	0	0	0	0	0	5	4	0	0	0	0	0	0	0	0	0	2	0	0	11	0	10	4	3	0	82	1267	0	2	0	7	0	0	0	1	1	83	34	0
0	0	19	0	0	0	0	0	0	224	0	0	0	10	0	26	0	25	141	0	1	0	0	0	0	0	0	0	0	0	0	0	2	0	0	0	0	0	0	0	15	169	0	181	0	6	0	171	0	0	0	1	12	0	0	0	82	207	2	0	0	1	0	0	0	25	0	0	0	90	5	0	0	2
0	0	0	0	26	0	0	0	0	3	42	0	65	1	26	0	0	2	0	1	1	0	0	0	0	4	0	0	6	0	1	0	0	2	0	0	0	0	0	1	0	0	0	0	0	0	0	0	0	0	16	7	0	0	0	1	0	5	0	3	0	49	0	0	0	0	0	0	0	0	0	0	48	0
9	0	0	6	3	0	8	1	0	16	12	0	4	1	0	0	0	46	0	10	3	11	0	4	1	12	0	0	4	0	2	0	16	13	3	0	0	0	0	19	8	0	0	6	0	0	0	0	0	0	0	51	0	0	13	2	1	4	2	0	40	58	0	1	0	0	11	0	0	1	8	2	3	1
5	3	17	0	3	0	10	1	10	64	9	0	0	14	25	2	46	0	3	1	1	3	0	0	0	0	1	0	0	0	3	0	16	0	0	0	0	0	0	3	38	28	0	65	0	0	0	15	0	488	15	13	20	0	3	0	7	24	3	0	16	101	0	0	0	2	0	0	0	6	0	17	11	3
1	0	0	0	0	0	0	0	0	212	1	0	93	0	141	0	0	3	0	64	119	0	0	6	2	40	0	0	74	0	76	0	11	0	1	0	0	0	0	105	0	0	0	0	24	0	0	0	0	0	54	93	13	0	2	4	211	380	4	111	0	0	0	0	0	0	0	0	0	6	0	0	1	0
0	0	0	29	0	0	0	1	0	9	13	0	12	0	0	1	10	1	64	0	3	0	0	8	0	8	0	0	4	0	1	0	13	1	24	0	0	0	0	41	4	0	0	0	1	0	0	16	0	7	5	1	45	0	9	90	161	0	17	16	0	1	0	0	0	2	0	0	0	66	236	1	17	0
110	0	3	0	0	0	0	125	0	0	2	0	352	5	1	1	3	1	119	3	0	59	0	21	13	990	0	0	171	0	5	0	865	128	258	0	0	0	0	755	52	4	0	1	0	27	0	0	0	0	3	1023	167	0	97	30	25	337	4	17	0	5	0	0	0	2	9	0	0	0	45	3	28	8
220	0	0	0	1	0	0	1	0	0	0	0	14	1	0	0	11	3	0	0	59	0	0	1100	149	208	0	0	143	0	158	0	22	2	291	0	0	0	0	57	0	0	0	0	93	0	0	0	0	0	18	713	25	0	268	7	1	491	2	412	0	1	0	0	0	0	201	0	0	2	5	0	0	17
0	0	0	0	0	0	0	0	0	0	0	0	0	0	0	0	0	0	0	0	0	0	0	0	0	0	0	0	0	0	0	0	0	0	0	0	0	0	0	0	0	0	0	0	0	0	0	0	0	0	0	0	0	0	0	0	0	0	0	0	0	0	0	0	0	0	0	0	0	0	0	0	0	0
58	0	0	12	0	0	0	30	0	0	0	0	46	0	0	0	4	0	6	8	21	1100	0	0	1814	12	0	0	121	0	145	0	23	42	155	0	0	0	0	96	0	2	0	0	194	0	0	0	0	0	6	442	234	0	589	340	75	128	6	19	0	4	0	0	0	0	6	0	0	34	18	4	0	2
9	0	0	0	0	0	0	1	0	0	0	0	7	0	0	0	1	0	2	0	13	149	0	1814	0	9	0	0	42	0	68	0	6	0	6	0	0	0	0	16	0	0	0	0	21	0	0	0	0	0	1	29	7	0	51	68	35	31	0	14	0	1	0	0	0	0	1	0	0	0	0	0	0	0
38	0	3	0	0	0	1	46	0	2	0	0	22	0	0	4	12	0	40	8	990	208	0	12	9	0	0	0	112	0	4	0	653	18	210	0	0	0	0	566	10	6	0	0	0	24	0	0	0	0	5	831	262	0	161	16	21	277	18	127	0	56	0	0	0	2	302	0	0	3	123	1	0	4
0	0	132	0	0	0	0	0	0	14	1	0	0	2	0	0	0	1	0	0	0	0	0	0	0	0	0	0	0	0	0	0	0	0	0	0	0	0	0	0	177	2	0	3	0	0	0	110	0	0	0	0	0	0	1	0	0	0	2	0	1	5	0	0	0	260	0	0	0	1	0	2	1	0
0	0	0	0	0	0	0	0	0	0	0	0	0	0	0	0	0	0	0	0	0	0	0	0	0	0	0	0	0	0	0	0	0	0	0	0	0	0	0	0	0	0	0	0	0	0	0	0	0	0	0	0	0	0	0	0	0	0	0	0	0	0	0	0	0	0	0	0	0	0	0	0	0	0
38	0	3	16	3	0	0	6	1	0	0	0	119	1	0	6	4	0	74	4	171	143	0	121	42	112	0	0	0	0	2	0	251	0	348	0	0	0	0	353	0	1	0	0	4	5	0	0	0	0	0	610	10	0	35	31	15	807	195	553	0	2	0	0	0	0	286	0	0	4	36	0	2	2
0	0	0	0	0	0	0	0	0	0	0	0	0	0	0	0	0	0	0	0	0	0	0	0	0	0	0	0	0	0	0	0	0	0	0	0	0	0	0	0	0	0	0	0	0	0	0	0	0	0	0	0	0	0	0	0	0	0	0	0	0	0	0	0	0	0	0	0	0	0	0	0	0	0
19	0	0	0	0	0	0	0	1	182	0	0	1	0	0	1	2	3	76	1	5	158	0	145	68	4	0	0	2	0	0	0	2	1	9	0	0	0	0	3	0	0	0	104	77	0	0	2	0	0	377	18	449	0	248	0	285	46	0	0	2	1	0	0	0	0	173	0	0	88	2	1	0	362
0	0	0	0	0	0	0	0	0	0	0	0	0	0	0	0	0	0	0	0	0	0	0	0	0	0	0	0	0	0	0	0	0	0	0	0	0	0	0	0	0	0	0	0	0	0	0	0	0	0	0	0	0	0	0	0	0	0	0	0	0	0	0	0	0	0	0	0	0	0	0	0	0	0
159	0	1	0	2	0	0	2	0	3	5	0	1075	2	2	0	16	16	11	13	865	22	0	23	6	653	0	0	251	0	2	0	0	1	230	0	0	0	0	328	1	11	0	1	0	6	0	0	0	0	0	530	23	0	14	3	8	223	18	507	4	140	0	0	0	1	13	0	0	3	5	2	10	8
1	0	0	16	136	0	0	0	0	0	14	0	181	8	0	2	13	0	0	1	128	2	0	42	0	18	0	0	0	0	1	0	1	0	1	0	0	0	0	13	0	0	0	0	0	0	0	0	0	0	0	23	2	0	1	2	3	79	0	98	0	19	0	0	0	0	0	0	0	0	2	0	156	0
161	0	4	33	1	0	0	3	0	0	0	0	203	0	0	0	3	0	1	24	258	291	0	155	6	210	0	0	348	0	9	0	230	1	0	0	0	0	0	290	2	1	0	0	0	5	0	0	0	0	2	634	24	0	13	8	8	853	117	667	0	3	0	0	0	2	67	0	0	4	6	1	1	0
0	0	0	0	0	0	0	0	0	0	0	0	0	0	0	0	0	0	0	0	0	0	0	0	0	0	0	0	0	0	0	0	0	0	0	0	0	0	0	0	0	0	0	0	0	0	0	0	0	0	0	0	0	0	0	0	0	0	0	0	0	0	0	0	0	0	0	0	0	0	0	0	0	0
0	0	0	0	0	0	0	0	0	0	0	0	0	0	0	0	0	0	0	0	0	0	0	0	0	0	0	0	0	0	0	0	0	0	0	0	0	0	0	0	0	0	0	0	0	0	0	0	0	0	0	0	0	0	0	0	0	0	0	0	0	0	0	0	0	0	0	0	0	0	0	0	0	0
0	0	0	0	0	0	0	0	0	0	0	0	0	0	0	0	0	0	0	0	0	0	0	0	0	0	0	0	0	0	0	0	0	0	0	0	0	0	0	0	0	0	0	0	0	0	0	0	0	0	0	0	0	0	0	0	0	0	0	0	0	0	0	0	0	0	0	0	0	0	0	0	0	0
0	0	0	0	0	0	0	0	0	0	0	0	0	0	0	0	0	0	0	0	0	0	0	0	0	0	0	0	0	0	0	0	0	0	0	0	0	0	0	0	0	0	0	0	0	0	0	0	0	0	0	0	0	0	0	0	0	0	0	0	0	0	0	0	0	0	0	0	0	0	0	0	0	0
117	2	0	65	11	0	0	26	0	2	2	0	1006	0	0	1	19	3	105	41	755	57	0	96	16	566	0	0	353	0	3	0	328	13	290	0	0	0	0	0	6	0	0	0	0	1	0	0	0	0	0	562	8	0	37	12	24	323	5	915	1	2	0	0	0	1	0	0	0	4	10	2	1	0
0	2	97	4	0	0	109	0	0	95	5	0	5	5	15	0	8	38	0	4	52	0	0	0	0	10	177	0	0	0	0	0	1	0	2	0	0	0	0	6	0	7	0	166	0	0	0	162	0	0	0	10	19	0	1	8	6	1	1	1	0	76	0	1	0	449	0	0	0	0	0	2	31	2
0	2	0	0	136	0	0	0	0	280	107	0	8	4	169	0	0	28	0	0	4	0	0	2	0	6	2	0	1	0	0	0	11	0	1	0	0	0	0	0	7	0	0	0	0	0	0	0	0	0	0	1	0	0	1	0	24	604	30	99	0	656	0	0	0	12	0	0	2	0	0	0	34	0
0	0	0	0	0	0	0	0	0	0	0	0	0	0	0	0	0	0	0	0	0	0	0	0	0	0	0	0	0	0	0	0	0	0	0	0	0	0	0	0	0	0	0	0	0	0	0	0	0	0	0	0	0	0	0	0	0	0	0	0	0	0	0	0	0	0	0	0	0	0	0	0	0	0
0	0	0	0	0	0	0	0	0	284	0	0	2	0	181	0	6	65	0	0	1	0	0	0	0	0	3	0	0	0	104	0	1	0	0	0	0	0	0	0	166	0	0	0	0	0	0	0	0	0	61	0	11	0	3	0	97	173	0	0	0	0	0	0	0	13	0	0	0	0	0	0	2	0
7	0	0	0	0	0	0	0	0	13	0	0	0	0	0	0	0	0	24	1	0	93	0	194	21	0	0	0	4	0	77	0	0	0	0	0	0	0	0	0	0	0	0	0	0	0	0	0	0	0	4	1	96	0	20	2	9	25	0	0	0	0	0	0	0	0	15	0	0	67	3	0	0	18
21	2	0	0	190	0	0	0	0	0	0	0	382	0	6	0	0	0	0	0	27	0	0	0	0	24	0	0	5	0	0	0	6	0	5	0	0	0	0	1	0	0	0	0	0	0	0	0	0	0	0	48	0	0	3	0	0	145	0	194	0	0	0	0	0	0	0	0	0	0	0	0	188	0
0	0	0	0	0	0	0	0	0	0	0	0	0	0	0	0	0	0	0	0	0	0	0	0	0	0	0	0	0	0	0	0	0	0	0	0	0	0	0	0	0	0	0	0	0	0	0	0	0	0	0	0	0	0	0	0	0	0	0	0	0	6	0	0	0	0	0	0	0	0	0	0	0	0
0	0	0	0	0	0	0	0	0	215	0	0	2	0	171	0	0	15	0	16	0	0	0	0	0	0	110	0	0	0	2	0	0	0	0	0	0	0	0	0	162	0	0	0	0	0	0	0	0	0	13	0	6	0	0	0	207	0	0	0	0	0	0	0	0	47	0	0	0	2	0	0	0	0
0	0	0	0	0	0	0	0	0	0	0	0	0	0	0	0	0	0	0	0	0	0	0	0	0	0	0	0	0	0	0	0	0	0	0	0	0	0	0	0	0	0	0	0	0	0	0	0	0	0	0	0	0	0	0	0	0	0	0	0	0	0	0	0	0	0	0	0	0	0	0	0	0	0
0	0	0	0	0	0	0	0	0	0	0	0	0	0	0	0	0	488	0	7	0	0	0	0	0	0	0	0	0	0	0	0	0	0	0	0	0	0	0	0	0	0	0	0	0	0	0	0	0	0	0	0	0	0	0	0	0	0	0	0	0	0	0	0	0	0	0	0	0	0	0	0	16	0
4	0	0	0	0	0	0	0	1	90	0	0	0	0	0	16	0	15	54	5	3	18	0	6	1	5	0	0	0	0	377	0	0	0	2	0	0	0	0	0	0	0	0	61	4	0	0	13	0	0	0	6	63	0	12	0	26	26	0	0	0	0	0	0	0	0	50	0	0	49	0	0	0	27
251	0	13	0	0	0	5	81	0	0	0	0	18	2	1	7	51	13	93	1	1023	713	0	442	29	831	0	0	610	0	18	0	530	23	634	0	0	0	0	562	10	1	0	0	1	48	0	0	0	0	6	0	230	0	398	46	39	359	2	17	0	2	0	0	0	0	188	0	0	9	37	8	0	15
21	0	0	0	0	0	0	0	0	261	0	0	0	0	12	0	0	20	13	45	167	25	0	234	7	262	0	0	10	0	449	0	23	2	24	0	0	0	0	8	19	0	0	11	96	0	0	6	0	0	63	230	0	0	14	4	187	308	0	4	0	1	0	0	0	0	1	0	0	14	0	1	0	5
0	0	0	0	0	0	0	0	0	0	0	0	0	0	0	0	0	0	0	0	0	0	0	0	0	0	0	0	0	0	0	0	0	0	0	0	0	0	0	0	0	0	0	0	0	0	0	0	0	0	0	0	0	0	0	0	0	0	0	0	0	0	0	0	0	0	0	0	0	0	0	0	0	0
90	0	6	0	12	0	0	0	4	1	0	0	10	11	0	0	13	3	2	9	97	268	0	589	51	161	1	0	35	0	248	0	14	1	13	0	0	0	0	37	1	1	0	3	20	3	0	0	0	0	12	398	14	0	0	156	2	76	5	43	0	13	0	0	0	0	24	0	0	2	0	1	4	7
31	0	0	12	1	0	0	3	0	0	0	0	18	0	0	1	2	0	4	90	30	7	0	340	68	16	0	0	31	0	0	0	3	2	8	0	0	0	0	12	8	0	0	0	2	0	0	0	0	0	0	46	4	0	156	0	134	6	0	44	1	1	0	0	0	0	0	0	0	138	2	1	0	0
9	3	117	11	2	0	0	1	0	369	40	0	51	10	82	0	1	7	211	161	25	1	0	75	35	21	0	0	15	0	285	0	8	3	8	0	0	0	0	24	6	24	0	97	9	0	0	207	0	0	26	39	187	0	2	134	0	100	17	59	0	40	0	0	0	28	3	0	0	192	4	8	14	50
9	0	3	0	3	0	18	1	27	15	20	0	211	4	207	5	4	24	380	0	337	491	0	128	31	277	0	0	807	0	46	0	223	79	853	0	0	0	0	323	1	604	0	173	25	145	0	0	0	0	26	359	308	0	76	6	100	0	630	1445	0	52	0	0	0	8	838	0	0	12	135	19	12	569
11	2	0	55	0	0	0	0	0	7	2	0	179	3	2	0	2	3	4	17	4	2	0	6	0	18	2	0	195	0	0	0	18	0	117	0	0	0	0	5	1	30	0	0	0	0	0	0	0	0	0	2	0	0	5	0	17	630	0	1483	0	2	0	0	0	0	36	0	0	8	4	0	27	0
0	3	12	0	1	0	0	301	21	1	2	0	1871	0	0	3	0	0	111	16	17	412	0	19	14	127	0	0	553	0	0	0	507	98	667	0	0	0	0	915	1	99	0	0	0	194	0	0	0	0	0	17	4	0	43	44	59	1445	1483	0	0	0	0	104	0	0	317	0	0	28	308	95	0	4
0	0	0	0	5	0	0	0	0	39	63	0	0	82	0	0	40	16	0	0	0	0	0	0	0	0	1	0	0	0	2	0	4	0	0	0	0	0	0	1	0	0	0	0	0	0	0	0	0	0	0	0	0	0	0	1	0	0	0	0	0	47	0	0	0	0	0	0	0	0	0	0	33	0
0	8	196	9	687	0	7	0	6	69	389	0	8	1267	1	49	58	101	0	1	5	1	0	4	1	56	5	0	2	0	1	0	140	19	3	0	0	0	0	2	76	656	0	0	0	0	6	0	0	0	0	2	1	0	13	1	40	52	2	0	47	0	0	6	0	59	1	0	0	0	0	164	397	36
0	0	0	0	0	0	0	0	0	0	0	0	0	0	0	0	0	0	0	0	0	0	0	0	0	0	0	0	0	0	0	0	0	0	0	0	0	0	0	0	0	0	0	0	0	0	0	0	0	0	0	0	0	0	0	0	0	0	0	0	0	0	0	0	0	0	0	0	0	0	0	0	0	0
0	4	0	0	252	0	0	0	0	0	69	0	130	2	0	0	1	0	0	0	0	0	0	0	0	0	0	0	0	0	0	0	0	0	0	0	0	0	0	0	1	0	0	0	0	0	0	0	0	0	0	0	0	0	0	0	0	0	0	104	0	6	0	0	0	0	0	0	0	0	0	0	191	0
0	0	0	0	0	0	0	0	0	0	0	0	0	0	0	0	0	0	0	0	0	0	0	0	0	0	0	0	0	0	0	0	0	0	0	0	0	0	0	0	0	0	0	0	0	0	0	0	0	0	0	0	0	0	0	0	0	0	0	0	0	0	0	0	0	0	0	0	0	0	0	0	0	0
0	0	10	5	7	0	17	0	0	215	1	0	2	7	25	0	0	2	0	2	2	0	0	0	0	2	260	0	0	0	0	0	1	0	2	0	0	0	0	1	449	12	0	13	0	0	0	47	0	0	0	0	0	0	0	0	28	8	0	0	0	59	0	0	0	0	0	0	0	0	0	2	2	0
127	0	0	2	1	0	0	0	0	1	0	0	2	0	0	0	11	0	0	0	9	201	0	6	1	302	0	0	286	0	173	0	13	0	67	0	0	0	0	0	0	0	0	0	15	0	0	0	0	0	50	188	1	0	24	0	3	838	36	317	0	1	0	0	0	0	0	0	0	0	0	0	0	0
0	0	0	0	0	0	0	0	0	0	0	0	0	0	0	0	0	0	0	0	0	0	0	0	0	0	0	0	0	0	0	0	0	0	0	0	0	0	0	0	0	0	0	0	0	0	0	0	0	0	0	0	0	0	0	0	0	0	0	0	0	0	0	0	0	0	0	0	0	0	0	0	0	0
0	0	0	0	0	0	0	0	0	0	0	0	0	0	0	0	0	0	0	0	0	0	0	0	0	0	0	0	0	0	0	0	0	0	0	0	0	0	0	0	0	2	0	0	0	0	0	0	0	0	0	0	0	0	0	0	0	0	0	0	0	0	0	0	0	0	0	0	0	0	0	0	0	0
0	0	0	4	0	0	0	0	2	249	0	0	21	1	90	0	1	6	6	66	0	2	0	34	0	3	1	0	4	0	88	0	3	0	4	0	0	0	0	4	0	0	0	0	67	0	0	2	0	0	49	9	14	0	2	138	192	12	8	28	0	0	0	0	0	0	0	0	0	0	2	0	1	2
42	3	0	29	0	0	0	0	0	2	23	0	262	1	5	0	8	0	0	236	45	5	0	18	0	123	0	0	36	0	2	0	5	2	6	0	0	0	0	10	0	0	0	0	3	0	0	0	0	0	0	37	0	0	0	2	4	135	4	308	0	0	0	0	0	0	0	0	0	2	0	0	8	0
3	0	0	2	127	0	0	0	0	8	101	0	83	83	0	0	2	17	0	1	3	0	0	4	0	1	2	0	0	0	1	0	2	0	1	0	0	0	0	2	2	0	0	0	0	0	0	0	0	0	0	8	1	0	1	1	8	19	0	95	0	164	0	0	0	2	0	0	0	0	0	0	114	0
0	2	25	0	674	0	1	0	11	36	242	0	2	34	0	48	3	11	1	17	28	0	0	0	0	0	1	0	2	0	0	0	10	156	1	0	0	0	0	1	31	34	0	2	0	188	0	0	0	16	0	0	0	0	4	0	14	12	27	0	33	397	0	191	0	2	0	0	0	1	8	114	0	1
3	1	0	0	0	0	0	0	0	0	0	0	2	0	2	0	1	3	0	0	8	17	0	2	0	4	0	0	2	0	362	0	8	0	0	0	0	0	0	0	2	0	0	0	18	0	0	0	0	0	27	15	5	0	7	0	50	569	0	4	0	36	0	0	0	0	0	0	0	2	0	0	1	0
