0	0	0	0	0	0	0	0	0	12	0	0	0	0	0	0	20	0	6	3	2	128	0	288	72	94	0	0	25	0	39	0	3	0	9	0	0	0	17	2	0	0	2	0	73	0	0	0	0	0	0	3	1	0	86	1	0	4	6	0	1	0	0	0	0	0	7	94	0	3	0	0	0	0
0	0	1	0	16	0	0	0	1	0	0	0	8	0	0	0	0	2	4	3	0	0	2	0	0	0	0	20	10	0	0	0	3	4	13	1	0	0	0	7	6	1	1	8	1	2	0	0	3	3	0	0	0	0	1	1	1	14	11	0	1	8	0	0	0	0	10	0	0	0	2	0	0	0
0	1	0	0	0	0	0	0	8	228	0	0	0	0	35	0	0	2	0	28	0	0	0	0	0	2	0	0	0	29	0	0	0	9	0	0	5	0	0	0	322	0	0	82	1	14	0	1	0	0	0	0	0	0	0	1	384	1	0	0	0	19	0	0	0	103	0	0	0	6	0	1	4	6
0	0	0	0	0	0	0	0	1	19	0	0	0	0	0	0	0	0	0	1	0	0	0	0	0	0	0	0	0	808	0	0	0	0	0	0	0	0	0	0	861	0	0	6	0	0	0	0	0	0	0	0	0	0	0	0	0	0	0	0	0	2	0	0	0	217	1	0	0	1	0	0	0	0
0	16	0	0	0	0	0	0	13	0	0	0	130	0	0	0	0	0	0	34	0	0	0	0	0	8	0	0	0	1	0	0	51	46	0	0	0	0	5	0	1	0	0	0	0	143	0	7	0	0	0	0	0	0	0	0	0	12	0	0	0	218	0	0	0	0	0	0	6	5	0	8	0	5
0	0	0	0	0	0	0	0	7	157	0	0	0	0	0	0	0	0	2	12	0	0	0	0	0	0	0	0	0	0	183	0	0	0	0	0	0	0	0	0	0	0	1	2	0	0	0	0	0	3	7	0	3	0	0	0	3	3	0	0	0	0	0	0	0	0	0	0	0	5	0	3	0	72
0	0	0	0	0	0	0	0	0	0	0	0	0	0	0	0	0	0	0	0	0	0	0	0	0	0	0	0	0	1	0	0	0	0	0	0	0	0	0	0	4	0	0	0	0	0	0	0	0	0	0	0	0	0	0	0	0	0	0	0	0	0	0	0	0	0	0	0	0	0	0	0	0	0
0	0	0	0	0	0	0	0	9	0	0	0	97	0	0	0	0	0	0	4	0	0	0	0	0	4	0	0	0	0	0	0	6	0	1	0	0	0	0	0	0	0	1	0	0	0	0	0	0	0	0	0	0	0	0	1	0	4	6	0	0	0	0	0	0	0	0	0	0	0	0	0	0	1
0	1	8	1	13	7	0	9	0	10	0	0	4	0	0	0	3	1	2	59	13	1	1	0	0	7	0	36	4	0	0	0	36	21	26	0	0	0	5	3	5	17	16	5	9	1	0	0	0	15	0	0	0	0	3	48	15	28	85	0	6	13	0	0	0	0	2	8	18	7	17	16	4	1
12	0	228	19	0	157	0	0	10	0	0	0	0	0	131	0	0	0	98	52	0	0	0	0	0	0	0	0	1	0	21	0	5	7	10	247	0	0	0	3	475	165	18	732	13	14	0	0	37	23	2	0	404	0	0	0	576	50	1	0	28	16	0	0	0	280	10	23	1	263	0	12	0	0
0	0	0	0	0	0	0	0	0	0	0	0	0	0	0	0	0	0	0	0	0	0	0	0	0	0	0	0	0	0	0	0	0	0	0	0	0	0	0	0	0	0	0	0	0	0	0	0	0	0	0	0	0	0	0	0	0	0	0	0	0	0	0	0	0	0	0	0	0	0	0	0	0	0
0	0	0	0	0	0	0	0	0	0	0	0	0	0	0	0	0	0	0	0	0	0	0	0	0	0	0	0	0	0	0	0	0	0	0	0	0	0	0	0	0	0	0	0	0	0	0	0	0	0	0	0	0	0	0	0	0	0	0	0	0	0	0	0	0	0	0	0	0	0	0	0	0	0
0	8	0	0	130	0	0	97	4	0	0	0	0	0	14	0	30	0	46	25	40	0	34	0	0	4	0	306	15	0	0	0	348	364	28	0	0	0	152	246	5	0	137	0	1	146	0	2	0	0	0	0	0	0	4	0	34	34	5	0	0	7	0	1	0	0	1	1	0	0	3	9	0	5
0	0	0	0	0	0	0	0	0	0	0	0	0	0	0	0	0	0	0	0	0	0	0	0	0	0	0	0	0	0	0	0	0	0	0	0	0	0	0	0	0	0	0	0	0	2	0	0	0	0	0	0	0	0	0	0	0	0	0	0	0	5	0	0	0	0	0	0	0	0	0	0	0	0
0	0	35	0	0	0	0	0	0	131	0	0	14	0	0	0	0	1	19	2	0	0	0	0	0	0	0	1	0	0	0	0	12	0	13	64	0	0	8	21	0	92	19	92	0	0	0	0	31	0	0	0	33	0	0	0	129	15	20	0	0	0	0	0	0	13	0	1	0	0	0	0	0	2
0	0	0	0	0	0	0	0	0	0	0	0	0	0	0	0	0	0	0	0	0	0	0	0	0	0	0	0	0	0	0	0	0	0	0	0	0	0	0	0	0	0	0	0	0	0	0	0	0	0	0	0	0	0	0	0	0	0	0	0	0	0	0	0	0	0	0	0	0	0	0	0	0	0
20	0	0	0	0	0	0	0	3	0	0	0	30	0	0	0	0	0	24	8	0	0	0	14	0	278	0	0	0	0	54	0	341	7	1	0	0	0	408	0	1	0	0	0	8	24	0	0	0	0	0	69	0	0	0	0	1	44	0	0	0	2	0	0	0	2	5	2	0	2	0	0	0	22
0	2	2	0	0	0	0	0	1	0	0	0	0	0	1	0	0	0	0	0	0	0	0	0	0	0	0	0	0	0	52	0	0	3	0	3	0	2	0	0	8	12	0	10	0	21	0	0	0	41	0	0	0	0	0	0	7	3	0	0	0	24	0	0	0	1	1	0	8	1	0	2	3	0
6	4	0	0	0	2	0	0	2	98	0	0	46	0	19	0	24	0	0	224	28	14	0	0	2	54	0	20	188	0	8	0	401	2	427	0	0	24	254	10	0	2	6	2	46	35	2	0	2	0	0	52	4	0	8	160	45	17	14	3	0	2	0	0	0	0	0	10	0	13	30	4	0	118
3	3	28	1	34	12	0	4	59	52	0	0	25	0	2	0	8	0	224	0	106	5	25	91	43	28	0	66	86	0	267	0	233	52	127	0	0	0	238	133	9	22	7	9	332	43	0	5	40	14	43	3	148	0	31	335	881	48	14	0	9	22	0	0	0	11	4	76	26	179	209	14	4	14
2	0	0	0	0	0	0	0	13	0	0	0	40	0	0	0	0	0	28	106	0	0	0	0	0	319	0	0	0	0	0	0	1290	8	8	0	0	0	766	0	1	0	1	0	5	37	0	0	0	0	0	45	0	0	0	3	0	0	0	0	0	6	0	0	0	0	0	0	0	0	0	0	0	0
128	0	0	0	0	0	0	0	1	0	0	0	0	0	0	0	0	0	14	5	0	0	0	271	0	45	0	0	31	0	284	0	15	0	10	0	0	0	72	0	0	0	0	0	137	0	0	0	0	0	42	22	0	0	0	6	0	31	0	0	0	0	0	0	0	0	3	0	0	0	0	0	1	84
0	2	0	0	0	0	0	0	1	0	0	0	34	0	0	0	0	0	0	25	0	0	0	139	0	15	0	0	1	0	0	0	16	2	2	0	0	0	16	0	0	0	2	0	0	0	0	0	0	0	0	0	0	0	0	0	0	1	36	0	0	0	0	0	0	0	0	0	0	0	0	2	0	6
288	0	0	0	0	0	0	0	0	0	0	0	0	0	0	0	14	0	0	91	0	271	139	0	155	7	0	0	69	0	0	0	0	0	3	0	0	0	2	0	2	0	0	0	271	0	0	0	0	0	0	4	89	0	223	233	20	6	0	0	2	4	0	2	0	0	0	295	0	2	0	0	0	0
72	0	0	0	0	0	0	0	0	0	0	0	0	0	0	0	0	0	2	43	0	0	0	155	0	2	0	0	4	0	14	0	0	0	15	0	0	0	0	0	0	0	0	0	85	0	0	0	0	0	19	2	0	0	0	145	94	0	0	0	0	0	0	0	0	0	0	0	0	0	0	0	0	0
94	0	2	0	8	0	0	4	7	0	0	0	4	0	0	0	278	0	54	28	319	45	15	7	2	0	0	39	32	0	37	0	161	16	76	0	0	0	357	206	0	0	9	2	83	0	0	0	2	2	0	0	48	0	141	21	19	26	0	0	0	1	0	0	0	2	26	49	0	3	14	2	3	0
0	0	0	0	0	0	0	0	0	0	0	0	0	0	0	0	0	0	0	0	0	0	0	0	0	0	0	0	0	0	0	0	0	0	0	0	0	0	0	0	0	0	0	0	0	0	0	0	0	0	0	0	0	0	0	0	0	0	0	0	0	0	0	0	0	0	0	0	0	0	0	0	0	0
0	20	0	0	0	0	0	0	36	0	0	0	306	0	1	0	0	0	20	66	0	0	0	0	0	39	0	0	0	1	2	0	22	134	4	0	0	0	0	0	0	0	1	0	0	211	0	5	0	0	0	0	0	0	0	3	2	22	78	9	0	0	0	0	0	2	2	0	0	9	0	17	0	9
25	10	0	0	0	0	0	0	4	1	0	0	15	0	0	0	0	0	188	86	0	31	1	69	4	32	0	0	0	0	0	0	840	2	719	0	0	138	55	16	0	0	4	0	2	0	0	0	1	0	0	19	0	0	3	6	17	121	71	0	0	0	0	0	0	0	69	139	0	0	7	10	0	5
0	0	29	808	1	0	1	0	0	0	0	0	0	0	0	0	0	0	0	0	0	0	0	0	0	0	0	1	0	0	17	0	0	1	0	870	0	0	0	0	810	0	0	0	3	6	0	1	129	3	0	0	0	0	6	0	0	0	0	0	0	0	0	0	0	1309	1	0	0	0	0	0	12	0
39	0	0	0	0	183	0	0	0	21	0	0	0	0	0	0	54	52	8	267	0	284	0	0	14	37	0	2	0	17	0	0	20	2	0	0	0	0	2	2	0	0	2	310	775	0	0	0	0	0	159	0	1270	0	250	0	477	34	0	0	0	0	0	0	0	14	156	10	0	260	0	0	0	377
0	0	0	0	0	0	0	0	0	0	0	0	0	0	0	0	0	0	0	0	0	0	0	0	0	0	0	0	0	0	0	0	0	0	0	0	0	0	0	0	0	0	0	0	0	0	0	0	0	0	0	0	0	0	0	0	0	0	0	0	0	1	0	1	0	0	0	0	1	0	0	2	0	0
3	3	0	0	51	0	0	6	36	5	0	0	348	0	12	0	341	0	401	233	1290	15	16	0	0	161	0	22	840	0	20	0	0	7	493	2	0	0	1430	1010	12	3	6	8	2	0	0	0	83	47	0	10	1	0	178	17	18	78	12	0	0	22	0	0	0	0	1	54	5	0	1086	0	0	2
0	4	9	0	46	0	0	0	21	7	0	0	364	0	0	0	7	3	2	52	8	0	2	0	0	16	0	134	2	1	2	0	7	0	1	0	2	0	73	38	7	2	22	8	6	173	0	0	0	0	0	0	0	0	11	2	3	175	0	0	1	21	0	0	0	0	2	0	1	1	0	2	0	3
9	13	0	0	0	0	0	1	26	10	0	0	28	0	13	0	1	0	427	127	8	10	2	3	15	76	0	4	719	0	0	0	493	1	0	0	0	262	117	20	0	1	7	0	0	0	0	0	0	0	0	21	0	0	3	4	71	447	149	3	0	0	0	0	0	0	49	7	0	24	1	13	0	11
0	1	0	0	0	0	0	0	0	247	0	0	0	0	64	0	0	3	0	0	0	0	0	0	0	0	0	0	0	870	0	0	2	0	0	0	1	0	0	0	210	0	0	28	0	0	0	4	0	0	0	0	0	0	0	0	16	1	0	0	0	2	0	0	0	269	0	0	0	3	0	1	2	1
0	0	5	0	0	0	0	0	0	0	0	0	0	0	0	0	0	0	0	0	0	0	0	0	0	0	0	0	0	0	0	0	0	2	0	1	0	0	0	0	7	1	0	3	0	0	0	0	0	0	0	0	0	0	0	0	1	0	0	0	9	16	0	0	0	0	0	0	0	0	0	5	0	0
0	0	0	0	0	0	0	0	0	0	0	0	0	0	0	0	0	2	24	0	0	0	0	0	0	0	0	0	138	0	0	0	0	0	262	0	0	0	0	0	57	0	0	0	0	0	0	0	0	0	0	2	0	0	0	0	7	180	4	2	0	37	0	0	0	0	1	0	0	1	0	0	1	6
17	0	0	0	5	0	0	0	5	0	0	0	152	0	8	0	408	0	254	238	766	72	16	2	0	357	0	0	55	0	2	0	1430	73	117	0	0	0	0	152	20	0	1	0	27	117	0	0	1	0	0	70	3	0	311	0	0	70	8	0	0	0	0	0	0	2	12	2	0	7	269	0	0	22
2	7	0	0	0	0	0	0	3	3	0	0	246	0	21	0	0	0	10	133	0	0	0	0	0	206	0	0	16	0	2	0	1010	38	20	0	0	0	152	0	0	0	1	0	2	18	0	0	0	0	0	4	0	0	0	2	0	0	0	0	0	0	0	0	0	0	0	0	0	0	0	7	0	7
0	6	322	861	1	0	4	0	5	475	0	0	5	0	0	0	1	8	0	9	1	0	0	2	0	0	0	0	0	810	0	0	12	7	0	210	7	57	20	0	0	2	4	619	7	123	0	0	0	3	0	0	0	0	0	2	14	6	0	0	2	37	0	2	0	801	2	0	10	0	0	9	0	5
0	1	0	0	0	0	0	0	17	165	0	0	0	0	92	0	0	12	2	22	0	0	0	0	0	0	0	0	0	0	0	0	3	2	1	0	1	0	0	0	2	0	4	442	0	17	0	5	0	0	0	0	0	0	0	0	29	112	30	0	0	61	0	0	0	1	0	0	8	9	0	1	4	18
2	1	0	0	0	1	0	1	16	18	0	0	137	0	19	0	0	0	6	7	1	0	2	0	0	9	0	1	4	0	2	0	6	22	7	0	0	0	1	1	4	4	0	3	4	0	0	0	0	3	0	0	0	0	2	0	6	28	72	0	1	0	0	0	0	0	4	0	1	5	1	2	3	21
0	8	82	6	0	2	0	0	5	732	0	0	0	0	92	0	0	10	2	9	0	0	0	0	0	2	0	0	0	0	310	0	8	8	0	28	3	0	0	0	619	442	3	0	9	9	0	33	8	0	3	0	180	0	0	0	80	17	26	0	0	70	0	0	0	20	3	0	3	5	0	8	2	215
73	1	1	0	0	0	0	0	9	13	0	0	1	0	0	0	8	0	46	332	5	137	0	271	85	83	0	0	2	3	775	0	2	6	0	0	0	0	27	2	7	0	4	9	0	0	0	0	1	0	23	3	313	0	174	2	349	3	0	0	0	6	0	0	0	0	40	1	0	98	1	0	2	121
0	2	14	0	143	0	0	0	1	14	0	0	146	2	0	0	24	21	35	43	37	0	0	0	0	0	0	211	0	6	0	0	0	173	0	0	0	0	117	18	123	17	0	9	0	0	0	0	0	0	0	0	3	0	14	3	47	157	0	0	13	17	0	0	0	0	18	7	0	15	31	1	0	0
0	0	0	0	0	0	0	0	0	0	0	0	0	0	0	0	0	0	2	0	0	0	0	0	0	0	0	0	0	0	0	0	0	0	0	0	0	0	0	0	0	0	0	0	0	0	0	0	0	0	0	1	0	0	0	0	0	0	0	0	0	0	0	0	0	0	0	0	0	0	0	0	0	0
0	0	1	0	7	0	0	0	0	0	0	0	2	0	0	0	0	0	0	5	0	0	0	0	0	0	0	5	0	1	0	0	0	0	0	4	0	0	0	0	0	5	0	33	0	0	0	0	0	0	0	0	2	0	0	0	2	1	0	0	0	5	0	0	0	0	0	0	0	21	0	1	0	0
0	3	0	0	0	0	0	0	0	37	0	0	0	0	31	0	0	0	2	40	0	0	0	0	0	2	0	0	1	129	0	0	83	0	0	0	0	0	1	0	0	0	0	8	1	0	0	0	0	0	0	0	0	0	0	0	0	0	0	0	0	0	0	0	0	2	0	0	0	0	0	3	0	0
0	3	0	0	0	3	0	0	15	23	0	0	0	0	0	0	0	41	0	14	0	0	0	0	0	2	0	0	0	3	0	0	47	0	0	0	0	0	0	0	3	0	3	0	0	0	0	0	0	0	0	0	0	0	0	0	0	0	0	0	0	0	0	0	0	0	4	0	0	4	0	3	0	2
0	0	0	0	0	7	0	0	0	2	0	0	0	0	0	0	0	0	0	43	0	42	0	0	19	0	0	0	0	0	159	0	0	0	0	0	0	0	0	0	0	0	0	3	23	0	0	0	0	0	0	1	111	0	62	0	325	0	0	0	0	0	0	0	0	0	10	1	0	4	0	0	0	52
3	0	0	0	0	0	0	0	0	0	0	0	0	0	0	0	69	0	52	3	45	22	0	4	2	0	0	0	19	0	0	0	10	0	21	0	0	2	70	4	0	0	0	0	3	0	1	0	0	0	1	0	0	0	29	0	4	2	2	0	0	1	0	0	0	0	2	3	0	2	2	0	0	0
1	0	0	0	0	3	0	0	0	404	0	0	0	0	33	0	0	0	4	148	0	0	0	89	0	48	0	0	0	0	1270	0	1	0	0	0	0	0	3	0	0	0	0	180	313	3	0	2	0	0	111	0	0	0	0	0	768	35	0	0	0	0	0	0	0	0	0	0	0	5	0	0	0	386
0	0	0	0	0	0	0	0	0	0	0	0	0	0	0	0	0	0	0	0	0	0	0	0	0	0	0	0	0	0	0	0	0	0	0	0	0	0	0	0	0	0	0	0	0	0	0	0	0	0	0	0	0	0	0	0	0	0	0	0	0	0	0	0	0	0	0	0	0	0	0	0	0	0
86	1	0	0	0	0	0	0	3	0	0	0	4	0	0	0	0	0	8	31	0	0	0	223	0	141	0	0	3	6	250	0	178	11	3	0	0	0	311	0	0	0	2	0	174	14	0	0	0	0	62	29	0	0	0	39	0	12	4	0	0	0	0	0	0	0	10	0	0	2	0	1	0	17
1	1	1	0	0	0	0	1	48	0	0	0	0	0	0	0	0	0	160	335	3	6	0	233	145	21	0	3	6	0	0	0	17	2	4	0	0	0	0	2	2	0	0	0	2	3	0	0	0	0	0	0	0	0	39	0	315	2	47	0	2	0	0	0	0	0	0	220	0	152	0	3	4	0
0	1	384	0	0	3	0	0	15	576	0	0	34	0	129	0	1	7	45	881	0	0	0	20	94	19	0	2	17	0	477	0	18	3	71	16	1	7	0	0	14	29	6	80	349	47	0	2	0	0	325	4	768	0	0	315	0	34	33	0	4	116	0	0	0	109	7	0	0	558	13	1	0	129
4	14	1	0	12	3	0	4	28	50	0	0	34	0	15	0	44	3	17	48	0	31	1	6	0	26	0	22	121	0	34	0	78	175	447	1	0	180	70	0	6	112	28	17	3	157	0	1	0	0	0	2	35	0	12	2	34	0	344	1	0	42	0	0	0	2	356	6	19	10	5	14	0	213
6	11	0	0	0	0	0	6	85	1	0	0	5	0	20	0	0	0	14	14	0	0	36	0	0	0	0	78	71	0	0	0	12	0	149	0	0	4	8	0	0	30	72	26	0	0	0	0	0	0	0	2	0	0	4	47	33	344	0	3	0	69	0	0	0	0	87	0	0	24	10	11	0	7
0	0	0	0	0	0	0	0	0	0	0	0	0	0	0	0	0	0	3	0	0	0	0	0	0	0	0	9	0	0	0	0	0	0	3	0	0	2	0	0	0	0	0	0	0	0	0	0	0	0	0	0	0	0	0	0	0	1	3	0	0	0	0	0	0	0	0	0	0	0	2	0	0	0
1	1	0	0	0	0	0	0	6	28	0	0	0	0	0	0	0	0	0	9	0	0	0	2	0	0	0	0	0	0	0	0	0	1	0	0	9	0	0	0	2	0	1	0	0	13	0	0	0	0	0	0	0	0	0	2	4	0	0	0	0	29	0	0	0	0	1	0	1	8	0	1	1	10
0	8	19	2	218	0	0	0	13	16	0	0	7	5	0	0	2	24	2	22	6	0	0	4	0	1	0	0	0	0	0	1	22	21	0	2	16	37	0	0	37	61	0	70	6	17	0	5	0	0	0	1	0	0	0	0	116	42	69	0	29	0	0	0	0	7	4	16	27	12	0	8	4	17
0	0	0	0	0	0	0	0	0	0	0	0	0	0	0	0	0	0	0	0	0	0	0	0	0	0	0	0	0	0	0	0	0	0	0	0	0	0	0	0	0	0	0	0	0	0	0	0	0	0	0	0	0	0	0	0	0	0	0	0	0	0	0	0	0	0	0	0	0	0	0	0	0	0
0	0	0	0	0	0	0	0	0	0	0	0	1	0	0	0	0	0	0	0	0	0	0	2	0	0	0	0	0	0	0	1	0	0	0	0	0	0	0	0	2	0	0	0	0	0	0	0	0	0	0	0	0	0	0	0	0	0	0	0	0	0	0	0	0	0	0	0	2	0	0	0	0	0
0	0	0	0	0	0	0	0	0	0	0	0	0	0	0	0	0	0	0	0	0	0	0	0	0	0	0	0	0	0	0	0	0	0	0	0	0	0	0	0	0	0	0	0	0	0	0	0	0	0	0	0	0	0	0	0	0	0	0	0	0	0	0	0	0	0	0	0	0	0	0	0	0	0
0	0	103	217	0	0	0	0	0	280	0	0	0	0	13	0	2	1	0	11	0	0	0	0	0	2	0	2	0	1309	14	0	0	0	0	269	0	0	2	0	801	1	0	20	0	0	0	0	2	0	0	0	0	0	0	0	109	2	0	0	0	7	0	0	0	0	0	0	0	0	0	0	1	1
7	10	0	1	0	0	0	0	2	10	0	0	1	0	0	0	5	1	0	4	0	3	0	0	0	26	0	2	69	1	156	0	1	2	49	0	0	1	12	0	2	0	4	3	40	18	0	0	0	4	10	2	0	0	10	0	7	356	87	0	1	4	0	0	0	0	0	0	0	9	0	14	1	9
94	0	0	0	0	0	0	0	8	23	0	0	1	0	1	0	2	0	10	76	0	0	0	295	0	49	0	0	139	0	10	0	54	0	7	0	0	0	2	0	0	0	0	0	1	7	0	0	0	0	1	3	0	0	0	220	0	6	0	0	0	16	0	0	0	0	0	0	0	0	0	0	0	43
0	0	0	0	6	0	0	0	18	1	0	0	0	0	0	0	0	8	0	26	0	0	0	0	0	0	0	0	0	0	0	1	5	1	0	0	0	0	0	0	10	8	1	3	0	0	0	0	0	0	0	0	0	0	0	0	0	19	0	0	1	27	0	2	0	0	0	0	0	8	2	0	3	20
3	0	6	1	5	5	0	0	7	263	0	0	0	0	0	0	2	1	13	179	0	0	0	2	0	3	0	9	0	0	260	0	0	1	24	3	0	1	7	0	0	9	5	5	98	15	0	21	0	4	4	2	5	0	2	152	558	10	24	0	8	12	0	0	0	0	9	0	8	0	4	4	4	13
0	2	0	0	0	0	0	0	17	0	0	0	3	0	0	0	0	0	30	209	0	0	0	0	0	14	0	0	7	0	0	0	1086	0	1	0	0	0	269	0	0	0	1	0	1	31	0	0	0	0	0	2	0	0	0	0	13	5	10	2	0	0	0	0	0	0	0	0	2	4	0	2	0	0
0	0	1	0	8	3	0	0	16	12	0	0	9	0	0	0	0	2	4	14	0	0	2	0	0	2	0	17	10	0	0	2	0	2	13	1	5	0	0	7	9	1	2	8	0	1	0	1	3	3	0	0	0	0	1	3	1	14	11	0	1	8	0	0	0	0	14	0	0	4	2	0	0	4
0	0	4	0	0	0	0	0	4	0	0	0	0	0	0	0	0	3	0	4	0	1	0	0	0	3	0	0	0	12	0	0	0	0	0	2	0	1	0	0	0	4	3	2	2	0	0	0	0	0	0	0	0	0	0	4	0	0	0	0	1	4	0	0	0	1	1	0	3	4	0	0	0	0
0	0	6	0	5	72	0	1	1	0	0	0	5	0	2	0	22	0	118	14	0	84	6	0	0	0	0	9	5	0	377	0	2	3	11	1	0	6	22	7	5	18	21	215	121	0	0	0	0	2	52	0	386	0	17	0	129	213	7	0	10	17	0	0	0	1	9	43	20	13	0	4	0	0
