0	0	0	0	0	0	0	0	0	24	0	0	0	0	0	0	3	0	7	4	2	175	0	339	1	124	0	0	21	0	53	0	0	2	53	0	0	0	17	2	0	0	2	0	11	0	0	0	0	2	0	1	4	0	77	1	0	42	8	0	1	0	0	0	0	0	7	23	0	0	0	0	0	0
0	0	1	0	11	0	0	2	1	0	0	0	10	0	0	0	0	2	4	3	0	2	2	0	0	0	0	18	16	0	0	0	5	4	17	1	0	0	0	7	6	1	3	8	1	0	0	0	3	3	0	0	0	0	3	1	1	14	16	0	1	8	0	0	0	0	10	0	0	0	2	0	0	0
0	1	0	0	0	0	0	0	16	538	0	0	5	41	37	0	0	2	0	20	0	0	0	0	0	6	0	0	0	17	2	0	0	14	0	0	5	0	0	0	15	0	0	0	0	23	0	23	0	0	0	0	0	0	0	1	50	4	6	0	0	0	0	0	0	101	0	0	1	7	0	1	0	6
0	0	0	0	0	0	0	0	1	21	0	0	0	0	0	0	0	0	0	1	0	0	0	0	0	1	0	0	0	698	0	0	0	1	0	0	0	0	0	0	19	0	0	8	0	0	0	5	0	0	0	0	0	0	0	0	0	0	0	0	0	0	0	0	0	201	1	0	0	1	0	0	0	1
0	11	0	0	0	0	0	0	18	0	4	0	320	98	3	0	0	0	2	37	0	0	0	0	0	8	0	0	0	0	2	0	56	1471	0	0	0	0	5	0	0	0	0	0	0	203	0	3	0	0	9	0	0	0	0	0	0	17	0	0	0	0	0	0	0	0	0	0	6	5	0	8	0	8
0	0	0	0	0	0	0	0	7	707	0	0	0	0	21	0	0	1	11	295	0	0	0	112	0	0	0	0	0	0	637	0	0	12	0	0	0	0	0	0	0	0	1	2	0	27	0	6	0	3	100	0	5	0	0	0	61	196	0	0	0	0	0	0	0	0	0	0	0	7	0	3	0	454
0	0	0	0	0	0	0	0	0	0	0	0	0	0	0	0	0	0	0	0	0	0	0	0	0	0	0	0	0	0	0	0	0	0	0	0	0	0	0	0	0	0	0	0	0	0	0	0	0	0	0	0	0	0	0	0	0	0	0	0	0	0	0	0	0	0	0	0	0	0	0	0	0	0
0	2	0	0	0	0	0	0	31	1	0	0	579	0	0	0	0	0	10	35	0	0	0	0	0	42	0	0	18	0	0	0	28	221	5	0	0	0	0	0	0	0	1	0	0	14	0	0	0	0	0	0	0	0	0	3	0	43	24	1	0	0	0	0	0	0	0	0	0	0	2	0	0	1
0	1	16	1	18	7	0	31	0	10	0	0	37	1	0	0	8	2	33	96	18	7	15	0	0	13	0	67	14	3	0	0	50	53	32	0	0	0	5	3	7	31	43	6	9	1	0	0	0	16	0	0	0	0	6	48	23	81	136	0	6	23	0	7	0	0	6	8	47	7	43	16	4	1
24	0	538	21	0	707	0	1	10	0	0	0	2	0	314	0	0	30	298	280	2	0	0	0	0	0	0	0	0	0	42	0	7	8	2	331	0	0	0	3	185	389	62	763	18	1	0	44	37	36	25	0	913	0	0	0	681	53	1	0	17	22	0	0	0	615	10	23	4	331	6	12	0	0
0	0	0	0	4	0	0	0	0	0	0	0	0	1	0	0	0	0	0	0	0	0	0	0	0	0	0	0	0	0	0	0	0	0	0	0	0	2	0	0	0	0	0	0	0	4	0	0	0	0	0	0	0	0	0	0	0	0	0	0	0	8	0	0	0	0	0	0	4	0	0	0	0	0
0	0	0	0	0	0	0	0	0	0	0	0	0	0	0	0	0	0	0	0	0	0	0	0	0	0	0	0	0	0	0	0	0	0	0	0	0	0	0	0	0	0	0	0	0	0	0	0	0	0	0	0	0	0	0	0	0	0	0	0	0	0	0	0	0	0	0	0	0	0	0	0	0	0
0	10	5	0	320	0	0	579	37	2	0	0	0	1	0	1	78	0	175	44	106	3	42	0	0	16	0	525	181	0	2	0	674	2512	50	0	0	1	125	240	19	1	468	0	6	558	0	2	0	0	0	0	0	0	10	5	65	246	42	1	2	12	0	1	0	25	10	1	0	0	330	9	5	23
0	0	41	0	98	0	0	0	1	0	1	0	1	0	7	0	0	0	0	1	0	0	2	0	0	0	0	70	0	0	5	0	10	65	1	0	0	51	0	0	13	71	0	139	12	2	0	0	0	0	0	0	0	0	0	20	1	5	0	0	306	407	0	40	0	1	0	0	3	0	2	0	29	0
0	0	37	0	3	21	0	0	0	314	0	0	0	7	0	0	0	1	66	32	1	0	0	0	0	0	0	0	0	0	0	0	1	6	0	59	0	0	0	0	4	187	42	234	0	0	0	2	30	0	0	0	51	0	1	0	97	1	12	0	3	12	0	2	0	15	1	26	4	0	2	0	0	2
0	0	0	0	0	0	0	0	0	0	0	0	1	0	0	0	0	0	0	0	0	0	0	0	0	0	0	0	0	0	0	0	0	1	0	0	0	0	0	0	0	0	0	0	0	2	0	0	0	0	0	0	0	0	0	0	0	0	0	0	0	0	0	0	0	0	0	0	0	0	0	0	0	0
3	0	0	0	0	0	0	0	8	0	0	0	78	0	0	0	0	0	2	15	0	0	0	0	0	604	0	0	0	0	56	0	331	110	0	0	0	0	168	0	0	0	0	0	3	2	0	0	0	0	0	0	0	0	0	0	0	57	2	0	0	0	0	0	0	2	1	0	0	2	0	0	0	21
0	2	2	0	0	1	0	0	2	30	0	0	0	0	1	0	0	0	0	0	0	0	0	0	0	0	0	2	0	0	10	0	0	9	1	3	0	0	0	0	4	12	0	10	0	19	0	0	0	33	0	0	1	0	0	0	0	1	0	0	2	9	0	0	0	3	0	0	10	0	0	2	0	0
7	4	0	0	2	11	0	10	33	298	0	0	175	0	66	0	2	0	0	436	10	12	2	0	2	92	0	6	212	0	97	0	348	105	43	0	0	2	17	4	2	3	23	4	46	52	0	0	2	0	0	0	12	0	6	189	74	351	130	0	0	0	0	0	0	3	8	12	0	11	8	4	2	323
4	3	20	1	37	295	0	35	96	280	0	0	44	1	32	0	15	0	436	0	119	15	53	230	44	36	0	90	144	0	230	0	249	86	118	0	0	6	174	123	12	38	140	11	382	18	0	16	40	12	18	0	361	0	178	604	469	76	48	0	14	16	0	0	0	20	13	104	26	280	298	14	3	6
2	0	0	0	0	0	0	0	18	2	0	0	106	0	1	0	0	0	10	119	0	0	0	2	0	771	0	0	2	1	4	0	1193	291	0	0	0	0	242	0	0	0	1	0	3	64	0	0	0	0	8	0	0	0	0	3	0	34	34	0	0	0	0	0	0	0	0	0	0	0	0	0	0	11
175	2	0	0	0	0	0	0	7	0	0	0	3	0	0	0	0	0	12	15	0	0	0	303	0	252	0	0	130	0	282	0	20	9	9	0	0	0	19	0	0	0	0	0	83	29	0	0	0	0	0	1	0	0	0	10	3	132	0	0	0	0	0	0	0	0	0	0	0	0	0	0	0	138
0	2	0	0	0	0	0	0	15	0	0	0	42	2	0	0	0	0	2	53	0	0	0	139	0	15	0	0	1	0	0	0	11	43	2	0	0	0	0	0	0	0	2	0	0	60	0	0	0	0	0	0	0	0	0	0	0	78	64	0	0	0	0	0	0	0	0	0	0	0	0	2	0	9
339	0	0	0	0	112	0	0	0	0	0	0	0	0	0	0	0	0	0	230	2	303	139	0	135	11	0	0	16	0	0	0	2	57	2	0	0	0	0	0	0	0	0	0	248	0	0	0	0	0	0	1	129	0	339	338	18	11	0	0	0	2	0	0	0	0	0	303	0	0	0	0	0	0
1	0	0	0	0	0	0	0	0	0	0	0	0	0	0	0	0	0	2	44	0	0	0	135	0	2	0	0	0	0	6	0	0	0	0	0	0	0	0	0	0	0	0	0	63	0	0	0	0	0	0	0	0	0	0	146	0	0	0	0	0	0	0	0	0	0	0	0	0	0	0	0	0	0
124	0	6	1	8	0	0	42	13	0	0	0	16	0	0	0	604	0	92	36	771	252	15	11	2	0	0	39	62	1	45	0	447	35	111	1	0	1	350	202	34	0	43	2	156	17	0	0	2	2	4	0	206	0	270	31	30	48	6	0	2	1	0	0	0	10	97	70	0	3	46	2	3	5
0	0	0	0	0	0	0	0	0	0	0	0	0	0	0	0	0	0	0	0	0	0	0	0	0	0	0	0	0	0	0	0	0	0	0	0	0	0	0	0	0	0	0	0	0	0	0	0	0	0	0	0	0	0	0	0	0	0	0	0	0	0	0	0	0	0	0	0	0	0	0	0	0	0
0	18	0	0	0	0	0	0	67	0	0	0	525	70	0	0	0	2	6	90	0	0	0	0	0	39	0	0	1	1	2	0	10	1039	4	0	0	0	0	0	0	0	1	4	0	150	0	4	0	0	0	0	0	0	0	3	0	38	54	0	0	0	0	0	0	3	2	0	0	9	0	17	0	21
21	16	0	0	0	0	0	18	14	0	0	0	181	0	0	0	0	0	212	144	2	130	1	16	0	62	0	1	0	1	14	0	894	808	196	0	0	0	24	3	0	2	8	0	4	116	0	0	0	0	0	0	0	0	2	7	12	432	255	0	0	0	0	0	0	1	160	36	0	0	23	10	0	13
0	0	17	698	0	0	0	0	3	0	0	0	0	0	0	0	0	0	0	0	1	0	0	0	0	1	0	1	1	0	22	0	0	5	0	652	0	0	0	0	634	0	0	0	5	6	0	1	111	1	0	0	0	0	18	0	1	0	0	0	0	0	0	0	0	1368	1	0	0	0	0	0	0	0
53	0	2	0	2	637	0	0	0	42	0	0	2	5	0	0	56	10	97	230	4	282	0	0	6	45	0	2	14	22	0	0	24	7	6	0	0	0	2	2	10	0	24	324	744	19	0	0	0	0	218	0	906	0	384	0	352	69	0	0	4	4	0	0	0	14	298	24	0	260	57	0	0	421
0	0	0	0	0	0	0	0	0	0	0	0	0	0	0	0	0	0	0	0	0	0	0	0	0	0	0	0	0	0	0	0	0	0	0	0	0	0	0	0	0	0	0	0	0	0	0	0	0	0	0	0	0	0	0	0	0	0	0	0	0	1	0	1	0	0	0	0	1	0	0	2	0	0
0	5	0	0	56	0	0	28	50	7	0	0	674	10	1	0	331	0	348	249	1193	20	11	2	0	447	0	10	894	0	24	0	0	290	190	0	0	0	1145	948	9	6	14	7	2	35	0	0	81	47	0	0	25	0	187	35	31	151	21	1	0	16	0	0	0	2	1	47	2	0	1110	0	0	47
2	4	14	1	1471	12	0	221	53	8	0	0	2512	65	6	1	110	9	105	86	291	9	43	57	0	35	0	1039	808	5	7	0	290	0	11	0	2	58	26	38	21	15	238	57	135	1882	0	0	0	0	40	0	2	0	351	7	47	1483	2	0	93	91	0	0	0	35	156	41	60	1	1052	2	12	20
53	17	0	0	0	0	0	5	32	2	0	0	50	1	0	0	0	1	43	118	0	9	2	2	0	111	0	4	196	0	6	0	190	11	0	0	0	0	38	20	0	0	8	0	2	9	0	0	0	0	0	0	0	0	3	5	3	379	75	1	0	1	0	0	0	0	23	0	0	2	3	13	0	8
0	1	0	0	0	0	0	0	0	331	0	0	0	0	59	0	0	3	0	0	0	0	0	0	0	1	0	0	0	652	0	0	0	0	0	0	0	0	0	0	23	0	0	6	0	0	0	9	0	0	0	0	0	0	0	0	0	0	0	0	0	0	0	0	0	307	0	0	0	2	0	1	0	3
0	0	5	0	0	0	0	0	0	0	0	0	0	0	0	0	0	0	0	0	0	0	0	0	0	0	0	0	0	0	0	0	0	2	0	0	0	0	0	0	5	0	0	2	0	0	0	0	0	0	0	0	0	0	0	0	0	0	0	0	8	16	0	0	0	0	0	0	0	0	0	5	0	0
0	0	0	0	0	0	0	0	0	0	2	0	1	51	0	0	0	0	2	6	0	0	0	0	0	1	0	0	0	0	0	0	0	58	0	0	0	0	0	0	0	0	0	0	0	22	0	0	0	0	0	0	0	0	0	0	0	131	0	0	0	0	0	0	0	0	0	0	0	0	0	0	0	0
17	0	0	0	5	0	0	0	5	0	0	0	125	0	0	0	168	0	17	174	242	19	0	0	0	350	0	0	24	0	2	0	1145	26	38	0	0	0	0	104	4	0	1	0	17	18	0	0	0	0	0	0	0	0	138	0	0	25	0	0	0	0	0	0	0	2	2	2	0	4	82	0	0	4
2	7	0	0	0	0	0	0	3	3	0	0	240	0	0	0	0	0	4	123	0	0	0	0	0	202	0	0	3	0	2	0	948	38	20	0	0	0	104	0	0	0	1	0	2	18	0	0	0	0	0	0	0	0	0	2	0	0	0	0	0	0	0	0	0	0	0	0	0	0	0	7	0	2
0	6	15	19	0	0	0	0	7	185	0	0	19	13	4	0	0	4	2	12	0	0	0	0	0	34	0	0	0	634	10	0	9	21	0	23	5	0	4	0	0	2	1	28	2	38	0	49	0	3	0	0	0	0	0	7	9	41	0	0	2	11	0	0	0	155	0	0	0	0	0	9	0	34
0	1	0	0	0	0	0	0	31	389	0	0	1	71	187	0	0	12	3	38	0	0	0	0	0	0	0	0	2	0	0	0	6	15	0	0	0	0	0	0	2	0	3	2	0	6	0	17	0	0	0	0	0	0	0	0	1	350	94	0	0	0	0	0	0	2	0	0	7	9	0	1	0	19
2	3	0	0	0	1	0	1	43	62	0	0	468	0	42	0	0	0	23	140	1	0	2	0	0	43	0	1	8	0	24	0	14	238	8	0	0	0	1	1	1	3	0	2	4	60	0	0	0	3	0	0	0	0	2	1	39	591	172	2	1	0	0	0	0	2	4	0	1	5	6	2	3	49
0	8	0	8	0	2	0	0	6	763	0	0	0	139	234	0	0	10	4	11	0	0	0	0	0	2	0	4	0	0	324	0	7	57	0	6	2	0	0	0	28	2	2	0	9	8	0	30	6	0	5	0	8	0	0	0	0	47	26	0	2	16	0	0	0	9	3	0	4	5	0	8	0	325
11	1	0	0	0	0	0	0	9	18	0	0	6	12	0	0	3	0	46	382	3	83	0	248	63	156	0	0	4	5	744	0	2	135	2	0	0	0	17	2	2	0	4	9	0	10	0	0	0	0	22	1	123	0	68	4	130	24	0	0	0	1	0	0	0	0	12	1	0	48	0	0	2	115
0	0	23	0	203	27	0	14	1	1	4	0	558	2	0	2	2	19	52	18	64	29	60	0	0	17	0	150	116	6	19	0	35	1882	9	0	0	22	18	18	38	6	60	8	10	0	0	0	0	0	0	0	54	0	62	0	20	236	2	0	47	53	0	0	0	15	59	2	9	0	108	1	10	1
0	0	0	0	0	0	0	0	0	0	0	0	0	0	0	0	0	0	0	0	0	0	0	0	0	0	0	0	0	0	0	0	0	0	0	0	0	0	0	0	0	0	0	0	0	0	0	0	0	0	0	0	0	0	0	0	0	0	0	0	0	0	0	0	0	0	0	0	0	0	0	0	0	0
0	0	23	5	3	6	0	0	0	44	0	0	2	0	2	0	0	0	0	16	0	0	0	0	0	0	0	4	0	1	0	0	0	0	0	9	0	0	0	0	49	17	0	30	0	0	0	0	0	0	0	0	8	0	0	0	22	1	0	0	0	0	0	0	0	39	0	0	1	28	0	1	0	0
0	3	0	0	0	0	0	0	0	37	0	0	0	0	30	0	0	0	2	40	0	0	0	0	0	2	0	0	0	111	0	0	81	0	0	0	0	0	0	0	0	0	0	6	0	0	0	0	0	0	0	0	0	0	0	0	0	0	0	0	0	0	0	0	0	0	0	0	0	0	0	3	0	0
2	3	0	0	0	3	0	0	16	36	0	0	0	0	0	0	0	33	0	12	0	0	0	0	0	2	0	0	0	1	0	0	47	0	0	0	0	0	0	0	3	0	3	0	0	0	0	0	0	0	0	0	0	0	0	0	0	0	0	0	0	0	0	0	0	0	4	0	0	4	0	3	0	2
0	0	0	0	9	100	0	0	0	25	0	0	0	0	0	0	0	0	0	18	8	0	0	0	0	4	0	0	0	0	218	0	0	40	0	0	0	0	0	0	0	0	0	5	22	0	0	0	0	0	0	0	97	0	12	0	65	9	0	0	0	0	0	0	0	0	1	0	0	44	0	0	0	2
1	0	0	0	0	0	0	0	0	0	0	0	0	0	0	0	0	0	0	0	0	1	0	1	0	0	0	0	0	0	0	0	0	0	0	0	0	0	0	0	0	0	0	0	1	0	0	0	0	0	0	0	0	0	0	0	0	0	0	0	0	0	0	0	0	0	0	1	0	0	0	0	0	0
4	0	0	0	0	5	0	0	0	913	0	0	0	0	51	0	0	1	12	361	0	0	0	129	0	206	0	0	0	0	906	0	25	2	0	0	0	0	0	0	0	0	0	8	123	54	0	8	0	0	97	0	0	0	0	0	57	72	0	0	0	0	0	0	0	0	0	0	0	7	0	0	0	681
0	0	0	0	0	0	0	0	0	0	0	0	0	0	0	0	0	0	0	0	0	0	0	0	0	0	0	0	0	0	0	0	0	0	0	0	0	0	0	0	0	0	0	0	0	0	0	0	0	0	0	0	0	0	0	0	0	0	0	0	0	0	0	0	0	0	0	0	0	0	0	0	0	0
77	3	0	0	0	0	0	0	6	0	0	0	10	0	1	0	0	0	6	178	0	0	0	339	0	270	0	0	2	18	384	0	187	351	3	0	0	0	138	0	0	0	2	0	68	62	0	0	0	0	12	0	0	0	0	106	0	84	4	0	0	0	0	0	0	0	1	0	0	3	4	1	0	8
1	1	1	0	0	0	0	3	48	0	0	0	5	20	0	0	0	0	189	604	3	10	0	338	146	31	0	3	7	0	0	0	35	7	5	0	0	0	0	2	7	0	1	0	4	0	0	0	0	0	0	0	0	0	106	0	156	5	28	0	2	0	0	0	0	0	0	228	0	150	1	3	4	7
0	1	50	0	0	61	0	0	23	681	0	0	65	1	97	0	0	0	74	469	0	3	0	18	0	30	0	0	12	1	352	0	31	47	3	0	0	0	0	0	9	1	39	0	130	20	0	22	0	0	65	0	57	0	0	156	0	87	49	2	0	4	0	0	0	83	6	0	0	12	12	1	0	158
42	14	4	0	17	196	0	43	81	53	0	0	246	5	1	0	57	1	351	76	34	132	78	11	0	48	0	38	432	0	69	0	151	1483	379	0	0	131	25	0	41	350	591	47	24	236	0	1	0	0	9	0	72	0	84	5	87	0	316	2	16	31	0	0	0	20	521	173	37	2	309	14	3	567
8	16	6	0	0	0	0	24	136	1	0	0	42	0	12	0	2	0	130	48	34	0	64	0	0	6	0	54	255	0	0	0	21	2	75	0	0	0	0	0	0	94	172	26	0	2	0	0	0	0	0	0	0	0	4	28	49	316	0	3	0	0	0	0	0	0	181	0	0	56	55	11	0	8
0	0	0	0	0	0	0	1	0	0	0	0	1	0	0	0	0	0	0	0	0	0	0	0	0	0	0	0	0	0	0	0	1	0	1	0	0	0	0	0	0	0	2	0	0	0	0	0	0	0	0	0	0	0	0	0	2	2	3	0	0	0	0	0	0	0	0	0	0	0	1	0	0	0
1	1	0	0	0	0	0	0	6	17	0	0	2	306	3	0	0	2	0	14	0	0	0	0	0	2	0	0	0	0	4	0	0	93	0	0	8	0	0	0	2	0	1	2	0	47	0	0	0	0	0	0	0	0	0	2	0	16	0	0	0	0	0	0	0	0	1	0	1	8	0	1	0	17
0	8	0	0	0	0	0	0	23	22	8	0	12	407	12	0	0	9	0	16	0	0	0	2	0	1	0	0	0	0	4	1	16	91	1	0	16	0	0	0	11	0	0	16	1	53	0	0	0	0	0	0	0	0	0	0	4	31	0	0	0	0	0	0	0	2	4	0	5	10	0	8	0	42
0	0	0	0	0	0	0	0	0	0	0	0	0	0	0	0	0	0	0	0	0	0	0	0	0	0	0	0	0	0	0	0	0	0	0	0	0	0	0	0	0	0	0	0	0	0	0	0	0	0	0	0	0	0	0	0	0	0	0	0	0	0	0	0	0	0	0	0	0	0	0	0	0	0
0	0	0	0	0	0	0	0	7	0	0	0	1	40	2	0	0	0	0	0	0	0	0	0	0	0	0	0	0	0	0	1	0	0	0	0	0	0	0	0	0	0	0	0	0	0	0	0	0	0	0	0	0	0	0	0	0	0	0	0	0	0	0	0	0	0	0	0	1	0	0	0	0	2
0	0	0	0	0	0	0	0	0	0	0	0	0	0	0	0	0	0	0	0	0	0	0	0	0	0	0	0	0	0	0	0	0	0	0	0	0	0	0	0	0	0	0	0	0	0	0	0	0	0	0	0	0	0	0	0	0	0	0	0	0	0	0	0	0	0	0	0	0	0	0	0	0	0
0	0	101	201	0	0	0	0	0	615	0	0	25	1	15	0	2	3	3	20	0	0	0	0	0	10	0	3	1	1368	14	0	2	35	0	307	0	0	2	0	155	2	2	9	0	15	0	39	0	0	0	0	0	0	0	0	83	20	0	0	0	2	0	0	0	0	0	0	0	0	1	0	0	13
7	10	0	1	0	0	0	0	6	10	0	0	10	0	1	0	1	0	8	13	0	0	0	0	0	97	0	2	160	1	298	0	1	156	23	0	0	0	2	0	0	0	4	3	12	59	0	0	0	4	1	0	0	0	1	0	6	521	181	0	1	4	0	0	0	0	0	0	0	8	2	14	0	21
23	0	0	0	0	0	0	0	8	23	0	0	1	0	26	0	0	0	12	104	0	0	0	303	0	70	0	0	36	0	24	0	47	41	0	0	0	0	2	0	0	0	0	0	1	2	0	0	0	0	0	1	0	0	0	228	0	173	0	0	0	0	0	0	0	0	0	0	0	0	0	0	0	145
0	0	1	0	6	0	0	0	47	4	4	0	0	3	4	0	0	10	0	26	0	0	0	0	0	0	0	0	0	0	0	1	2	60	0	0	0	0	0	0	0	7	1	4	0	9	0	1	0	0	0	0	0	0	0	0	0	37	0	0	1	5	0	1	0	0	0	0	0	7	1	0	0	20
0	0	7	1	5	7	0	0	7	331	0	0	0	0	0	0	2	0	11	280	0	0	0	0	0	3	0	9	0	0	260	0	0	1	2	2	0	0	4	0	0	9	5	5	48	0	0	28	0	4	44	0	7	0	3	150	12	2	56	0	8	10	0	0	0	0	8	0	7	0	7	4	4	13
0	2	0	0	0	0	0	2	43	6	0	0	330	2	2	0	0	0	8	298	0	0	0	0	0	46	0	0	23	0	57	0	1110	1052	3	0	0	0	82	0	0	0	6	0	0	108	0	0	0	0	0	0	0	0	4	1	12	309	55	1	0	0	0	0	0	1	2	0	1	7	0	2	0	12
0	0	1	0	8	3	0	0	16	12	0	0	9	0	0	0	0	2	4	14	0	0	2	0	0	2	0	17	10	0	0	2	0	2	13	1	5	0	0	7	9	1	2	8	0	1	0	1	3	3	0	0	0	0	1	3	1	14	11	0	1	8	0	0	0	0	14	0	0	4	2	0	0	4
0	0	0	0	0	0	0	0	4	0	0	0	5	29	0	0	0	0	2	3	0	0	0	0	0	3	0	0	0	0	0	0	0	12	0	0	0	0	0	0	0	0	3	0	2	10	0	0	0	0	0	0	0	0	0	4	0	3	0	0	0	0	0	0	0	0	0	0	0	4	0	0	0	1
0	0	6	1	8	454	0	1	1	0	0	0	23	0	2	0	21	0	323	6	11	138	9	0	0	5	0	21	13	0	421	0	47	20	8	3	0	0	4	2	34	19	49	325	115	1	0	0	0	2	2	0	681	0	8	7	158	567	8	0	17	42	0	2	0	13	21	145	20	13	12	4	1	0
