0	0	0	0	0	0	0	0	0	0	0	0	0	0	0	0	0	0	0	0	0	22	0	4	0	0	0	0	0	0	24	0	0	0	0	1	0	0	0	0	0	0	0	0	0	0	0	0	0	0	0	0	0	0	0	0	0	0	0	0	0	0	0	0	0	0	5	0	0	0	0	0	0	0
0	0	0	0	445	0	0	463	0	0	0	0	476	0	168	329	1	0	95	19	12	0	4	0	0	0	0	0	9	0	2	0	0	1	9	1	0	7	7	309	21	0	257	1	0	0	0	0	0	0	0	0	0	6	3	0	31	0	0	30	0	0	0	0	0	34	0	0	2	7	0	0	0	0
0	0	0	0	0	0	0	0	0	149	0	0	0	3	4	2	0	0	0	0	1	0	0	0	0	0	10	0	0	0	0	0	0	0	0	6	0	0	1	0	0	2	0	2	0	0	0	152	0	0	0	0	0	0	0	0	219	0	0	0	0	0	0	0	0	29	0	0	1	0	0	0	0	0
0	0	0	0	0	0	0	0	0	0	0	0	0	0	97	97	0	0	0	0	0	0	0	0	0	0	0	0	0	0	0	0	0	0	0	0	0	0	0	0	0	0	0	0	0	0	0	2	0	3	0	0	0	0	0	0	0	0	0	0	0	0	0	0	0	1	0	0	0	0	0	0	0	0
0	445	0	0	0	0	0	0	0	1	0	0	18	0	187	187	0	2	0	0	0	0	0	0	0	0	0	0	0	0	0	1	0	1	0	0	0	0	0	0	0	0	0	0	0	20	0	0	0	0	0	0	0	0	0	0	1	0	0	0	0	0	0	0	0	0	0	0	0	0	0	0	0	0
0	0	0	0	0	0	0	0	0	14	0	0	0	0	0	0	0	0	0	0	0	0	0	0	0	0	0	0	0	0	70	0	0	0	0	0	0	0	0	0	0	0	0	2	0	0	0	0	0	0	0	0	0	0	0	1	198	0	0	0	0	0	0	0	0	0	0	0	0	0	0	0	0	0
0	0	0	0	0	0	0	0	0	0	0	0	0	0	6	0	0	2	0	0	0	0	0	0	0	0	0	0	1	0	0	0	0	1	1	43	0	22	0	0	280	19	0	362	1	0	2	1	0	0	0	0	0	0	1	0	5	0	0	0	0	0	0	0	0	26	2	0	2	0	0	0	0	0
0	463	0	0	0	0	0	0	0	0	0	0	52	0	53	53	0	0	0	0	1	0	0	0	0	0	0	0	0	0	0	0	1	1	1	0	0	0	0	0	0	0	0	0	0	13	0	0	195	0	0	0	0	10	0	0	0	0	0	0	0	0	0	0	0	0	0	0	0	0	0	0	0	0
0	0	0	0	0	0	0	0	0	0	0	0	0	0	0	0	0	0	0	0	0	0	0	0	0	0	0	0	0	0	0	0	0	0	0	0	0	0	0	0	0	0	0	0	0	0	0	0	0	0	0	0	0	0	0	0	0	0	0	0	0	0	0	0	0	0	0	0	0	0	0	0	0	0
0	0	149	0	1	14	0	0	0	0	0	0	0	0	180	6	0	139	44	97	0	0	4	0	0	0	6	0	0	0	55	0	0	0	2	19	0	2	0	0	59	18	23	226	0	0	2	186	0	0	0	0	132	5	0	153	363	0	0	0	2	0	0	0	0	178	0	0	2	0	0	0	0	0
0	0	0	0	0	0	0	0	0	0	0	0	0	0	0	0	0	0	0	0	0	0	0	0	0	0	0	0	0	0	0	0	0	0	0	0	0	0	0	0	0	0	0	0	0	0	0	0	0	0	0	0	0	0	0	0	0	0	0	0	0	0	0	0	0	0	0	0	0	422	616	0	0	0
0	0	0	0	0	0	0	0	0	0	0	0	0	0	0	0	0	0	0	0	0	0	0	0	0	0	0	0	0	0	0	0	0	0	0	0	0	0	0	0	0	0	0	0	0	0	0	0	0	0	0	0	0	0	0	0	0	0	0	0	0	0	0	0	0	0	0	0	0	0	0	0	0	0
0	476	0	0	18	0	0	52	0	0	0	0	0	0	88	89	6	0	7	0	101	0	2	0	0	0	0	0	0	0	0	0	26	12	0	0	1	3	16	42	0	0	27	0	0	14	0	0	167	0	0	0	0	0	1	1	5	0	0	3	4	0	0	0	0	1	0	0	2	1	0	0	0	0
0	0	3	0	0	0	0	0	0	0	0	0	0	0	12	12	0	2	0	0	0	0	0	0	0	0	0	0	0	0	0	0	0	0	0	1	0	4	0	0	0	0	0	0	0	0	5	0	0	0	0	0	0	0	0	0	0	0	0	0	6	0	0	0	0	0	0	0	0	0	0	0	0	0
0	168	4	97	187	0	6	53	0	180	0	0	88	12	14	8	0	15	40	1	0	0	5	0	0	0	1	0	2	0	0	0	0	0	0	20	2	17	0	15	7	14	15	15	0	0	13	35	0	142	0	0	0	0	0	0	56	0	1	4	24	0	0	0	0	24	0	0	68	1	0	0	0	0
0	329	2	97	187	0	0	53	0	6	0	0	89	12	8	0	0	14	37	1	0	0	5	0	0	0	0	0	1	0	0	0	0	0	0	13	0	17	0	15	6	7	9	5	0	0	13	0	0	150	0	0	0	0	0	0	12	0	1	4	24	0	4	0	0	3	0	0	68	1	0	0	0	0
0	1	0	0	0	0	0	0	0	0	0	0	6	0	0	0	0	0	2	0	381	1	0	0	0	62	0	0	0	0	12	0	0	1	1	0	0	0	76	0	0	0	0	0	0	9	0	0	3	0	0	92	0	0	0	0	0	0	0	0	0	0	0	0	0	0	2	0	0	0	0	0	0	0
0	0	0	0	2	0	2	0	0	139	0	0	0	2	15	14	0	0	0	0	0	0	2	0	0	0	0	0	0	0	20	0	0	0	1	1	0	2	0	1	6	1	0	9	0	0	0	1	0	305	0	0	1	0	1	0	58	0	1	0	5	0	0	0	0	0	0	0	5	0	0	0	0	0
0	95	0	0	0	0	0	0	0	44	0	0	7	0	40	37	2	0	0	10	4	1	2	4	0	0	0	0	6	0	14	0	2	0	9	0	1	0	0	4	0	2	17	2	2	0	0	13	2	0	0	2	2	2	0	4	170	0	0	2	0	0	0	0	0	0	0	0	0	2	0	0	0	0
0	19	0	0	0	0	0	0	0	97	0	0	0	0	1	1	0	0	10	0	21	0	0	4	0	2	0	0	0	0	110	0	20	0	1	0	1	0	1	0	0	0	1	0	0	22	0	9	31	0	0	1	0	16	0	4	240	0	0	0	0	0	0	0	0	0	0	0	0	1	0	0	0	0
0	12	1	0	0	0	0	1	0	0	0	0	101	0	0	0	381	0	4	21	0	4	1	0	2	47	0	0	14	0	0	0	55	97	19	0	0	3	577	405	0	2	0	0	0	0	1	0	4	0	0	51	6	0	11	2	3	0	0	1	0	0	0	0	0	0	0	0	6	1	1	0	0	0
22	0	0	0	0	0	0	0	0	0	0	0	0	0	0	0	1	0	1	0	4	0	0	11	4	2	0	0	2	0	5	0	1	0	3	0	0	1	0	2	0	0	3	0	7	0	0	0	0	0	1	1	0	0	1	0	2	0	1	0	0	0	0	0	0	0	6	0	0	0	0	0	0	0
0	4	0	0	0	0	0	0	0	4	0	0	2	0	5	5	0	2	2	0	1	0	0	0	0	1	0	0	0	0	0	0	0	0	0	0	1	0	2	0	0	0	1	0	0	0	0	0	34	0	0	8	0	0	0	1	38	0	0	0	0	0	0	0	0	0	0	0	0	0	0	0	0	0
4	0	0	0	0	0	0	0	0	0	0	0	0	0	0	0	0	0	4	4	0	11	0	0	0	0	0	0	0	0	2	0	0	0	0	0	0	0	0	0	0	0	0	0	0	0	0	0	0	0	0	0	0	1	0	10	0	0	0	0	0	0	0	0	0	4	0	0	0	0	0	0	0	0
0	0	0	0	0	0	0	0	0	0	0	0	0	0	0	0	0	0	0	0	2	4	0	0	0	0	0	0	0	0	4	0	0	0	0	0	0	0	0	0	0	0	0	0	0	0	0	0	0	0	0	0	0	0	0	0	10	0	0	0	0	0	0	0	0	0	0	0	0	0	0	0	0	0
0	0	0	0	0	0	0	0	0	0	0	0	0	0	0	0	62	0	0	2	47	2	1	0	0	0	0	0	1	0	4	0	0	1	3	0	0	0	67	43	0	0	1	0	1	0	0	0	0	0	0	3	5	0	7	2	1	0	1	0	0	0	0	0	0	0	1	0	0	0	1	0	11	0
0	0	10	0	0	0	0	0	0	6	0	0	0	0	1	0	0	0	0	0	0	0	0	0	0	0	0	0	0	0	0	0	0	0	0	6	0	0	0	0	7	0	0	0	0	0	0	103	0	0	0	0	0	0	0	0	0	0	0	0	0	0	2	0	0	74	0	0	0	0	0	0	0	0
0	0	0	0	0	0	0	0	0	0	0	0	0	0	0	0	0	0	0	0	0	0	0	0	0	0	0	0	0	0	0	0	0	0	0	0	0	0	0	0	0	0	0	0	0	0	0	0	0	0	0	0	0	0	0	0	0	0	0	0	0	0	0	0	0	0	0	0	0	0	0	0	0	0
0	9	0	0	0	0	1	0	0	0	0	0	0	0	2	1	0	0	6	0	14	2	0	0	0	1	0	0	0	0	0	0	30	0	10	0	2	0	1	1	0	0	3	0	0	0	0	0	6	0	0	97	0	23	0	0	3	0	0	0	0	0	0	0	0	0	15	0	0	0	0	0	0	0
0	0	0	0	0	0	0	0	0	0	0	0	0	0	0	0	0	0	0	0	0	0	0	0	0	0	0	0	0	0	0	0	0	0	0	0	0	0	0	0	0	0	0	0	0	0	0	0	0	0	0	0	0	0	0	0	0	0	0	0	0	0	0	0	0	0	0	0	0	0	0	0	0	0
24	2	0	0	0	70	0	0	0	55	0	0	0	0	0	0	12	20	14	110	0	5	0	2	4	4	0	0	0	0	0	0	0	0	0	0	0	0	2	0	0	0	0	44	318	0	0	0	0	0	56	1	68	1	144	0	291	0	0	0	0	0	0	0	0	0	30	0	0	0	0	0	0	0
0	0	0	0	1	0	0	0	0	0	0	0	0	0	0	0	0	0	0	0	0	0	0	0	0	0	0	0	0	0	0	0	0	1	0	0	0	0	0	0	0	0	0	0	0	0	0	0	1	0	0	0	0	0	0	0	0	0	0	0	0	0	0	0	0	0	0	0	0	0	0	0	0	0
0	0	0	0	0	0	0	1	0	0	0	0	26	0	0	0	0	0	2	20	55	1	0	0	0	0	0	0	30	0	0	0	0	1	34	0	0	4	55	61	0	0	5	0	1	0	0	0	1	0	0	0	0	0	0	0	1	0	0	9	0	0	0	0	0	0	0	0	0	0	1	0	0	0
0	1	0	0	1	0	1	1	0	0	0	0	12	0	0	0	1	0	0	0	97	0	0	0	0	1	0	0	0	0	0	1	1	0	0	0	0	0	2	0	0	0	0	1	0	4	0	0	1	0	0	0	0	0	0	0	0	0	0	0	0	0	0	0	0	1	1	0	0	0	0	0	0	0
0	9	0	0	0	0	1	1	0	2	0	0	0	0	0	0	1	1	9	1	19	3	0	0	0	3	0	0	10	0	0	0	34	0	0	0	3	1	15	10	0	1	13	2	0	0	0	0	44	0	0	52	0	19	0	0	36	0	0	2	0	0	0	0	0	0	31	0	0	1	0	0	0	0
1	1	6	0	0	0	43	0	0	19	0	0	0	1	20	13	0	1	0	0	0	0	0	0	0	0	6	0	0	0	0	0	0	0	0	0	0	1	0	0	18	43	0	30	0	0	1	22	1	0	0	0	0	0	0	0	0	0	0	0	0	0	0	0	0	110	1	0	0	0	0	0	1	0
0	0	0	0	0	0	0	0	0	0	0	0	1	0	2	0	0	0	1	1	0	0	1	0	0	0	0	0	2	0	0	0	0	0	3	0	0	1	0	0	0	2	0	0	0	0	0	0	2	0	0	0	0	0	0	1	0	0	0	3	0	0	0	0	0	0	4	0	1	0	0	0	0	0
0	7	0	0	0	0	22	0	0	2	0	0	3	4	17	17	0	2	0	0	3	1	0	0	0	0	0	0	0	0	0	0	4	0	1	1	1	0	1	0	0	1	1	2	0	6	0	2	7	1	0	0	0	21	0	1	1	0	0	0	0	0	0	0	0	0	0	0	0	0	0	0	0	0
0	7	1	0	0	0	0	0	0	0	0	0	16	0	0	0	76	0	0	1	577	0	2	0	0	67	0	0	1	0	2	0	55	2	15	0	0	1	0	56	2	0	0	0	0	2	2	0	11	0	0	103	3	1	25	12	2	0	0	0	0	0	0	0	0	0	0	0	0	0	0	0	0	0
0	309	0	0	0	0	0	0	0	0	0	0	42	0	15	15	0	1	4	0	405	2	0	0	0	43	0	0	1	0	0	0	61	0	10	0	0	0	56	0	0	0	0	0	0	9	0	0	168	0	0	88	0	27	0	0	3	0	0	0	0	0	0	0	0	0	0	0	0	1	0	0	0	0
0	21	0	0	0	0	280	0	0	59	0	0	0	0	7	6	0	6	0	0	0	0	0	0	0	0	7	0	0	0	0	0	0	0	0	18	0	0	2	0	0	0	0	19	0	0	0	122	1	1	0	0	0	0	0	0	8	0	0	0	0	0	0	0	0	62	0	0	2	0	0	0	0	0
0	0	2	0	0	0	19	0	0	18	0	0	0	0	14	7	0	1	2	0	2	0	0	0	0	0	0	0	0	0	0	0	0	0	1	43	2	1	0	0	0	0	5	4	0	0	2	10	0	0	0	0	0	0	0	0	2	0	0	0	0	0	0	0	0	41	9	0	1	0	0	0	0	0
0	257	0	0	0	0	0	0	0	23	0	0	27	0	15	9	0	0	17	1	0	3	1	0	0	1	0	0	3	0	0	0	5	0	13	0	0	1	0	0	0	5	0	0	0	2	0	17	233	0	0	0	0	0	0	1	201	0	0	3	0	0	0	0	0	1	75	0	1	0	0	0	0	0
0	1	2	0	0	2	362	0	0	226	0	0	0	0	15	5	0	9	2	0	0	0	0	0	0	0	0	0	0	0	44	0	0	1	2	30	0	2	0	0	19	4	0	0	0	0	2	209	0	1	0	0	4	0	0	0	69	0	0	0	2	0	0	0	0	23	8	0	0	0	0	0	0	0
0	0	0	0	0	0	1	0	0	0	0	0	0	0	0	0	0	0	2	0	0	7	0	0	0	1	0	0	0	0	318	0	1	0	0	0	0	0	0	0	0	0	0	0	0	0	0	0	1	0	0	7	0	0	0	0	131	0	0	0	0	0	0	0	0	0	4	0	0	0	0	0	0	0
0	0	0	0	20	0	0	13	0	0	0	0	14	0	0	0	9	0	0	22	0	0	0	0	0	0	0	0	0	0	0	0	0	4	0	0	0	6	2	9	0	0	2	0	0	0	0	0	5	0	0	0	0	0	0	0	32	0	0	0	33	0	0	0	0	0	1	0	1	0	0	0	0	0
0	0	0	0	0	0	2	0	0	2	0	0	0	5	13	13	0	0	0	0	1	0	0	0	0	0	0	0	0	0	0	0	0	0	0	1	0	0	2	0	0	2	0	2	0	0	0	0	0	0	0	0	0	0	0	0	0	0	0	0	0	0	0	0	0	0	0	0	0	0	0	0	0	0
0	0	152	2	0	0	1	0	0	186	0	0	0	0	35	0	0	1	13	9	0	0	0	0	0	0	103	0	0	0	0	0	0	0	0	22	0	2	0	0	122	10	17	209	0	0	0	0	0	0	0	0	0	4	0	0	144	0	0	0	0	0	1	0	0	206	0	0	0	1	0	0	0	0
0	0	0	0	0	0	0	195	0	0	0	0	167	0	0	0	3	0	2	31	4	0	34	0	0	0	0	0	6	0	0	1	1	1	44	1	2	7	11	168	1	0	233	0	1	5	0	0	0	0	0	0	0	1	1	15	21	0	0	212	0	0	0	0	0	1	7	0	51	0	0	0	0	0
0	0	0	3	0	0	0	0	0	0	0	0	0	0	142	150	0	305	0	0	0	0	0	0	0	0	0	0	0	0	0	0	0	0	0	0	0	1	0	0	1	0	0	1	0	0	0	0	0	0	0	0	0	0	0	0	1	0	0	0	0	0	4	0	0	0	0	0	0	0	0	0	0	0
0	0	0	0	0	0	0	0	0	0	0	0	0	0	0	0	0	0	0	0	0	1	0	0	0	0	0	0	0	0	56	0	0	0	0	0	0	0	0	0	0	0	0	0	0	0	0	0	0	0	0	0	0	0	1	0	0	0	0	0	0	0	0	0	0	0	0	0	0	0	0	0	0	0
0	0	0	0	0	0	0	0	0	0	0	0	0	0	0	0	92	0	2	1	51	1	8	0	0	3	0	0	97	0	1	0	0	0	52	0	0	0	103	88	0	0	0	0	7	0	0	0	0	0	0	0	1	0	10	17	2	0	1	0	0	0	0	0	0	0	2	0	0	0	0	0	5	0
0	0	0	0	0	0	0	0	0	132	0	0	0	0	0	0	0	1	2	0	6	0	0	0	0	5	0	0	0	0	68	0	0	0	0	0	0	0	3	0	0	0	0	4	0	0	0	0	0	0	0	1	0	3	0	2	245	0	0	0	0	0	0	0	0	1	0	0	0	0	0	0	0	0
0	6	0	0	0	0	0	10	0	5	0	0	0	0	0	0	0	0	2	16	0	0	0	1	0	0	0	0	23	0	1	0	0	0	19	0	0	21	1	27	0	0	0	0	0	0	0	4	1	0	0	0	3	0	0	10	0	0	0	6	0	0	0	0	0	0	0	0	0	0	0	0	0	0
0	3	0	0	0	0	1	0	0	0	0	0	1	0	0	0	0	1	0	0	11	1	0	0	0	7	0	0	0	0	144	0	0	0	0	0	0	0	25	0	0	0	0	0	0	0	0	0	1	0	1	10	0	0	0	2	1	0	2	0	0	0	0	0	0	1	3	0	0	0	0	0	0	0
0	0	0	0	0	1	0	0	0	153	0	0	1	0	0	0	0	0	4	4	2	0	1	10	0	2	0	0	0	0	0	0	0	0	0	0	1	1	12	0	0	0	1	0	0	0	0	0	15	0	0	17	2	10	2	0	227	0	0	0	0	0	0	0	0	0	0	0	0	0	0	0	0	0
0	31	219	0	1	198	5	0	0	363	0	0	5	0	56	12	0	58	170	240	3	2	38	0	10	1	0	0	3	0	291	0	1	0	36	0	0	1	2	3	8	2	201	69	131	32	0	144	21	1	0	2	245	0	1	227	0	0	0	5	5	0	0	0	0	56	2	0	15	0	0	0	0	0
0	0	0	0	0	0	0	0	0	0	0	0	0	0	0	0	0	0	0	0	0	0	0	0	0	0	0	0	0	0	0	0	0	0	0	0	0	0	0	0	0	0	0	0	0	0	0	0	0	0	0	0	0	0	0	0	0	0	0	0	0	0	0	0	0	0	0	0	0	0	0	0	0	0
0	0	0	0	0	0	0	0	0	0	0	0	0	0	1	1	0	1	0	0	0	1	0	0	0	1	0	0	0	0	0	0	0	0	0	0	0	0	0	0	0	0	0	0	0	0	0	0	0	0	0	1	0	0	2	0	0	0	0	0	0	0	0	0	0	0	0	0	0	0	0	0	0	0
0	30	0	0	0	0	0	0	0	0	0	0	3	0	4	4	0	0	2	0	1	0	0	0	0	0	0	0	0	0	0	0	9	0	2	0	3	0	0	0	0	0	3	0	0	0	0	0	212	0	0	0	0	6	0	0	5	0	0	0	0	0	0	0	0	1	0	0	0	0	0	0	0	0
0	0	0	0	0	0	0	0	0	2	0	0	4	6	24	24	0	5	0	0	0	0	0	0	0	0	0	0	0	0	0	0	0	0	0	0	0	0	0	0	0	0	0	2	0	33	0	0	0	0	0	0	0	0	0	0	5	0	0	0	0	0	0	0	0	1	0	0	0	0	0	0	0	0
0	0	0	0	0	0	0	0	0	0	0	0	0	0	0	0	0	0	0	0	0	0	0	0	0	0	0	0	0	0	0	0	0	0	0	0	0	0	0	0	0	0	0	0	0	0	0	0	0	0	0	0	0	0	0	0	0	0	0	0	0	0	0	0	0	0	0	0	0	0	0	0	0	0
0	0	0	0	0	0	0	0	0	0	0	0	0	0	0	4	0	0	0	0	0	0	0	0	0	0	2	0	0	0	0	0	0	0	0	0	0	0	0	0	0	0	0	0	0	0	0	1	0	4	0	0	0	0	0	0	0	0	0	0	0	0	0	0	0	7	0	0	0	0	0	0	0	0
0	0	0	0	0	0	0	0	0	0	0	0	0	0	0	0	0	0	0	0	0	0	0	0	0	0	0	0	0	0	0	0	0	0	0	0	0	0	0	0	0	0	0	0	0	0	0	0	0	0	0	0	0	0	0	0	0	0	0	0	0	0	0	0	0	0	0	0	0	0	0	0	0	0
0	0	0	0	0	0	0	0	0	0	0	0	0	0	0	0	0	0	0	0	0	0	0	0	0	0	0	0	0	0	0	0	0	0	0	0	0	0	0	0	0	0	0	0	0	0	0	0	0	0	0	0	0	0	0	0	0	0	0	0	0	0	0	0	0	0	0	0	0	0	0	0	0	0
0	34	29	1	0	0	26	0	0	178	0	0	1	0	24	3	0	0	0	0	0	0	0	4	0	0	74	0	0	0	0	0	0	1	0	110	0	0	0	0	62	41	1	23	0	0	0	206	1	0	0	0	1	0	1	0	56	0	0	1	1	0	7	0	0	0	1	0	0	0	0	0	0	0
5	0	0	0	0	0	2	0	0	0	0	0	0	0	0	0	2	0	0	0	0	6	0	0	0	1	0	0	15	0	30	0	0	1	31	1	4	0	0	0	0	9	75	8	4	1	0	0	7	0	0	2	0	0	3	0	2	0	0	0	0	0	0	0	0	1	0	0	2	1	0	0	0	0
0	0	0	0	0	0	0	0	0	0	0	0	0	0	0	0	0	0	0	0	0	0	0	0	0	0	0	0	0	0	0	0	0	0	0	0	0	0	0	0	0	0	0	0	0	0	0	0	0	0	0	0	0	0	0	0	0	0	0	0	0	0	0	0	0	0	0	0	0	0	0	0	0	0
0	2	1	0	0	0	2	0	0	2	0	0	2	0	68	68	0	5	0	0	6	0	0	0	0	0	0	0	0	0	0	0	0	0	0	0	1	0	0	0	2	1	1	0	0	1	0	0	51	0	0	0	0	0	0	0	15	0	0	0	0	0	0	0	0	0	2	0	0	0	0	0	0	0
0	7	0	0	0	0	0	0	0	0	422	0	1	0	1	1	0	0	2	1	1	0	0	0	0	0	0	0	0	0	0	0	0	0	1	0	0	0	0	1	0	0	0	0	0	0	0	1	0	0	0	0	0	0	0	0	0	0	0	0	0	0	0	0	0	0	1	0	0	0	1	0	0	0
0	0	0	0	0	0	0	0	0	0	616	0	0	0	0	0	0	0	0	0	1	0	0	0	0	1	0	0	0	0	0	0	1	0	0	0	0	0	0	0	0	0	0	0	0	0	0	0	0	0	0	0	0	0	0	0	0	0	0	0	0	0	0	0	0	0	0	0	0	1	0	0	0	0
0	0	0	0	0	0	0	0	0	0	0	0	0	0	0	0	0	0	0	0	0	0	0	0	0	0	0	0	0	0	0	0	0	0	0	0	0	0	0	0	0	0	0	0	0	0	0	0	0	0	0	0	0	0	0	0	0	0	0	0	0	0	0	0	0	0	0	0	0	0	0	0	0	0
0	0	0	0	0	0	0	0	0	0	0	0	0	0	0	0	0	0	0	0	0	0	0	0	0	11	0	0	0	0	0	0	0	0	0	1	0	0	0	0	0	0	0	0	0	0	0	0	0	0	0	5	0	0	0	0	0	0	0	0	0	0	0	0	0	0	0	0	0	0	0	0	0	0
0	0	0	0	0	0	0	0	0	0	0	0	0	0	0	0	0	0	0	0	0	0	0	0	0	0	0	0	0	0	0	0	0	0	0	0	0	0	0	0	0	0	0	0	0	0	0	0	0	0	0	0	0	0	0	0	0	0	0	0	0	0	0	0	0	0	0	0	0	0	0	0	0	0
