0	0	0	0	1	65	25	0	0	0	0	0	13	1	1	10	113	0	56	5	23	749	0	506	236	11	0	0	0	0	11	0	31	4	404	0	0	0	1	22	9	0	0	0	16	0	0	0	0	0	2	101	101	0	555	61	2	177	3	1	0	1	0	0	0	0	175	754	0	6	12	2	1	28
0	12	22	0	403	3	12	156	9	12	14	0	1089	43	11	186	14	31	80	60	5	0	25	0	1	7	3	0	0	0	8	0	103	401	20	30	0	0	5	600	12	10	0	10	7	430	24	4	0	1	0	1	1	0	13	1	142	67	54	610	0	79	0	72	0	2	5	8	22	57	307	25	547	2
0	22	0	0	0	0	0	21	13	367	22	0	22	225	322	0	5	25	0	17	10	0	0	0	0	0	275	0	0	0	73	0	7	0	2	0	0	0	0	1	155	17	0	2	19	0	0	369	0	0	0	9	0	0	1	0	338	8	158	50	0	158	0	17	0	60	0	0	27	8	0	15	40	0
0	0	0	0	0	0	0	0	0	3	0	0	0	0	1	0	0	2	0	0	0	0	0	0	0	0	0	0	0	0	0	0	0	0	12	0	0	0	0	0	0	0	0	0	0	0	0	0	0	0	0	0	0	0	0	0	0	0	0	0	0	0	0	0	0	0	0	0	0	0	3	0	1	0
1	403	0	0	0	0	0	11	9	22	518	0	229	86	8	0	2	24	0	1	0	0	0	0	0	7	5	0	0	0	69	0	2	0	1	0	0	0	0	23	19	58	0	0	12	0	0	36	0	0	0	0	0	0	3	0	3	3	6	15	0	689	0	134	0	0	0	0	27	5	0	10	702	0
65	3	0	0	0	0	0	0	0	1	0	0	1	0	0	0	324	0	6	12	235	9	0	12	0	162	0	0	0	0	5	0	22	0	18	0	0	0	0	0	2	0	0	0	119	0	0	0	0	0	1	24	0	0	2	1	0	6	0	0	0	0	0	0	0	0	0	0	0	0	0	3	0	0
25	12	0	0	0	0	0	38	11	0	0	0	1	0	41	0	46	12	0	1	0	10	0	0	0	20	0	0	0	0	6	0	3	0	6	0	0	0	0	2	374	1	0	120	32	0	0	2	0	0	0	62	0	0	13	0	6	0	0	3	0	1	0	0	0	2	0	0	4	0	0	7	4	0
0	156	21	0	11	0	38	0	33	15	0	0	1338	12	0	0	515	43	414	430	904	6	1	0	1	62	0	0	0	0	8	0	672	7	63	3	0	0	157	503	1	23	0	8	41	3	1	0	0	0	0	7	1	0	17	238	54	54	215	1590	0	9	0	1	0	0	1	2	31	83	781	47	1	0
0	9	13	0	9	0	11	33	0	1	0	0	10	6	0	4	3	13	5	58	4	0	0	0	0	1	0	0	0	0	11	0	68	19	44	3	0	0	0	0	24	21	0	16	109	0	11	1	0	5	0	0	1	0	2	13	25	0	39	42	0	8	0	14	0	0	5	6	0	39	35	32	17	14
0	12	367	3	22	1	0	15	1	0	77	0	12	27	901	47	0	93	189	74	1	0	0	0	0	17	128	0	0	0	345	0	18	4	2	420	0	0	0	0	290	199	0	514	4	1	14	1002	0	2	83	3	486	0	13	3	821	3	5	1	0	122	0	1	0	121	0	24	35	445	13	17	67	0
0	14	22	0	518	0	0	0	0	77	0	0	4	483	74	168	0	81	0	78	0	0	28	0	2	0	0	0	0	0	0	0	44	86	0	64	0	0	0	0	35	565	0	40	0	68	114	0	0	2	0	0	0	0	0	0	46	2	20	0	0	937	0	83	0	56	0	0	5	5	0	147	616	2
0	0	0	0	0	0	0	0	0	0	0	0	0	0	0	0	0	0	0	0	0	0	0	0	0	0	0	0	0	0	0	0	0	0	0	0	0	0	0	0	0	0	0	0	0	0	0	0	0	0	0	0	0	0	0	0	0	0	0	0	0	0	0	0	0	0	0	0	0	0	0	0	0	0
13	1089	22	0	229	1	1	1338	10	12	4	0	0	11	9	89	411	3	386	90	355	1	3	2	8	14	0	0	0	0	2	0	450	661	85	2	0	0	170	798	25	11	0	9	6	495	1	1	0	0	0	21	2	0	33	43	132	91	111	1075	0	28	0	9	0	3	2	18	0	80	584	42	35	19
1	43	225	0	86	0	0	12	6	27	483	0	11	0	173	11	1	74	1	9	3	1	2	0	0	3	13	0	0	0	181	0	22	0	2	14	0	0	16	2	21	238	0	7	19	11	156	2	0	2	0	4	0	0	1	54	30	48	97	14	0	1358	0	42	0	16	1	0	32	48	9	145	34	0
1	11	322	1	8	0	41	0	0	901	74	0	9	173	0	20	0	125	65	7	1	2	0	0	0	35	164	0	0	0	9	0	7	1	2	669	0	0	0	3	367	696	0	922	10	0	68	1019	0	14	1	0	24	0	18	0	515	12	45	4	0	202	0	5	0	156	2	49	94	299	50	23	12	15
10	186	0	0	0	0	0	0	4	47	168	0	89	11	20	0	3	3	2	1	2	1	0	0	0	11	0	0	0	0	12	0	1	0	1	0	0	0	0	1	1	4	0	0	1	0	0	12	0	0	11	17	0	0	1	0	0	1	2	16	0	228	0	63	0	0	0	0	11	2	0	8	225	0
113	14	5	0	2	324	46	515	3	0	0	0	411	1	0	3	0	1	300	58	1368	190	0	70	39	747	0	0	0	0	14	0	506	211	201	1	0	0	248	407	7	21	0	0	372	48	1	2	0	0	14	1235	269	0	413	29	18	124	30	55	0	3	0	0	0	0	147	162	0	48	224	16	2	45
0	31	25	2	24	0	12	43	13	93	81	0	3	74	125	3	1	0	2	2	3	0	8	0	0	0	3	0	0	0	105	0	22	9	4	89	0	0	1	0	66	76	0	189	71	1	22	120	0	731	18	1	82	0	0	0	79	17	0	0	0	142	0	9	0	1	2	1	89	46	0	103	54	14
56	80	0	0	0	6	0	414	5	189	0	0	386	1	65	2	300	2	0	306	342	67	0	18	1	276	16	0	0	0	44	0	86	0	314	0	0	0	2	252	8	21	0	32	75	0	0	102	0	0	2	524	48	0	29	14	222	210	136	797	0	3	0	0	0	0	3	32	0	16	11	1	1	28
5	60	17	0	1	12	1	430	58	74	78	0	90	9	7	1	58	2	306	0	460	37	2	415	100	161	0	0	0	0	238	0	295	24	111	0	0	0	82	554	6	13	0	17	44	17	4	85	0	0	91	44	405	0	377	539	729	16	189	329	0	17	0	8	0	12	24	172	0	336	465	11	3	22
23	5	10	0	0	235	0	904	4	1	0	0	355	3	1	2	1368	3	342	460	0	107	1	23	23	1017	0	0	0	0	2	0	668	394	155	3	0	0	248	731	35	1	0	4	333	122	3	0	0	0	1	758	139	0	188	80	5	41	9	63	0	1	0	0	0	1	23	127	0	13	415	10	1	27
749	0	0	0	0	9	10	6	0	0	0	0	1	1	2	1	190	0	67	37	107	0	7	1230	373	122	0	0	0	0	285	0	28	55	386	1	0	0	0	49	1	0	0	2	237	8	1	1	0	0	113	296	120	0	771	110	7	428	33	339	0	0	0	0	0	0	444	467	0	17	91	1	2	144
0	25	0	0	0	0	0	1	0	0	28	0	3	2	0	0	0	8	0	2	1	7	0	152	23	2	0	0	0	0	1	0	7	0	1	0	0	0	0	6	3	10	0	0	6	0	0	0	0	0	0	0	0	0	101	8	3	10	6	121	0	15	0	0	0	0	0	0	0	0	0	0	24	0
506	0	0	0	0	12	0	0	0	0	0	0	2	0	0	0	70	0	18	415	23	1230	152	0	2016	6	0	0	0	0	63	0	19	22	192	2	0	0	2	3	0	0	0	0	266	0	0	0	0	0	6	10	442	0	1111	1149	177	13	0	2	0	0	0	0	0	2	4	1597	0	50	337	0	0	152
236	1	0	0	0	0	0	1	0	0	2	0	8	0	0	0	39	0	1	100	23	373	23	2016	0	26	0	0	0	0	18	0	3	0	31	0	0	0	0	3	0	0	0	1	141	0	0	0	0	0	1	32	53	0	340	310	62	10	2	3	0	0	0	0	0	0	0	221	0	0	8	0	0	3
11	7	0	0	7	162	20	62	1	17	0	0	14	3	35	11	747	0	276	161	1017	122	2	6	26	0	0	0	0	0	5	0	476	46	89	3	0	0	185	422	6	13	0	1	185	26	0	1	0	0	0	605	215	0	308	32	22	57	9	52	0	24	0	0	0	2	156	176	0	56	243	9	1	23
0	3	275	0	5	0	0	0	0	128	0	0	0	13	164	0	0	3	16	0	0	0	0	0	0	0	0	0	0	0	2	0	0	0	0	293	0	0	1	0	519	4	0	5	1	0	8	416	0	0	0	0	0	0	0	0	0	0	9	1	0	19	0	0	0	326	0	0	0	1	0	20	2	0
0	0	0	0	0	0	0	0	0	0	0	0	0	0	0	0	0	0	0	0	0	0	0	0	0	0	0	0	0	0	0	0	0	0	0	0	0	0	0	0	0	0	0	0	0	0	0	0	0	0	0	0	0	0	0	0	0	0	0	0	0	0	0	0	0	0	0	0	0	0	0	0	0	0
0	0	0	0	0	0	0	0	0	0	0	0	0	0	0	0	0	0	0	0	0	0	0	0	0	0	0	0	0	0	0	0	0	0	0	0	0	0	0	0	0	0	0	0	0	0	0	0	0	0	0	0	0	0	0	0	0	0	0	0	0	0	0	0	0	0	0	0	0	0	0	0	0	0
0	0	0	0	0	0	0	0	0	0	0	0	0	0	0	0	0	0	0	0	0	0	0	0	0	0	0	0	0	0	0	0	0	0	0	0	0	0	0	0	0	0	0	0	0	0	0	0	0	0	0	0	0	0	0	0	0	0	0	0	0	0	0	0	0	0	0	0	0	0	0	0	0	0
11	8	73	0	69	5	6	8	11	345	0	0	2	181	9	12	14	105	44	238	2	285	1	63	18	5	2	0	0	0	0	0	6	42	8	1	0	0	1	0	16	8	0	294	26	0	224	59	0	0	437	23	649	0	388	28	596	97	0	2	0	124	0	7	0	0	256	32	74	299	5	38	87	274
0	0	0	0	0	0	0	0	0	0	0	0	0	0	0	0	0	0	0	0	0	0	0	0	0	0	0	0	0	0	0	0	0	0	0	0	0	0	0	0	0	0	0	0	0	0	0	0	0	0	0	0	0	0	0	0	0	0	0	0	0	0	0	0	0	0	0	0	0	0	0	0	0	0
31	103	7	0	2	22	3	672	68	18	44	0	450	22	7	1	506	22	86	295	668	28	7	19	3	476	0	0	0	0	6	0	0	3	235	0	0	0	13	138	40	4	0	11	180	3	0	1	0	0	0	174	1	0	5	77	40	38	36	234	0	113	0	0	0	0	2	28	21	18	97	28	14	9
4	401	0	0	0	0	0	7	19	4	86	0	661	0	1	0	211	9	0	24	394	55	0	22	0	46	0	0	0	0	42	0	3	0	27	0	0	0	0	111	0	0	0	0	79	0	0	0	0	0	0	108	0	0	30	1	6	492	74	419	0	29	0	0	0	0	0	0	2	2	0	2	421	0
404	20	2	12	1	18	6	63	44	2	0	0	85	2	2	1	201	4	314	111	155	386	1	192	31	89	0	0	0	0	8	0	235	27	0	2	0	0	48	470	8	5	0	9	196	3	3	0	0	0	0	501	64	0	41	75	39	722	739	709	0	55	0	3	0	0	298	357	0	16	183	15	8	1
0	30	0	0	0	0	0	3	3	420	64	0	2	14	669	0	1	89	0	0	3	1	0	2	0	3	293	0	0	0	1	0	0	0	2	0	0	0	0	0	521	40	0	206	12	0	0	624	0	0	0	1	0	0	0	0	88	6	0	4	0	24	0	1	0	95	0	0	6	1	0	28	70	0
0	0	0	0	0	0	0	0	0	0	0	0	0	0	0	0	0	0	0	0	0	0	0	0	0	0	0	0	0	0	0	0	0	0	0	0	0	0	0	0	0	0	0	0	0	0	0	0	0	0	0	0	0	0	0	0	0	0	0	0	0	0	0	0	0	0	0	0	0	0	0	0	0	0
0	0	0	0	0	0	0	0	0	0	0	0	0	0	0	0	0	0	0	0	0	0	0	0	0	0	0	0	0	0	0	0	0	0	0	0	0	0	0	0	0	0	0	0	0	0	0	0	0	0	0	0	0	0	0	0	0	0	0	0	0	0	0	0	0	0	0	0	0	0	0	0	0	0
1	5	0	0	0	0	0	157	0	0	0	0	170	16	0	0	248	1	2	82	248	0	0	2	0	185	1	0	0	0	1	0	13	0	48	0	0	0	0	0	0	0	0	0	52	0	0	0	0	0	0	214	0	0	1	1	0	3	4	17	0	0	0	0	0	0	0	0	0	0	0	0	0	0
22	600	1	0	23	0	2	503	0	0	0	0	798	2	3	1	407	0	252	554	731	49	6	3	3	422	0	0	0	0	0	0	138	111	470	0	0	0	0	0	1	0	0	0	29	10	0	0	0	0	0	227	19	0	38	5	27	44	3	766	0	4	0	1	0	0	0	0	0	5	7	16	3	4
9	12	155	0	19	2	374	1	24	290	35	0	25	21	367	1	7	66	8	6	35	1	3	0	0	6	519	0	0	0	16	0	40	0	8	521	0	0	0	1	0	1	0	536	40	1	20	832	0	1	0	3	6	0	3	24	11	1	4	4	0	193	0	0	0	365	1	12	0	2	2	47	12	16
0	10	17	0	58	0	1	23	21	199	565	0	11	238	696	4	21	76	21	13	1	0	10	0	0	13	4	0	0	0	8	0	4	0	5	40	0	0	0	0	1	0	0	283	46	0	163	187	0	2	0	5	0	0	0	0	84	388	761	50	0	320	0	24	0	0	30	0	12	3	1	13	116	0
0	0	0	0	0	0	0	0	0	0	0	0	0	0	0	0	0	0	0	0	0	0	0	0	0	0	0	0	0	0	0	0	0	0	0	0	0	0	0	0	0	0	0	0	0	0	0	0	0	0	0	0	0	0	0	0	0	0	0	0	0	0	0	0	0	0	0	0	0	0	0	0	0	0
0	10	2	0	0	0	120	8	16	514	40	0	9	7	922	0	0	189	32	17	4	2	0	0	1	1	5	0	0	0	294	0	11	0	9	206	0	0	0	0	536	283	0	0	53	0	0	1040	0	0	53	0	26	0	2	0	226	263	4	4	0	105	0	0	0	2	0	0	10	1	6	18	80	0
16	7	19	0	12	119	32	41	109	4	0	0	6	19	10	1	372	71	75	44	333	237	6	266	141	185	1	0	0	0	26	0	180	79	196	12	0	0	52	29	40	46	0	53	0	13	13	0	0	5	2	363	222	0	224	82	142	43	6	14	0	36	0	27	0	0	134	30	0	26	35	46	7	25
0	430	0	0	0	0	0	3	0	1	68	0	495	11	0	0	48	1	0	17	122	8	0	0	0	26	0	0	0	0	0	0	3	0	3	0	0	0	0	10	1	0	0	0	13	0	0	7	0	0	0	59	0	0	0	0	1	254	22	236	0	12	0	0	0	0	0	0	2	0	0	2	349	0
0	24	0	0	0	0	0	1	11	14	114	0	1	156	68	0	1	22	0	4	3	1	0	0	0	0	8	0	0	0	224	0	0	0	3	0	0	0	0	0	20	163	0	0	13	0	0	4	0	0	0	0	0	0	4	0	1	49	328	3	0	55	0	32	0	0	0	0	16	5	0	22	44	0
0	4	369	0	36	0	2	0	1	1002	0	0	1	2	1019	12	2	120	102	85	0	1	0	0	0	1	416	0	0	0	59	0	1	0	0	624	0	0	0	0	832	187	0	1040	0	7	4	0	0	2	18	0	409	0	11	0	789	1	0	0	0	14	0	0	0	271	0	1	16	329	10	1	23	0
0	0	0	0	0	0	0	0	0	0	0	0	0	0	0	0	0	0	0	0	0	0	0	0	0	0	0	0	0	0	0	0	0	0	0	0	0	0	0	0	0	0	0	0	0	0	0	0	0	0	0	0	0	0	0	0	0	0	0	0	0	0	0	0	0	0	0	0	0	0	0	0	0	0
0	1	0	0	0	0	0	0	5	2	2	0	0	2	14	0	0	731	0	0	0	0	0	0	0	0	0	0	0	0	0	0	0	0	0	0	0	0	0	0	1	2	0	0	5	0	0	2	0	0	0	0	0	0	0	0	1	12	0	0	0	6	0	2	0	0	0	0	0	0	0	0	0	0
2	0	0	0	0	1	0	0	0	83	0	0	0	0	1	11	14	18	2	91	1	113	0	6	1	0	0	0	0	0	437	0	0	0	0	0	0	0	0	0	0	0	0	53	2	0	0	18	0	0	0	1	52	0	9	0	147	8	0	2	0	0	0	0	0	0	45	0	0	0	2	0	1	30
101	1	9	0	0	24	62	7	0	3	0	0	21	4	0	17	1235	1	524	44	758	296	0	10	32	605	0	0	0	0	23	0	174	108	501	1	0	0	214	227	3	5	0	0	363	59	0	0	0	0	1	0	248	0	399	118	31	189	3	49	0	3	0	0	0	0	249	83	0	73	151	10	1	47
101	1	0	0	0	0	0	1	1	486	0	0	2	0	24	0	269	82	48	405	139	120	0	442	53	215	0	0	0	0	649	0	1	0	64	0	0	0	0	19	6	0	0	26	222	0	0	409	0	0	52	248	0	0	158	0	439	78	0	5	0	0	0	0	0	0	0	0	0	3	0	1	2	0
0	0	0	0	0	0	0	0	0	0	0	0	0	0	0	0	0	0	0	0	0	0	0	0	0	0	0	0	0	0	0	0	0	0	0	0	0	0	0	0	0	0	0	0	0	0	0	0	0	0	0	0	0	0	0	0	0	0	0	0	0	0	0	0	0	0	0	0	0	0	0	0	0	0
555	13	1	0	3	2	13	17	2	13	0	0	33	1	18	1	413	0	29	377	188	771	101	1111	340	308	0	0	0	0	388	0	5	30	41	0	0	0	1	38	3	0	0	2	224	0	4	11	0	0	9	399	158	0	0	344	10	67	30	110	0	1	0	0	0	0	41	375	2	30	110	1	3	1
61	1	0	0	0	1	0	238	13	3	0	0	43	54	0	0	29	0	14	539	80	110	8	1149	310	32	0	0	0	0	28	0	77	1	75	0	0	0	1	5	24	0	0	0	82	0	0	0	0	0	0	118	0	0	344	0	382	55	293	251	0	0	0	0	0	0	0	42	0	18	22	1	2	1
2	142	338	0	3	0	6	54	25	821	46	0	132	30	515	0	18	79	222	729	5	7	3	177	62	22	0	0	0	0	596	0	40	6	39	88	0	0	0	27	11	84	0	226	142	1	1	789	0	1	147	31	439	0	10	382	0	184	212	309	0	99	0	1	0	55	16	16	8	361	74	40	28	116
177	67	8	0	3	6	0	54	0	3	2	0	91	48	12	1	124	17	210	16	41	428	10	13	10	57	0	0	0	0	97	0	38	492	722	6	0	0	3	44	1	388	0	263	43	254	49	1	0	12	8	189	78	0	67	55	184	0	717	837	0	149	0	1	0	0	567	159	14	45	390	33	9	227
3	54	158	0	6	0	0	215	39	5	20	0	111	97	45	2	30	0	136	189	9	33	6	0	2	9	9	0	0	0	0	0	36	74	739	0	0	0	4	3	4	761	0	4	6	22	328	0	0	0	0	3	0	0	30	293	212	717	0	2223	0	53	0	0	0	0	990	8	8	623	672	9	83	2
1	610	50	0	15	0	3	1590	42	1	0	0	1075	14	4	16	55	0	797	329	63	339	121	2	3	52	1	0	0	0	2	0	234	419	709	4	0	0	17	766	4	50	0	4	14	236	3	0	0	0	2	49	5	0	110	251	309	837	2223	0	0	0	0	35	0	0	277	198	0	290	820	56	0	14
0	0	0	0	0	0	0	0	0	0	0	0	0	0	0	0	0	0	0	0	0	0	0	0	0	0	0	0	0	0	0	0	0	0	0	0	0	0	0	0	0	0	0	0	0	0	0	0	0	0	0	0	0	0	0	0	0	0	0	0	0	0	0	0	0	0	0	0	0	0	0	0	0	0
1	79	158	0	689	0	1	9	8	122	937	0	28	1358	202	228	3	142	3	17	1	0	15	0	0	24	19	0	0	0	124	0	113	29	55	24	0	0	0	4	193	320	0	105	36	12	55	14	0	6	0	3	0	0	1	0	99	149	53	0	0	0	0	7	0	1	1	13	85	49	3	289	389	27
0	0	0	0	0	0	0	0	0	0	0	0	0	0	0	0	0	0	0	0	0	0	0	0	0	0	0	0	0	0	0	0	0	0	0	0	0	0	0	0	0	0	0	0	0	0	0	0	0	0	0	0	0	0	0	0	0	0	0	0	0	0	0	0	0	0	0	0	0	0	0	0	0	0
0	72	17	0	134	0	0	1	14	1	83	0	9	42	5	63	0	9	0	8	0	0	0	0	0	0	0	0	0	0	7	0	0	0	3	1	0	0	0	1	0	24	0	0	27	0	32	0	0	2	0	0	0	0	0	0	1	1	0	35	0	7	0	0	0	0	0	5	2	0	3	18	244	1
0	0	0	0	0	0	0	0	0	0	0	0	0	0	0	0	0	0	0	0	0	0	0	0	0	0	0	0	0	0	0	0	0	0	0	0	0	0	0	0	0	0	0	0	0	0	0	0	0	0	0	0	0	0	0	0	0	0	0	0	0	0	0	0	0	0	0	0	0	0	0	0	0	0
0	2	60	0	0	0	2	0	0	121	56	0	3	16	156	0	0	1	0	12	1	0	0	2	0	2	326	0	0	0	0	0	0	0	0	95	0	0	0	0	365	0	0	2	0	0	0	271	0	0	0	0	0	0	0	0	55	0	0	0	0	1	0	0	0	0	0	0	0	0	0	5	1	0
175	5	0	0	0	0	0	1	5	0	0	0	2	1	2	0	147	2	3	24	23	444	0	4	0	156	0	0	0	0	256	0	2	0	298	0	0	0	0	0	1	30	0	0	134	0	0	0	0	0	45	249	0	0	41	0	16	567	990	277	0	1	0	0	0	0	0	0	0	4	4	5	3	0
754	8	0	0	0	0	0	2	6	24	0	0	18	0	49	0	162	1	32	172	127	467	0	1597	221	176	0	0	0	0	32	0	28	0	357	0	0	0	0	0	12	0	0	0	30	0	0	1	0	0	0	83	0	0	375	42	16	159	8	198	0	13	0	5	0	0	0	0	0	0	0	0	3	0
0	22	27	0	27	0	4	31	0	35	5	0	0	32	94	11	0	89	0	0	0	0	0	0	0	0	0	0	0	0	74	0	21	2	0	6	0	0	0	0	0	12	0	10	0	2	16	16	0	0	0	0	0	0	2	0	8	14	8	0	0	85	0	2	0	0	0	0	0	24	0	21	71	0
6	57	8	0	5	0	0	83	39	445	5	0	80	48	299	2	48	46	16	336	13	17	0	50	0	56	1	0	0	0	299	0	18	2	16	1	0	0	0	5	2	3	0	1	26	0	5	329	0	0	0	73	3	0	30	18	361	45	623	290	0	49	0	0	0	0	4	0	24	0	8	23	45	1
12	307	0	3	0	0	0	781	35	13	0	0	584	9	50	0	224	0	11	465	415	91	0	337	8	243	0	0	0	0	5	0	97	0	183	0	0	0	0	7	2	1	0	6	35	0	0	10	0	0	2	151	0	0	110	22	74	390	672	820	0	3	0	3	0	0	4	0	0	8	0	11	4	0
2	25	15	0	10	3	7	47	32	17	147	0	42	145	23	8	16	103	1	11	10	1	0	0	0	9	20	0	0	0	38	0	28	2	15	28	0	0	0	16	47	13	0	18	46	2	22	1	0	0	0	10	1	0	1	1	40	33	9	56	0	289	0	18	0	5	5	0	21	23	11	0	49	2
1	547	40	1	702	0	4	1	17	67	616	0	35	34	12	225	2	54	1	3	1	2	24	0	0	1	2	0	0	0	87	0	14	421	8	70	0	0	0	3	12	116	0	80	7	349	44	23	0	0	1	1	2	0	3	2	28	9	83	0	0	389	0	244	0	1	3	3	71	45	4	49	0	2
28	2	0	0	0	0	0	0	14	0	2	0	19	0	15	0	45	14	28	22	27	144	0	152	3	23	0	0	0	0	274	0	9	0	1	0	0	0	0	4	16	0	0	0	25	0	0	0	0	0	30	47	0	0	1	1	116	227	2	14	0	27	0	1	0	0	0	0	0	1	0	2	2	0
