0	0	0	0	0	0	0	0	0	0	0	0	0	0	0	0	7	0	17	0	4	210	0	47	245	10	0	0	12	0	2	0	7	9	62	1	0	0	80	0	0	0	1	0	8	1	0	4	2	0	0	136	1	0	134	0	1	69	1	0	0	0	0	0	0	0	15	138	0	0	0	0	0	0
0	0	0	0	0	0	0	0	0	0	0	0	1	0	0	0	0	0	0	0	0	0	0	0	0	0	0	4	0	0	0	0	0	3	0	0	0	0	0	0	0	0	1	0	0	0	0	0	0	0	0	0	0	0	0	0	0	1	0	0	0	0	0	0	0	0	0	0	0	0	0	0	0	0
0	0	0	0	0	0	0	0	0	52	6	0	0	21	33	0	0	0	0	0	0	0	0	0	0	0	1	6	0	0	0	0	0	7	11	0	0	0	1	0	9	0	0	0	0	2	0	222	0	0	0	0	0	0	0	0	191	0	24	0	0	0	2	3	0	0	0	0	25	18	0	0	0	0
0	0	0	0	0	0	0	0	0	7	0	0	0	0	50	0	0	0	0	0	0	0	0	0	0	0	4	0	0	0	0	0	0	1	0	0	0	0	0	0	4	0	0	0	0	2	0	76	0	0	0	0	0	0	0	0	0	1	0	0	0	0	0	0	0	0	0	0	3	0	0	0	0	0
0	0	0	0	0	0	0	0	0	0	298	0	92	0	2	0	0	1	0	0	0	0	0	0	0	0	0	222	0	0	0	1	9	259	0	0	0	0	0	0	0	0	0	0	0	112	0	43	0	0	0	0	0	0	0	0	2	0	0	0	0	12	0	250	0	0	0	0	44	0	0	0	0	0
0	0	0	0	0	0	0	0	0	0	0	0	0	0	0	0	0	0	0	0	0	0	0	0	0	0	0	0	0	0	0	0	0	0	0	0	0	0	0	0	0	0	0	0	0	0	0	0	0	0	0	0	0	0	0	0	0	0	0	0	0	0	0	0	0	0	0	0	0	0	0	0	0	0
0	0	0	0	0	0	0	0	0	0	0	0	0	0	0	0	0	0	0	0	0	0	0	0	0	0	0	0	0	0	0	0	0	0	0	0	0	0	0	0	3	0	0	0	0	0	0	3	0	0	0	0	0	0	0	0	0	0	0	0	0	0	7	0	0	0	0	0	0	0	0	0	0	0
0	0	0	0	0	0	0	0	0	0	0	0	107	0	0	0	0	0	0	0	38	0	0	0	0	0	0	7	0	0	0	0	4	0	0	0	0	0	7	0	0	0	0	0	0	27	0	0	0	0	0	0	0	0	0	0	0	0	6	0	0	0	0	0	0	0	0	0	0	0	0	0	0	0
0	0	0	0	0	0	0	0	0	0	0	0	0	0	0	0	0	0	0	0	0	0	0	0	0	0	0	0	0	0	0	0	0	0	2	0	0	0	0	0	0	0	0	0	0	0	0	1	0	2	0	0	0	0	0	0	0	0	0	0	0	1	0	0	0	0	0	0	1	0	0	0	0	0
0	0	52	7	0	0	0	0	0	0	0	0	0	0	260	0	0	8	99	49	0	1	0	0	0	0	0	0	0	0	116	0	0	0	0	39	1	0	0	0	42	3	12	92	0	9	2	311	0	0	4	0	76	3	0	0	477	10	0	0	6	17	3	0	0	42	0	0	1	122	2	0	0	0
0	0	6	0	298	0	0	0	0	0	0	0	1	45	0	26	0	6	0	0	0	0	0	0	0	0	2	22	0	0	0	0	1	18	15	4	0	6	0	0	0	30	12	22	0	4	0	6	0	0	0	0	0	0	0	0	7	0	0	0	228	312	0	150	0	0	0	0	86	6	0	0	0	0
0	0	0	0	0	0	0	0	0	0	0	0	0	0	0	0	0	0	0	0	0	0	0	0	0	0	0	0	0	0	0	0	0	0	0	0	0	0	0	0	0	0	0	0	0	0	0	0	0	0	0	0	0	0	0	0	0	0	0	0	0	0	0	0	0	0	0	0	0	0	0	0	0	0
0	1	0	0	92	0	0	107	0	0	1	0	0	0	0	3	7	0	18	10	1	0	1	0	0	0	0	439	6	0	0	0	16	406	25	0	1	1	68	0	0	0	14	0	0	193	0	81	0	0	0	2	0	0	2	1	26	6	2	48	2	2	0	34	0	0	0	0	0	8	136	0	0	0
0	0	21	0	0	0	0	0	0	0	45	0	0	0	1	0	1	1	0	0	1	0	1	0	0	0	2	1	0	0	0	1	0	0	1	10	0	6	0	0	3	1	1	7	0	1	1	31	0	0	0	0	0	0	0	0	1	16	0	0	53	48	0	2	0	0	0	0	0	4	1	0	0	0
0	0	33	50	2	0	0	0	0	260	0	0	0	1	0	0	1	0	82	2	0	0	0	0	0	0	0	0	0	0	0	0	0	0	2	13	0	4	0	0	42	81	3	70	0	1	0	134	0	0	0	0	7	0	0	0	189	2	0	0	0	1	1	0	0	97	0	0	10	0	0	0	0	0
0	0	0	0	0	0	0	0	0	0	26	0	3	0	0	0	0	0	0	0	0	0	0	0	0	0	0	3	0	0	0	0	0	0	0	0	0	0	0	0	0	0	0	0	0	1	0	1	0	0	0	0	0	0	0	0	0	0	0	0	0	0	0	1	0	0	0	0	0	0	0	0	0	0
7	0	0	0	0	0	0	0	0	0	0	0	7	1	1	0	0	0	0	0	82	1	0	0	3	21	0	0	0	0	8	0	4	23	5	0	0	0	462	0	0	0	0	0	0	23	0	3	0	0	0	11	0	0	0	1	1	54	2	0	0	0	2	0	0	0	8	1	0	0	0	0	0	0
0	0	0	0	1	0	0	0	0	8	6	0	0	1	0	0	0	0	0	0	0	0	0	0	0	0	0	0	0	0	0	0	1	8	0	0	0	2	0	0	2	4	1	6	0	0	0	43	0	18	0	0	0	0	0	0	1	4	0	0	0	3	0	0	0	0	0	0	4	0	0	0	0	0
17	0	0	0	0	0	0	0	0	99	0	0	18	0	82	0	0	0	0	224	4	22	4	0	11	2	0	2	30	0	194	0	6	0	126	2	2	0	220	0	0	2	146	124	4	44	6	72	4	0	8	0	168	30	2	61	331	325	218	2	0	2	0	0	0	0	2	10	0	200	46	0	0	0
0	0	0	0	0	0	0	0	0	49	0	0	10	0	2	0	0	0	224	0	1	1	9	18	391	1	0	3	6	0	97	0	1	7	6	0	0	0	25	0	6	0	14	0	30	10	0	185	0	0	8	1	54	2	18	235	434	59	2	0	0	0	0	0	0	0	0	0	0	198	17	0	0	0
4	0	0	0	0	0	0	38	0	0	0	0	1	1	0	0	82	0	4	1	0	0	3	0	3	26	0	0	0	0	0	0	23	66	5	0	0	0	885	0	4	0	0	0	0	13	0	7	0	0	0	8	0	0	0	0	0	4	0	0	0	0	0	1	0	0	0	0	0	2	0	0	0	0
210	0	0	0	0	0	0	0	0	1	0	0	0	0	0	0	1	0	22	1	0	0	0	18	259	7	0	0	41	0	134	0	2	2	130	0	0	0	8	0	0	0	0	0	0	0	0	6	0	0	0	270	0	0	101	5	0	227	0	5	1	0	0	0	0	0	40	0	0	0	16	0	0	0
0	0	0	0	0	0	0	0	0	0	0	0	1	1	0	0	0	0	4	9	3	0	0	2	0	0	0	2	0	0	0	0	0	0	3	0	0	0	0	0	0	0	0	0	0	9	0	0	0	0	0	0	0	0	0	2	0	1	0	0	0	0	2	0	0	0	0	1	0	0	0	0	0	0
47	0	0	0	0	0	0	0	0	0	0	0	0	0	0	0	0	0	0	18	0	18	2	0	372	0	0	0	11	0	0	0	0	0	9	0	0	0	1	0	0	0	0	0	2	0	0	0	0	0	0	31	0	0	22	74	2	4	0	0	0	0	0	0	0	0	0	46	0	0	0	0	0	0
245	0	0	0	0	0	0	0	0	0	0	0	0	0	0	0	3	0	11	391	3	259	0	372	0	1	3	0	3	0	3	0	3	0	8	0	0	0	9	0	1	0	0	1	265	0	0	0	0	0	0	69	147	0	257	301	11	18	2	0	0	0	0	0	0	0	0	0	0	8	0	0	0	0
10	0	0	0	0	0	0	0	0	0	0	0	0	0	0	0	21	0	2	1	26	7	0	0	1	0	1	1	5	0	0	0	6	0	5	0	0	0	28	0	0	0	3	0	2	0	0	2	0	0	0	0	1	0	7	0	0	4	1	0	0	0	0	0	0	0	7	0	0	0	10	0	0	0
0	0	1	4	0	0	0	0	0	0	2	0	0	2	0	0	0	0	0	0	0	0	0	0	3	1	0	0	0	0	0	0	0	0	4	2	0	1	0	0	1	8	0	2	0	0	1	64	0	0	0	0	0	0	0	0	0	0	0	0	0	1	14	1	0	10	0	0	1	0	0	0	0	0
0	4	6	0	222	0	0	7	0	0	22	0	439	1	0	3	0	0	2	3	0	0	2	0	0	1	0	0	0	0	1	1	4	252	2	0	1	0	0	0	0	0	1	0	0	283	0	81	3	0	0	3	0	1	0	4	18	40	505	22	0	1	3	348	0	0	1	0	0	2	127	0	0	0
12	0	0	0	0	0	0	0	0	0	0	0	6	0	0	0	0	0	30	6	0	41	0	11	3	5	0	0	0	0	18	0	18	0	280	0	2	0	31	0	5	0	2	0	0	0	0	24	0	0	0	0	0	0	0	7	19	414	209	0	0	0	0	0	0	0	12	0	0	0	0	0	0	0
0	0	0	0	0	0	0	0	0	0	0	0	0	0	0	0	0	0	0	0	0	0	0	0	0	0	0	0	0	0	0	0	0	0	0	0	0	0	0	0	0	0	0	0	0	0	0	0	0	0	0	0	0	0	0	0	0	0	0	0	0	0	0	0	0	0	0	0	0	0	0	0	0	0
2	0	0	0	0	0	0	0	0	116	0	0	0	0	0	0	8	0	194	97	0	134	0	0	3	0	0	1	18	0	0	0	0	8	0	0	0	0	2	0	4	0	0	172	28	0	6	5	0	0	63	0	482	4	214	0	397	9	0	0	26	0	0	0	0	0	104	30	0	8	0	0	0	0
0	0	0	0	1	0	0	0	0	0	0	0	0	1	0	0	0	0	0	0	0	0	0	0	0	0	0	1	0	0	0	0	0	0	0	0	0	0	0	0	0	0	0	1	0	0	0	0	0	0	0	0	0	0	0	0	0	0	0	0	0	1	0	1	0	0	0	0	0	1	0	0	0	0
7	0	0	0	9	0	0	4	0	0	1	0	16	0	0	0	4	1	6	1	23	2	0	0	3	6	0	4	18	0	0	0	0	0	25	0	0	4	308	0	0	3	1	0	0	1	0	10	0	0	0	0	0	0	1	3	6	2	0	3	0	3	0	0	0	0	0	0	4	0	10	0	0	0
9	3	7	1	259	0	0	0	0	0	18	0	406	0	0	0	23	8	0	7	66	2	0	0	0	0	0	252	0	0	8	0	0	0	9	0	1	0	190	0	2	0	3	0	2	471	0	59	0	0	0	5	2	0	13	2	4	387	32	0	0	11	1	11	0	0	16	1	0	1	27	0	0	0
62	0	11	0	0	0	0	0	2	0	15	0	25	1	2	0	5	0	126	6	5	130	3	9	8	5	4	2	280	0	0	0	25	9	0	0	3	1	22	0	2	1	180	2	0	11	0	15	0	0	1	7	1	3	0	34	24	776	203	6	0	6	0	0	0	0	178	4	0	2	25	0	0	0
1	0	0	0	0	0	0	0	0	39	4	0	0	10	13	0	0	0	2	0	0	0	0	0	0	0	2	0	0	0	0	0	0	0	0	0	0	0	4	0	0	0	0	0	0	0	0	125	0	0	0	0	0	0	0	0	9	7	0	0	0	2	13	0	0	13	0	0	0	0	0	0	0	0
0	0	0	0	0	0	0	0	0	1	0	0	1	0	0	0	0	0	2	0	0	0	0	0	0	0	0	1	2	0	0	0	0	1	3	0	0	1	0	0	0	0	0	0	0	1	0	1	0	0	0	0	0	0	1	0	0	2	3	2	0	0	0	0	0	0	4	0	0	0	1	0	0	0
0	0	0	0	0	0	0	0	0	0	6	0	1	6	4	0	0	2	0	0	0	0	0	0	0	0	1	0	0	0	0	0	4	0	1	0	1	0	2	0	0	0	1	0	0	1	0	3	0	0	0	0	0	0	0	2	0	158	60	0	0	0	0	0	0	0	0	0	34	9	0	0	0	0
80	0	1	0	0	0	0	7	0	0	0	0	68	0	0	0	462	0	220	25	885	8	0	1	9	28	0	0	31	0	2	0	308	190	22	4	0	2	0	0	0	0	0	0	0	57	0	6	35	0	0	7	0	0	41	0	1	71	0	2	0	0	0	0	0	1	2	0	0	0	512	0	0	0
0	0	0	0	0	0	0	0	0	0	0	0	0	0	0	0	0	0	0	0	0	0	0	0	0	0	0	0	0	0	0	0	0	0	0	0	0	0	0	0	0	0	0	0	0	0	0	0	0	0	0	0	0	0	0	0	0	0	0	0	0	0	0	0	0	0	0	0	0	0	0	0	0	0
0	0	9	4	0	0	3	0	0	42	0	0	0	3	42	0	0	2	0	6	4	0	0	0	1	0	1	0	5	0	4	0	0	2	2	0	0	0	0	0	0	19	0	24	0	12	0	332	0	0	0	0	4	0	0	0	25	3	0	0	3	26	14	0	0	4	0	0	3	4	13	0	0	0
0	0	0	0	0	0	0	0	0	3	30	0	0	1	81	0	0	4	2	0	0	0	0	0	0	0	8	0	0	0	0	0	3	0	1	0	0	0	0	0	19	0	0	0	0	0	0	149	0	0	0	0	0	0	0	0	1	1	0	0	0	0	39	0	0	36	0	0	0	0	0	0	0	0
1	1	0	0	0	0	0	0	0	12	12	0	14	1	3	0	0	1	146	14	0	0	0	0	0	3	0	1	2	0	0	0	1	3	180	0	0	1	0	0	0	0	0	0	0	89	0	53	0	0	0	0	0	0	1	0	246	371	423	3	0	0	0	0	0	0	45	0	0	0	1	0	0	0
0	0	0	0	0	0	0	0	0	92	22	0	0	7	70	0	0	6	124	0	0	0	0	0	1	0	2	0	0	0	172	1	0	0	2	0	0	0	0	0	24	0	0	0	0	27	0	417	0	0	0	0	0	0	0	0	132	142	18	0	2	0	1	0	0	0	0	1	1	0	0	0	0	0
8	0	0	0	0	0	0	0	0	0	0	0	0	0	0	0	0	0	4	30	0	0	0	2	265	2	0	0	0	0	28	0	0	2	0	0	0	0	0	0	0	0	0	0	0	1	0	14	0	0	5	8	0	0	0	0	86	24	0	0	0	0	0	0	0	0	12	0	0	5	0	0	0	0
1	0	2	2	112	0	0	27	0	9	4	0	193	1	1	1	23	0	44	10	13	0	9	0	0	0	0	283	0	0	0	0	1	471	11	0	1	1	57	0	12	0	89	27	1	0	0	19	0	0	0	6	0	0	3	0	30	316	20	74	0	3	0	24	0	0	89	0	2	13	105	0	0	0
0	0	0	0	0	0	0	0	0	2	0	0	0	1	0	0	0	0	6	0	0	0	0	0	0	0	1	0	0	0	6	0	0	0	0	0	0	0	0	0	0	0	0	0	0	0	0	8	0	0	0	0	0	0	0	0	0	0	206	0	0	4	0	0	0	0	0	0	0	1	0	0	0	0
4	0	222	76	43	0	3	0	1	311	6	0	81	31	134	1	3	43	72	185	7	6	0	0	0	2	64	81	24	0	5	0	10	59	15	125	1	3	6	0	332	149	53	417	14	19	8	0	3	3	0	0	31	10	19	8	388	20	85	42	33	115	11	2	0	267	30	0	74	3	50	0	0	0
2	0	0	0	0	0	0	0	0	0	0	0	0	0	0	0	0	0	4	0	0	0	0	0	0	0	0	3	0	0	0	0	0	0	0	0	0	0	35	0	0	0	0	0	0	0	0	3	0	0	0	5	0	0	0	2	0	2	0	0	0	0	0	0	0	0	0	0	0	0	0	0	0	0
0	0	0	0	0	0	0	0	2	0	0	0	0	0	0	0	0	18	0	0	0	0	0	0	0	0	0	0	0	0	0	0	0	0	0	0	0	0	0	0	0	0	0	0	0	0	0	3	0	0	0	0	0	0	0	0	0	0	0	0	0	2	0	0	0	0	0	0	0	0	0	0	0	0
0	0	0	0	0	0	0	0	0	4	0	0	0	0	0	0	0	0	8	8	0	0	0	0	0	0	0	0	0	0	63	0	0	0	1	0	0	0	0	0	0	0	0	0	5	0	0	0	0	0	0	0	9	0	3	0	25	1	0	0	2	0	0	0	0	0	3	0	0	5	0	0	0	0
136	0	0	0	0	0	0	0	0	0	0	0	2	0	0	0	11	0	0	1	8	270	0	31	69	0	0	3	0	0	0	0	0	5	7	0	0	0	7	0	0	0	0	0	8	6	0	0	5	0	0	0	7	0	290	0	0	6	7	0	0	0	0	0	0	0	12	11	0	0	10	0	0	0
1	0	0	0	0	0	0	0	0	76	0	0	0	0	7	0	0	0	168	54	0	0	0	0	147	1	0	0	0	0	482	0	0	2	1	0	0	0	0	0	4	0	0	0	0	0	0	31	0	0	9	7	0	0	0	0	509	127	0	0	0	0	0	0	0	0	2	0	0	96	0	0	0	0
0	0	0	0	0	0	0	0	0	3	0	0	0	0	0	0	0	0	30	2	0	0	0	0	0	0	0	1	0	0	4	0	0	0	3	0	0	0	0	0	0	0	0	0	0	0	0	10	0	0	0	0	0	0	0	0	12	0	2	0	0	0	0	0	0	0	0	0	0	0	0	0	0	0
134	0	0	0	0	0	0	0	0	0	0	0	2	0	0	0	0	0	2	18	0	101	0	22	257	7	0	0	0	0	214	0	1	13	0	0	1	0	41	0	0	0	1	0	0	3	0	19	0	0	3	290	0	0	0	90	0	49	0	0	0	0	4	0	0	0	29	0	0	0	0	0	0	0
0	0	0	0	0	0	0	0	0	0	0	0	1	0	0	0	1	0	61	235	0	5	2	74	301	0	0	4	7	0	0	0	3	2	34	0	0	2	0	0	0	0	0	0	0	0	0	8	2	0	0	0	0	0	90	0	326	3	7	0	0	0	0	0	0	0	0	0	0	237	2	0	0	0
1	0	191	0	2	0	0	0	0	477	7	0	26	1	189	0	1	1	331	434	0	0	0	2	11	0	0	18	19	0	397	0	6	4	24	9	0	0	1	0	25	1	246	132	86	30	0	388	0	0	25	0	509	12	0	326	0	82	126	5	0	15	0	0	0	75	0	0	3	404	13	0	0	0
69	1	0	1	0	0	0	0	0	10	0	0	6	16	2	0	54	4	325	59	4	227	1	4	18	4	0	40	414	0	9	0	2	387	776	7	2	158	71	0	3	1	371	142	24	316	0	20	2	0	1	6	127	0	49	3	82	0	869	83	3	54	1	0	0	0	746	26	0	0	241	0	0	0
1	0	24	0	0	0	0	6	0	0	0	0	2	0	0	0	2	0	218	2	0	0	0	0	2	1	0	505	209	0	0	0	0	32	203	0	3	60	0	0	0	0	423	18	0	20	206	85	0	0	0	7	0	2	0	7	126	869	0	172	0	0	0	0	0	0	278	0	2	76	110	0	0	0
0	0	0	0	0	0	0	0	0	0	0	0	48	0	0	0	0	0	2	0	0	5	0	0	0	0	0	22	0	0	0	0	3	0	6	0	2	0	2	0	0	0	3	0	0	74	0	42	0	0	0	0	0	0	0	0	5	83	172	0	0	0	0	0	0	0	0	0	2	2	2	0	0	0
0	0	0	0	0	0	0	0	0	6	228	0	2	53	0	0	0	0	0	0	0	1	0	0	0	0	0	0	0	0	26	0	0	0	0	0	0	0	0	0	3	0	0	2	0	0	0	33	0	0	2	0	0	0	0	0	0	3	0	0	0	35	1	0	0	0	0	0	0	0	0	0	0	0
0	0	0	0	12	0	0	0	1	17	312	0	2	48	1	0	0	3	2	0	0	0	0	0	0	0	1	1	0	0	0	1	3	11	6	2	0	0	0	0	26	0	0	0	0	3	4	115	0	2	0	0	0	0	0	0	15	54	0	0	35	0	0	0	0	0	0	0	10	18	0	0	0	0
0	0	2	0	0	0	7	0	0	3	0	0	0	0	1	0	2	0	0	0	0	0	2	0	0	0	14	3	0	0	0	0	0	1	0	13	0	0	0	0	14	39	0	1	0	0	0	11	0	0	0	0	0	0	4	0	0	1	0	0	1	0	0	0	0	31	6	0	0	0	0	0	0	0
0	0	3	0	250	0	0	0	0	0	150	0	34	2	0	1	0	0	0	0	1	0	0	0	0	0	1	348	0	0	0	1	0	11	0	0	0	0	0	0	0	0	0	0	0	24	0	2	0	0	0	0	0	0	0	0	0	0	0	0	0	0	0	0	0	0	0	0	43	0	0	0	0	0
0	0	0	0	0	0	0	0	0	0	0	0	0	0	0	0	0	0	0	0	0	0	0	0	0	0	0	0	0	0	0	0	0	0	0	0	0	0	0	0	0	0	0	0	0	0	0	0	0	0	0	0	0	0	0	0	0	0	0	0	0	0	0	0	0	0	0	0	0	0	0	0	0	0
0	0	0	0	0	0	0	0	0	42	0	0	0	0	97	0	0	0	0	0	0	0	0	0	0	0	10	0	0	0	0	0	0	0	0	13	0	0	1	0	4	36	0	0	0	0	0	267	0	0	0	0	0	0	0	0	75	0	0	0	0	0	31	0	0	0	0	0	0	0	0	0	0	0
15	0	0	0	0	0	0	0	0	0	0	0	0	0	0	0	8	0	2	0	0	40	0	0	0	7	0	1	12	0	104	0	0	16	178	0	4	0	2	0	0	0	45	0	12	89	0	30	0	0	3	12	2	0	29	0	0	746	278	0	0	0	6	0	0	0	0	1	0	0	2	0	0	0
138	0	0	0	0	0	0	0	0	0	0	0	0	0	0	0	1	0	10	0	0	0	1	46	0	0	0	0	0	0	30	0	0	1	4	0	0	0	0	0	0	0	0	1	0	0	0	0	0	0	0	11	0	0	0	0	0	26	0	0	0	0	0	0	0	0	1	0	0	0	0	0	0	0
0	0	25	3	44	0	0	0	1	1	86	0	0	0	10	0	0	4	0	0	0	0	0	0	0	0	1	0	0	0	0	0	4	0	0	0	0	34	0	0	3	0	0	1	0	2	0	74	0	0	0	0	0	0	0	0	3	0	2	2	0	10	0	43	0	0	0	0	0	15	0	0	0	0
0	0	18	0	0	0	0	0	0	122	6	0	8	4	0	0	0	0	200	198	2	0	0	0	8	0	0	2	0	0	8	1	0	1	2	0	0	9	0	0	4	0	0	0	5	13	1	3	0	0	5	0	96	0	0	237	404	0	76	2	0	18	0	0	0	0	0	0	15	0	0	0	0	0
0	0	0	0	0	0	0	0	0	2	0	0	136	1	0	0	0	0	46	17	0	16	0	0	0	10	0	127	0	0	0	0	10	27	25	0	1	0	512	0	13	0	1	0	0	105	0	50	0	0	0	10	0	0	0	2	13	241	110	2	0	0	0	0	0	0	2	0	0	0	0	0	0	0
0	0	0	0	0	0	0	0	0	0	0	0	0	0	0	0	0	0	0	0	0	0	0	0	0	0	0	0	0	0	0	0	0	0	0	0	0	0	0	0	0	0	0	0	0	0	0	0	0	0	0	0	0	0	0	0	0	0	0	0	0	0	0	0	0	0	0	0	0	0	0	0	0	0
0	0	0	0	0	0	0	0	0	0	0	0	0	0	0	0	0	0	0	0	0	0	0	0	0	0	0	0	0	0	0	0	0	0	0	0	0	0	0	0	0	0	0	0	0	0	0	0	0	0	0	0	0	0	0	0	0	0	0	0	0	0	0	0	0	0	0	0	0	0	0	0	0	0
0	0	0	0	0	0	0	0	0	0	0	0	0	0	0	0	0	0	0	0	0	0	0	0	0	0	0	0	0	0	0	0	0	0	0	0	0	0	0	0	0	0	0	0	0	0	0	0	0	0	0	0	0	0	0	0	0	0	0	0	0	0	0	0	0	0	0	0	0	0	0	0	0	0
