0	0	0	0	0	0	0	0	0	12	0	0	0	0	0	0	21	0	7	3	2	133	0	302	72	104	0	0	27	0	39	0	3	0	10	0	0	0	17	2	0	0	2	0	77	0	0	0	0	0	0	3	1	0	88	1	0	45	8	0	1	0	0	0	0	0	8	94	0	3	0	0	0	0
0	0	1	0	13	0	0	2	1	0	0	0	7	0	0	0	0	2	4	3	0	2	2	0	0	0	0	18	16	0	0	0	5	4	17	1	0	0	0	7	6	1	1	8	1	2	0	0	3	3	0	0	0	0	3	1	1	14	16	0	1	8	0	0	0	0	10	0	0	0	2	0	0	0
0	1	0	0	0	0	0	0	15	319	0	0	0	5	35	0	0	0	0	30	0	0	0	0	0	2	0	0	0	30	0	0	0	9	0	0	5	0	0	0	31	0	0	4	1	14	0	21	0	0	0	0	0	0	0	1	217	0	0	0	0	19	0	0	0	103	0	0	1	7	0	1	4	6
0	0	0	0	0	0	0	0	1	21	0	0	0	0	0	0	0	0	0	1	0	0	0	0	0	1	0	0	0	981	0	0	0	0	0	0	0	0	0	0	265	0	0	8	0	0	0	1	0	0	0	0	0	0	0	0	0	0	0	0	0	2	0	0	0	215	1	0	0	1	0	0	0	0
0	13	0	0	0	0	0	0	18	0	0	0	205	0	0	0	0	0	0	36	0	0	0	0	0	8	0	0	0	1	0	0	51	107	0	0	0	0	5	0	1	0	0	0	0	148	0	3	0	0	9	0	0	0	0	0	0	17	0	0	0	218	0	0	0	0	0	0	7	5	0	8	0	7
0	0	0	0	0	0	0	0	7	387	0	0	0	0	0	0	0	0	2	69	0	0	0	0	0	0	0	0	0	0	187	0	0	0	0	0	0	0	0	0	0	0	1	2	0	0	0	1	0	3	100	0	3	0	0	0	3	4	0	0	0	0	0	0	0	0	0	0	0	7	0	3	0	83
0	0	0	0	0	0	0	0	0	0	0	0	0	0	0	0	0	0	0	0	0	0	0	0	0	0	0	0	0	1	0	0	0	0	0	0	0	0	0	0	0	0	0	0	0	0	0	0	0	0	0	0	0	0	0	0	0	0	0	0	0	0	0	0	0	0	0	0	0	0	0	0	0	0
0	2	0	0	0	0	0	0	31	0	0	0	249	0	0	0	0	0	0	11	0	0	0	0	0	4	0	0	0	0	0	0	10	14	2	0	0	0	0	0	0	0	1	0	0	0	0	0	0	0	0	0	0	0	0	2	0	22	6	1	0	0	0	0	0	0	0	0	0	0	0	0	0	1
0	1	15	1	18	7	0	31	0	10	0	0	33	1	0	0	8	1	32	96	18	7	15	0	0	13	0	67	13	3	0	0	50	48	32	0	0	0	5	3	7	31	40	6	9	1	0	0	0	15	0	0	0	0	6	48	21	78	132	0	6	22	0	7	0	0	6	8	46	7	39	16	4	1
12	0	319	21	0	387	0	0	10	0	0	0	2	0	131	0	0	4	98	149	0	0	0	0	0	0	0	0	1	0	15	0	5	7	11	294	0	0	0	3	142	305	38	367	13	14	0	28	37	23	25	0	573	0	0	0	450	64	1	0	28	21	0	0	0	389	10	23	4	332	0	12	0	0
0	0	0	0	0	0	0	0	0	0	0	0	0	0	0	0	0	0	0	0	0	0	0	0	0	0	0	0	0	0	0	0	0	0	0	0	0	0	0	0	0	0	0	0	0	0	0	0	0	0	0	0	0	0	0	0	0	0	0	0	0	0	0	0	0	0	0	0	0	0	0	0	0	0
0	0	0	0	0	0	0	0	0	0	0	0	0	0	0	0	0	0	0	0	0	0	0	0	0	0	0	0	0	0	0	0	0	0	0	0	0	0	0	0	0	0	0	0	0	0	0	0	0	0	0	0	0	0	0	0	0	0	0	0	0	0	0	0	0	0	0	0	0	0	0	0	0	0
0	7	0	0	205	0	0	249	33	2	0	0	0	0	14	0	67	0	130	40	45	2	34	0	0	5	0	447	20	0	0	0	457	586	28	0	0	0	139	246	5	0	217	0	6	149	0	2	0	0	0	0	0	0	4	3	37	75	19	1	0	7	0	0	0	0	1	1	0	0	30	9	0	5
0	0	5	0	0	0	0	0	1	0	0	0	0	0	0	0	0	0	0	0	0	0	0	0	0	0	0	0	0	0	0	0	0	0	0	0	0	0	0	0	0	0	0	119	0	2	0	0	0	0	0	0	0	0	0	0	0	5	0	0	22	44	0	0	0	0	0	0	0	0	1	0	0	0
0	0	35	0	0	0	0	0	0	131	0	0	14	0	0	0	0	1	19	2	0	0	0	0	0	0	0	1	0	0	0	0	12	0	13	64	0	0	8	21	0	92	19	92	0	0	0	0	31	0	0	0	33	0	0	0	129	15	20	0	0	0	0	0	0	13	0	1	0	0	0	0	0	2
0	0	0	0	0	0	0	0	0	0	0	0	0	0	0	0	0	0	0	0	0	0	0	0	0	0	0	0	0	0	0	0	0	0	0	0	0	0	0	0	0	0	0	0	0	0	0	0	0	0	0	0	0	0	0	0	0	0	0	0	0	0	0	0	0	0	0	0	0	0	0	0	0	0
21	0	0	0	0	0	0	0	8	0	0	0	67	0	0	0	0	0	22	13	0	0	0	14	0	404	0	0	0	0	56	0	345	18	1	0	0	0	390	0	0	0	0	0	7	24	0	0	0	0	0	58	0	0	0	0	1	65	2	0	0	2	0	0	0	2	5	2	0	2	0	0	0	33
0	2	0	0	0	0	0	0	1	4	0	0	0	0	1	0	0	0	0	0	0	0	0	0	0	0	0	0	0	0	54	0	0	8	0	3	0	2	0	0	10	12	0	10	0	21	0	0	0	39	0	0	0	0	0	0	7	1	0	0	0	24	0	0	0	1	1	0	8	1	0	2	3	0
7	4	0	0	0	2	0	0	32	98	0	0	130	0	19	0	22	0	0	249	28	8	2	0	2	54	0	24	163	0	8	0	400	101	383	0	0	18	250	10	0	2	10	2	46	40	2	0	2	0	0	48	4	0	8	160	43	150	42	3	0	2	0	0	0	0	2	10	0	11	26	4	0	119
3	3	30	1	36	69	0	11	96	149	0	0	40	0	2	0	13	0	249	0	106	5	39	91	43	29	0	81	104	0	169	0	244	65	129	0	0	0	238	133	9	38	40	11	301	43	0	20	40	14	60	3	195	0	76	335	661	62	44	0	9	23	0	0	0	11	5	76	29	282	258	14	4	14
2	0	0	0	0	0	0	0	18	0	0	0	45	0	0	0	0	0	28	106	0	0	0	0	0	442	0	0	0	0	0	0	1287	8	8	0	0	0	724	0	0	0	1	0	4	37	0	0	0	0	0	40	0	0	0	3	0	3	0	0	0	6	0	0	0	0	0	0	0	0	0	0	0	6
133	2	0	0	0	0	0	0	7	0	0	0	2	0	0	0	0	0	8	5	0	0	0	271	0	174	0	0	31	0	286	0	19	1	3	0	0	0	27	0	0	0	0	0	137	0	0	0	0	0	42	12	0	0	0	7	0	18	0	0	0	0	0	0	0	0	2	0	0	0	0	0	1	84
0	2	0	0	0	0	0	0	15	0	0	0	34	0	0	0	0	0	2	39	0	0	0	139	0	15	0	0	1	0	0	0	16	2	2	0	0	0	16	0	0	0	2	0	0	0	0	0	0	0	0	0	0	0	0	0	0	13	64	0	0	0	0	0	0	0	0	0	0	0	0	2	0	6
302	0	0	0	0	0	0	0	0	0	0	0	0	0	0	0	14	0	0	91	0	271	139	0	147	7	0	0	69	0	0	0	0	2	0	0	0	0	2	0	2	0	0	0	271	0	0	0	0	0	0	3	89	0	223	235	20	6	0	0	2	4	0	2	0	0	0	295	0	2	0	0	0	0
72	0	0	0	0	0	0	0	0	0	0	0	0	0	0	0	0	0	2	43	0	0	0	147	0	2	0	0	4	0	14	0	0	0	0	0	0	0	0	0	0	0	0	0	85	0	0	0	0	0	19	2	0	0	0	145	94	0	0	0	0	0	0	0	0	0	0	0	0	0	0	0	0	0
104	0	2	1	8	0	0	4	13	0	0	0	5	0	0	0	404	0	54	29	442	174	15	7	2	0	0	39	36	1	38	0	245	21	80	1	0	0	357	206	16	0	15	2	107	0	0	0	2	2	4	0	52	0	178	21	27	26	0	0	0	1	0	0	0	2	46	49	0	3	22	2	3	0
0	0	0	0	0	0	0	0	0	0	0	0	0	0	0	0	0	0	0	0	0	0	0	0	0	0	0	0	0	0	0	0	0	0	0	0	0	0	0	0	0	0	0	0	0	0	0	0	0	0	0	0	0	0	0	0	0	0	0	0	0	0	0	0	0	0	0	0	0	0	0	0	0	0
0	18	0	0	0	0	0	0	67	0	0	0	447	0	1	0	0	0	24	81	0	0	0	0	0	39	0	0	0	1	2	0	22	266	4	0	0	0	0	0	0	0	1	0	0	216	0	4	0	0	0	0	0	0	0	3	2	38	64	9	0	0	0	0	0	3	2	0	0	9	0	17	0	21
27	16	0	0	0	0	0	0	13	1	0	0	20	0	0	0	0	0	163	104	0	31	1	69	4	36	0	0	0	1	0	0	847	4	683	0	0	138	55	16	0	0	6	0	2	0	0	0	1	0	0	17	0	0	3	7	14	208	104	0	0	0	0	0	0	0	69	139	0	0	7	10	0	5
0	0	30	981	1	0	1	0	3	0	0	0	0	0	0	0	0	0	0	0	0	0	0	0	0	1	0	1	1	0	22	0	0	1	0	927	0	0	0	0	962	0	0	0	5	6	0	1	129	3	0	0	0	0	17	0	0	0	0	0	0	0	0	0	0	1498	1	0	0	0	0	0	12	0
39	0	0	0	0	187	0	0	0	15	0	0	0	0	0	0	56	54	8	169	0	286	0	0	14	38	0	2	0	22	0	0	20	2	0	0	0	0	2	2	0	0	4	310	628	0	0	0	0	0	149	0	1114	0	244	0	377	36	0	0	0	0	0	0	0	14	152	10	0	260	2	0	0	377
0	0	0	0	0	0	0	0	0	0	0	0	0	0	0	0	0	0	0	0	0	0	0	0	0	0	0	0	0	0	0	0	0	0	0	0	0	0	0	0	0	0	0	0	0	0	0	0	0	0	0	0	0	0	0	0	0	0	0	0	0	1	0	1	0	0	0	0	1	0	0	2	0	0
3	5	0	0	51	0	0	10	50	5	0	0	457	0	12	0	345	0	400	244	1287	19	16	0	0	245	0	22	847	0	20	0	0	71	441	2	0	0	1421	1010	12	1	8	7	2	0	0	0	83	47	0	8	1	0	181	20	21	112	17	1	0	20	0	0	0	0	1	54	2	0	1090	0	0	4
0	4	9	0	107	0	0	14	48	7	0	0	586	0	0	0	18	8	101	65	8	1	2	2	0	21	0	266	4	1	2	0	71	0	0	0	2	0	70	38	7	2	42	8	34	179	0	0	0	0	40	0	1	0	11	2	9	210	2	0	1	21	0	0	0	0	8	0	1	1	31	2	0	7
10	17	0	0	0	0	0	2	32	11	0	0	28	0	13	0	1	0	383	129	8	3	2	0	0	80	0	4	683	0	0	0	441	0	0	0	0	248	117	20	0	1	8	0	0	0	0	0	0	0	0	19	0	0	4	5	59	511	129	4	0	0	0	0	0	0	22	2	0	14	2	13	0	11
0	1	0	0	0	0	0	0	0	294	0	0	0	0	64	0	0	3	0	0	0	0	0	0	0	1	0	0	0	927	0	0	2	0	0	0	1	0	0	0	210	0	0	28	0	0	0	5	0	0	0	0	0	0	0	0	16	0	0	0	0	2	0	0	0	269	0	0	0	2	0	1	2	1
0	0	5	0	0	0	0	0	0	0	0	0	0	0	0	0	0	0	0	0	0	0	0	0	0	0	0	0	0	0	0	0	0	2	0	1	0	0	0	0	7	1	0	3	0	0	0	0	0	0	0	0	0	0	0	0	1	0	0	0	9	16	0	0	0	0	0	0	0	0	0	5	0	0
0	0	0	0	0	0	0	0	0	0	0	0	0	0	0	0	0	2	18	0	0	0	0	0	0	0	0	0	138	0	0	0	0	0	248	0	0	0	0	0	1	0	0	0	0	0	0	0	0	0	0	1	0	0	0	0	7	175	2	2	0	37	0	0	0	0	1	0	0	0	0	0	1	6
17	0	0	0	5	0	0	0	5	0	0	0	139	0	8	0	390	0	250	238	724	27	16	2	0	357	0	0	55	0	2	0	1421	70	117	0	0	0	0	152	20	0	1	0	27	117	0	0	1	0	0	59	3	0	311	0	0	70	8	0	0	0	0	0	0	2	9	2	0	7	253	0	0	22
2	7	0	0	0	0	0	0	3	3	0	0	246	0	21	0	0	0	10	133	0	0	0	0	0	206	0	0	16	0	2	0	1010	38	20	0	0	0	152	0	0	0	1	0	2	18	0	0	0	0	0	4	0	0	0	2	0	0	0	0	0	0	0	0	0	0	0	0	0	0	0	7	0	7
0	6	31	265	1	0	0	0	7	142	0	0	5	0	0	0	0	10	0	9	0	0	0	2	0	16	0	0	0	962	0	0	12	7	0	210	7	1	20	0	0	2	4	244	7	123	0	23	0	3	0	0	0	0	0	2	8	32	0	0	2	37	0	2	0	427	2	0	10	0	0	9	0	34
0	1	0	0	0	0	0	0	31	305	0	0	0	0	92	0	0	12	2	38	0	0	0	0	0	0	0	0	0	0	0	0	1	2	1	0	1	0	0	0	2	0	4	12	0	17	0	9	0	0	0	0	0	0	0	0	4	203	66	0	0	61	0	0	0	2	0	0	9	9	0	1	4	19
2	1	0	0	0	1	0	1	40	38	0	0	217	0	19	0	0	0	10	40	1	0	2	0	0	15	0	1	6	0	4	0	8	42	8	0	0	0	1	1	4	4	0	3	4	0	0	0	0	3	0	0	0	0	2	1	6	183	118	2	1	0	0	0	0	1	4	0	1	5	1	2	3	28
0	8	4	8	0	2	0	0	6	367	0	0	0	119	92	0	0	10	2	11	0	0	0	0	0	2	0	0	0	0	310	0	7	8	0	28	3	0	0	0	244	12	3	0	9	9	0	36	8	0	8	0	16	0	0	0	80	10	26	0	0	70	0	0	0	17	3	0	4	5	0	8	2	249
77	1	1	0	0	0	0	0	9	13	0	0	6	0	0	0	7	0	46	301	4	137	0	271	85	107	0	0	2	5	628	0	2	34	0	0	0	0	27	2	7	0	4	9	0	5	0	0	1	0	22	3	260	0	127	2	191	25	0	0	0	6	0	0	0	0	40	1	0	82	1	0	2	121
0	2	14	0	148	0	0	0	1	14	0	0	149	2	0	0	24	21	40	43	37	0	0	0	0	0	0	216	0	6	0	0	0	179	0	0	0	0	117	18	123	17	0	9	5	0	0	0	0	0	0	0	3	0	14	3	47	160	0	0	13	17	0	0	0	0	18	7	0	15	31	1	0	0
0	0	0	0	0	0	0	0	0	0	0	0	0	0	0	0	0	0	2	0	0	0	0	0	0	0	0	0	0	0	0	0	0	0	0	0	0	0	0	0	0	0	0	0	0	0	0	0	0	0	0	0	0	0	0	0	0	0	0	0	0	0	0	0	0	0	0	0	0	0	0	0	0	0
0	0	21	1	3	1	0	0	0	28	0	0	2	0	0	0	0	0	0	20	0	0	0	0	0	0	0	4	0	1	0	0	0	0	0	5	0	0	0	0	23	9	0	36	0	0	0	0	0	0	0	0	4	0	0	0	22	1	0	0	0	0	0	0	0	21	0	0	1	49	0	1	0	0
0	3	0	0	0	0	0	0	0	37	0	0	0	0	31	0	0	0	2	40	0	0	0	0	0	2	0	0	1	129	0	0	83	0	0	0	0	0	1	0	0	0	0	8	1	0	0	0	0	0	0	0	0	0	0	0	0	0	0	0	0	0	0	0	0	2	0	0	0	0	0	3	0	0
0	3	0	0	0	3	0	0	15	23	0	0	0	0	0	0	0	39	0	14	0	0	0	0	0	2	0	0	0	3	0	0	47	0	0	0	0	0	0	0	3	0	3	0	0	0	0	0	0	0	0	0	0	0	0	0	0	0	0	0	0	0	0	0	0	0	4	0	0	4	0	3	0	2
0	0	0	0	9	100	0	0	0	25	0	0	0	0	0	0	0	0	0	60	0	42	0	0	19	4	0	0	0	0	149	0	0	40	0	0	0	0	0	0	0	0	0	8	22	0	0	0	0	0	0	0	198	0	71	0	255	9	0	0	0	0	0	0	0	0	10	1	0	44	0	0	0	54
3	0	0	0	0	0	0	0	0	0	0	0	0	0	0	0	58	0	48	3	40	12	0	3	2	0	0	0	17	0	0	0	8	0	19	0	0	1	59	4	0	0	0	0	3	0	0	0	0	0	0	0	0	0	21	0	3	2	2	0	0	1	0	0	0	0	1	2	0	1	1	0	0	0
1	0	0	0	0	3	0	0	0	573	0	0	0	0	33	0	0	0	4	195	0	0	0	89	0	52	0	0	0	0	1114	0	1	1	0	0	0	0	3	0	0	0	0	16	260	3	0	4	0	0	198	0	0	0	0	0	514	11	0	0	0	0	0	0	0	0	0	0	0	7	0	0	0	400
0	0	0	0	0	0	0	0	0	0	0	0	0	0	0	0	0	0	0	0	0	0	0	0	0	0	0	0	0	0	0	0	0	0	0	0	0	0	0	0	0	0	0	0	0	0	0	0	0	0	0	0	0	0	0	0	0	0	0	0	0	0	0	0	0	0	0	0	0	0	0	0	0	0
88	3	0	0	0	0	0	0	6	0	0	0	4	0	0	0	0	0	8	76	0	0	0	223	0	178	0	0	3	17	244	0	181	11	4	0	0	0	311	0	0	0	2	0	127	14	0	0	0	0	71	21	0	0	0	40	0	18	4	0	0	0	0	0	0	0	9	0	0	3	2	1	0	17
1	1	1	0	0	0	0	2	48	0	0	0	3	0	0	0	0	0	160	335	3	7	0	235	145	21	0	3	7	0	0	0	20	2	5	0	0	0	0	2	2	0	1	0	2	3	0	0	0	0	0	0	0	0	40	0	255	2	26	0	2	0	0	0	0	0	0	220	0	152	1	3	4	0
0	1	217	0	0	3	0	0	21	450	0	0	37	0	129	0	1	7	43	661	0	0	0	20	94	27	0	2	14	0	377	0	21	9	59	16	1	7	0	0	8	4	6	80	191	47	0	22	0	0	255	3	514	0	0	255	0	59	27	2	4	116	0	0	0	82	7	0	0	277	1	1	0	129
45	14	0	0	17	4	0	22	78	64	0	0	75	5	15	0	65	1	150	62	3	18	13	6	0	26	0	38	208	0	36	0	112	210	511	0	0	175	70	0	32	203	183	10	25	160	0	1	0	0	9	2	11	0	18	2	59	0	353	3	11	59	0	0	0	12	381	5	28	9	38	14	0	279
8	16	0	0	0	0	0	6	132	1	0	0	19	0	20	0	2	0	42	44	0	0	64	0	0	0	0	64	104	0	0	0	17	2	129	0	0	2	8	0	0	66	118	26	0	0	0	0	0	0	0	2	0	0	4	26	27	353	0	6	0	69	0	0	0	0	84	0	0	56	0	11	0	7
0	0	0	0	0	0	0	1	0	0	0	0	1	0	0	0	0	0	3	0	0	0	0	0	0	0	0	9	0	0	0	0	1	0	4	0	0	2	0	0	0	0	2	0	0	0	0	0	0	0	0	0	0	0	0	0	2	3	6	0	0	0	0	0	0	0	0	0	0	0	3	0	0	0
1	1	0	0	0	0	0	0	6	28	0	0	0	22	0	0	0	0	0	9	0	0	0	2	0	0	0	0	0	0	0	0	0	1	0	0	9	0	0	0	2	0	1	0	0	13	0	0	0	0	0	0	0	0	0	2	4	11	0	0	0	29	0	0	0	0	1	0	1	8	0	1	1	26
0	8	19	2	218	0	0	0	22	21	0	0	7	44	0	0	2	24	2	23	6	0	0	4	0	1	0	0	0	0	0	1	20	21	0	2	16	37	0	0	37	61	0	70	6	17	0	0	0	0	0	1	0	0	0	0	116	59	69	0	29	0	0	0	0	6	4	16	27	12	0	8	4	31
0	0	0	0	0	0	0	0	0	0	0	0	0	0	0	0	0	0	0	0	0	0	0	0	0	0	0	0	0	0	0	0	0	0	0	0	0	0	0	0	0	0	0	0	0	0	0	0	0	0	0	0	0	0	0	0	0	0	0	0	0	0	0	0	0	0	0	0	0	0	0	0	0	0
0	0	0	0	0	0	0	0	7	0	0	0	0	0	0	0	0	0	0	0	0	0	0	2	0	0	0	0	0	0	0	1	0	0	0	0	0	0	0	0	2	0	0	0	0	0	0	0	0	0	0	0	0	0	0	0	0	0	0	0	0	0	0	0	0	0	0	0	2	0	0	0	0	1
0	0	0	0	0	0	0	0	0	0	0	0	0	0	0	0	0	0	0	0	0	0	0	0	0	0	0	0	0	0	0	0	0	0	0	0	0	0	0	0	0	0	0	0	0	0	0	0	0	0	0	0	0	0	0	0	0	0	0	0	0	0	0	0	0	0	0	0	0	0	0	0	0	0
0	0	103	215	0	0	0	0	0	389	0	0	0	0	13	0	2	1	0	11	0	0	0	0	0	2	0	3	0	1498	14	0	0	0	0	269	0	0	2	0	427	2	1	17	0	0	0	21	2	0	0	0	0	0	0	0	82	12	0	0	0	6	0	0	0	0	0	0	0	0	1	0	1	12
8	10	0	1	0	0	0	0	6	10	0	0	1	0	0	0	5	1	2	5	0	2	0	0	0	46	0	2	69	1	152	0	1	8	22	0	0	1	9	0	2	0	4	3	40	18	0	0	0	4	10	1	0	0	9	0	7	381	84	0	1	4	0	0	0	0	0	0	0	9	0	14	1	9
94	0	0	0	0	0	0	0	8	23	0	0	1	0	1	0	2	0	10	76	0	0	0	295	0	49	0	0	139	0	10	0	54	0	2	0	0	0	2	0	0	0	0	0	1	7	0	0	0	0	1	2	0	0	0	220	0	5	0	0	0	16	0	0	0	0	0	0	0	0	0	0	0	43
0	0	1	0	7	0	0	0	46	4	0	0	0	0	0	0	0	8	0	29	0	0	0	0	0	0	0	0	0	0	0	1	2	1	0	0	0	0	0	0	10	9	1	4	0	0	0	1	0	0	0	0	0	0	0	0	0	28	0	0	1	27	0	2	0	0	0	0	0	7	3	0	3	20
3	0	7	1	5	7	0	0	7	332	0	0	0	0	0	0	2	1	11	282	0	0	0	2	0	3	0	9	0	0	260	0	0	1	14	2	0	0	7	0	0	9	5	5	82	15	0	49	0	4	44	1	7	0	3	152	277	9	56	0	8	12	0	0	0	0	9	0	7	0	7	4	4	13
0	2	0	0	0	0	0	0	39	0	0	0	30	1	0	0	0	0	26	258	0	0	0	0	0	22	0	0	7	0	2	0	1090	31	2	0	0	0	253	0	0	0	1	0	1	31	0	0	0	0	0	1	0	0	2	1	1	38	0	3	0	0	0	0	0	1	0	0	3	7	0	2	0	0
0	0	1	0	8	3	0	0	16	12	0	0	9	0	0	0	0	2	4	14	0	0	2	0	0	2	0	17	10	0	0	2	0	2	13	1	5	0	0	7	9	1	2	8	0	1	0	1	3	3	0	0	0	0	1	3	1	14	11	0	1	8	0	0	0	0	14	0	0	4	2	0	0	4
0	0	4	0	0	0	0	0	4	0	0	0	0	0	0	0	0	3	0	4	0	1	0	0	0	3	0	0	0	12	0	0	0	0	0	2	0	1	0	0	0	4	3	2	2	0	0	0	0	0	0	0	0	0	0	4	0	0	0	0	1	4	0	0	0	1	1	0	3	4	0	0	0	0
0	0	6	0	7	83	0	1	1	0	0	0	5	0	2	0	33	0	119	14	6	84	6	0	0	0	0	21	5	0	377	0	4	7	11	1	0	6	22	7	34	19	28	249	121	0	0	0	0	2	54	0	400	0	17	0	129	279	7	0	26	31	0	1	0	12	9	43	20	13	0	4	0	0
