0	6	0	0	0	166	23	0	0	0	0	0	2	1	0	2	108	0	51	3	0	482	2	133	101	11	0	0	0	0	6	0	55	15	236	0	0	0	0	48	1	0	0	0	29	5	0	4	0	4	1	28	23	0	377	3	0	212	2	4	0	0	0	0	0	0	94	412	0	13	1	5	0	6
6	52	15	0	210	3	2	142	6	6	75	0	720	31	1	130	19	3	19	100	5	2	2	0	1	4	7	0	0	0	4	0	83	133	16	12	0	0	0	458	4	35	0	5	0	140	13	1	0	0	0	0	1	0	3	5	75	118	49	696	18	28	0	382	0	0	4	8	3	6	143	32	370	0
0	15	0	0	0	0	0	2	0	289	24	0	0	282	165	0	0	33	0	2	1	0	0	0	0	1	393	0	0	0	61	0	2	1	3	25	0	0	0	0	43	22	0	46	0	0	0	498	0	0	0	2	0	0	0	4	256	2	150	12	0	174	0	70	0	207	0	0	5	0	0	14	58	0
0	0	0	0	0	0	0	0	3	17	0	0	0	0	0	0	5	2	0	0	0	0	0	0	1	1	259	0	0	0	0	0	0	0	7	143	0	0	0	0	0	0	0	0	0	0	0	88	0	0	0	0	0	0	0	0	0	0	0	1	8	0	0	0	0	333	0	3	0	0	3	0	1	0
0	210	0	0	0	0	0	31	1	4	556	0	131	98	0	0	7	28	0	3	1	0	0	2	1	4	11	0	0	0	11	0	2	23	3	18	0	0	0	0	9	41	0	0	0	0	0	29	0	0	0	7	0	0	0	0	1	26	0	16	0	799	0	526	0	1	2	0	30	0	0	30	331	0
166	3	0	0	0	0	0	0	0	157	0	0	1	0	0	0	396	0	6	18	228	26	0	2	55	229	0	0	0	0	100	0	26	0	18	0	0	0	0	0	2	0	0	6	2	0	0	92	0	0	3	107	0	0	21	1	118	36	0	3	0	0	0	0	0	0	0	0	0	0	0	3	0	59
23	2	0	0	0	0	0	0	0	1	0	0	1	0	89	0	31	7	0	1	0	1	0	0	0	15	0	0	0	0	0	0	0	0	6	41	0	0	0	0	221	1	0	350	0	0	0	1	0	0	0	0	0	0	1	0	2	0	0	0	0	0	0	0	0	2	0	0	2	0	2	2	2	0
0	142	2	0	31	0	0	0	7	1	1	0	460	10	0	0	403	0	24	180	497	0	0	0	0	13	31	0	0	0	0	0	705	2	60	0	0	0	0	827	0	0	2	0	0	6	0	0	0	0	0	2	0	0	0	53	18	102	406	816	0	0	0	10	0	0	0	0	0	55	235	127	1	0
0	6	0	3	1	0	0	7	0	0	0	0	15	31	0	7	0	2	6	0	4	2	0	0	0	2	0	0	0	0	1	0	6	4	5	0	0	0	0	8	0	0	0	1	3	3	0	0	0	3	0	2	0	0	2	0	2	2	6	20	3	0	0	0	0	0	1	0	0	6	10	0	0	0
0	6	289	17	4	157	1	1	0	0	36	0	5	6	368	36	2	59	187	235	0	0	0	0	0	0	73	0	0	0	127	0	9	0	0	342	0	0	0	2	19	354	0	553	0	1	11	972	0	0	21	1	346	0	0	0	579	4	4	0	3	20	0	0	0	475	3	19	1	241	4	16	15	0
0	75	24	0	556	0	0	1	0	36	0	0	3	432	2	196	0	11	0	75	2	0	0	0	0	2	7	0	0	0	2	0	9	111	0	61	0	0	0	2	0	214	29	78	0	0	0	0	0	0	0	0	0	0	0	0	47	2	4	3	396	473	0	88	0	72	0	0	102	8	2	79	160	0
0	0	0	0	0	0	0	0	0	0	0	0	0	0	0	0	0	0	0	0	0	0	0	0	0	0	0	0	0	0	0	0	0	0	0	0	0	0	0	0	0	0	0	0	0	0	0	0	0	0	0	0	0	0	0	0	0	0	0	0	0	0	0	0	0	0	0	0	0	0	0	0	0	0
2	720	0	0	131	1	1	460	15	5	3	0	0	3	4	82	60	5	98	36	45	5	0	0	0	1	7	0	0	0	1	0	190	218	71	5	0	0	0	453	1	10	2	0	0	157	4	1	0	0	0	2	1	0	16	5	17	69	57	367	2	11	0	16	0	0	13	3	2	57	292	21	9	10
1	31	282	0	98	0	0	10	31	6	432	0	3	0	35	9	9	7	6	3	4	0	0	0	0	1	40	0	0	0	44	0	17	2	0	55	0	0	0	14	8	361	0	22	13	1	205	6	0	0	0	1	3	0	2	25	17	5	30	0	413	1347	0	201	0	27	7	0	28	16	11	101	125	0
0	1	165	0	0	0	89	0	0	368	2	0	4	35	0	1	1	55	66	0	0	1	0	0	0	1	78	0	0	0	5	0	0	1	1	327	0	0	0	1	244	464	0	633	0	0	6	650	0	0	0	1	6	0	0	0	217	4	6	3	0	43	0	2	0	324	2	2	6	72	2	6	4	2
2	130	0	0	0	0	0	0	7	36	196	0	82	9	1	0	1	20	0	1	0	1	0	0	0	0	0	0	0	0	27	0	1	7	2	11	0	0	0	0	0	2	0	0	0	0	0	10	0	0	11	0	0	0	1	0	6	11	0	0	0	134	0	161	0	0	5	0	7	0	0	10	57	0
108	19	0	5	7	396	31	403	0	2	0	0	60	9	1	1	0	0	49	17	322	50	3	6	3	303	0	0	0	0	14	0	423	121	41	1	0	0	0	663	2	31	0	4	49	31	2	2	0	0	7	220	113	0	97	6	14	148	15	54	13	70	0	0	0	0	217	89	2	7	40	16	14	7
0	3	33	2	28	0	7	0	2	59	11	0	5	7	55	20	0	0	3	0	0	4	0	0	0	0	0	0	0	0	8	0	13	14	3	22	0	0	0	0	11	44	0	128	0	0	6	45	0	907	4	0	60	0	0	0	29	38	3	3	5	84	0	2	0	15	16	0	18	2	0	32	30	3
51	19	0	0	0	6	0	24	6	187	0	0	98	6	66	0	49	3	0	383	76	47	0	4	0	39	13	0	0	0	120	0	56	29	108	0	0	0	0	10	5	20	5	36	0	0	0	339	0	0	29	62	10	0	26	174	529	306	360	304	0	0	0	0	0	0	6	6	0	21	8	8	2	4
3	100	2	0	3	18	1	180	0	235	75	0	36	3	0	1	17	0	383	0	178	10	141	187	52	13	1	0	0	0	102	0	141	41	38	0	0	0	0	241	2	9	0	0	161	60	1	201	0	0	185	10	200	0	279	387	701	104	151	235	7	31	0	0	0	14	19	18	0	363	85	5	3	41
0	5	1	0	1	228	0	497	4	0	2	0	45	4	0	0	322	0	76	178	0	6	0	0	1	733	24	0	0	0	3	0	611	113	131	2	0	0	0	541	0	0	1	0	46	28	1	0	0	0	1	329	127	0	140	40	12	45	9	29	1	0	0	0	0	0	5	198	0	18	33	4	1	23
482	2	0	0	0	26	1	0	2	0	0	0	5	0	1	1	50	4	47	10	6	0	7	337	204	40	2	0	0	0	109	0	33	14	271	3	0	0	0	9	1	1	0	1	6	18	1	2	0	0	64	156	63	0	711	9	0	440	68	65	0	0	0	0	0	0	255	295	0	15	1	5	0	20
2	2	0	0	0	0	0	0	0	0	0	0	0	0	0	0	3	0	0	141	0	7	0	344	8	1	0	0	0	0	0	0	1	0	0	0	0	0	0	0	0	0	0	0	0	0	0	0	0	0	0	0	0	0	212	133	14	2	14	32	0	0	0	0	0	0	0	0	0	0	0	0	19	0
133	0	0	0	2	2	0	0	0	0	0	0	0	0	0	0	6	0	4	187	0	337	344	0	1153	0	0	0	0	0	35	0	6	14	34	0	0	0	0	2	0	0	0	0	0	0	0	0	0	0	0	0	60	0	322	315	20	37	0	0	0	0	0	0	0	0	0	308	0	0	0	0	0	0
101	1	0	1	1	55	0	0	0	0	0	0	0	0	0	0	3	0	0	52	1	204	8	1153	0	4	3	0	0	0	15	0	1	1	14	0	0	0	0	0	0	0	0	0	0	0	0	0	0	0	7	1	59	0	148	185	20	12	0	0	0	0	0	0	0	0	0	88	0	0	0	1	0	3
11	4	1	1	4	229	15	13	2	0	2	0	1	1	1	0	303	0	39	13	733	40	1	0	4	0	19	0	0	0	38	0	608	67	55	2	0	0	0	558	3	1	1	1	37	10	0	8	0	0	3	540	239	0	138	24	12	61	10	34	0	23	0	0	0	1	98	172	0	26	58	7	11	18
0	7	393	259	11	0	0	31	0	73	7	0	7	40	78	0	0	0	13	1	24	2	0	0	3	19	0	0	0	0	2	0	6	3	18	628	0	0	0	8	277	17	0	17	0	2	14	407	0	0	0	20	0	0	11	0	1	2	8	8	7	31	0	5	0	880	2	15	3	10	7	30	8	0
0	0	0	0	0	0	0	0	0	0	0	0	0	0	0	0	0	0	0	0	0	0	0	0	0	0	0	0	0	0	0	0	0	0	0	0	0	0	0	0	0	0	0	0	0	0	0	0	0	0	0	0	0	0	0	0	0	0	0	0	0	0	0	0	0	0	0	0	0	0	0	0	0	0
0	0	0	0	0	0	0	0	0	0	0	0	0	0	0	0	0	0	0	0	0	0	0	0	0	0	0	0	0	0	0	0	0	0	0	0	0	0	0	0	0	0	0	0	0	0	0	0	0	0	0	0	0	0	0	0	0	0	0	0	0	0	0	0	0	0	0	0	0	0	0	0	0	0
0	0	0	0	0	0	0	0	0	0	0	0	0	0	0	0	0	0	0	0	0	0	0	0	0	0	0	0	0	0	0	0	0	0	0	0	0	0	0	0	0	0	0	0	0	0	0	0	0	0	0	0	0	0	0	0	0	0	0	0	0	0	0	0	0	0	0	0	0	0	0	0	0	0
6	4	61	0	11	100	0	0	1	127	2	0	1	44	5	27	14	8	120	102	3	109	0	35	15	38	2	0	0	0	0	0	6	8	9	11	0	0	0	4	0	101	0	146	170	14	105	29	0	0	418	8	316	0	197	0	528	231	59	2	0	23	0	76	0	2	143	40	11	70	4	9	9	119
0	0	0	0	0	0	0	0	0	0	0	0	0	0	0	0	0	0	0	0	0	0	0	0	0	0	0	0	0	0	0	0	0	0	0	0	0	0	0	0	0	0	0	0	0	0	0	0	0	0	0	0	0	0	0	0	0	0	0	0	0	0	0	0	0	0	0	0	0	0	0	0	0	0
55	83	2	0	2	26	0	705	6	9	9	0	190	17	0	1	423	13	56	141	611	33	1	6	1	608	6	0	0	0	6	0	0	11	318	7	0	0	0	180	0	3	3	0	12	8	0	1	0	0	2	272	13	0	24	46	11	156	29	319	3	61	0	0	0	0	8	47	0	15	21	12	9	2
15	133	1	0	23	0	0	2	4	0	111	0	218	2	1	7	121	14	29	41	113	14	0	14	1	67	3	0	0	0	8	0	11	0	32	1	0	0	0	42	0	2	0	0	7	10	0	1	0	0	1	126	15	0	40	3	19	243	104	313	0	12	0	94	0	0	20	10	0	4	37	17	111	6
236	16	3	7	3	18	6	60	5	0	0	0	71	0	1	2	41	3	108	38	131	271	0	34	14	55	18	0	0	0	9	0	318	32	0	0	0	0	0	384	1	5	6	0	17	13	1	0	0	0	2	351	17	0	18	43	38	595	556	277	3	3	0	0	0	0	274	342	0	33	102	9	0	1
0	12	25	143	18	0	41	0	0	342	61	0	5	55	327	11	1	22	0	0	2	3	0	0	0	2	628	0	0	0	11	0	7	1	0	0	0	0	0	0	188	76	0	202	1	0	4	470	0	0	0	1	0	0	0	0	21	0	3	0	16	60	0	2	0	539	4	0	29	3	0	22	35	0
0	0	0	0	0	0	0	0	0	0	0	0	0	0	0	0	0	0	0	0	0	0	0	0	0	0	0	0	0	0	0	0	0	0	0	0	0	0	0	0	0	0	0	0	0	0	0	0	0	0	0	0	0	0	0	0	0	0	0	0	0	0	0	0	0	0	0	0	0	0	0	0	0	0
0	0	0	0	0	0	0	0	0	0	0	0	0	0	0	0	0	0	0	0	0	0	0	0	0	0	0	0	0	0	0	0	0	0	0	0	0	0	0	0	0	0	0	0	0	0	0	0	0	0	0	0	0	0	0	0	0	0	0	0	0	0	0	0	0	0	0	0	0	0	0	0	0	0
0	0	0	0	0	0	0	0	0	0	0	0	0	0	0	0	0	0	0	0	0	0	0	0	0	0	0	0	0	0	0	0	0	0	0	0	0	0	0	0	0	0	0	0	0	0	0	0	0	0	0	0	0	0	0	0	0	0	0	0	0	0	0	0	0	0	0	0	0	0	0	0	0	0
48	458	0	0	0	0	0	827	8	2	2	0	453	14	1	0	663	0	10	241	541	9	0	2	0	558	8	0	0	0	4	0	180	42	384	0	0	0	0	0	1	0	3	0	7	0	0	0	0	0	0	264	0	0	11	11	10	169	44	889	0	1	0	1	0	0	0	0	0	4	9	25	4	2
1	4	43	0	9	2	221	0	0	19	0	0	1	8	244	0	2	11	5	2	0	1	0	0	0	3	277	0	0	0	0	0	0	0	1	188	0	0	0	1	0	0	0	313	0	0	0	277	0	0	0	0	3	0	0	0	2	2	0	1	7	131	0	0	0	269	0	12	0	0	0	23	6	0
0	35	22	0	41	0	1	0	0	354	214	0	10	361	464	2	31	44	20	9	0	1	0	0	0	1	17	0	0	0	101	0	3	2	5	76	0	0	0	0	0	0	7	473	0	0	94	442	0	0	0	0	0	0	1	0	57	432	857	39	0	646	0	12	0	0	8	0	39	22	75	37	128	0
0	0	0	0	0	0	0	2	0	0	29	0	2	0	0	0	0	0	5	0	1	0	0	0	0	1	0	0	0	0	0	0	3	0	6	0	0	0	0	3	0	7	0	0	0	0	0	0	0	0	0	0	2	0	0	0	3	6	11	6	0	0	0	0	0	0	6	0	100	0	6	0	0	0
0	5	46	0	0	6	350	0	1	553	78	0	0	22	633	0	4	128	36	0	0	1	0	0	0	1	17	0	0	0	146	0	0	0	0	202	0	0	0	0	313	473	0	0	0	0	0	1056	0	0	95	0	60	0	3	0	161	231	0	0	0	25	0	0	0	122	1	0	0	0	0	13	32	1
29	0	0	0	0	2	0	0	3	0	0	0	0	13	0	0	49	0	0	161	46	6	0	0	0	37	0	0	0	0	170	0	12	7	17	1	0	0	0	7	0	0	0	0	0	0	0	0	0	0	98	18	0	0	157	11	52	4	2	0	0	0	0	0	0	0	15	0	0	0	0	0	3	3
5	140	0	0	0	0	0	6	3	1	0	0	157	1	0	0	31	0	0	60	28	18	0	0	0	10	2	0	0	0	14	0	8	10	13	0	0	0	0	0	0	0	0	0	0	0	0	0	0	0	0	2	0	0	4	2	8	106	126	222	0	3	0	1	0	0	0	0	0	0	0	3	92	0
0	13	0	0	0	0	0	0	0	11	0	0	4	205	6	0	2	6	0	1	1	1	0	0	0	0	14	0	0	0	105	0	0	0	1	4	0	0	0	0	0	94	0	0	0	0	0	7	0	0	0	0	0	0	1	0	3	8	400	2	0	31	0	47	0	0	0	0	6	0	0	13	18	0
4	1	498	88	29	92	1	0	0	972	0	0	1	6	650	10	2	45	339	201	0	2	0	0	0	8	407	0	0	0	29	0	1	1	0	470	0	0	0	0	277	442	0	1056	0	0	7	0	0	0	16	6	295	0	9	0	1085	9	1	1	2	18	0	1	0	690	0	2	0	480	0	10	10	0
0	0	0	0	0	0	0	0	0	0	0	0	0	0	0	0	0	0	0	0	0	0	0	0	0	0	0	0	0	0	0	0	0	0	0	0	0	0	0	0	0	0	0	0	0	0	0	0	0	0	0	0	0	0	0	0	0	0	0	0	0	0	0	0	0	0	0	0	0	0	0	0	0	0
4	0	0	0	0	0	0	0	3	0	0	0	0	0	0	0	0	907	0	0	0	0	0	0	0	0	0	0	0	0	0	0	0	0	0	0	0	0	0	0	0	0	0	0	0	0	0	0	0	0	0	0	0	0	0	0	0	1	0	0	0	0	0	1	0	0	0	0	0	0	0	0	0	0
1	0	0	0	0	3	0	0	0	21	0	0	0	0	0	11	7	4	29	185	1	64	0	0	7	3	0	0	0	0	418	0	2	1	2	0	0	0	0	0	0	0	0	95	98	0	0	16	0	0	0	0	77	0	131	0	172	37	0	2	0	0	0	0	0	0	54	0	0	98	1	0	0	59
28	0	2	0	7	107	0	2	2	1	0	0	2	1	1	0	220	0	62	10	329	156	0	0	1	540	20	0	0	0	8	0	272	126	351	1	0	0	0	264	0	0	0	0	18	2	0	6	0	0	0	0	241	0	123	19	9	142	2	14	1	7	0	0	0	0	239	76	0	17	136	4	0	41
23	1	0	0	0	0	0	0	0	346	0	0	1	3	6	0	113	60	10	200	127	63	0	60	59	239	0	0	0	0	316	0	13	15	17	0	0	0	0	0	3	0	2	60	0	0	0	295	0	0	77	241	0	0	87	1	297	105	0	23	0	3	0	0	0	0	0	0	0	4	1	1	2	66
0	0	0	0	0	0	0	0	0	0	0	0	0	0	0	0	0	0	0	0	0	0	0	0	0	0	0	0	0	0	0	0	0	0	0	0	0	0	0	0	0	0	0	0	0	0	0	0	0	0	0	0	0	0	0	0	0	0	0	0	0	0	0	0	0	0	0	0	0	0	0	0	0	0
377	3	0	0	0	21	1	0	2	0	0	0	16	2	0	1	97	0	26	279	140	711	212	322	148	138	11	0	0	0	197	0	24	40	18	0	0	0	0	11	0	1	0	3	157	4	1	9	0	0	131	123	87	0	0	483	15	62	3	21	0	15	0	1	0	0	27	482	1	12	13	2	19	2
3	5	4	0	0	1	0	53	0	0	0	0	5	25	0	0	6	0	174	387	40	9	133	315	185	24	0	0	0	0	0	0	46	3	43	0	0	0	0	11	0	0	0	0	11	2	0	0	0	0	0	19	1	0	483	0	427	5	67	60	1	0	0	2	0	0	0	42	0	161	5	2	1	0
0	75	256	0	1	118	2	18	2	579	47	0	17	17	217	6	14	29	529	701	12	0	14	20	20	12	1	0	0	0	528	0	11	19	38	21	0	0	0	10	2	57	3	161	52	8	3	1085	0	0	172	9	297	0	15	427	0	266	520	188	0	79	0	7	0	137	20	13	7	330	46	21	61	97
212	118	2	0	26	36	0	102	2	4	2	0	69	5	4	11	148	38	306	104	45	440	2	37	12	61	2	0	0	0	231	0	156	243	595	0	0	0	0	169	2	432	6	231	4	106	8	9	0	1	37	142	105	0	62	5	266	0	1214	697	5	88	0	3	0	1	598	313	3	113	468	25	37	182
2	49	150	0	0	0	0	406	6	4	4	0	57	30	6	0	15	3	360	151	9	68	14	0	0	10	8	0	0	0	59	0	29	104	556	3	0	0	0	44	0	857	11	0	2	126	400	1	0	0	0	2	0	0	3	67	520	1214	0	1638	4	53	0	30	0	0	954	4	52	727	611	166	10	0
4	696	12	1	16	3	0	816	20	0	3	0	367	0	3	0	54	3	304	235	29	65	32	0	0	34	8	0	0	0	2	0	319	313	277	0	0	0	0	889	1	39	6	0	0	222	2	1	0	0	2	14	23	0	21	60	188	697	1638	0	0	0	0	189	0	0	203	143	1	233	553	91	0	19
0	18	0	8	0	0	0	0	3	3	396	0	2	413	0	0	13	5	0	7	1	0	0	0	0	0	7	0	0	0	0	0	3	0	3	16	0	0	0	0	7	0	0	0	0	0	0	2	0	0	0	1	0	0	0	1	0	5	4	0	0	338	0	3	0	0	1	0	0	0	0	18	82	0
0	28	174	0	799	0	0	0	0	20	473	0	11	1347	43	134	70	84	0	31	0	0	0	0	0	23	31	0	0	0	23	0	61	12	3	60	0	0	0	1	131	646	0	25	0	3	31	18	0	0	0	7	3	0	15	0	79	88	53	0	338	0	0	22	0	15	3	20	75	17	1	182	268	7
0	0	0	0	0	0	0	0	0	0	0	0	0	0	0	0	0	0	0	0	0	0	0	0	0	0	0	0	0	0	0	0	0	0	0	0	0	0	0	0	0	0	0	0	0	0	0	0	0	0	0	0	0	0	0	0	0	0	0	0	0	0	0	0	0	0	0	0	0	0	0	0	0	0
0	382	70	0	526	0	0	10	0	0	88	0	16	201	2	161	0	2	0	0	0	0	0	0	0	0	5	0	0	0	76	0	0	94	0	2	0	0	0	1	0	12	0	0	0	1	47	1	0	1	0	0	0	0	1	2	7	3	30	189	3	22	0	0	0	0	0	4	71	2	0	70	295	0
0	0	0	0	0	0	0	0	0	0	0	0	0	0	0	0	0	0	0	0	0	0	0	0	0	0	0	0	0	0	0	0	0	0	0	0	0	0	0	0	0	0	0	0	0	0	0	0	0	0	0	0	0	0	0	0	0	0	0	0	0	0	0	0	0	0	0	0	0	0	0	0	0	0
0	0	207	333	1	0	2	0	0	475	72	0	0	27	324	0	0	15	0	14	0	0	0	0	0	1	880	0	0	0	2	0	0	0	0	539	0	0	0	0	269	0	0	122	0	0	0	690	0	0	0	0	0	0	0	0	137	1	0	0	0	15	0	0	0	0	0	0	7	0	0	3	0	0
94	4	0	0	2	0	0	0	1	3	0	0	13	7	2	5	217	16	6	19	5	255	0	0	0	98	2	0	0	0	143	0	8	20	274	4	0	0	0	0	0	8	6	1	15	0	0	0	0	0	54	239	0	0	27	0	20	598	954	203	1	3	0	0	0	0	0	0	1	0	6	4	2	62
412	8	0	3	0	0	0	0	0	19	0	0	3	0	2	0	89	0	6	18	198	295	0	308	88	172	15	0	0	0	40	0	47	10	342	0	0	0	0	0	12	0	0	0	0	0	0	2	0	0	0	76	0	0	482	42	13	313	4	143	0	20	0	4	0	0	0	0	0	0	0	1	4	66
0	3	5	0	30	0	2	0	0	1	102	0	2	28	6	7	2	18	0	0	0	0	0	0	0	0	3	0	0	0	11	0	0	0	0	29	0	0	0	0	0	39	100	0	0	0	6	0	0	0	0	0	0	0	1	0	7	3	52	1	0	75	0	71	0	7	1	0	0	3	0	3	5	0
13	6	0	0	0	0	0	55	6	241	8	0	57	16	72	0	7	2	21	363	18	15	0	0	0	26	10	0	0	0	70	0	15	4	33	3	0	0	0	4	0	22	0	0	0	0	0	480	0	0	98	17	4	0	12	161	330	113	727	233	0	17	0	2	0	0	0	0	3	0	10	2	10	0
1	143	0	3	0	0	2	235	10	4	2	0	292	11	2	0	40	0	8	85	33	1	0	0	0	58	7	0	0	0	4	0	21	37	102	0	0	0	0	9	0	75	6	0	0	0	0	0	0	0	1	136	1	0	13	5	46	468	611	553	0	1	0	0	0	0	6	0	0	10	0	22	2	1
5	32	14	0	30	3	2	127	0	16	79	0	21	101	6	10	16	32	8	5	4	5	0	0	1	7	30	0	0	0	9	0	12	17	9	22	0	0	0	25	23	37	0	13	0	3	13	10	0	0	0	4	1	0	2	2	21	25	166	91	18	182	0	70	0	3	4	1	3	2	22	0	69	0
0	370	58	1	331	0	2	1	0	15	160	0	9	125	4	57	14	30	2	3	1	0	19	0	0	11	8	0	0	0	9	0	9	111	0	35	0	0	0	4	6	128	0	32	3	92	18	10	0	0	0	0	2	0	19	1	61	37	10	0	82	268	0	295	0	0	2	4	5	10	2	69	0	5
6	0	0	0	0	59	0	0	0	0	0	0	10	0	2	0	7	3	4	41	23	20	0	0	3	18	0	0	0	0	119	0	2	6	1	0	0	0	0	2	0	0	0	1	3	0	0	0	0	0	59	41	66	0	2	0	97	182	0	19	0	7	0	0	0	0	62	66	0	0	1	0	5	0
