0	0	0	0	0	0	40	3	1	0	0	0	108	0	56	0	119	28	9	3	112	420	0	254	131	39	0	0	159	0	26	0	213	69	307	0	0	0	0	162	24	4	0	32	70	21	0	0	0	0	5	551	21	0	467	50	10	14	11	0	8	18	0	7	0	0	303	0	0	1	122	13	0	3
0	0	10	3	164	0	2	160	0	2	0	0	143	12	2	34	3	3	3	3	2	0	0	0	0	0	1	0	5	0	1	0	14	129	6	0	0	0	0	51	0	2	0	3	8	2	9	4	0	0	0	2	1	0	2	0	15	8	116	3	12	20	0	151	0	0	2	0	0	3	102	0	5	0
0	10	0	7	27	0	0	0	0	397	38	0	1	366	60	40	1	49	3	6	15	0	0	0	0	0	448	0	0	0	50	0	90	1	0	12	0	0	0	1	283	56	15	158	8	4	123	93	0	0	0	0	2	0	4	6	398	3	15	0	108	374	0	50	0	167	0	0	0	168	1	69	29	10
0	3	7	0	5	0	0	47	0	19	0	0	37	0	2	0	7	1	2	42	0	0	0	12	0	0	73	0	26	0	0	0	1	17	45	0	0	0	0	98	41	0	0	0	0	0	0	0	0	0	0	0	0	0	0	21	24	5	70	26	0	8	0	0	0	2	3	0	0	4	56	2	1	0
0	164	27	5	0	0	3	2	4	16	696	0	546	81	0	265	11	8	2	1	7	1	0	0	0	1	3	0	1	0	2	0	13	822	3	0	0	0	0	132	1	398	0	0	0	130	1	6	0	0	0	2	0	0	14	2	39	63	5	0	111	1713	0	563	0	8	1	0	0	26	38	368	1318	6
0	0	0	0	0	0	0	0	0	0	0	0	0	0	0	0	0	0	0	0	0	0	0	0	0	0	0	0	0	0	0	0	0	0	0	0	0	0	0	0	0	0	0	0	0	0	0	0	0	0	0	0	0	0	0	0	0	0	0	0	0	0	0	0	0	0	0	0	0	0	0	0	0	0
40	2	0	0	3	0	0	0	0	0	35	0	0	0	1	0	64	28	0	1	15	4	0	6	0	5	0	0	0	0	0	0	1	1	1	0	0	0	0	1	336	0	2	0	16	0	0	0	0	0	1	13	0	0	10	2	0	31	0	0	0	4	0	0	0	9	0	0	0	0	0	0	16	0
3	160	0	47	2	0	0	0	0	0	0	0	821	0	0	0	17	0	0	141	160	1	0	24	2	111	0	0	67	0	0	0	18	142	39	0	0	0	0	277	0	0	0	0	0	0	0	0	0	0	0	143	0	0	1	3	4	68	22	260	0	0	0	0	0	0	0	0	0	4	2	0	1	0
1	0	0	0	4	0	0	0	0	0	9	0	19	1	0	0	0	11	0	0	0	0	0	0	0	0	0	0	1	0	1	0	0	0	0	0	0	0	0	0	0	0	0	0	0	0	0	0	0	0	1	0	0	0	4	0	0	27	0	21	0	6	0	0	0	0	0	0	0	2	0	0	11	0
0	2	397	19	16	0	0	0	0	0	36	0	6	76	413	4	22	83	218	10	13	1	0	0	0	0	39	0	15	0	313	0	23	0	0	1	0	0	0	4	137	294	7	415	18	10	18	413	0	0	59	0	369	0	2	6	705	57	6	0	63	179	0	0	0	287	0	0	0	321	2	18	37	0
0	0	38	0	696	0	35	0	9	36	0	0	1	483	0	88	12	34	0	15	20	0	0	0	0	17	1	0	0	0	16	0	6	54	0	0	0	0	0	3	24	139	0	0	2	1	0	0	0	0	0	0	0	0	0	0	42	18	0	0	182	859	0	89	0	1	0	0	0	0	23	114	553	0
0	0	0	0	0	0	0	0	0	0	0	0	0	0	0	0	0	0	0	0	0	0	0	0	0	0	0	0	0	0	0	0	0	0	0	0	0	0	0	0	0	0	0	0	0	0	0	0	0	0	0	0	0	0	0	0	0	0	0	0	0	0	0	0	0	0	0	0	0	0	0	0	0	0
108	143	1	37	546	0	0	821	19	6	1	0	0	9	0	125	123	2	202	37	411	12	6	41	6	6	0	0	149	0	2	0	563	1078	259	0	0	0	0	1122	23	5	1	3	4	253	2	1	0	0	0	23	0	0	20	24	98	147	130	459	1	17	0	64	0	1	2	0	0	20	766	329	9	11
0	12	366	0	81	0	0	0	1	76	483	0	9	0	15	14	2	20	0	4	8	0	0	0	0	0	21	0	1	0	110	0	83	8	1	4	0	0	0	0	27	52	0	12	0	0	172	63	0	0	0	2	0	0	11	25	30	21	7	0	624	2318	0	130	0	14	0	0	0	3	1	113	72	0
56	2	60	2	0	0	1	0	0	413	0	0	0	15	0	50	2	29	156	3	1	0	0	0	0	0	0	0	0	0	5	0	7	0	0	13	0	0	0	1	17	189	0	212	0	6	0	181	0	0	0	1	45	0	0	0	168	9	5	0	4	8	0	1	0	29	1	0	0	100	5	5	0	2
0	34	40	0	265	0	0	0	0	4	88	0	125	14	50	0	2	4	0	2	7	0	0	0	1	4	1	0	6	0	15	0	4	130	1	0	0	0	0	21	2	0	0	0	31	0	0	0	0	0	16	7	0	0	5	1	7	18	2	3	1	335	0	0	0	0	0	0	0	0	0	0	197	0
119	3	1	7	11	0	64	17	0	22	12	0	123	2	2	2	0	72	230	100	541	286	0	9	3	336	0	0	355	0	5	0	283	196	250	1	0	0	0	650	52	19	0	57	223	19	0	0	0	0	1	712	3	0	280	5	38	71	14	0	43	80	0	1	0	1	357	0	0	18	256	22	3	70
28	3	49	1	8	0	28	0	11	83	34	0	2	20	29	4	72	0	3	5	7	19	0	0	1	0	2	0	0	0	45	0	54	9	1	0	3	0	0	3	36	54	10	95	28	6	11	68	0	801	15	39	45	0	26	8	74	32	1	1	68	210	0	0	0	4	2	0	0	15	5	51	21	6
9	3	3	2	2	0	0	0	0	218	0	0	202	0	156	0	230	3	0	178	193	2	0	20	2	211	0	0	307	0	73	0	15	30	70	0	0	0	0	224	2	0	3	0	63	0	0	0	0	0	35	248	62	0	8	8	362	328	186	12	0	1	0	0	0	0	0	0	0	48	3	0	0	0
3	3	6	42	1	0	1	141	0	10	15	0	37	4	3	2	100	5	178	0	59	0	0	4	0	24	0	0	99	0	1	0	169	35	124	0	0	0	0	330	12	2	0	0	4	2	1	15	0	7	2	73	45	0	38	87	200	15	49	8	2	38	0	0	0	2	0	0	0	68	181	89	16	17
112	2	15	0	7	0	15	160	0	13	20	0	411	8	1	7	541	7	193	59	0	17	0	11	8	872	0	0	162	0	0	0	407	482	216	1	0	0	0	825	89	2	0	2	171	28	6	0	0	1	3	846	16	0	108	68	13	29	1	0	17	34	0	4	0	0	2	0	0	4	135	13	28	14
420	0	0	0	1	0	4	1	0	1	0	0	12	0	0	0	286	19	2	0	17	0	0	401	53	73	0	0	69	0	59	0	1	30	52	0	0	0	0	16	3	9	1	8	178	0	0	0	0	0	10	349	2	0	235	8	1	73	9	31	0	3	0	0	0	0	41	0	0	2	6	3	0	6
0	0	0	0	0	0	0	0	0	0	0	0	6	0	0	0	0	0	0	0	0	0	0	0	0	0	0	0	0	0	0	0	0	2	0	0	0	0	0	0	0	0	0	0	0	0	0	0	0	0	0	0	0	0	1	0	1	4	0	0	0	0	0	0	0	0	0	0	0	1	0	0	1	0
254	0	0	12	0	0	6	24	0	0	0	0	41	0	0	0	9	0	20	4	11	401	0	0	1956	7	0	0	98	0	82	0	0	74	82	0	0	0	0	53	3	2	0	0	569	0	0	2	0	0	12	177	725	0	824	963	64	45	6	10	0	4	0	0	0	0	10	0	0	34	24	6	0	2
131	0	0	0	0	0	0	2	0	0	0	0	6	0	0	1	3	1	2	0	8	53	0	1956	0	5	0	0	4	0	5	0	3	1	15	0	0	0	0	3	1	0	0	0	140	0	0	0	0	0	7	29	42	0	182	239	13	1	0	2	0	3	0	0	0	0	1	0	0	2	1	0	0	0
39	0	0	0	1	0	5	111	0	0	17	0	6	0	0	4	336	0	211	24	872	73	0	7	5	0	0	0	102	0	2	0	510	100	223	0	0	0	0	736	19	0	0	0	105	21	0	0	0	0	5	973	41	0	149	31	16	50	9	5	0	23	0	0	0	1	102	0	0	4	150	47	1	1
0	1	448	73	3	0	0	0	0	39	1	0	0	21	0	1	0	2	0	0	0	0	0	0	0	0	0	0	0	0	0	0	9	1	0	132	0	0	0	0	759	1	0	11	0	1	2	365	0	0	0	0	0	0	1	0	2	2	1	0	16	27	0	1	0	488	0	0	0	3	0	11	1	0
0	0	0	0	0	0	0	0	0	0	0	0	0	0	0	0	0	0	0	0	0	0	0	0	0	0	0	0	0	0	0	0	0	0	0	0	0	0	0	0	0	0	0	0	0	0	0	0	0	0	0	0	0	0	0	0	0	0	0	0	0	0	0	0	0	0	0	0	0	0	0	0	0	0
159	5	0	26	1	0	0	67	1	15	0	0	149	1	0	6	355	0	307	99	162	69	0	98	4	102	0	0	0	0	2	0	181	78	538	0	0	0	0	580	16	6	2	0	110	20	0	0	0	0	0	775	3	0	41	31	38	552	528	314	0	0	0	0	0	0	231	0	0	15	191	36	0	14
0	0	0	0	0	0	0	0	0	0	0	0	0	0	0	0	0	0	0	0	0	0	0	0	0	0	0	0	0	0	0	0	0	0	0	0	0	0	0	0	0	0	0	0	0	0	0	0	0	0	0	0	0	0	0	0	0	0	0	0	0	0	0	0	0	0	0	0	0	0	0	0	0	0
26	1	50	0	2	0	0	0	1	313	16	0	2	110	5	15	5	45	73	1	0	59	0	82	5	2	0	0	2	0	0	0	2	3	2	0	0	0	0	1	1	1	2	208	103	0	113	39	0	0	812	8	493	0	263	6	406	25	22	0	31	93	0	2	0	0	226	0	0	127	2	12	3	138
0	0	0	0	0	0	0	0	0	0	0	0	0	0	0	0	0	0	0	0	0	0	0	0	0	0	0	0	0	0	0	0	0	0	0	0	0	0	0	0	0	0	0	0	0	0	0	0	0	0	0	0	0	0	0	0	0	0	0	0	0	0	0	0	0	0	0	0	0	0	0	0	0	0
213	14	90	1	13	0	1	18	0	23	6	0	563	83	7	4	283	54	15	169	407	1	0	0	3	510	9	0	181	0	2	0	0	28	75	1	0	0	0	261	18	3	0	2	42	10	1	0	0	0	0	502	2	0	11	5	14	58	17	131	5	359	0	0	0	0	3	0	0	6	18	4	65	3
69	129	1	17	822	0	1	142	0	0	54	0	1078	8	0	130	196	9	30	35	482	30	2	74	1	100	1	0	78	0	3	0	28	0	36	0	0	0	0	468	15	1	1	18	23	10	0	0	0	0	1	123	17	0	47	2	53	280	73	98	0	35	0	9	0	0	63	0	0	6	229	203	945	7
307	6	0	45	3	0	1	39	0	0	0	0	259	1	0	1	250	1	70	124	216	52	0	82	15	223	0	0	538	0	2	0	75	36	0	0	0	0	0	305	14	6	1	1	85	6	0	0	0	0	2	599	0	0	32	35	24	319	235	113	1	18	0	1	0	2	79	0	0	12	78	2	2	6
0	0	12	0	0	0	0	0	0	1	0	0	0	4	13	0	1	0	0	0	1	0	0	0	0	0	132	0	0	0	0	0	1	0	0	0	0	0	0	0	81	0	0	0	1	0	0	0	0	0	0	0	0	0	0	0	15	7	0	0	0	3	0	0	0	0	0	0	0	0	0	0	23	0
0	0	0	0	0	0	0	0	0	0	0	0	0	0	0	0	0	3	0	0	0	0	0	0	0	0	0	0	0	0	0	0	0	0	0	0	0	0	0	0	0	0	0	0	0	0	0	0	0	0	0	0	0	0	0	0	0	0	0	0	0	0	0	0	0	0	0	0	0	0	0	3	0	0
0	0	0	0	0	0	0	0	0	0	0	0	0	0	0	0	0	0	0	0	0	0	0	0	0	0	0	0	0	0	0	0	0	0	0	0	0	0	0	0	0	0	0	0	0	0	0	0	0	0	0	0	0	0	0	0	0	0	0	0	0	0	0	0	0	0	0	0	0	0	0	0	0	0
0	0	0	0	0	0	0	0	0	0	0	0	0	0	0	0	0	0	0	0	0	0	0	0	0	0	0	0	0	0	0	0	0	0	0	0	0	0	0	0	0	0	0	0	0	0	0	0	0	0	0	0	0	0	0	0	0	0	0	0	0	0	0	0	0	0	0	0	0	0	0	0	0	0
162	51	1	98	132	0	1	277	0	4	3	0	1122	0	1	21	650	3	224	330	825	16	0	53	3	736	0	0	580	0	1	0	261	468	305	0	0	0	0	0	17	4	0	0	80	30	0	0	0	0	0	758	1	0	47	13	81	159	65	183	1	3	0	0	0	1	0	0	0	17	313	61	0	2
24	0	283	41	1	0	336	0	0	137	24	0	23	27	17	2	52	36	2	12	89	3	0	3	1	19	759	0	16	0	1	0	18	15	14	81	0	0	0	17	0	4	0	451	8	0	5	435	0	0	3	24	7	0	9	20	3	12	9	0	4	93	0	1	0	380	1	0	0	0	2	1	54	3
4	2	56	0	398	0	0	0	0	294	139	0	5	52	189	0	19	54	0	2	2	9	0	2	0	0	1	0	6	0	1	0	3	1	6	0	0	0	0	4	4	0	3	0	0	0	0	0	0	0	0	2	0	0	1	0	29	324	482	14	0	441	0	0	0	1	0	0	0	1	0	0	59	0
0	0	15	0	0	0	2	0	0	7	0	0	1	0	0	0	0	10	3	0	0	1	0	0	0	0	0	0	2	0	2	0	0	1	1	0	0	0	0	0	0	3	0	0	0	0	0	7	0	0	0	0	0	0	4	11	1	13	5	0	0	6	0	0	0	0	1	0	0	0	0	12	0	1
32	3	158	0	0	0	0	0	0	415	0	0	3	12	212	0	57	95	0	0	2	8	0	0	0	0	11	0	0	0	208	0	2	18	1	0	0	0	0	0	451	0	0	0	5	0	0	0	0	0	57	12	81	0	2	0	104	285	78	0	0	32	0	0	0	16	0	0	0	11	0	0	18	0
70	8	8	0	0	0	16	0	0	18	2	0	4	0	0	31	223	28	63	4	171	178	0	569	140	105	0	0	110	0	103	0	42	23	85	1	0	0	0	80	8	0	0	5	0	2	0	17	0	0	26	58	305	0	329	18	245	103	0	0	61	49	0	0	0	0	101	0	0	75	18	2	2	45
21	2	4	0	130	0	0	0	0	10	1	0	253	0	6	0	19	6	0	2	28	0	0	0	0	21	1	0	20	0	0	0	10	10	6	0	0	0	0	30	0	0	0	0	2	0	0	0	0	0	0	50	0	0	5	0	4	168	12	134	0	3	0	0	0	0	0	0	0	1	1	0	104	0
0	9	123	0	1	0	0	0	0	18	0	0	2	172	0	0	0	11	0	1	6	0	0	0	0	0	2	0	0	0	113	0	1	0	0	0	0	0	0	0	5	0	0	0	0	0	0	0	0	0	0	0	0	0	0	0	1	3	142	0	0	18	0	0	0	0	0	0	0	0	0	0	0	0
0	4	93	0	6	0	0	0	0	413	0	0	1	63	181	0	0	68	0	15	0	0	0	2	0	0	365	0	0	0	39	0	0	0	0	0	0	0	0	0	435	0	7	0	17	0	0	0	0	0	3	0	34	0	11	5	506	12	0	0	0	107	0	0	0	89	0	0	0	21	0	0	6	0
0	0	0	0	0	0	0	0	0	0	0	0	0	0	0	0	0	0	0	0	0	0	0	0	0	0	0	0	0	0	0	0	0	0	0	0	0	0	0	0	0	0	0	0	0	0	0	0	0	0	0	0	0	0	0	0	0	0	0	0	0	0	0	0	0	0	0	0	0	0	0	0	0	0
0	0	0	0	0	0	0	0	0	0	0	0	0	0	0	0	0	801	0	7	1	0	0	0	0	0	0	0	0	0	0	0	0	0	0	0	0	0	0	0	0	0	0	0	0	0	0	0	0	0	0	0	0	0	0	0	0	0	0	0	0	0	0	0	0	0	0	0	0	0	0	0	16	0
5	0	0	0	0	0	1	0	1	59	0	0	0	0	0	16	1	15	35	2	3	10	0	12	7	5	0	0	0	0	812	0	0	1	2	0	0	0	0	0	3	0	0	57	26	0	0	3	0	0	0	10	116	0	15	0	113	26	0	0	0	0	0	0	0	1	29	0	0	122	12	0	0	49
551	2	0	0	2	0	13	143	0	0	0	0	23	2	1	7	712	39	248	73	846	349	0	177	29	973	0	0	775	0	8	0	502	123	599	0	0	0	0	758	24	2	0	12	58	50	0	0	0	0	10	0	66	0	411	238	46	83	0	0	2	18	0	0	0	0	142	0	0	5	142	64	1	3
21	1	2	0	0	0	0	0	0	369	0	0	0	0	45	0	3	45	62	45	16	2	0	725	42	41	0	0	3	0	493	0	2	17	0	0	0	0	0	1	7	0	0	81	305	0	0	34	0	0	116	66	0	0	201	7	464	175	1	0	0	1	0	0	0	0	10	0	0	193	0	1	0	68
0	0	0	0	0	0	0	0	0	0	0	0	0	0	0	0	0	0	0	0	0	0	0	0	0	0	0	0	0	0	0	0	0	0	0	0	0	0	0	0	0	0	0	0	0	0	0	0	0	0	0	0	0	0	0	0	0	0	0	0	0	0	0	0	0	0	0	0	0	0	0	0	0	0
467	2	4	0	14	0	10	1	4	2	0	0	20	11	0	5	280	26	8	38	108	235	1	824	182	149	1	0	41	0	263	0	11	47	32	0	0	0	0	47	9	1	4	2	329	5	0	11	0	0	15	411	201	0	0	417	23	53	9	10	2	28	0	0	0	0	36	0	0	8	5	3	10	1
50	0	6	21	2	0	2	3	0	6	0	0	24	25	0	1	5	8	8	87	68	8	0	963	239	31	0	0	31	0	6	0	5	2	35	0	0	0	0	13	20	0	11	0	18	0	0	5	0	0	0	238	7	0	417	0	387	6	0	44	1	21	0	0	0	0	1	0	0	388	2	5	0	1
10	15	398	24	39	0	0	4	0	705	42	0	98	30	168	7	38	74	362	200	13	1	1	64	13	16	2	0	38	0	406	0	14	53	24	15	0	0	0	81	3	29	1	104	245	4	1	506	0	0	113	46	464	0	23	387	0	209	190	8	4	98	0	0	0	31	10	0	0	489	19	11	20	136
14	8	3	5	63	0	31	68	27	57	18	0	147	21	9	18	71	32	328	15	29	73	4	45	1	50	2	0	552	0	25	0	58	280	319	7	0	0	0	159	12	324	13	285	103	168	3	12	0	0	26	83	175	0	53	6	209	0	663	356	46	144	0	15	0	2	534	0	0	25	432	43	20	450
11	116	15	70	5	0	0	22	0	6	0	0	130	7	5	2	14	1	186	49	1	9	0	6	0	9	1	0	528	0	22	0	17	73	235	0	0	0	0	65	9	482	5	78	0	12	142	0	0	0	0	0	1	0	9	0	190	663	0	486	0	3	0	0	0	0	562	0	0	332	54	12	2	0
0	3	0	26	0	0	0	260	21	0	0	0	459	0	0	3	0	1	12	8	0	31	0	10	2	5	0	0	314	0	0	0	131	98	113	0	0	0	0	183	0	14	0	0	0	134	0	0	0	0	0	0	0	0	10	44	8	356	486	0	0	1	0	18	0	0	77	0	0	14	306	91	0	0
8	12	108	0	111	0	0	0	0	63	182	0	1	624	4	1	43	68	0	2	17	0	0	0	0	0	16	0	0	0	31	0	5	0	1	0	0	0	0	1	4	0	0	0	61	0	0	0	0	0	0	2	0	0	2	1	4	46	0	0	0	569	0	0	0	0	0	0	0	0	0	0	41	0
18	20	374	8	1713	0	4	0	6	179	859	0	17	2318	8	335	80	210	1	38	34	3	0	4	3	23	27	0	0	0	93	0	359	35	18	3	0	0	0	3	93	441	6	32	49	3	18	107	0	0	0	18	1	0	28	21	98	144	3	1	569	0	0	31	0	7	1	0	0	23	16	184	585	17
0	0	0	0	0	0	0	0	0	0	0	0	0	0	0	0	0	0	0	0	0	0	0	0	0	0	0	0	0	0	0	0	0	0	0	0	0	0	0	0	0	0	0	0	0	0	0	0	0	0	0	0	0	0	0	0	0	0	0	0	0	0	0	0	0	0	0	0	0	0	0	0	0	0
7	151	50	0	563	0	0	0	0	0	89	0	64	130	1	0	1	0	0	0	4	0	0	0	0	0	1	0	0	0	2	0	0	9	1	0	0	0	0	0	1	0	0	0	0	0	0	0	0	0	0	0	0	0	0	0	0	15	0	18	0	31	0	0	0	0	0	0	0	0	0	0	348	0
0	0	0	0	0	0	0	0	0	0	0	0	0	0	0	0	0	0	0	0	0	0	0	0	0	0	0	0	0	0	0	0	0	0	0	0	0	0	0	0	0	0	0	0	0	0	0	0	0	0	0	0	0	0	0	0	0	0	0	0	0	0	0	0	0	0	0	0	0	0	0	0	0	0
0	0	167	2	8	0	9	0	0	287	1	0	1	14	29	0	1	4	0	2	0	0	0	0	0	1	488	0	0	0	0	0	0	0	2	0	0	0	0	1	380	1	0	16	0	0	0	89	0	0	1	0	0	0	0	0	31	2	0	0	0	7	0	0	0	0	0	0	0	0	0	4	5	0
303	2	0	3	1	0	0	0	0	0	0	0	2	0	1	0	357	2	0	0	2	41	0	10	1	102	0	0	231	0	226	0	3	63	79	0	0	0	0	0	1	0	1	0	101	0	0	0	0	0	29	142	10	0	36	1	10	534	562	77	0	1	0	0	0	0	0	0	0	1	1	0	1	0
0	0	0	0	0	0	0	0	0	0	0	0	0	0	0	0	0	0	0	0	0	0	0	0	0	0	0	0	0	0	0	0	0	0	0	0	0	0	0	0	0	0	0	0	0	0	0	0	0	0	0	0	0	0	0	0	0	0	0	0	0	0	0	0	0	0	0	0	0	0	0	0	0	0
0	0	0	0	0	0	0	0	0	0	0	0	0	0	0	0	0	0	0	0	0	0	0	0	0	0	0	0	0	0	0	0	0	0	0	0	0	0	0	0	0	0	0	0	0	0	0	0	0	0	0	0	0	0	0	0	0	0	0	0	0	0	0	0	0	0	0	0	0	0	0	0	0	0
1	3	168	4	26	0	0	4	2	321	0	0	20	3	100	0	18	15	48	68	4	2	1	34	2	4	3	0	15	0	127	0	6	6	12	0	0	0	0	17	0	1	0	11	75	1	0	21	0	0	122	5	193	0	8	388	489	25	332	14	0	23	0	0	0	0	1	0	0	0	8	4	2	4
122	102	1	56	38	0	0	2	0	2	23	0	766	1	5	0	256	5	3	181	135	6	0	24	1	150	0	0	191	0	2	0	18	229	78	0	0	0	0	313	2	0	0	0	18	1	0	0	0	0	12	142	0	0	5	2	19	432	54	306	0	16	0	0	0	0	1	0	0	8	0	0	8	0
13	0	69	2	368	0	0	0	0	18	114	0	329	113	5	0	22	51	0	89	13	3	0	6	0	47	11	0	36	0	12	0	4	203	2	0	3	0	0	61	1	0	12	0	2	0	0	0	0	0	0	64	1	0	3	5	11	43	12	91	0	184	0	0	0	4	0	0	0	4	0	0	165	0
0	5	29	1	1318	0	16	1	11	37	553	0	9	72	0	197	3	21	0	16	28	0	1	0	0	1	1	0	0	0	3	0	65	945	2	23	0	0	0	0	54	59	0	18	2	104	0	6	0	16	0	1	0	0	10	0	20	20	2	0	41	585	0	348	0	5	1	0	0	2	8	165	0	0
3	0	10	0	6	0	0	0	0	0	0	0	11	0	2	0	70	6	0	17	14	6	0	2	0	1	0	0	14	0	138	0	3	7	6	0	0	0	0	2	3	0	1	0	45	0	0	0	0	0	49	3	68	0	1	1	136	450	0	0	0	17	0	0	0	0	0	0	0	4	0	0	0	0
