0	0	0	0	0	0	0	0	0	0	0	0	0	0	0	0	5	0	21	1	3	195	0	8	248	10	0	0	12	0	2	0	7	9	36	1	0	0	80	0	0	0	1	0	8	1	0	4	2	0	0	144	1	0	48	0	1	65	1	0	0	0	0	0	0	0	14	5	0	0	0	0	0	0
0	0	0	0	0	0	0	0	0	0	0	0	1	0	0	0	0	0	0	0	0	0	0	0	0	0	0	4	0	0	0	0	0	3	0	0	0	0	0	0	0	0	1	0	0	0	0	0	0	0	0	0	0	0	0	0	0	1	0	0	0	0	0	0	0	0	0	0	0	0	0	0	0	0
0	0	0	0	0	0	0	0	0	74	8	0	0	21	14	0	0	0	0	0	0	0	0	0	0	0	1	6	0	0	0	0	0	7	11	0	0	0	0	0	9	0	0	0	0	2	0	225	0	0	0	0	0	0	0	0	198	0	24	0	0	0	2	3	0	0	0	0	25	18	0	0	0	0
0	0	0	0	0	0	0	0	0	2	0	0	0	0	51	0	0	0	0	0	0	0	0	0	0	0	8	0	0	0	0	0	0	1	0	0	0	0	0	0	4	0	0	0	0	0	0	130	0	0	0	0	0	0	0	0	0	1	0	0	0	0	0	0	0	0	0	0	3	0	0	0	0	0
0	0	0	0	0	0	0	0	0	0	654	0	91	0	2	0	0	1	0	0	1	0	0	0	0	0	0	213	0	0	0	1	7	259	0	0	0	0	0	0	0	0	0	0	0	106	0	43	0	0	0	0	0	0	0	0	3	0	0	0	0	12	0	406	0	0	0	0	44	0	0	0	0	0
0	0	0	0	0	0	0	0	0	0	0	0	0	0	0	0	0	0	0	0	0	0	0	0	0	0	0	0	0	0	0	0	0	0	0	0	0	0	0	0	0	0	0	0	0	0	0	0	0	0	0	0	0	0	0	0	0	0	0	0	0	0	0	0	0	0	0	0	0	0	0	0	0	0
0	0	0	0	0	0	0	0	0	0	0	0	1	0	0	0	0	0	0	0	0	0	0	0	0	0	0	0	0	0	0	0	0	0	0	0	0	0	0	0	3	0	0	0	0	0	0	3	0	0	0	0	0	0	0	0	0	0	0	0	0	0	7	0	0	0	0	0	0	0	0	0	0	0
0	0	0	0	0	0	0	0	0	0	0	0	115	0	0	0	0	0	0	0	38	0	0	0	0	0	0	72	0	0	0	0	9	1	0	0	0	0	7	0	0	0	0	0	0	29	0	0	0	0	0	0	0	0	0	0	0	0	6	0	0	0	0	40	0	0	0	0	0	0	0	0	0	0
0	0	0	0	0	0	0	0	0	0	0	0	0	0	0	0	0	0	0	0	0	0	0	0	0	0	0	0	0	0	0	0	0	0	2	0	0	0	0	0	0	0	0	0	0	0	0	1	0	0	0	0	0	0	0	0	0	0	0	0	0	1	0	0	0	0	0	0	1	0	0	0	0	0
0	0	74	2	0	0	0	0	0	0	6	0	0	0	325	0	0	10	144	101	0	1	0	0	0	0	0	0	0	0	25	0	0	1	0	104	1	0	1	0	40	3	12	171	9	1	2	430	0	0	5	0	147	4	0	0	448	10	0	1	1	16	1	0	0	93	0	0	1	120	3	0	0	0
0	0	8	0	654	0	0	0	0	6	0	0	0	262	0	2	0	6	0	0	3	0	0	0	0	0	2	31	0	0	0	0	0	34	29	4	0	8	0	0	0	128	14	4	0	0	0	6	0	0	0	0	0	0	0	0	14	2	0	0	478	422	0	381	0	2	0	0	126	6	2	0	0	0
0	0	0	0	0	0	0	0	0	0	0	0	0	0	0	0	0	0	0	0	0	0	0	0	0	0	0	0	0	0	0	0	0	0	0	0	0	0	0	0	0	0	0	0	0	0	0	0	0	0	0	0	0	0	0	0	0	0	0	0	0	0	0	0	0	0	0	0	0	0	0	0	0	0
0	1	0	0	91	0	1	115	0	0	0	0	0	0	0	1	7	0	19	11	1	0	2	0	0	0	0	436	7	0	0	0	26	406	25	0	1	1	62	0	0	1	17	0	0	190	0	82	0	0	0	0	0	0	1	1	26	7	2	49	4	2	0	137	0	0	0	0	0	8	136	0	0	0
0	0	21	0	0	0	0	0	0	0	262	0	0	0	1	0	1	1	0	0	1	0	1	0	0	0	2	1	0	0	0	1	0	0	1	10	0	10	0	0	3	2	1	7	0	1	1	31	0	0	0	0	0	0	0	0	1	16	0	0	58	53	0	2	0	0	0	0	0	4	1	0	0	0
0	0	14	51	2	0	0	0	0	325	0	0	0	1	0	0	1	0	67	3	0	0	1	0	0	0	0	0	0	0	0	0	0	0	2	10	0	5	0	0	39	81	4	75	0	3	0	254	0	1	0	0	7	0	0	0	153	2	1	0	2	3	1	0	0	97	0	0	11	0	0	0	0	0
0	0	0	0	0	0	0	0	0	0	2	0	1	0	0	0	0	0	0	0	0	0	0	0	0	0	0	0	0	0	0	0	0	0	0	0	0	0	0	0	0	0	0	0	0	0	0	1	0	0	0	0	0	0	0	0	0	0	0	0	0	0	0	1	0	0	0	0	0	0	0	0	0	0
5	0	0	0	0	0	0	0	0	0	0	0	7	1	1	0	0	0	0	0	153	2	0	0	3	21	0	0	0	0	6	0	7	23	5	0	0	0	421	0	0	0	0	0	0	23	0	3	0	0	0	11	0	0	0	1	1	54	2	0	0	0	0	0	0	0	8	1	0	0	0	0	0	0
0	0	0	0	1	0	0	0	0	10	6	0	0	1	0	0	0	0	0	0	0	0	0	0	0	0	0	0	0	0	0	0	1	8	0	0	0	2	0	0	2	4	1	7	0	0	0	48	0	18	0	0	0	0	0	0	1	2	0	0	1	2	0	0	0	0	0	0	5	0	0	0	0	0
21	0	0	0	0	0	0	0	0	144	0	0	19	0	67	0	0	0	0	179	4	82	4	0	11	2	0	2	38	0	42	0	7	0	132	0	4	2	222	0	0	2	158	124	4	44	6	126	4	0	8	0	124	30	4	65	369	323	196	2	0	2	0	0	0	0	2	0	0	166	48	0	0	0
1	0	0	0	0	0	0	0	0	101	0	0	11	0	3	0	0	0	179	0	3	2	13	16	393	1	0	2	9	0	177	0	4	4	8	0	1	0	15	0	6	0	17	0	32	10	0	194	0	0	8	1	55	2	19	236	405	60	3	3	0	0	0	0	0	0	0	0	0	196	20	0	0	0
3	0	0	0	1	0	0	38	0	0	3	0	1	1	0	0	153	0	4	3	0	0	5	0	3	26	0	0	0	0	0	0	49	124	3	0	0	0	918	0	4	0	0	0	0	15	0	7	0	0	0	7	0	0	3	0	1	4	0	0	0	0	0	1	0	1	0	0	0	2	62	0	0	0
195	0	0	0	0	0	0	0	0	1	0	0	0	0	0	0	2	0	82	2	0	0	0	12	353	7	0	0	72	0	315	0	2	2	148	0	0	0	8	0	0	0	0	0	49	2	0	6	0	0	1	274	9	0	193	33	0	258	0	5	1	0	0	0	0	0	127	0	0	0	32	0	0	0
0	0	0	0	0	0	0	0	0	0	0	0	2	1	1	0	0	0	4	13	5	0	0	0	0	0	0	1	0	0	0	0	4	0	0	0	0	0	0	0	0	0	0	0	0	9	0	0	0	0	0	0	0	0	0	0	0	0	0	0	0	0	0	0	0	0	0	0	0	0	2	0	0	0
8	0	0	0	0	0	0	0	0	0	0	0	0	0	0	0	0	0	0	16	0	12	0	0	370	0	0	0	11	0	0	0	0	0	7	0	0	0	0	0	0	0	0	0	2	0	0	0	0	0	0	31	0	0	14	70	0	2	0	0	0	0	0	0	0	0	0	40	0	0	0	0	0	0
248	0	0	0	0	0	0	0	0	0	0	0	0	0	0	0	3	0	11	393	3	353	0	370	0	1	3	0	3	0	45	0	3	0	8	0	0	0	9	0	1	0	0	1	266	0	0	0	0	0	0	69	147	0	259	301	11	18	2	0	0	0	0	0	0	0	0	0	0	8	0	0	0	0
10	0	0	0	0	0	0	0	0	0	0	0	0	0	0	0	21	0	2	1	26	7	0	0	1	0	1	1	5	0	0	0	6	0	5	0	0	0	28	0	0	0	3	0	2	0	0	2	0	0	0	0	1	0	7	0	0	5	1	0	0	0	0	0	0	0	8	0	0	0	10	0	0	0
0	0	1	8	0	0	0	0	0	0	2	0	0	2	0	0	0	0	0	0	0	0	0	0	3	1	0	0	0	0	0	0	0	0	4	3	0	1	0	0	1	10	0	2	0	0	2	86	0	0	0	0	0	0	0	0	0	0	0	0	0	1	16	1	0	12	0	0	1	0	0	0	0	0
0	4	6	0	213	0	0	72	0	0	31	0	436	1	0	0	0	0	2	2	0	0	1	0	0	1	0	0	0	0	1	1	21	201	1	0	1	0	0	0	0	0	1	0	0	263	0	81	3	0	0	0	0	1	0	4	17	28	477	56	0	0	0	499	0	0	1	0	0	1	60	0	0	0
12	0	0	0	0	0	0	0	0	0	0	0	7	0	0	0	0	0	38	9	0	72	0	11	3	5	0	0	0	0	18	0	18	0	282	0	2	0	31	0	5	0	2	0	0	0	0	24	0	0	0	0	0	0	0	7	20	414	211	0	0	0	0	0	0	0	13	0	0	0	1	0	0	0
0	0	0	0	0	0	0	0	0	0	0	0	0	0	0	0	0	0	0	0	0	0	0	0	0	0	0	0	0	0	0	0	0	0	0	0	0	0	0	0	0	0	0	0	0	0	0	0	0	0	0	0	0	0	0	0	0	0	0	0	0	0	0	0	0	0	0	0	0	0	0	0	0	0
2	0	0	0	0	0	0	0	0	25	0	0	0	0	0	0	6	0	42	177	0	315	0	0	45	0	0	1	18	0	0	0	0	8	0	0	0	0	2	0	4	0	0	102	250	0	6	9	0	0	100	0	228	4	114	0	420	9	0	0	26	0	0	0	0	0	141	0	0	0	0	0	0	0
0	0	0	0	1	0	0	0	0	0	0	0	0	1	0	0	0	0	0	0	0	0	0	0	0	0	0	1	0	0	0	0	0	0	0	0	0	0	0	0	0	0	0	1	0	0	0	0	0	0	0	0	0	0	0	0	0	0	0	0	0	1	0	1	0	0	0	0	0	1	0	0	0	0
7	0	0	0	7	0	0	9	0	0	0	0	26	0	0	0	7	1	7	4	49	2	4	0	3	6	0	21	18	0	0	0	0	0	28	0	0	5	334	0	0	3	1	0	0	0	0	10	0	0	0	0	0	0	2	3	9	5	1	4	0	3	0	0	0	0	0	0	4	0	18	0	0	0
9	3	7	1	259	0	0	1	0	1	34	0	406	0	0	0	23	8	0	4	124	2	0	0	0	0	0	201	0	0	8	0	0	0	5	0	1	0	159	0	2	0	3	0	2	470	0	59	0	0	0	0	0	0	13	2	4	334	32	0	0	11	0	28	0	0	15	1	0	1	26	0	0	0
36	0	11	0	0	0	0	0	2	0	29	0	25	1	2	0	5	0	132	8	3	148	0	7	8	5	4	1	282	0	0	0	28	5	0	0	3	1	8	0	2	1	181	2	0	11	0	15	0	0	1	7	1	3	0	30	24	719	204	4	0	6	0	0	0	0	172	0	0	2	24	0	0	0
1	0	0	0	0	0	0	0	0	104	4	0	0	10	10	0	0	0	0	0	0	0	0	0	0	0	3	0	0	0	0	0	0	0	0	0	0	0	4	0	0	1	0	0	0	0	0	226	0	0	0	0	0	0	0	0	16	7	0	0	0	2	22	0	0	11	0	0	0	0	0	0	0	0
0	0	0	0	0	0	0	0	0	1	0	0	1	0	0	0	0	0	4	1	0	0	0	0	0	0	0	1	2	0	0	0	0	1	3	0	0	1	0	0	0	0	0	1	0	1	0	1	0	0	0	0	0	0	1	0	0	2	5	3	0	0	0	0	0	0	6	0	0	0	2	0	0	0
0	0	0	0	0	0	0	0	0	0	8	0	1	10	5	0	0	2	2	0	0	0	0	0	0	0	1	0	0	0	0	0	5	0	1	0	1	0	2	0	0	0	1	0	0	1	0	3	0	0	0	0	0	0	0	2	2	158	60	0	0	0	0	0	0	0	0	0	34	9	0	0	0	0
80	0	0	0	0	0	0	7	0	1	0	0	62	0	0	0	421	0	222	15	918	8	0	0	9	28	0	0	31	0	2	0	334	159	8	4	0	2	0	0	0	0	0	0	0	52	0	6	35	0	0	7	0	0	18	0	0	71	0	0	0	0	0	0	0	0	2	0	0	0	511	0	0	0
0	0	0	0	0	0	0	0	0	0	0	0	0	0	0	0	0	0	0	0	0	0	0	0	0	0	0	0	0	0	0	0	0	0	0	0	0	0	0	0	0	0	0	0	0	0	0	0	0	0	0	0	0	0	0	0	0	0	0	0	0	0	0	0	0	0	0	0	0	0	0	0	0	0
0	0	9	4	0	0	3	0	0	40	0	0	0	3	39	0	0	2	0	6	4	0	0	0	1	0	1	0	5	0	4	0	0	2	2	0	0	0	0	0	0	19	0	24	0	12	0	320	0	0	0	0	4	0	0	0	25	3	0	0	3	26	9	0	0	4	0	0	3	4	13	0	0	0
0	0	0	0	0	0	0	0	0	3	128	0	1	2	81	0	0	4	2	0	0	0	0	0	0	0	10	0	0	0	0	0	3	0	1	1	0	0	0	0	19	0	0	0	0	0	0	164	0	0	0	0	0	0	0	0	1	11	0	0	0	0	35	4	0	35	0	0	0	0	0	0	0	0
1	1	0	0	0	0	0	0	0	12	14	0	17	1	4	0	0	1	158	17	0	0	0	0	0	3	0	1	2	0	0	0	1	3	181	0	0	1	0	0	0	0	0	1	0	91	0	53	0	0	0	0	0	0	1	0	257	371	431	4	0	0	0	0	0	0	48	0	0	0	4	0	0	0
0	0	0	0	0	0	0	0	0	171	4	0	0	7	75	0	0	7	124	0	0	0	0	0	1	0	2	0	0	0	102	1	0	0	2	0	1	0	0	0	24	0	1	0	0	22	0	540	0	0	1	0	0	0	0	0	137	142	18	0	2	0	1	0	0	0	0	0	1	0	0	0	0	0
8	0	0	0	0	0	0	0	0	9	0	0	0	0	0	0	0	0	4	32	0	49	0	2	266	2	0	0	0	0	250	0	0	2	0	0	0	0	0	0	0	0	0	0	0	1	0	14	0	0	6	8	0	0	0	0	114	24	0	0	0	0	0	0	0	0	12	0	0	5	0	0	0	0
1	0	2	0	106	0	0	29	0	1	0	0	190	1	3	0	23	0	44	10	15	2	9	0	0	0	0	263	0	0	0	0	0	470	11	0	1	1	52	0	12	0	91	22	1	0	0	19	0	0	0	0	0	0	2	0	31	307	20	77	1	3	0	80	0	0	92	0	2	13	101	0	0	0
0	0	0	0	0	0	0	0	0	2	0	0	0	1	0	0	0	0	6	0	0	0	0	0	0	0	2	0	0	0	6	0	0	0	0	0	0	0	0	0	0	0	0	0	0	0	0	8	0	0	0	0	0	0	0	0	1	0	206	0	0	4	0	0	0	0	0	0	0	1	0	0	0	0
4	0	225	130	43	0	3	0	1	430	6	0	82	31	254	1	3	48	126	194	7	6	0	0	0	2	86	81	24	0	9	0	10	59	15	226	1	3	6	0	320	164	53	540	14	19	8	0	3	3	0	0	40	10	19	8	429	20	85	42	33	115	12	2	0	390	30	0	74	3	39	0	0	0
2	0	0	0	0	0	0	0	0	0	0	0	0	0	0	0	0	0	4	0	0	0	0	0	0	0	0	3	0	0	0	0	0	0	0	0	0	0	35	0	0	0	0	0	0	0	0	3	0	0	0	5	0	0	0	2	0	2	0	0	0	0	0	0	0	0	0	0	0	0	0	0	0	0
0	0	0	0	0	0	0	0	0	0	0	0	0	0	1	0	0	18	0	0	0	0	0	0	0	0	0	0	0	0	0	0	0	0	0	0	0	0	0	0	0	0	0	0	0	0	0	3	0	0	0	0	0	0	0	0	0	0	0	0	0	2	0	0	0	0	0	0	0	0	0	0	0	0
0	0	0	0	0	0	0	0	0	5	0	0	0	0	0	0	0	0	8	8	0	1	0	0	0	0	0	0	0	0	100	0	0	0	1	0	0	0	0	0	0	0	0	1	6	0	0	0	0	0	0	0	10	0	4	0	40	1	0	0	2	0	0	0	0	0	3	0	0	5	0	0	0	0
144	0	0	0	0	0	0	0	0	0	0	0	0	0	0	0	11	0	0	1	7	274	0	31	69	0	0	0	0	0	0	0	0	0	7	0	0	0	7	0	0	0	0	0	8	0	0	0	5	0	0	0	6	0	289	0	0	3	6	0	0	0	0	0	0	0	5	11	0	0	4	0	0	0
1	0	0	0	0	0	0	0	0	147	0	0	0	0	7	0	0	0	124	55	0	9	0	0	147	1	0	0	0	0	228	0	0	0	1	0	0	0	0	0	4	0	0	0	0	0	0	40	0	0	10	6	0	0	0	0	444	126	0	0	0	0	0	0	0	0	2	0	0	95	0	0	0	0
0	0	0	0	0	0	0	0	0	4	0	0	0	0	0	0	0	0	30	2	0	0	0	0	0	0	0	1	0	0	4	0	0	0	3	0	0	0	0	0	0	0	0	0	0	0	0	10	0	0	0	0	0	0	0	0	12	0	2	0	0	0	0	0	0	0	0	0	0	0	0	0	0	0
48	0	0	0	0	0	0	0	0	0	0	0	1	0	0	0	0	0	4	19	3	193	0	14	259	7	0	0	0	0	114	0	2	13	0	0	1	0	18	0	0	0	1	0	0	2	0	19	0	0	4	289	0	0	0	90	0	49	0	0	0	0	0	0	0	0	28	0	0	0	0	0	0	0
0	0	0	0	0	0	0	0	0	0	0	0	1	0	0	0	1	0	65	236	0	33	0	70	301	0	0	4	7	0	0	0	3	2	30	0	0	2	0	0	0	0	0	0	0	0	0	8	2	0	0	0	0	0	90	0	275	3	6	0	0	0	0	0	0	0	0	0	0	182	2	0	0	0
1	0	198	0	3	0	0	0	0	448	14	0	26	1	153	0	1	1	369	405	1	0	0	0	11	0	0	17	20	0	420	0	9	4	24	16	0	2	0	0	25	1	257	137	114	31	1	429	0	0	40	0	444	12	0	275	0	88	102	5	0	14	0	0	0	76	7	0	5	313	12	0	0	0
65	1	0	1	0	0	0	0	0	10	2	0	7	16	2	0	54	2	323	60	4	258	0	2	18	5	0	28	414	0	9	0	5	334	719	7	2	158	71	0	3	11	371	142	24	307	0	20	2	0	1	3	126	0	49	3	88	0	780	83	4	54	0	0	0	0	646	22	0	0	145	0	0	0
1	0	24	0	0	0	0	6	0	0	0	0	2	0	1	0	2	0	196	3	0	0	0	0	2	1	0	477	211	0	0	0	1	32	204	0	5	60	0	0	0	0	431	18	0	20	206	85	0	0	0	6	0	2	0	6	102	780	0	174	0	0	0	0	0	0	276	0	2	76	113	0	0	0
0	0	0	0	0	0	0	0	0	1	0	0	49	0	0	0	0	0	2	3	0	5	0	0	0	0	0	56	0	0	0	0	4	0	4	0	3	0	0	0	0	0	4	0	0	77	0	42	0	0	0	0	0	0	0	0	5	83	174	0	0	0	0	0	0	0	0	0	2	2	3	0	0	0
0	0	0	0	0	0	0	0	0	1	478	0	4	58	2	0	0	1	0	0	0	1	0	0	0	0	0	0	0	0	26	0	0	0	0	0	0	0	0	0	3	0	0	2	0	1	0	33	0	0	2	0	0	0	0	0	0	4	0	0	0	35	0	0	0	0	0	0	0	0	0	0	0	0
0	0	0	0	12	0	0	0	1	16	422	0	2	53	3	0	0	2	2	0	0	0	0	0	0	0	1	0	0	0	0	1	3	11	6	2	0	0	0	0	26	0	0	0	0	3	4	115	0	2	0	0	0	0	0	0	14	54	0	0	35	0	0	0	0	0	0	0	10	18	0	0	0	0
0	0	2	0	0	0	7	0	0	1	0	0	0	0	1	0	0	0	0	0	0	0	0	0	0	0	16	0	0	0	0	0	0	0	0	22	0	0	0	0	9	35	0	1	0	0	0	12	0	0	0	0	0	0	0	0	0	0	0	0	0	0	0	0	0	36	0	0	0	0	0	0	0	0
0	0	3	0	406	0	0	40	0	0	381	0	137	2	0	1	0	0	0	0	1	0	0	0	0	0	1	499	0	0	0	1	0	28	0	0	0	0	0	0	0	4	0	0	0	80	0	2	0	0	0	0	0	0	0	0	0	0	0	0	0	0	0	0	0	0	0	0	43	0	0	0	0	0
0	0	0	0	0	0	0	0	0	0	0	0	0	0	0	0	0	0	0	0	0	0	0	0	0	0	0	0	0	0	0	0	0	0	0	0	0	0	0	0	0	0	0	0	0	0	0	0	0	0	0	0	0	0	0	0	0	0	0	0	0	0	0	0	0	0	0	0	0	0	0	0	0	0
0	0	0	0	0	0	0	0	0	93	2	0	0	0	97	0	0	0	0	0	1	0	0	0	0	0	12	0	0	0	0	0	0	0	0	11	0	0	0	0	4	35	0	0	0	0	0	390	0	0	0	0	0	0	0	0	76	0	0	0	0	0	36	0	0	0	0	0	0	0	0	0	0	0
14	0	0	0	0	0	0	0	0	0	0	0	0	0	0	0	8	0	2	0	0	127	0	0	0	8	0	1	13	0	141	0	0	15	172	0	6	0	2	0	0	0	48	0	12	92	0	30	0	0	3	5	2	0	28	0	7	646	276	0	0	0	0	0	0	0	0	0	0	0	1	0	0	0
5	0	0	0	0	0	0	0	0	0	0	0	0	0	0	0	1	0	0	0	0	0	0	40	0	0	0	0	0	0	0	0	0	1	0	0	0	0	0	0	0	0	0	0	0	0	0	0	0	0	0	11	0	0	0	0	0	22	0	0	0	0	0	0	0	0	0	0	0	0	0	0	0	0
0	0	25	3	44	0	0	0	1	1	126	0	0	0	11	0	0	5	0	0	0	0	0	0	0	0	1	0	0	0	0	0	4	0	0	0	0	34	0	0	3	0	0	1	0	2	0	74	0	0	0	0	0	0	0	0	5	0	2	2	0	10	0	43	0	0	0	0	0	15	0	0	0	0
0	0	18	0	0	0	0	0	0	120	6	0	8	4	0	0	0	0	166	196	2	0	0	0	8	0	0	1	0	0	0	1	0	1	2	0	0	9	0	0	4	0	0	0	5	13	1	3	0	0	5	0	95	0	0	182	313	0	76	2	0	18	0	0	0	0	0	0	15	0	0	0	0	0
0	0	0	0	0	0	0	0	0	3	2	0	136	1	0	0	0	0	48	20	62	32	2	0	0	10	0	60	1	0	0	0	18	26	24	0	2	0	511	0	13	0	4	0	0	101	0	39	0	0	0	4	0	0	0	2	12	145	113	3	0	0	0	0	0	0	1	0	0	0	0	0	0	0
0	0	0	0	0	0	0	0	0	0	0	0	0	0	0	0	0	0	0	0	0	0	0	0	0	0	0	0	0	0	0	0	0	0	0	0	0	0	0	0	0	0	0	0	0	0	0	0	0	0	0	0	0	0	0	0	0	0	0	0	0	0	0	0	0	0	0	0	0	0	0	0	0	0
0	0	0	0	0	0	0	0	0	0	0	0	0	0	0	0	0	0	0	0	0	0	0	0	0	0	0	0	0	0	0	0	0	0	0	0	0	0	0	0	0	0	0	0	0	0	0	0	0	0	0	0	0	0	0	0	0	0	0	0	0	0	0	0	0	0	0	0	0	0	0	0	0	0
0	0	0	0	0	0	0	0	0	0	0	0	0	0	0	0	0	0	0	0	0	0	0	0	0	0	0	0	0	0	0	0	0	0	0	0	0	0	0	0	0	0	0	0	0	0	0	0	0	0	0	0	0	0	0	0	0	0	0	0	0	0	0	0	0	0	0	0	0	0	0	0	0	0
