0	0	0	0	0	0	0	0	0	21	0	0	0	2	0	0	4	0	2	1	0	273	0	173	1	35	0	0	237	0	20	0	2	4	49	0	0	0	0	0	2	0	0	0	10	1	0	0	0	4	0	0	3	0	164	0	0	48	2	0	0	0	0	0	0	0	2	117	0	0	0	0	0	2
0	0	0	0	0	0	0	5	0	0	0	0	4	2	0	0	2	6	2	0	0	2	0	0	0	0	0	0	9	0	0	0	9	0	6	0	0	8	0	1	0	0	2	0	0	0	0	0	0	0	0	0	0	0	2	0	0	4	6	0	6	0	0	0	0	1	1	0	0	2	0	0	0	0
0	0	0	0	0	0	0	0	8	534	0	0	5	237	40	0	0	2	2	4	0	0	0	0	0	4	0	0	0	4	2	24	0	5	0	0	0	0	0	0	0	0	0	0	0	61	0	47	0	0	0	0	0	0	0	0	136	5	6	0	0	0	0	0	0	34	0	0	6	2	0	0	0	0
0	0	0	0	0	0	0	0	0	9	0	0	0	0	1	0	0	0	0	0	0	0	0	0	0	1	0	0	0	382	0	0	0	4	0	0	0	0	0	0	0	0	0	8	0	0	0	5	0	0	0	0	0	0	0	0	0	0	0	0	0	0	0	0	0	97	0	0	0	0	0	0	0	1
0	0	0	0	0	0	0	0	5	3	8	0	300	188	4	0	0	0	2	3	0	0	0	0	0	0	0	0	0	0	2	82	7	1482	0	0	0	0	0	0	0	0	0	0	0	217	0	8	0	0	9	0	0	0	0	0	0	7	2	0	0	0	0	0	0	0	0	0	1	0	0	0	0	3
0	0	0	0	0	0	0	0	0	550	0	0	0	0	21	0	0	1	9	283	0	0	0	112	0	0	0	0	0	0	454	0	0	12	0	0	0	0	0	0	0	0	0	0	0	27	0	6	0	0	93	0	2	0	0	0	58	193	0	0	0	0	0	0	0	0	0	0	0	2	0	0	0	382
0	0	0	0	0	0	0	0	0	0	0	0	0	0	0	0	0	0	0	0	0	0	0	0	0	0	0	0	0	0	0	0	0	0	0	0	0	0	0	0	0	0	0	0	0	0	0	0	0	0	0	0	0	0	0	0	0	0	0	0	0	0	0	0	0	0	0	0	0	0	0	0	0	0
0	5	0	0	0	0	0	0	22	2	0	0	749	3	1	0	61	0	12	96	0	0	0	0	0	54	0	0	28	0	0	37	45	525	4	0	0	0	0	0	0	0	0	0	0	17	0	0	0	0	0	0	0	0	0	3	0	42	34	1	0	0	0	0	0	0	0	0	0	0	5	3	0	0
0	0	8	0	5	0	0	22	0	0	0	0	45	1	0	0	5	2	48	37	5	6	14	0	0	6	0	31	23	3	0	0	14	32	6	0	0	0	0	0	2	14	27	1	0	0	0	0	0	4	0	0	0	0	3	0	8	53	51	0	0	10	0	7	0	0	4	0	29	0	26	0	0	0
21	0	534	9	3	550	0	2	0	0	0	0	4	17	443	0	7	62	321	314	2	0	1	0	0	0	0	0	4	7	52	0	6	15	6	146	0	1	0	0	220	340	44	991	18	27	0	103	0	18	25	0	918	0	10	0	709	40	38	0	44	49	0	0	0	539	8	12	3	326	33	18	0	0
0	0	0	0	8	0	0	0	0	0	0	0	0	1	0	0	0	0	0	0	0	0	0	0	0	0	0	0	0	0	0	0	0	0	0	0	0	2	0	0	0	0	0	0	0	4	0	0	0	0	0	0	0	0	0	0	0	0	0	0	6	26	0	0	0	0	0	0	4	0	0	4	0	0
0	0	0	0	0	0	0	0	0	0	0	0	0	0	0	0	0	0	0	0	0	0	0	0	0	0	0	0	0	0	0	0	0	0	0	0	0	0	0	0	0	0	0	0	0	0	0	0	0	0	0	0	0	0	0	0	0	0	0	0	0	0	0	0	0	0	0	0	0	0	0	0	0	0
0	4	5	0	300	0	0	749	45	4	0	0	0	3	2	1	60	3	345	41	134	3	10	0	0	21	0	289	178	0	2	0	694	2866	32	0	0	3	0	6	48	5	331	1	9	650	0	9	0	0	0	0	0	0	12	8	32	230	46	1	6	9	0	15	0	25	12	2	0	34	370	131	5	33
2	2	237	0	188	0	0	3	1	17	1	0	3	0	8	0	1	19	1	2	3	0	2	0	2	0	0	70	4	0	5	43	18	84	3	3	0	104	0	0	13	77	0	139	12	45	0	1	0	4	0	0	0	0	1	69	1	16	12	1	766	812	0	99	0	10	0	1	5	5	2	105	39	1
0	0	40	1	4	21	0	1	0	443	0	0	2	8	0	0	2	8	149	30	2	0	0	0	0	0	0	0	4	0	3	0	3	6	1	25	0	0	0	0	4	207	23	606	0	0	0	5	0	0	0	0	20	0	3	0	100	3	30	0	5	13	0	2	0	47	3	49	4	49	3	0	0	1
0	0	0	0	0	0	0	0	0	0	0	0	1	0	0	0	0	0	0	0	0	0	0	0	0	0	0	0	0	0	0	0	0	1	0	0	0	0	0	0	0	0	0	0	0	4	0	0	0	0	0	0	0	0	0	0	0	0	0	0	0	0	0	0	0	0	0	0	0	0	0	0	0	0
4	2	0	0	0	0	0	61	5	7	0	0	60	1	2	0	0	7	42	23	173	50	0	0	25	505	0	0	27	0	110	0	157	138	11	0	0	2	0	6	7	4	0	0	19	31	0	0	0	0	0	0	10	0	84	2	0	168	2	0	18	1	0	0	0	7	113	168	0	2	21	25	0	15
0	6	2	0	0	1	0	0	2	62	0	0	3	19	8	0	7	0	0	2	0	0	0	0	0	0	0	2	0	0	8	0	0	8	1	0	0	0	0	0	4	2	0	15	0	33	0	12	0	6	0	0	1	0	0	0	0	4	0	0	2	4	0	0	0	2	0	0	2	0	0	6	0	1
2	2	2	0	2	9	0	12	48	321	0	0	345	1	149	0	42	0	0	331	6	6	2	0	0	86	0	4	368	0	93	0	37	358	34	0	0	2	0	0	2	1	17	10	0	85	0	5	0	0	0	0	10	0	4	32	201	510	176	0	0	0	0	0	0	3	26	2	0	4	10	2	2	408
1	0	4	0	3	283	0	96	37	314	0	0	41	2	30	0	23	2	331	0	51	12	28	161	82	49	0	24	92	0	190	0	114	57	19	0	0	6	0	0	9	18	133	4	246	63	0	33	0	0	30	0	462	0	341	469	513	48	46	0	31	37	0	0	0	29	17	73	3	206	272	35	1	19
0	0	0	0	0	0	0	0	5	2	0	0	134	3	2	0	173	0	6	51	0	0	0	2	0	767	0	0	6	1	16	0	32	533	1	0	0	0	0	0	0	0	0	0	0	64	0	0	0	0	8	0	0	0	0	4	0	49	36	0	0	0	0	0	0	0	0	0	0	0	2	0	0	14
273	2	0	0	0	0	0	0	6	0	0	0	3	0	0	0	50	0	6	12	0	0	0	104	0	235	0	0	206	0	208	0	6	10	7	0	0	0	0	0	0	0	0	2	0	29	0	0	0	0	0	0	0	0	0	4	3	189	0	0	0	0	0	0	0	0	0	0	0	0	0	0	0	60
0	0	0	0	0	0	0	0	14	1	0	0	10	2	0	0	0	0	2	28	0	0	0	0	0	0	0	0	0	0	0	0	0	41	0	0	0	0	0	0	0	0	0	0	0	66	0	0	0	0	0	0	0	0	0	1	0	77	28	0	0	0	0	0	0	0	0	0	0	0	0	0	0	5
173	0	0	0	0	112	0	0	0	0	0	0	0	0	0	0	0	0	0	161	2	104	0	0	30	4	0	0	0	0	0	0	2	57	2	0	0	0	0	0	0	0	0	0	26	0	0	0	0	0	0	0	50	0	142	131	0	11	0	0	0	0	0	0	0	0	0	106	0	0	0	0	0	0
1	0	0	0	0	0	0	0	0	0	0	0	0	2	0	0	25	0	0	82	0	0	0	30	0	1	0	0	0	0	0	0	0	0	0	0	0	0	0	0	0	0	0	0	0	1	0	0	0	0	0	0	0	0	0	1	11	0	0	0	0	0	0	0	0	0	0	0	0	0	0	0	0	0
35	0	4	1	0	0	0	54	6	0	0	0	21	0	0	0	505	0	86	49	767	235	0	4	1	0	0	0	64	1	12	0	497	28	47	1	0	1	0	3	34	1	34	1	137	17	0	4	0	0	4	0	165	0	196	31	11	36	6	0	2	0	0	0	0	8	143	79	0	8	103	1	0	6
0	0	0	0	0	0	0	0	0	0	0	0	0	0	0	0	0	0	0	0	0	0	0	0	0	0	0	0	0	0	0	0	0	0	0	0	0	0	0	0	0	0	0	0	0	0	0	0	0	0	0	0	0	0	0	0	0	0	0	0	0	0	0	0	0	0	0	0	0	0	0	0	0	0
0	0	0	0	0	0	0	0	31	0	0	0	289	70	0	0	0	2	4	24	0	0	0	0	0	0	0	0	1	0	0	0	5	905	0	0	0	0	0	0	0	0	0	4	0	103	0	0	0	0	0	0	0	0	0	0	0	16	24	0	0	0	0	0	0	1	0	0	0	0	0	0	0	12
237	9	0	0	0	0	0	28	23	4	0	0	178	4	4	0	27	0	368	92	6	206	0	0	0	64	0	1	0	1	16	0	379	810	555	0	0	0	0	0	0	2	4	14	39	117	0	0	0	0	0	0	0	0	2	2	12	842	339	0	0	0	0	0	0	1	509	297	0	0	35	3	0	37
0	0	4	382	0	0	0	0	3	7	0	0	0	0	0	0	0	0	0	0	1	0	0	0	0	1	0	0	1	0	5	0	0	7	0	151	0	0	0	0	405	0	0	0	2	0	0	10	0	0	0	0	0	0	12	2	1	0	0	0	0	0	0	0	0	725	0	0	0	0	0	0	0	0
20	0	2	0	2	454	0	0	0	52	0	0	2	5	3	0	110	8	93	190	16	208	0	0	0	12	0	0	16	5	0	0	14	16	6	0	0	0	0	0	10	0	22	260	368	61	0	0	0	0	430	0	740	0	424	0	392	144	0	0	4	4	0	0	0	0	314	30	0	144	57	0	0	488
0	0	24	0	82	0	0	37	0	0	0	0	0	43	0	0	0	0	0	0	0	0	0	0	0	0	0	0	0	0	0	0	0	29	0	0	0	0	0	0	0	0	0	0	0	0	0	0	0	0	0	0	0	0	0	0	0	0	2	0	0	30	0	82	0	0	0	0	0	0	0	0	0	0
2	9	0	0	7	0	0	45	14	6	0	0	694	18	3	0	157	0	37	114	32	6	0	2	0	497	0	5	379	0	14	0	0	283	17	0	0	2	0	2	2	5	8	2	1	36	0	0	0	0	0	0	27	0	28	19	19	112	20	1	0	11	0	0	0	2	0	5	0	3	35	6	0	49
4	0	5	4	1482	12	0	525	32	15	0	0	2866	84	6	1	138	8	358	57	533	10	41	57	0	28	0	905	810	7	16	29	283	0	17	0	0	58	0	0	24	13	216	56	131	2354	0	0	0	0	40	0	2	0	344	5	44	1747	7	0	103	88	0	1	0	38	162	46	61	0	1075	17	12	20
49	6	0	0	0	0	0	4	6	6	0	0	32	3	1	0	11	1	34	19	1	7	0	2	0	47	0	0	555	0	6	0	17	17	0	0	0	0	0	0	0	0	1	0	2	47	0	1	0	0	0	0	1	0	3	1	13	521	60	1	0	1	0	0	0	0	16	0	0	1	3	2	0	7
0	0	0	0	0	0	0	0	0	146	0	0	0	3	25	0	0	0	0	0	0	0	0	0	0	1	0	0	0	151	0	0	0	0	0	0	0	0	0	0	0	0	0	58	0	1	0	23	0	0	0	0	0	0	0	0	10	1	0	0	0	0	0	0	0	125	0	0	0	0	0	0	0	3
0	0	0	0	0	0	0	0	0	0	0	0	0	0	0	0	0	0	0	0	0	0	0	0	0	0	0	0	0	0	0	0	0	0	0	0	0	0	0	0	0	0	0	0	0	0	0	0	0	0	0	0	0	0	0	0	0	0	0	0	0	0	0	0	0	0	0	0	0	0	0	0	0	0
0	8	0	0	0	0	0	0	0	1	2	0	3	104	0	0	2	0	2	6	0	0	0	0	0	1	0	0	0	0	0	0	2	58	0	0	0	0	0	0	0	0	0	0	0	22	0	0	0	0	0	0	0	0	0	0	0	140	6	0	0	0	0	0	0	0	0	0	0	0	0	8	0	0
0	0	0	0	0	0	0	0	0	0	0	0	0	0	0	0	0	0	0	0	0	0	0	0	0	0	0	0	0	0	0	0	0	0	0	0	0	0	0	0	0	0	0	0	0	0	0	0	0	0	0	0	0	0	0	0	0	0	0	0	0	0	0	0	0	0	0	0	0	0	0	0	0	0
0	1	0	0	0	0	0	0	0	0	0	0	6	0	0	0	6	0	0	0	0	0	0	0	0	3	0	0	0	0	0	0	2	0	0	0	0	0	0	0	0	0	0	0	0	0	0	0	0	0	0	0	0	0	0	0	0	0	0	0	0	0	0	0	0	0	0	0	0	0	0	1	0	0
2	0	0	0	0	0	0	0	2	220	0	0	48	13	4	0	7	4	2	9	0	0	0	0	0	34	0	0	0	405	10	0	2	24	0	0	0	0	0	0	0	0	0	0	0	22	0	78	0	0	0	0	0	0	0	8	12	42	0	0	0	0	0	0	0	156	0	0	0	0	0	0	0	30
0	0	0	0	0	0	0	0	14	340	0	0	5	77	207	0	4	2	1	18	0	0	0	0	0	1	0	0	2	0	0	0	5	13	0	0	0	0	0	0	0	0	0	54	0	2	0	17	0	0	0	0	0	0	0	0	2	445	90	0	0	0	0	0	0	1	0	0	6	0	0	0	0	1
0	2	0	0	0	0	0	0	27	44	0	0	331	0	23	0	0	0	17	133	0	0	0	0	0	34	0	0	4	0	22	0	8	216	1	0	0	0	0	0	0	0	0	0	0	60	0	0	0	0	0	0	0	0	0	1	34	563	100	2	0	0	0	0	0	2	0	0	0	0	5	0	0	28
0	0	0	8	0	0	0	0	1	991	0	0	1	139	606	0	0	15	10	4	0	2	0	0	0	1	0	4	14	0	260	0	2	56	0	58	0	0	0	0	0	54	0	0	0	9	0	115	0	0	5	0	310	0	0	2	82	172	6	0	2	4	0	0	0	14	0	0	1	0	0	6	0	353
10	0	0	0	0	0	0	0	0	18	0	0	9	12	0	0	19	0	0	246	0	0	0	26	0	137	0	0	39	2	368	0	1	131	2	0	0	0	0	0	0	0	0	0	0	70	0	0	0	0	22	0	0	0	0	8	47	28	0	0	0	0	0	0	0	0	0	0	0	0	0	0	0	4
1	0	61	0	217	27	0	17	0	27	4	0	650	45	0	4	31	33	85	63	64	29	66	0	1	17	0	103	117	0	61	0	36	2354	47	1	0	22	0	0	22	2	60	9	70	0	0	6	0	16	0	0	55	0	76	7	19	342	12	0	149	155	0	0	0	29	103	15	9	0	117	17	11	4
0	0	0	0	0	0	0	0	0	0	0	0	0	0	0	0	0	0	0	0	0	0	0	0	0	0	0	0	0	0	0	0	0	0	0	0	0	0	0	0	0	0	0	0	0	0	0	0	0	0	0	0	0	0	0	0	0	0	0	0	0	0	0	0	0	0	0	0	0	0	0	0	0	0
0	0	47	5	8	6	0	0	0	103	0	0	9	1	5	0	0	12	5	33	0	0	0	0	0	4	0	0	0	10	0	0	0	0	1	23	0	0	0	0	78	17	0	115	0	6	0	0	0	0	1	0	34	0	0	0	54	0	1	0	0	0	0	0	0	68	1	0	1	69	0	0	0	0
0	0	0	0	0	0	0	0	0	0	0	0	0	0	0	0	0	0	0	0	0	0	0	0	0	0	0	0	0	0	0	0	0	0	0	0	0	0	0	0	0	0	0	0	0	0	0	0	0	0	0	0	0	0	0	0	0	0	0	0	0	0	0	0	0	0	0	0	0	0	0	0	0	0
4	0	0	0	0	0	0	0	4	18	0	0	0	4	0	0	0	6	0	0	0	0	0	0	0	0	0	0	0	0	0	0	0	0	0	0	0	0	0	0	0	0	0	0	0	16	0	0	0	0	0	0	0	0	0	0	0	3	0	0	0	0	0	0	0	0	0	0	0	0	0	0	0	2
0	0	0	0	9	93	0	0	0	25	0	0	0	0	0	0	0	0	0	30	8	0	0	0	0	4	0	0	0	0	430	0	0	40	0	0	0	0	0	0	0	0	0	5	22	0	0	1	0	0	0	0	90	0	12	0	65	9	0	0	0	0	0	0	0	0	1	0	0	40	0	0	0	9
0	0	0	0	0	0	0	0	0	0	0	0	0	0	0	0	0	0	0	0	0	0	0	0	0	0	0	0	0	0	0	0	0	0	0	0	0	0	0	0	0	0	0	0	0	0	0	0	0	0	0	0	0	0	0	0	0	0	0	0	0	0	0	0	0	0	0	0	0	0	0	0	0	0
3	0	0	0	0	2	0	0	0	918	0	0	0	0	20	0	10	1	10	462	0	0	0	50	0	165	0	0	0	0	740	0	27	2	1	0	0	0	0	0	0	0	0	310	0	55	0	34	0	0	90	0	0	0	0	0	252	119	0	0	0	0	0	0	0	0	0	0	0	2	0	0	0	754
0	0	0	0	0	0	0	0	0	0	0	0	0	0	0	0	0	0	0	0	0	0	0	0	0	0	0	0	0	0	0	0	0	0	0	0	0	0	0	0	0	0	0	0	0	0	0	0	0	0	0	0	0	0	0	0	0	0	0	0	0	0	0	0	0	0	0	0	0	0	0	0	0	0
164	2	0	0	0	0	0	0	3	10	0	0	12	1	3	0	84	0	4	341	0	0	0	142	0	196	0	0	2	12	424	0	28	344	3	0	0	0	0	0	0	0	0	0	0	76	0	0	0	0	12	0	0	0	0	68	1	83	2	0	0	0	0	0	0	0	0	0	0	1	4	0	0	8
0	0	0	0	0	0	0	3	0	0	0	0	8	69	0	0	2	0	32	469	4	4	1	131	1	31	0	0	2	2	0	0	19	5	1	0	0	0	0	0	8	0	1	2	8	7	0	0	0	0	0	0	0	0	68	0	137	4	3	0	3	3	0	0	0	0	0	9	0	1	1	1	0	7
0	0	136	0	0	58	0	0	8	709	0	0	32	1	100	0	0	0	201	513	0	3	0	0	11	11	0	0	12	1	392	0	19	44	13	10	0	0	0	0	12	2	34	82	47	19	0	54	0	0	65	0	252	0	1	137	0	83	155	4	4	4	0	1	0	93	6	0	0	164	18	4	0	214
48	4	5	0	7	193	0	42	53	40	0	0	230	16	3	0	168	4	510	48	49	189	77	11	0	36	0	16	842	0	144	0	112	1747	521	1	0	140	0	0	42	445	563	172	28	342	0	0	0	3	9	0	119	0	83	4	83	0	462	6	49	47	0	0	0	21	678	253	21	4	357	12	3	530
2	6	6	0	2	0	0	34	51	38	0	0	46	12	30	0	2	0	176	46	36	0	28	0	0	6	0	24	339	0	0	2	20	7	60	0	0	6	0	0	0	90	100	6	0	12	0	1	0	0	0	0	0	0	2	3	155	462	0	6	14	10	0	0	0	0	262	0	0	98	62	13	0	1
0	0	0	0	0	0	0	1	0	0	0	0	1	1	0	0	0	0	0	0	0	0	0	0	0	0	0	0	0	0	0	0	1	0	1	0	0	0	0	0	0	0	2	0	0	0	0	0	0	0	0	0	0	0	0	0	4	6	6	0	0	0	0	0	0	0	0	0	0	0	1	0	0	0
0	6	0	0	0	0	0	0	0	44	6	0	6	766	5	0	18	2	0	31	0	0	0	0	0	2	0	0	0	0	4	0	0	103	0	0	0	0	0	0	0	0	0	2	0	149	0	0	0	0	0	0	0	0	0	3	4	49	14	0	0	0	0	0	0	0	0	0	0	0	1	6	0	22
0	0	0	0	0	0	0	0	10	49	26	0	9	812	13	0	1	4	0	37	0	0	0	0	0	0	0	0	0	0	4	30	11	88	1	0	0	0	0	0	0	0	0	4	0	155	0	0	0	0	0	0	0	0	0	3	4	47	10	0	0	0	0	0	0	0	0	0	2	0	0	0	0	49
0	0	0	0	0	0	0	0	0	0	0	0	0	0	0	0	0	0	0	0	0	0	0	0	0	0	0	0	0	0	0	0	0	0	0	0	0	0	0	0	0	0	0	0	0	0	0	0	0	0	0	0	0	0	0	0	0	0	0	0	0	0	0	0	0	0	0	0	0	0	0	0	0	0
0	0	0	0	0	0	0	0	7	0	0	0	15	99	2	0	0	0	0	0	0	0	0	0	0	0	0	0	0	0	0	82	0	1	0	0	0	0	0	0	0	0	0	0	0	0	0	0	0	0	0	0	0	0	0	0	1	0	0	0	0	0	0	0	0	0	0	0	3	0	0	0	0	2
0	0	0	0	0	0	0	0	0	0	0	0	0	0	0	0	0	0	0	0	0	0	0	0	0	0	0	0	0	0	0	0	0	0	0	0	0	0	0	0	0	0	0	0	0	0	0	0	0	0	0	0	0	0	0	0	0	0	0	0	0	0	0	0	0	0	0	0	0	0	0	0	0	0
0	1	34	97	0	0	0	0	0	539	0	0	25	10	47	0	7	2	3	29	0	0	0	0	0	8	0	1	1	725	0	0	2	38	0	125	0	0	0	0	156	1	2	14	0	29	0	68	0	0	0	0	0	0	0	0	93	21	0	0	0	0	0	0	0	0	0	0	0	0	1	1	0	12
2	1	0	0	0	0	0	0	4	8	0	0	12	0	3	0	113	0	26	17	0	0	0	0	0	143	0	0	509	0	314	0	0	162	16	0	0	0	0	0	0	0	0	0	0	103	0	1	0	0	1	0	0	0	0	0	6	678	262	0	0	0	0	0	0	0	0	0	0	1	3	1	0	39
117	0	0	0	0	0	0	0	0	12	0	0	2	1	49	0	168	0	2	73	0	0	0	106	0	79	0	0	297	0	30	0	5	46	0	0	0	0	0	0	0	0	0	0	0	15	0	0	0	0	0	0	0	0	0	9	0	253	0	0	0	0	0	0	0	0	0	0	0	0	0	0	0	122
0	0	6	0	1	0	0	0	29	3	4	0	0	5	4	0	0	2	0	3	0	0	0	0	0	0	0	0	0	0	0	0	0	61	0	0	0	0	0	0	0	6	0	1	0	9	0	1	0	0	0	0	0	0	0	0	0	21	0	0	0	2	0	3	0	0	0	0	0	0	1	0	0	0
0	2	2	0	0	2	0	0	0	326	0	0	34	5	49	0	2	0	4	206	0	0	0	0	0	8	0	0	0	0	144	0	3	0	1	0	0	0	0	0	0	0	0	0	0	0	0	69	0	0	40	0	2	0	1	1	164	4	98	0	0	0	0	0	0	0	1	0	0	0	3	2	0	33
0	0	0	0	0	0	0	5	26	33	0	0	370	2	3	0	21	0	10	272	2	0	0	0	0	103	0	0	35	0	57	0	35	1075	3	0	0	0	0	0	0	0	5	0	0	117	0	0	0	0	0	0	0	0	4	1	18	357	62	1	1	0	0	0	0	1	3	0	1	3	0	0	0	13
0	0	0	0	0	0	0	3	0	18	4	0	131	105	0	0	25	6	2	35	0	0	0	0	0	1	0	0	3	0	0	0	6	17	2	0	0	8	0	1	0	0	0	6	0	17	0	0	0	0	0	0	0	0	0	1	4	12	13	0	6	0	0	0	0	1	1	0	0	2	0	0	0	6
0	0	0	0	0	0	0	0	0	0	0	0	5	39	0	0	0	0	2	1	0	0	0	0	0	0	0	0	0	0	0	0	0	12	0	0	0	0	0	0	0	0	0	0	0	11	0	0	0	0	0	0	0	0	0	0	0	3	0	0	0	0	0	0	0	0	0	0	0	0	0	0	0	1
2	0	0	1	3	382	0	0	0	0	0	0	33	1	1	0	15	1	408	19	14	60	5	0	0	6	0	12	37	0	488	0	49	20	7	3	0	0	0	0	30	1	28	353	4	4	0	0	0	2	9	0	754	0	8	7	214	530	1	0	22	49	0	2	0	12	39	122	0	33	13	6	1	0
