0	0	0	0	0	0	0	0	0	0	0	0	0	0	0	0	0	1	10	0	9	72	0	39	52	21	0	0	0	0	2	0	0	0	0	0	0	0	0	0	0	0	0	0	0	0	0	0	0	1	0	101	0	0	0	0	0	2	0	0	0	0	0	0	0	0	1	0	0	0	0	0	0	0
0	0	0	0	296	0	0	261	0	0	0	0	317	0	70	135	0	0	54	8	0	0	14	0	0	0	0	0	0	0	0	0	0	0	0	1	0	1	3	169	6	0	103	0	0	0	0	0	0	0	0	0	0	0	3	0	6	0	0	29	0	0	0	0	0	0	0	0	1	7	0	0	0	0
0	0	0	0	0	0	0	0	0	240	0	0	1	8	47	1	0	1	0	0	3	0	0	0	0	0	9	3	0	0	0	0	0	0	0	0	2	0	0	0	9	17	2	2	0	1	0	778	0	3	0	0	0	17	0	0	149	0	4	0	0	18	1	1	0	5	0	0	1	0	0	0	0	0
0	0	0	0	0	0	0	0	0	20	0	0	0	0	41	0	0	0	0	0	0	0	0	0	0	0	16	0	0	0	0	0	0	0	0	0	0	0	0	0	12	2	0	0	0	0	0	305	0	0	0	0	0	0	0	0	0	0	0	0	0	0	0	0	0	4	0	0	0	0	0	0	0	0
0	296	0	0	0	0	0	0	0	0	0	0	38	0	78	78	0	3	0	0	0	0	0	0	0	0	0	103	0	0	0	0	0	47	0	0	0	0	0	0	0	1	0	0	0	52	0	1	0	4	0	0	0	0	0	0	0	0	0	0	0	139	0	62	0	0	0	0	1	0	0	0	0	0
0	0	0	0	0	0	0	0	0	0	0	0	0	0	0	0	0	0	0	0	0	0	0	0	0	0	0	0	0	0	0	0	0	0	0	0	0	0	0	0	0	0	0	0	0	0	0	0	0	0	0	0	0	0	0	0	0	0	0	0	0	0	0	0	0	0	0	0	0	0	0	0	0	0
0	0	0	0	0	0	0	0	0	0	0	0	1	0	10	0	0	2	0	0	0	0	0	0	0	0	0	0	0	0	0	0	0	0	0	0	0	0	0	0	10	1	0	16	0	0	0	0	0	1	0	0	0	0	0	0	0	0	0	0	0	0	0	0	0	1	0	0	0	0	0	0	0	0
0	261	0	0	0	0	0	0	0	0	0	0	111	1	3	3	0	1	0	0	123	0	0	0	0	0	1	13	0	0	0	0	0	0	0	0	0	0	0	0	0	0	0	0	0	0	0	0	0	0	0	1	0	10	0	1	0	0	0	0	0	0	0	0	0	0	0	0	0	1	5	0	0	0
0	0	0	0	0	0	0	0	0	0	0	0	0	0	0	0	0	1	0	0	0	0	0	0	0	0	0	0	0	0	0	0	0	0	0	0	0	0	0	0	0	0	0	0	0	0	0	0	0	0	0	0	0	0	0	0	0	0	0	0	0	0	0	0	0	0	0	0	0	0	0	0	0	0
0	0	240	20	0	0	0	0	0	0	0	0	1	1	151	0	0	4	158	94	1	0	0	0	0	0	1	0	0	0	28	0	0	0	0	252	0	2	1	1	462	115	5	240	4	26	14	1494	0	2	2	0	338	49	0	3	516	27	0	0	3	0	0	7	0	303	1	0	2	89	0	0	0	0
0	0	0	0	0	0	0	0	0	0	0	0	0	0	0	0	0	0	0	0	0	0	0	0	0	0	0	0	0	0	0	0	0	0	0	0	0	0	0	0	0	0	0	0	0	0	0	0	0	0	0	0	0	0	0	0	0	0	0	0	0	0	0	0	0	0	0	0	0	0	0	0	0	0
0	0	0	0	0	0	0	0	0	0	0	0	0	0	0	0	0	0	0	0	0	0	0	0	0	0	0	0	0	0	0	0	0	0	0	0	0	0	0	0	0	0	0	0	0	0	0	0	0	0	0	0	0	0	0	0	0	0	0	0	0	0	0	0	0	0	0	0	0	0	0	0	0	0
0	317	1	0	38	0	1	111	0	1	0	0	0	4	9	9	10	13	23	3	177	0	4	0	0	0	0	206	2	0	0	0	15	126	13	0	1	1	30	172	14	0	4	0	4	210	5	30	0	0	0	1	2	0	0	2	18	9	0	18	5	0	0	24	0	12	0	0	68	16	17	0	1	0
0	0	8	0	0	0	0	1	0	1	0	0	4	0	1	0	0	2	1	0	0	0	1	0	0	1	2	4	0	0	0	0	0	1	0	2	0	4	0	1	5	11	0	2	0	3	8	0	0	9	0	0	0	0	0	0	0	2	5	0	27	256	0	4	0	2	1	0	4	0	0	0	0	0
0	70	47	41	78	0	10	3	0	151	0	0	9	1	0	0	0	0	58	0	0	0	5	0	0	0	3	0	0	0	0	0	0	0	0	14	0	2	0	0	1	5	9	111	0	0	1	495	0	16	0	0	0	0	0	0	172	1	2	4	5	0	1	0	0	35	0	0	25	1	0	0	0	0
0	135	1	0	78	0	0	3	0	0	0	0	9	0	0	0	0	0	2	0	0	0	5	0	0	0	0	0	0	0	0	0	0	0	0	3	0	2	0	0	0	1	9	5	0	0	1	0	0	16	0	0	0	0	0	0	3	0	1	4	5	0	1	1	0	0	0	0	24	1	0	0	0	0
0	0	0	0	0	0	0	0	0	0	0	0	10	0	0	0	0	0	4	0	598	3	0	0	1	89	0	0	0	0	2	0	2	8	1	0	0	0	3	0	0	1	0	0	0	3	0	0	0	0	0	67	0	0	0	0	1	0	0	0	0	3	0	1	0	0	3	0	0	0	6	0	0	0
1	0	1	0	3	0	2	1	1	4	0	0	13	2	0	0	0	0	0	0	1	1	1	0	1	2	2	0	0	0	0	0	0	0	1	3	0	4	1	6	9	1	2	7	0	3	0	8	0	443	0	0	0	0	0	0	9	3	7	5	4	5	1	0	0	1	2	0	18	2	0	0	2	0
10	54	0	0	0	0	0	0	0	158	0	0	23	1	58	2	4	0	0	214	106	148	2	0	1	2	0	2	44	0	122	0	1	0	50	4	56	2	6	10	0	0	500	32	14	0	2	388	0	0	0	4	322	48	2	8	389	64	432	12	0	0	0	0	0	0	8	0	14	297	1	0	38	0
0	8	0	0	0	0	0	0	0	94	0	0	3	0	0	0	0	0	214	0	82	0	0	25	76	5	0	2	0	0	16	0	0	0	1	0	20	0	0	0	0	0	20	0	0	0	0	86	0	0	0	1	0	5	0	4	270	0	0	0	0	1	0	0	0	0	0	0	1	7	4	0	0	0
9	0	3	0	0	0	0	123	0	1	0	0	177	0	0	0	598	1	106	82	0	102	1	0	6	78	1	4	6	0	3	0	133	136	65	0	0	1	745	612	1	0	0	0	3	53	1	0	0	2	0	41	0	0	16	30	8	10	0	3	1	1	0	0	0	0	2	0	1	4	205	0	0	0
72	0	0	0	0	0	0	0	0	0	0	0	0	0	0	0	3	1	148	0	102	0	0	125	172	36	1	0	33	0	100	0	1	0	82	0	0	1	1	3	0	0	3	0	27	0	0	0	0	1	14	275	6	0	120	4	5	9	1	13	0	0	0	0	0	0	98	0	0	1	3	0	0	0
0	14	0	0	0	0	0	0	0	0	0	0	4	1	5	5	0	1	2	0	1	0	0	12	1	0	1	0	0	0	0	0	0	0	1	0	0	0	0	0	0	0	0	0	0	0	0	0	0	0	1	6	0	1	0	3	1	8	50	0	0	1	0	1	0	3	0	0	0	1	0	0	0	0
39	0	0	0	0	0	0	0	0	0	0	0	0	0	0	0	0	0	0	25	0	125	12	0	14	0	0	0	0	0	2	0	0	0	0	0	0	0	0	0	0	0	0	0	15	0	0	0	0	0	0	2	30	2	40	58	0	0	0	0	0	0	0	0	0	0	0	0	0	0	0	0	0	0
52	0	0	0	0	0	0	0	0	0	0	0	0	0	0	0	1	1	1	76	6	172	1	14	0	1	0	0	0	0	1	0	0	0	2	0	0	0	1	1	0	0	0	0	19	0	0	0	0	0	0	0	13	0	47	2	1	0	0	0	0	0	0	0	0	0	0	0	0	26	0	0	0	0
21	0	0	0	0	0	0	0	0	0	0	0	0	1	0	0	89	2	2	5	78	36	0	0	1	0	2	2	5	0	1	0	7	1	10	0	0	0	79	67	0	0	2	0	2	3	1	0	0	0	0	1	2	0	12	1	5	5	7	0	0	0	0	0	0	0	10	0	4	2	13	0	9	0
0	0	9	16	0	0	0	1	0	1	0	0	0	2	3	0	0	2	0	0	1	1	1	0	0	2	0	0	1	0	0	0	2	0	0	3	0	0	0	1	17	24	0	1	0	0	3	156	0	3	0	0	0	0	0	0	0	0	4	1	0	1	5	1	0	31	0	0	2	0	0	0	0	0
0	0	3	0	103	0	0	13	0	0	0	0	206	4	0	0	0	0	2	2	4	0	0	0	0	2	0	0	0	0	0	0	2	55	1	0	0	1	0	31	0	0	2	0	4	186	1	27	0	7	0	0	0	1	0	11	4	0	125	77	2	22	0	195	0	0	0	0	55	3	7	0	6	0
0	0	0	0	0	0	0	0	0	0	0	0	2	0	0	0	0	0	44	0	6	33	0	0	0	5	1	0	0	0	0	0	2	0	92	0	31	0	0	0	0	0	31	0	0	2	0	0	0	0	0	48	0	5	0	0	3	106	122	0	0	0	0	0	0	1	24	0	0	0	4	0	0	0
0	0	0	0	0	0	0	0	0	0	0	0	0	0	0	0	0	0	0	0	0	0	0	0	0	0	0	0	0	0	0	0	0	0	0	0	0	0	0	0	0	0	0	0	0	0	0	0	0	0	0	0	0	0	0	0	0	0	0	0	0	0	0	0	0	0	0	0	0	0	0	0	0	0
2	0	0	0	0	0	0	0	0	28	0	0	0	0	0	0	2	0	122	16	3	100	0	2	1	1	0	0	0	0	0	0	0	0	0	0	0	0	0	0	0	0	0	82	360	1	0	2	0	0	195	0	364	2	290	0	371	49	0	0	0	0	0	0	0	0	326	0	0	0	0	0	0	0
0	0	0	0	0	0	0	0	0	0	0	0	0	0	0	0	0	0	0	0	0	0	0	0	0	0	0	0	0	0	0	0	0	0	0	0	0	0	0	0	0	0	0	0	0	0	0	0	0	0	0	0	0	0	0	0	0	0	0	0	0	0	0	0	0	0	0	0	0	0	0	0	0	0
0	0	0	0	0	0	0	0	0	0	0	0	15	0	0	0	2	0	1	0	133	1	0	0	0	7	2	2	2	0	0	0	0	18	12	0	0	1	27	4	0	0	0	0	0	1	0	0	0	0	0	0	0	0	0	0	4	0	0	3	0	0	0	4	0	0	0	0	0	0	101	0	0	0
0	0	0	0	47	0	0	0	0	0	0	0	126	1	0	0	8	0	0	0	136	0	0	0	0	1	0	55	0	0	0	0	18	0	4	0	0	0	18	14	0	0	4	1	0	175	0	0	0	0	0	0	1	0	0	0	1	49	3	0	2	0	0	14	0	3	2	0	1	0	0	0	0	0
0	0	0	0	0	0	0	0	0	0	0	0	13	0	0	0	1	1	50	1	65	82	1	0	2	10	0	1	92	0	0	0	12	4	0	0	29	29	7	71	0	0	31	2	0	3	1	0	0	0	0	49	2	3	1	7	19	79	12	4	0	0	0	0	0	0	68	0	1	1	12	0	1	0
0	1	0	0	0	0	0	0	0	252	0	0	0	2	14	3	0	3	4	0	0	0	0	0	0	0	3	0	0	0	0	0	0	0	0	0	0	0	0	0	8	8	0	10	0	0	0	561	0	1	0	0	0	0	0	0	2	0	0	0	0	4	6	0	0	33	0	0	1	0	0	0	0	0
0	0	2	0	0	0	0	0	0	0	0	0	1	0	0	0	0	0	56	20	0	0	0	0	0	0	0	0	31	0	0	0	0	0	29	0	0	31	0	29	0	0	0	0	0	0	20	0	0	0	0	0	0	0	0	9	21	55	64	57	0	0	0	0	0	0	63	0	24	0	1	0	50	0
0	1	0	0	0	0	0	0	0	2	0	0	1	4	2	2	0	4	2	0	1	1	0	0	0	0	0	1	0	0	0	0	1	0	29	0	31	0	0	0	0	0	31	2	0	2	0	5	0	3	0	1	0	1	0	1	2	88	16	0	0	47	0	0	0	0	0	0	0	0	16	0	0	0
0	3	0	0	0	0	0	0	0	1	0	0	30	0	0	0	3	1	6	0	745	1	0	0	1	79	0	0	0	0	0	0	27	18	7	0	0	0	0	2	0	0	0	0	0	24	0	12	0	0	0	45	0	0	0	0	1	0	0	0	0	0	0	0	0	0	0	0	0	0	113	0	0	0
0	169	0	0	0	0	0	0	0	1	0	0	172	1	0	0	0	6	10	0	612	3	0	0	1	67	1	31	0	0	0	0	4	14	71	0	29	0	2	0	0	0	29	0	0	59	0	29	0	1	0	52	0	1	0	0	3	2	38	0	0	0	0	0	0	0	0	0	0	1	2	0	0	0
0	6	9	12	0	0	10	0	0	462	0	0	14	5	1	0	0	9	0	0	1	0	0	0	0	0	17	0	0	0	0	0	0	0	0	8	0	0	0	0	0	26	0	22	0	0	1	760	0	12	0	0	0	0	0	0	7	1	0	0	1	0	8	0	0	91	0	0	2	0	0	0	0	0
0	0	17	2	1	0	1	0	0	115	0	0	0	11	5	1	1	1	0	0	0	0	0	0	0	0	24	0	0	0	0	0	0	0	0	8	0	0	0	0	26	0	0	1	0	0	0	272	0	1	0	0	0	0	0	0	1	2	0	0	15	34	13	1	0	37	0	0	9	0	0	0	0	0
0	103	2	0	0	0	0	0	0	5	0	0	4	0	9	9	0	2	500	20	0	3	0	0	0	2	0	2	31	0	0	0	0	4	31	0	0	31	0	29	0	0	0	0	0	5	20	17	0	0	0	0	0	0	0	9	169	55	84	57	0	0	0	0	0	0	86	0	24	2	2	0	50	0
0	0	2	0	0	0	16	0	0	240	0	0	0	2	111	5	0	7	32	0	0	0	0	0	0	0	1	0	0	0	82	0	0	1	2	10	0	2	0	0	22	1	0	0	0	1	0	777	0	33	2	0	6	0	0	0	69	81	0	0	2	84	1	0	0	10	9	0	2	0	0	0	0	0
0	0	0	0	0	0	0	0	0	4	0	0	4	0	0	0	0	0	14	0	3	27	0	15	19	2	0	4	0	0	360	0	0	0	0	0	0	0	0	0	0	0	0	0	0	0	0	1	0	0	8	44	0	0	0	0	67	0	0	0	0	0	0	0	0	0	1	0	0	1	0	0	0	0
0	0	1	0	52	0	0	0	0	26	0	0	210	3	0	0	3	3	0	0	53	0	0	0	0	3	0	186	2	0	1	0	1	175	3	0	0	2	24	59	0	0	5	1	0	0	2	19	0	2	0	0	0	0	0	0	1	15	2	0	5	2	0	0	0	0	9	0	32	0	0	0	0	0
0	0	0	0	0	0	0	0	0	14	0	0	5	8	1	1	0	0	2	0	1	0	0	0	0	1	3	1	0	0	0	0	0	0	1	0	20	0	0	0	1	0	20	0	0	2	0	1	0	4	0	0	0	0	0	0	0	0	168	0	0	1	0	0	0	0	0	0	0	0	0	0	0	0
0	0	778	305	1	0	0	0	0	1494	0	0	30	0	495	0	0	8	388	86	0	0	0	0	0	0	156	27	0	0	2	0	0	0	0	561	0	5	12	29	760	272	17	777	1	19	1	0	0	0	0	0	264	50	0	18	729	0	0	0	4	0	5	0	0	1060	0	0	11	3	0	0	6	0
0	0	0	0	0	0	0	0	0	0	0	0	0	0	0	0	0	0	0	0	0	0	0	0	0	0	0	0	0	0	0	0	0	0	0	0	0	0	0	0	0	0	0	0	0	0	0	0	0	0	0	0	0	0	0	0	0	0	0	0	0	0	0	0	0	0	0	0	0	0	0	0	0	0
1	0	3	0	4	0	1	0	0	2	0	0	0	9	16	16	0	443	0	0	2	1	0	0	0	0	3	7	0	0	0	0	0	0	0	1	0	3	0	1	12	1	0	33	0	2	4	0	0	0	0	0	0	0	0	0	1	4	0	0	13	52	0	0	0	4	3	0	26	1	0	0	0	0
0	0	0	0	0	0	0	0	0	2	0	0	0	0	0	0	0	0	0	0	0	14	1	0	0	0	0	0	0	0	195	0	0	0	0	0	0	0	0	0	0	0	0	2	8	0	0	0	0	0	0	0	10	0	8	0	26	3	0	0	1	0	0	0	0	0	3	0	0	0	0	0	0	0
101	0	0	0	0	0	0	1	0	0	0	0	1	0	0	0	67	0	4	1	41	275	6	2	0	1	0	0	48	0	0	0	0	0	49	0	0	1	45	52	0	0	0	0	44	0	0	0	0	0	0	0	1	0	123	3	1	1	3	0	0	0	0	0	0	0	23	0	0	0	0	0	1	0
0	0	0	0	0	0	0	0	0	338	0	0	2	0	0	0	0	0	322	0	0	6	0	30	13	2	0	0	0	0	364	0	0	1	2	0	0	0	0	0	0	0	0	6	0	0	0	264	0	0	10	1	0	38	0	0	275	13	0	0	0	0	0	0	0	0	0	0	0	1	0	0	0	0
0	0	17	0	0	0	0	10	0	49	0	0	0	0	0	0	0	0	48	5	0	0	1	2	0	0	0	1	5	0	2	0	0	0	3	0	0	1	0	1	0	0	0	0	0	0	0	50	0	0	0	0	38	0	0	14	6	0	12	8	0	0	0	0	0	0	0	0	0	52	8	0	0	0
0	3	0	0	0	0	0	0	0	0	0	0	0	0	0	0	0	0	2	0	16	120	0	40	47	12	0	0	0	0	290	0	0	0	1	0	0	0	0	0	0	0	0	0	0	0	0	0	0	0	8	123	0	0	0	0	1	1	0	0	0	0	0	0	0	0	5	0	0	0	0	0	0	0
0	0	0	0	0	0	0	1	0	3	0	0	2	0	0	0	0	0	8	4	30	4	3	58	2	1	0	11	0	0	0	0	0	0	7	0	9	1	0	0	0	0	9	0	0	0	0	18	0	0	0	3	0	14	0	0	112	0	2	2	0	0	0	0	0	0	0	0	0	54	5	0	0	0
0	6	149	0	0	0	0	0	0	516	0	0	18	0	172	3	1	9	389	270	8	5	1	0	1	5	0	4	3	0	371	0	4	1	19	2	21	2	1	3	7	1	169	69	67	1	0	729	0	1	26	1	275	6	1	112	0	6	18	1	3	35	1	1	0	13	5	0	7	196	4	0	0	0
2	0	0	0	0	0	0	0	0	27	0	0	9	2	1	0	0	3	64	0	10	9	8	0	0	5	0	0	106	0	49	0	0	49	79	0	55	88	0	2	1	2	55	81	0	15	0	0	0	4	3	1	13	0	1	0	6	0	292	7	0	3	1	15	0	0	150	0	0	0	2	0	0	0
0	0	4	0	0	0	0	0	0	0	0	0	0	5	2	1	0	7	432	0	0	1	50	0	0	7	4	125	122	0	0	0	0	3	12	0	64	16	0	38	0	0	84	0	0	2	168	0	0	0	0	3	0	12	0	2	18	292	0	94	0	0	0	0	0	0	185	0	6	9	4	0	4	0
0	29	0	0	0	0	0	0	0	0	0	0	18	0	4	4	0	5	12	0	3	13	0	0	0	0	1	77	0	0	0	0	3	0	4	0	57	0	0	0	0	0	57	0	0	0	0	0	0	0	0	0	0	8	0	2	1	7	94	0	0	0	0	0	0	0	0	0	0	2	42	0	0	0
0	0	0	0	0	0	0	0	0	3	0	0	5	27	5	5	0	4	0	0	1	0	0	0	0	0	0	2	0	0	0	0	0	2	0	0	0	0	0	0	1	15	0	2	0	5	0	4	0	13	1	0	0	0	0	0	3	0	0	0	0	255	0	0	0	0	0	0	1	0	0	0	0	0
0	0	18	0	139	0	0	0	0	0	0	0	0	256	0	0	3	5	0	1	1	0	1	0	0	0	1	22	0	0	0	0	0	0	0	4	0	47	0	0	0	34	0	84	0	2	1	0	0	52	0	0	0	0	0	0	35	3	0	0	255	0	1	13	0	9	0	0	22	0	0	0	0	0
0	0	1	0	0	0	0	0	0	0	0	0	0	0	1	1	0	1	0	0	0	0	0	0	0	0	5	0	0	0	0	0	0	0	0	6	0	0	0	0	8	13	0	1	0	0	0	5	0	0	0	0	0	0	0	0	1	1	0	0	0	1	0	0	0	9	0	0	0	0	0	0	0	0
0	0	1	0	62	0	0	0	0	7	0	0	24	4	0	1	1	0	0	0	0	0	1	0	0	0	1	195	0	0	0	0	4	14	0	0	0	0	0	0	0	1	0	0	0	0	0	0	0	0	0	0	0	0	0	0	1	15	0	0	0	13	0	0	0	0	0	0	1	0	0	0	0	0
0	0	0	0	0	0	0	0	0	0	0	0	0	0	0	0	0	0	0	0	0	0	0	0	0	0	0	0	0	0	0	0	0	0	0	0	0	0	0	0	0	0	0	0	0	0	0	0	0	0	0	0	0	0	0	0	0	0	0	0	0	0	0	0	0	0	0	0	0	0	0	0	0	0
0	0	5	4	0	0	1	0	0	303	0	0	12	2	35	0	0	1	0	0	0	0	3	0	0	0	31	0	1	0	0	0	0	3	0	33	0	0	0	0	91	37	0	10	0	0	0	1060	0	4	0	0	0	0	0	0	13	0	0	0	0	9	9	0	0	0	0	0	0	0	0	0	0	0
1	0	0	0	0	0	0	0	0	1	0	0	0	1	0	0	3	2	8	0	2	98	0	0	0	10	0	0	24	0	326	0	0	2	68	0	63	0	0	0	0	0	86	9	1	9	0	0	0	3	3	23	0	0	5	0	5	150	185	0	0	0	0	0	0	0	0	0	2	1	2	0	1	0
0	0	0	0	0	0	0	0	0	0	0	0	0	0	0	0	0	0	0	0	0	0	0	0	0	0	0	0	0	0	0	0	0	0	0	0	0	0	0	0	0	0	0	0	0	0	0	0	0	0	0	0	0	0	0	0	0	0	0	0	0	0	0	0	0	0	0	0	0	0	0	0	0	0
0	1	1	0	1	0	0	0	0	2	0	0	68	4	25	24	0	18	14	1	1	0	0	0	0	4	2	55	0	0	0	0	0	1	1	1	24	0	0	0	2	9	24	2	0	32	0	11	0	26	0	0	0	0	0	0	7	0	6	0	1	22	0	1	0	0	2	0	0	0	0	0	0	0
0	7	0	0	0	0	0	1	0	89	0	0	16	0	1	1	0	2	297	7	4	1	1	0	26	2	0	3	0	0	0	0	0	0	1	0	0	0	0	1	0	0	2	0	1	0	0	3	0	1	0	0	1	52	0	54	196	0	9	2	0	0	0	0	0	0	1	0	0	0	15	0	0	0
0	0	0	0	0	0	0	5	0	0	0	0	17	0	0	0	6	0	1	4	205	3	0	0	0	13	0	7	4	0	0	0	101	0	12	0	1	16	113	2	0	0	2	0	0	0	0	0	0	0	0	0	0	8	0	5	4	2	4	42	0	0	0	0	0	0	2	0	0	15	0	0	0	0
0	0	0	0	0	0	0	0	0	0	0	0	0	0	0	0	0	0	0	0	0	0	0	0	0	0	0	0	0	0	0	0	0	0	0	0	0	0	0	0	0	0	0	0	0	0	0	0	0	0	0	0	0	0	0	0	0	0	0	0	0	0	0	0	0	0	0	0	0	0	0	0	0	0
0	0	0	0	0	0	0	0	0	0	0	0	1	0	0	0	0	2	38	0	0	0	0	0	0	9	0	6	0	0	0	0	0	0	1	0	50	0	0	0	0	0	50	0	0	0	0	6	0	0	0	1	0	0	0	0	0	0	4	0	0	0	0	0	0	0	1	0	0	0	0	0	0	0
0	0	0	0	0	0	0	0	0	0	0	0	0	0	0	0	0	0	0	0	0	0	0	0	0	0	0	0	0	0	0	0	0	0	0	0	0	0	0	0	0	0	0	0	0	0	0	0	0	0	0	0	0	0	0	0	0	0	0	0	0	0	0	0	0	0	0	0	0	0	0	0	0	0
