0	0	0	0	0	0	0	0	0	0	0	0	0	0	0	0	5	0	21	1	1	195	0	16	238	11	0	0	12	0	1	0	7	9	24	0	0	0	79	0	0	0	1	0	7	1	0	4	2	0	0	134	0	0	39	0	0	46	1	0	0	0	0	0	0	0	13	0	0	0	0	0	0	0
0	0	0	0	0	0	0	0	0	0	0	0	1	0	0	0	0	0	0	0	0	0	0	0	0	0	0	4	0	0	0	0	0	2	0	0	0	0	0	0	0	0	1	0	0	0	0	0	0	0	0	0	0	0	0	0	0	1	0	0	0	0	0	0	0	0	0	0	0	0	0	0	0	0
0	0	0	0	0	0	0	0	0	71	8	0	0	20	6	0	0	0	0	0	1	0	0	0	0	0	1	3	0	0	0	0	0	0	11	0	0	0	0	0	9	0	0	0	0	2	0	316	0	0	0	0	0	0	0	0	172	0	26	0	0	0	2	3	0	0	0	0	25	15	0	0	0	0
0	0	0	0	0	0	0	0	0	2	0	0	0	0	51	0	0	0	0	0	0	0	0	0	0	0	8	0	0	0	0	0	0	1	0	0	0	0	0	0	4	0	0	0	0	0	0	138	0	0	0	0	0	0	0	0	0	1	0	0	0	0	0	0	0	0	0	0	3	0	0	0	0	0
0	0	0	0	0	0	0	0	0	0	654	0	91	0	2	0	0	1	0	0	1	0	0	0	0	0	0	91	0	0	0	1	7	283	0	0	0	0	0	0	0	0	0	0	0	70	0	43	0	2	0	0	0	0	0	0	3	0	0	0	0	76	0	401	0	0	0	0	44	0	0	0	0	0
0	0	0	0	0	0	0	0	0	0	0	0	0	0	0	0	0	0	0	0	0	0	0	0	0	0	0	0	0	0	0	0	0	0	0	0	0	0	0	0	0	0	0	0	0	0	0	0	0	0	0	0	0	0	0	0	0	0	0	0	0	0	0	0	0	0	0	0	0	0	0	0	0	0
0	0	0	0	0	0	0	0	0	0	0	0	1	0	0	0	0	0	0	0	0	0	0	0	0	0	0	0	0	0	0	0	0	0	0	0	0	0	0	0	3	0	0	0	0	0	0	3	0	0	0	0	0	0	0	0	0	0	0	0	0	0	6	0	0	0	0	0	0	0	0	0	0	0
0	0	0	0	0	0	0	0	0	0	0	0	119	0	0	0	0	0	0	0	38	0	0	0	0	0	0	76	0	0	0	0	9	1	0	0	0	0	7	0	0	0	0	0	0	29	0	0	0	0	0	0	0	1	0	0	0	0	6	0	0	0	0	40	0	0	0	0	0	1	0	0	0	0
0	0	0	0	0	0	0	0	0	0	0	0	0	0	0	0	0	1	0	0	0	0	0	0	0	0	0	0	0	0	0	0	0	0	2	0	0	0	0	0	0	0	0	0	0	0	0	1	0	0	0	0	0	0	0	0	0	0	0	0	0	1	0	0	0	0	0	0	1	0	0	0	0	0
0	0	71	2	0	0	0	0	0	0	6	0	0	0	263	0	0	10	132	96	0	1	0	0	0	0	0	0	0	0	27	0	0	1	0	71	1	0	1	0	34	3	12	135	9	1	2	708	0	0	4	0	131	4	0	0	533	10	0	1	1	16	0	0	0	78	0	0	1	23	1	0	0	0
0	0	8	0	654	0	0	0	0	6	0	0	0	262	0	2	0	6	0	0	3	0	0	0	0	0	2	31	0	0	0	0	0	34	29	4	0	8	0	0	0	128	14	4	0	0	0	6	0	0	0	0	0	0	0	0	14	2	0	0	478	422	0	381	0	2	0	0	126	6	2	0	0	0
0	0	0	0	0	0	0	0	0	0	0	0	0	0	0	0	0	0	0	0	0	0	0	0	0	0	0	0	0	0	0	0	0	0	0	0	0	0	0	0	0	0	0	0	0	0	0	0	0	0	0	0	0	0	0	0	0	0	0	0	0	0	0	0	0	0	0	0	0	0	0	0	0	0
0	1	0	0	91	0	1	119	0	0	0	0	0	0	0	1	7	0	21	11	2	0	2	0	0	0	0	307	7	0	0	0	31	486	27	0	1	1	62	0	0	1	17	0	0	157	0	82	0	0	0	0	0	0	1	1	28	10	2	53	4	2	0	152	0	0	0	0	0	10	148	0	0	0
0	0	20	0	0	0	0	0	0	0	262	0	0	0	0	0	1	0	0	0	1	0	0	0	0	0	2	1	0	0	0	1	0	0	1	1	0	10	0	0	3	2	1	5	0	1	1	31	0	3	0	0	0	0	0	0	0	2	0	0	48	178	0	3	0	2	0	0	0	4	1	0	0	0
0	0	6	51	2	0	0	0	0	263	0	0	0	0	0	0	1	0	55	3	0	0	1	0	0	0	0	0	0	0	0	0	0	0	2	8	0	5	0	0	32	81	4	65	0	3	0	259	0	1	0	0	6	0	0	0	131	0	1	0	2	2	0	0	0	93	0	0	11	0	0	0	0	0
0	0	0	0	0	0	0	0	0	0	2	0	1	0	0	0	0	0	0	0	0	0	0	0	0	0	0	0	0	0	0	0	0	0	0	0	0	0	0	0	0	0	0	0	0	0	0	1	0	0	0	0	0	0	0	0	0	0	0	0	0	0	0	1	0	0	0	0	0	0	0	0	0	0
5	0	0	0	0	0	0	0	0	0	0	0	7	1	1	0	0	0	0	0	223	3	0	0	3	31	0	0	0	0	4	0	7	28	5	0	0	0	415	0	0	0	0	0	0	25	0	3	0	0	0	8	0	0	0	1	2	54	2	0	0	2	0	0	0	0	9	0	0	0	6	0	0	0
0	0	0	0	1	0	0	0	1	10	6	0	0	0	0	0	0	0	0	0	0	0	1	0	0	0	0	0	0	0	0	0	1	0	0	0	0	2	0	0	2	3	1	7	0	1	0	48	0	15	0	0	0	0	0	0	1	2	0	0	1	2	0	0	0	0	0	0	6	0	0	0	0	0
21	0	0	0	0	0	0	0	0	132	0	0	21	0	55	0	0	0	0	179	4	101	4	0	12	3	0	4	44	0	42	0	7	0	140	0	5	2	224	0	0	2	167	128	4	44	6	252	4	0	8	0	128	34	4	67	393	257	200	4	0	2	0	0	0	0	0	0	0	124	48	0	0	0
1	0	0	0	0	0	0	0	0	96	0	0	11	0	3	0	0	0	179	0	7	2	13	21	394	1	0	2	9	0	175	0	4	1	8	0	1	0	15	0	6	0	17	0	32	10	0	258	0	0	7	1	55	2	19	236	459	60	3	3	0	0	0	0	0	0	0	0	0	96	22	0	0	0
1	0	1	0	1	0	0	38	0	0	3	0	2	1	0	0	223	0	4	7	0	90	6	0	3	34	1	4	0	0	0	0	156	134	4	0	0	1	1004	0	4	0	0	0	0	16	1	7	0	1	0	5	0	0	3	0	3	10	0	0	1	0	0	1	0	1	1	0	0	5	160	0	0	0
195	0	0	0	0	0	0	0	0	1	0	0	0	0	0	0	3	0	101	2	90	0	0	12	359	17	1	0	74	0	300	0	2	2	149	0	0	0	8	0	0	0	0	0	62	2	0	6	0	0	2	266	15	0	201	34	3	189	0	5	1	0	0	0	0	0	134	0	0	0	35	0	0	0
0	0	0	0	0	0	0	0	0	0	0	0	2	0	1	0	0	1	4	13	6	0	0	0	0	0	0	1	0	0	0	0	4	0	0	0	0	0	0	0	0	0	0	0	0	9	0	0	0	0	0	0	0	0	0	0	0	0	0	0	0	0	0	0	0	0	0	0	0	0	2	0	0	0
16	0	0	0	0	0	0	0	0	0	0	0	0	0	0	0	0	0	0	21	0	12	0	0	374	0	0	0	11	0	2	0	0	0	5	0	0	0	0	0	0	0	0	0	11	0	0	0	0	0	0	31	11	0	19	87	0	2	0	0	0	0	0	0	0	0	0	0	0	0	0	0	0	0
238	0	0	0	0	0	0	0	0	0	0	0	0	0	0	0	3	0	12	394	3	359	0	374	0	1	3	0	3	0	46	0	3	0	8	0	0	0	9	0	1	0	0	1	267	0	0	0	0	0	0	62	149	0	261	303	10	13	2	0	0	0	0	0	0	0	0	0	0	8	0	0	0	0
11	0	0	0	0	0	0	0	0	0	0	0	0	0	0	0	31	0	3	1	34	17	0	0	1	0	3	3	6	0	0	0	11	1	8	0	0	0	36	0	0	0	4	0	3	0	0	2	0	0	0	0	1	0	9	0	1	7	3	0	0	0	0	0	0	0	12	0	0	0	14	0	2	0
0	0	1	8	0	0	0	0	0	0	2	0	0	2	0	0	0	0	0	0	1	1	0	0	3	3	0	0	0	0	0	0	2	0	4	3	0	1	0	0	1	12	0	2	0	0	2	89	0	0	0	0	0	0	0	0	0	0	0	0	0	1	16	1	0	13	0	0	1	0	0	0	0	0
0	4	3	0	91	0	0	76	0	0	31	0	307	1	0	0	0	0	4	2	4	0	1	0	0	3	0	0	0	0	0	1	23	216	2	0	1	0	0	0	0	0	1	0	0	151	1	82	3	6	0	0	0	2	0	3	3	14	452	58	0	21	0	484	0	0	1	0	0	2	23	0	2	0
12	0	0	0	0	0	0	0	0	0	0	0	7	0	0	0	0	0	44	9	0	74	0	11	3	6	0	0	0	0	18	0	18	0	263	0	2	0	31	0	5	0	2	0	0	0	0	24	0	0	0	0	0	2	0	7	17	414	204	0	0	0	0	0	0	0	11	0	0	0	4	0	0	0
0	0	0	0	0	0	0	0	0	0	0	0	0	0	0	0	0	0	0	0	0	0	0	0	0	0	0	0	0	0	0	0	0	0	0	0	0	0	0	0	0	0	0	0	0	0	0	0	0	0	0	0	0	0	0	0	0	0	0	0	0	0	0	0	0	0	0	0	0	0	0	0	0	0
1	0	0	0	0	0	0	0	0	27	0	0	0	0	0	0	4	0	42	175	0	300	0	2	46	0	0	0	18	0	0	0	0	6	0	0	0	0	2	0	4	0	0	102	262	0	4	9	0	0	99	0	200	4	114	0	466	9	0	0	26	0	0	0	0	0	126	0	0	0	0	0	0	0
0	0	0	0	1	0	0	0	0	0	0	0	0	1	0	0	0	0	0	0	0	0	0	0	0	0	0	1	0	0	0	0	0	0	0	0	0	0	0	0	0	0	0	1	0	0	0	0	0	0	0	0	0	0	0	0	0	0	0	0	0	1	0	1	0	0	0	0	0	0	0	0	0	0
7	0	0	0	7	0	0	9	0	0	0	0	31	0	0	0	7	1	7	4	156	2	4	0	3	11	2	23	18	0	0	0	0	18	39	0	0	5	353	0	0	3	1	0	0	1	0	10	0	0	0	0	0	0	2	1	13	5	1	7	0	3	0	0	0	0	0	0	4	0	101	0	0	0
9	2	0	1	283	0	0	1	0	1	34	0	486	0	0	0	28	0	0	1	134	2	0	0	0	1	0	216	0	0	6	0	18	0	2	0	1	0	173	0	0	0	3	0	1	516	0	59	0	0	0	0	0	0	10	2	4	356	31	0	0	0	0	34	0	0	14	0	0	0	18	0	0	0
24	0	11	0	0	0	0	0	2	0	29	0	27	1	2	0	5	0	140	8	4	149	0	5	8	8	4	2	263	0	0	0	39	2	0	0	4	1	8	0	2	1	183	2	0	11	0	15	0	0	1	4	1	4	0	30	24	595	203	4	0	6	0	0	0	0	173	0	0	2	24	0	0	0
0	0	0	0	0	0	0	0	0	71	4	0	0	1	8	0	0	0	0	0	0	0	0	0	0	0	3	0	0	0	0	0	0	0	0	0	0	0	4	0	0	3	0	0	0	0	0	389	0	0	0	0	0	0	0	0	15	7	0	0	0	3	22	0	0	1	0	0	0	0	0	0	0	0
0	0	0	0	0	0	0	0	0	1	0	0	1	0	0	0	0	0	5	1	0	0	0	0	0	0	0	1	2	0	0	0	0	1	4	0	0	1	0	0	0	0	0	1	0	1	0	1	0	0	0	0	0	0	1	0	0	3	6	3	0	0	0	0	0	0	6	0	0	0	3	0	0	0
0	0	0	0	0	0	0	0	0	0	8	0	1	10	5	0	0	2	2	0	1	0	0	0	0	0	1	0	0	0	0	0	5	0	1	0	1	0	2	0	0	0	1	0	0	2	0	7	0	2	0	0	0	0	0	2	2	61	60	0	0	12	0	0	0	0	0	0	34	9	15	0	0	0
79	0	0	0	0	0	0	7	0	1	0	0	62	0	0	0	415	0	224	15	1004	8	0	0	9	36	0	0	31	0	2	0	353	173	8	4	0	2	0	0	0	0	0	0	0	30	0	6	26	0	0	5	0	0	18	0	0	66	0	0	0	0	0	0	0	0	2	0	0	0	592	0	0	0
0	0	0	0	0	0	0	0	0	0	0	0	0	0	0	0	0	0	0	0	0	0	0	0	0	0	0	0	0	0	0	0	0	0	0	0	0	0	0	0	0	0	0	0	0	0	0	0	0	0	0	0	0	0	0	0	0	0	0	0	0	0	0	0	0	0	0	0	0	0	0	0	0	0
0	0	9	4	0	0	3	0	0	34	0	0	0	3	32	0	0	2	0	6	4	0	0	0	1	0	1	0	5	0	4	0	0	0	2	0	0	0	0	0	0	19	0	24	0	12	0	320	0	0	0	0	4	0	0	0	25	3	0	0	3	26	5	0	0	4	0	0	3	4	13	0	0	0
0	0	0	0	0	0	0	0	0	3	128	0	1	2	81	0	0	3	2	0	0	0	0	0	0	0	12	0	0	0	0	0	3	0	1	3	0	0	0	0	19	0	0	0	0	0	0	209	0	0	0	0	0	0	0	0	1	11	0	0	0	7	23	4	0	3	0	0	0	0	0	0	0	0
1	1	0	0	0	0	0	0	0	12	14	0	17	1	4	0	0	1	167	17	0	0	0	0	0	4	0	1	2	0	0	0	1	3	183	0	0	1	0	0	0	0	0	1	0	91	0	59	0	0	0	0	0	0	1	0	340	372	446	4	0	0	0	0	0	0	53	0	0	2	6	0	0	0
0	0	0	0	0	0	0	0	0	135	4	0	0	5	65	0	0	7	128	0	0	0	0	0	1	0	2	0	0	0	102	1	0	0	2	0	1	0	0	0	24	0	1	0	0	22	0	794	0	1	1	0	2	0	0	0	104	142	18	0	2	0	0	0	0	2	0	0	1	0	0	0	0	0
7	0	0	0	0	0	0	0	0	9	0	0	0	0	0	0	0	0	4	32	0	62	0	11	267	3	0	0	0	0	262	0	0	1	0	0	0	0	0	0	0	0	0	0	0	0	0	14	0	0	6	6	0	0	0	0	139	0	0	0	0	0	0	0	0	0	12	0	0	2	0	0	0	0
1	0	2	0	70	0	0	29	0	1	0	0	157	1	3	0	25	1	44	10	16	2	9	0	0	0	0	151	0	0	0	0	1	516	11	0	1	2	30	0	12	0	91	22	0	0	0	19	0	2	0	0	0	0	2	0	30	301	20	77	3	3	0	80	0	0	93	0	2	13	100	0	0	0
0	0	0	0	0	0	0	0	0	2	0	0	0	1	0	0	0	0	6	0	1	0	0	0	0	0	2	1	0	0	4	0	0	0	0	0	0	0	0	0	0	0	0	0	0	0	0	8	0	0	0	0	0	0	0	0	1	0	216	0	0	4	0	0	0	0	0	0	0	1	0	0	0	0
4	0	316	138	43	0	3	0	1	708	6	0	82	31	259	1	3	48	252	258	7	6	0	0	0	2	89	82	24	0	9	0	10	59	15	389	1	7	6	0	320	209	59	794	14	19	8	0	3	3	0	0	49	11	19	8	662	20	85	42	33	115	12	2	0	553	30	0	74	4	39	0	0	0
2	0	0	0	0	0	0	0	0	0	0	0	0	0	0	0	0	0	4	0	0	0	0	0	0	0	0	3	0	0	0	0	0	0	0	0	0	0	26	0	0	0	0	0	0	0	0	3	0	0	0	3	0	0	0	2	0	2	0	0	0	0	0	0	0	0	0	0	0	0	0	0	0	0
0	0	0	0	2	0	0	0	0	0	0	0	0	3	1	0	0	15	0	0	1	0	0	0	0	0	0	6	0	0	0	0	0	0	0	0	0	2	0	0	0	0	0	1	0	2	0	3	0	0	0	0	0	0	0	0	0	1	0	0	0	40	0	0	0	4	0	0	0	0	0	0	0	0
0	0	0	0	0	0	0	0	0	4	0	0	0	0	0	0	0	0	8	7	0	2	0	0	0	0	0	0	0	0	99	0	0	0	1	0	0	0	0	0	0	0	0	1	6	0	0	0	0	0	0	0	8	0	3	0	35	2	0	0	2	0	0	0	0	0	2	0	0	5	0	0	0	0
134	0	0	0	0	0	0	0	0	0	0	0	0	0	0	0	8	0	0	1	5	266	0	31	62	0	0	0	0	0	0	0	0	0	4	0	0	0	5	0	0	0	0	0	6	0	0	0	3	0	0	0	0	0	272	0	0	1	6	0	0	0	0	0	0	0	2	0	0	0	0	0	0	0
0	0	0	0	0	0	0	0	0	131	0	0	0	0	6	0	0	0	128	55	0	15	0	11	149	1	0	0	0	0	200	0	0	0	1	0	0	0	0	0	4	0	0	2	0	0	0	49	0	0	8	0	0	3	0	0	521	103	0	0	0	0	0	0	0	0	2	0	0	27	0	0	0	0
0	0	0	0	0	0	0	1	0	4	0	0	0	0	0	0	0	0	34	2	0	0	0	0	0	0	0	2	2	0	4	0	0	0	4	0	0	0	0	0	0	0	0	0	0	0	0	11	0	0	0	0	3	0	0	1	18	0	2	1	0	0	0	0	0	0	0	0	0	3	0	0	0	0
39	0	0	0	0	0	0	0	0	0	0	0	1	0	0	0	0	0	4	19	3	201	0	19	261	9	0	0	0	0	114	0	2	10	0	0	1	0	18	0	0	0	1	0	0	2	0	19	0	0	3	272	0	0	0	90	0	26	0	0	0	0	0	0	0	0	27	0	0	0	0	0	0	0
0	0	0	0	0	0	0	0	0	0	0	0	1	0	0	0	1	0	67	236	0	34	0	87	303	0	0	3	7	0	0	0	1	2	30	0	0	2	0	0	0	0	0	0	0	0	0	8	2	0	0	0	0	1	90	0	273	3	6	0	0	0	0	0	0	0	0	0	0	117	3	0	0	0
0	0	172	0	3	0	0	0	0	533	14	0	28	0	131	0	2	1	393	459	3	3	0	0	10	1	0	3	17	0	466	0	13	4	24	15	0	2	0	0	25	1	340	104	139	30	1	662	0	0	35	0	521	18	0	273	0	65	102	4	0	12	0	0	0	54	7	0	5	405	15	0	0	0
46	1	0	1	0	0	0	0	0	10	2	0	10	2	0	0	54	2	257	60	10	189	0	2	13	7	0	14	414	0	9	0	5	356	595	7	3	61	66	0	3	11	372	142	0	301	0	20	2	1	2	1	103	0	26	3	65	0	675	77	4	37	0	0	0	0	521	0	0	0	144	0	0	0
1	0	26	0	0	0	0	6	0	0	0	0	2	0	1	0	2	0	200	3	0	0	0	0	2	3	0	452	204	0	0	0	1	31	203	0	6	60	0	0	0	0	446	18	0	20	216	85	0	0	0	6	0	2	0	6	102	675	0	184	0	0	0	0	0	0	284	0	2	74	117	0	0	0
0	0	0	0	0	0	0	0	0	1	0	0	53	0	0	0	0	0	4	3	0	5	0	0	0	0	0	58	0	0	0	0	7	0	4	0	3	0	0	0	0	0	4	0	0	77	0	42	0	0	0	0	0	1	0	0	4	77	184	0	0	0	0	0	0	0	0	0	2	2	3	0	0	0
0	0	0	0	0	0	0	0	0	1	478	0	4	48	2	0	0	1	0	0	1	1	0	0	0	0	0	0	0	0	26	0	0	0	0	0	0	0	0	0	3	0	0	2	0	3	0	33	0	0	2	0	0	0	0	0	0	4	0	0	0	153	0	0	0	0	0	0	0	0	0	0	0	0
0	0	0	0	76	0	0	0	1	16	422	0	2	178	2	0	2	2	2	0	0	0	0	0	0	0	1	21	0	0	0	1	3	0	6	3	0	12	0	0	26	7	0	0	0	3	4	115	0	40	0	0	0	0	0	0	12	37	0	0	153	0	0	13	0	9	0	0	11	18	0	0	0	0
0	0	2	0	0	0	6	0	0	0	0	0	0	0	0	0	0	0	0	0	0	0	0	0	0	0	16	0	0	0	0	0	0	0	0	22	0	0	0	0	5	23	0	0	0	0	0	12	0	0	0	0	0	0	0	0	0	0	0	0	0	0	0	0	0	24	0	0	0	0	0	0	0	0
0	0	3	0	401	0	0	40	0	0	381	0	152	3	0	1	0	0	0	0	1	0	0	0	0	0	1	484	0	0	0	1	0	34	0	0	0	0	0	0	0	4	0	0	0	80	0	2	0	0	0	0	0	0	0	0	0	0	0	0	0	13	0	0	0	0	0	0	43	0	0	0	0	0
0	0	0	0	0	0	0	0	0	0	0	0	0	0	0	0	0	0	0	0	0	0	0	0	0	0	0	0	0	0	0	0	0	0	0	0	0	0	0	0	0	0	0	0	0	0	0	0	0	0	0	0	0	0	0	0	0	0	0	0	0	0	0	0	0	0	0	0	0	0	0	0	0	0
0	0	0	0	0	0	0	0	0	78	2	0	0	2	93	0	0	0	0	0	1	0	0	0	0	0	13	0	0	0	0	0	0	0	0	1	0	0	0	0	4	3	0	2	0	0	0	553	0	4	0	0	0	0	0	0	54	0	0	0	0	9	24	0	0	0	0	0	0	0	0	0	0	0
13	0	0	0	0	0	0	0	0	0	0	0	0	0	0	0	9	0	0	0	1	134	0	0	0	12	0	1	11	0	126	0	0	14	173	0	6	0	2	0	0	0	53	0	12	93	0	30	0	0	2	2	2	0	27	0	7	521	284	0	0	0	0	0	0	0	0	0	0	0	3	0	0	0
0	0	0	0	0	0	0	0	0	0	0	0	0	0	0	0	0	0	0	0	0	0	0	0	0	0	0	0	0	0	0	0	0	0	0	0	0	0	0	0	0	0	0	0	0	0	0	0	0	0	0	0	0	0	0	0	0	0	0	0	0	0	0	0	0	0	0	0	0	0	0	0	0	0
0	0	25	3	44	0	0	0	1	1	126	0	0	0	11	0	0	6	0	0	0	0	0	0	0	0	1	0	0	0	0	0	4	0	0	0	0	34	0	0	3	0	0	1	0	2	0	74	0	0	0	0	0	0	0	0	5	0	2	2	0	11	0	43	0	0	0	0	0	15	0	0	0	0
0	0	15	0	0	0	0	1	0	23	6	0	10	4	0	0	0	0	124	96	5	0	0	0	8	0	0	2	0	0	0	0	0	0	2	0	0	9	0	0	4	0	2	0	2	13	1	4	0	0	5	0	27	3	0	117	405	0	74	2	0	18	0	0	0	0	0	0	15	0	7	0	0	0
0	0	0	0	0	0	0	0	0	1	2	0	148	1	0	0	6	0	48	22	160	35	2	0	0	14	0	23	4	0	0	0	101	18	24	0	3	15	592	0	13	0	6	0	0	100	0	39	0	0	0	0	0	0	0	3	15	144	117	3	0	0	0	0	0	0	3	0	0	7	0	0	0	0
0	0	0	0	0	0	0	0	0	0	0	0	0	0	0	0	0	0	0	0	0	0	0	0	0	0	0	0	0	0	0	0	0	0	0	0	0	0	0	0	0	0	0	0	0	0	0	0	0	0	0	0	0	0	0	0	0	0	0	0	0	0	0	0	0	0	0	0	0	0	0	0	0	0
0	0	0	0	0	0	0	0	0	0	0	0	0	0	0	0	0	0	0	0	0	0	0	0	0	2	0	2	0	0	0	0	0	0	0	0	0	0	0	0	0	0	0	0	0	0	0	0	0	0	0	0	0	0	0	0	0	0	0	0	0	0	0	0	0	0	0	0	0	0	0	0	0	0
0	0	0	0	0	0	0	0	0	0	0	0	0	0	0	0	0	0	0	0	0	0	0	0	0	0	0	0	0	0	0	0	0	0	0	0	0	0	0	0	0	0	0	0	0	0	0	0	0	0	0	0	0	0	0	0	0	0	0	0	0	0	0	0	0	0	0	0	0	0	0	0	0	0
