0	0	0	0	0	0	0	0	0	0	0	0	0	0	0	0	11	0	18	0	4	212	0	62	46	0	0	0	10	0	2	0	1	3	51	1	0	0	4	0	0	0	0	0	3	1	0	3	2	0	0	19	1	0	133	0	1	43	1	0	0	0	0	0	0	0	5	163	0	0	0	0	0	0
0	0	0	0	6	0	0	0	0	0	0	0	6	0	0	0	0	0	0	0	0	0	0	0	0	0	0	6	0	0	0	0	3	3	0	0	0	0	0	0	0	0	1	0	2	0	0	0	0	0	0	0	0	0	0	0	1	1	0	0	0	0	0	0	0	0	0	0	0	0	0	0	0	0
0	0	0	0	0	0	0	0	0	101	0	0	0	8	64	0	0	2	0	0	0	0	0	0	0	0	0	6	0	0	0	0	4	7	0	0	0	0	4	0	291	0	0	78	1	1	0	108	0	0	0	0	0	0	0	0	350	2	24	0	0	0	0	1	0	27	0	0	25	12	0	0	0	0
0	0	0	0	0	0	0	0	0	8	0	0	0	0	50	0	0	0	0	0	0	0	0	0	0	0	0	0	0	2	0	0	0	1	0	0	0	0	0	0	596	0	0	6	0	2	0	0	0	0	0	0	0	0	0	0	0	1	0	0	0	0	0	0	0	3	0	0	3	0	0	0	0	0
0	6	0	0	0	0	0	0	0	0	30	0	40	0	0	0	0	0	0	0	0	0	0	0	0	0	0	210	0	0	0	1	2	101	0	0	0	0	0	0	0	0	0	0	1	59	0	11	0	0	0	0	0	0	0	0	1	0	0	0	0	0	0	50	0	0	0	0	44	0	0	0	0	0
0	0	0	0	0	0	0	0	0	0	0	0	0	0	0	0	0	0	0	0	0	0	0	0	0	0	0	0	0	0	0	0	0	0	0	0	0	0	0	0	0	0	0	0	0	0	0	0	0	0	0	0	0	0	0	0	0	0	0	0	0	0	0	0	0	0	0	0	0	0	0	0	0	0
0	0	0	0	0	0	0	0	0	0	0	0	0	0	0	0	0	0	0	0	0	0	0	0	0	0	0	0	0	0	0	0	0	0	0	0	0	0	0	0	4	0	0	0	0	0	0	0	0	0	0	0	0	0	0	0	0	0	0	0	0	0	1	0	0	0	0	0	0	0	0	0	0	0
0	0	0	0	0	0	0	0	0	0	0	0	0	0	0	0	0	0	0	0	0	0	0	0	0	0	0	0	0	0	0	0	0	0	0	0	0	0	0	0	0	0	0	0	0	0	0	0	0	0	0	0	0	0	0	0	0	0	0	0	0	0	0	0	0	0	0	0	0	0	0	0	0	0
0	0	0	0	0	0	0	0	0	0	0	0	0	0	0	0	0	0	0	0	0	0	0	0	0	0	0	0	0	0	0	0	0	0	0	0	0	0	0	0	0	0	0	0	0	0	0	0	0	2	0	0	0	0	0	0	0	0	0	0	0	0	0	0	0	0	0	0	0	0	0	0	0	0
0	0	101	8	0	0	0	0	0	0	0	0	0	0	505	0	0	0	112	221	0	0	0	0	0	0	0	0	0	0	121	0	0	0	0	154	0	0	0	0	465	25	2	578	0	8	1	176	0	0	5	0	258	0	0	2	785	14	0	0	6	3	3	0	0	126	0	0	0	177	2	0	0	0
0	0	0	0	30	0	0	0	0	0	0	0	1	0	0	24	0	11	0	0	0	0	0	0	0	0	0	4	0	0	0	0	1	0	0	2	0	2	0	0	0	0	0	32	0	4	0	5	0	0	0	0	0	0	0	0	1	0	0	0	0	32	0	2	0	0	0	0	0	1	0	0	0	0
0	0	0	0	0	0	0	0	0	0	0	0	0	0	0	0	0	0	0	0	0	0	0	0	0	0	0	0	0	0	0	0	0	0	0	0	0	0	0	0	0	0	0	0	0	0	0	0	0	0	0	0	0	0	0	0	0	0	0	0	0	0	0	0	0	0	0	0	0	0	0	0	0	0
0	6	0	0	40	0	0	0	0	0	1	0	0	0	0	3	8	0	4	5	5	0	1	0	0	0	0	335	0	0	0	0	58	154	7	0	1	1	54	0	0	0	2	1	2	74	0	30	0	0	0	2	0	0	5	0	8	10	4	0	0	1	0	2	0	0	0	0	0	1	20	0	0	0
0	0	8	0	0	0	0	0	0	0	0	0	0	0	1	0	0	1	0	0	0	0	1	0	0	0	0	1	0	0	0	1	0	1	0	9	0	3	0	0	0	1	0	5	0	0	0	0	0	0	0	0	0	0	0	0	1	16	0	0	21	32	0	2	0	0	0	0	0	3	0	0	0	0
0	0	64	50	0	0	0	0	0	505	0	0	0	1	0	0	1	0	73	0	0	0	0	0	0	0	0	0	0	0	0	0	0	0	0	212	0	4	0	0	109	220	0	160	0	0	0	11	0	0	0	0	7	0	0	0	206	3	0	0	0	1	1	0	0	108	0	0	10	0	0	0	0	0
0	0	0	0	0	0	0	0	0	0	24	0	3	0	0	0	0	0	0	0	0	0	0	0	0	0	0	3	0	0	0	0	0	0	0	0	0	0	4	0	0	0	0	0	0	1	0	0	0	0	0	0	0	0	0	0	0	0	0	0	0	0	0	0	0	0	0	0	0	0	0	0	0	0
11	0	0	0	0	0	0	0	0	0	0	0	8	0	1	0	0	0	4	0	0	0	0	8	0	7	0	0	0	0	12	0	187	10	0	0	0	0	168	0	1	0	0	0	2	5	0	0	0	0	0	36	0	0	0	0	1	45	2	0	0	0	2	0	0	0	9	1	0	0	1	0	0	0
0	0	2	0	0	0	0	0	0	0	11	0	0	1	0	0	0	0	0	0	0	0	2	0	0	0	0	4	0	0	0	0	0	8	0	0	0	1	0	0	1	1	0	5	1	0	0	0	0	46	0	0	0	0	0	0	0	5	0	0	0	2	0	0	0	0	0	0	0	0	1	0	0	0
18	0	0	0	0	0	0	0	0	112	0	0	4	0	73	0	4	0	0	88	0	12	0	2	8	0	0	1	68	0	204	0	66	0	67	6	1	6	6	0	0	2	3	8	14	0	0	36	4	0	2	8	70	0	0	11	268	302	108	0	0	2	0	0	0	0	2	18	0	142	14	0	0	0
0	0	0	0	0	0	0	0	0	221	0	0	5	0	0	0	0	0	88	0	0	0	0	12	0	0	0	3	4	0	194	0	95	7	3	0	0	0	10	0	6	0	3	0	121	9	0	166	0	0	17	0	24	0	1	17	679	59	2	0	0	0	0	0	0	0	0	0	0	172	12	0	0	0
4	0	0	0	0	0	0	0	0	0	0	0	5	0	0	0	0	0	0	0	0	0	0	0	0	7	0	0	0	0	0	0	25	7	2	0	0	0	312	0	1	0	0	0	2	7	0	0	0	0	0	24	0	0	0	0	1	2	0	0	0	0	0	0	0	0	0	0	0	0	0	0	0	0
212	0	0	0	0	0	0	0	0	0	0	0	0	0	0	0	0	0	12	0	0	0	0	24	1	0	0	0	4	0	40	0	0	1	9	0	0	0	116	0	0	0	0	0	2	0	0	0	0	0	0	37	0	0	0	4	0	140	0	0	0	0	0	0	0	0	3	0	0	0	0	0	0	0
0	0	0	0	0	0	0	0	0	0	0	0	1	1	0	0	0	2	0	0	0	0	0	6	0	0	0	2	0	0	0	0	0	0	3	0	0	0	1	0	0	0	0	0	2	0	0	0	0	0	0	0	0	0	0	2	1	4	0	0	0	0	2	0	0	0	0	1	0	0	0	0	0	0
62	0	0	0	0	0	0	0	0	0	0	0	0	0	0	0	8	0	2	12	0	24	6	0	18	0	0	0	21	0	0	0	4	0	9	0	0	0	1	0	0	0	0	0	4	0	0	0	0	0	0	1	8	0	36	24	2	6	0	0	0	0	0	0	0	0	0	96	0	0	0	0	0	0
46	0	0	0	0	0	0	0	0	0	0	0	0	0	0	0	0	0	8	0	0	1	0	18	0	0	0	0	0	0	2	0	0	0	15	0	0	0	0	0	0	0	0	0	55	0	0	0	0	0	0	11	1	0	1	2	9	14	2	0	0	0	0	0	0	0	0	0	0	0	0	0	0	0
0	0	0	0	0	0	0	0	0	0	0	0	0	0	0	0	7	0	0	0	7	0	0	0	0	0	0	0	0	0	0	0	0	0	1	0	0	0	7	0	0	0	1	0	0	0	0	0	0	0	0	0	1	0	3	0	0	1	0	0	0	0	0	0	0	0	1	0	0	0	9	0	0	0
0	0	0	0	0	0	0	0	0	0	0	0	0	0	0	0	0	0	0	0	0	0	0	0	0	0	0	0	0	0	0	0	0	0	0	0	0	0	0	0	0	0	0	0	0	0	0	0	0	0	0	0	0	0	0	0	0	0	0	0	0	0	0	0	0	0	0	0	0	0	0	0	0	0
0	6	6	0	210	0	0	0	0	0	4	0	335	1	0	3	0	4	1	3	0	0	2	0	0	0	0	0	0	0	1	1	1	73	1	0	1	0	0	0	0	1	1	0	5	210	0	31	2	0	0	11	0	0	0	2	17	41	410	5	0	1	3	110	0	0	1	0	0	2	120	0	0	0
10	0	0	0	0	0	0	0	0	0	0	0	0	0	0	0	0	0	68	4	0	4	0	21	0	0	0	0	0	0	16	0	15	0	144	0	1	24	5	0	0	0	1	0	0	0	0	11	0	0	0	6	0	0	0	2	22	342	190	0	0	0	0	0	0	0	56	16	0	0	2	0	0	0
0	0	0	2	0	0	0	0	0	0	0	0	0	0	0	0	0	0	0	0	0	0	0	0	0	0	0	0	0	0	0	0	0	0	0	0	0	0	0	0	0	0	0	0	0	0	0	0	0	0	0	0	0	0	0	0	0	0	0	0	0	0	0	0	0	2	0	0	0	0	0	0	0	0
2	0	0	0	0	0	0	0	0	121	0	0	0	0	0	0	12	0	204	194	0	40	0	0	2	0	0	1	16	0	0	0	0	2	2	0	0	0	15	0	0	0	0	166	173	0	12	0	0	0	25	3	750	0	226	0	334	2	0	0	22	0	0	0	0	0	101	30	0	8	0	0	0	0
0	0	0	0	1	0	0	0	0	0	0	0	0	1	0	0	0	0	0	0	0	0	0	0	0	0	0	1	0	0	0	0	0	0	0	0	0	1	0	0	0	0	0	1	0	0	1	0	0	0	0	0	0	0	0	0	0	0	0	0	0	2	0	2	0	0	0	0	0	1	0	0	0	0
1	3	4	0	2	0	0	0	0	0	1	0	58	0	0	0	187	0	66	95	25	0	0	4	0	0	0	1	15	0	0	0	0	0	84	0	0	1	188	0	0	2	0	1	0	1	0	0	0	0	0	8	0	0	0	3	0	37	0	0	0	2	0	0	0	0	0	4	3	3	294	0	0	0
3	3	7	1	101	0	0	0	0	0	0	0	154	1	0	0	10	8	0	7	7	1	0	0	0	0	0	73	0	0	2	0	0	0	10	0	1	0	83	0	2	0	2	0	4	139	0	28	0	0	0	5	2	0	13	2	4	367	32	0	0	11	1	4	0	0	15	1	0	1	12	0	0	0
51	0	0	0	0	0	0	0	0	0	0	0	7	0	0	0	0	0	67	3	2	9	3	9	15	1	0	1	144	0	2	0	84	10	0	0	1	24	15	0	2	0	1	0	0	0	0	5	0	0	0	12	0	0	0	7	17	662	258	4	0	5	0	0	0	0	60	11	0	11	2	0	0	0
1	0	0	0	0	0	0	0	0	154	2	0	0	9	212	0	0	0	6	0	0	0	0	0	0	0	0	0	0	0	0	0	0	0	0	0	0	0	0	0	0	0	0	0	0	0	0	25	0	0	0	0	0	0	0	0	11	8	0	0	0	0	1	0	0	107	0	0	0	1	0	0	0	0
0	0	0	0	0	0	0	0	0	0	0	0	1	0	0	0	0	0	1	0	0	0	0	0	0	0	0	1	1	0	0	0	0	1	1	0	0	1	0	0	0	0	0	0	0	1	0	0	0	0	0	0	0	0	1	0	0	1	1	0	0	0	0	0	0	0	1	0	0	0	0	0	0	0
0	0	0	0	0	0	0	0	0	0	2	0	1	3	4	0	0	1	6	0	0	0	0	0	0	0	0	0	24	0	0	1	1	0	24	0	1	0	2	0	56	0	1	0	1	0	0	3	0	0	0	2	0	0	0	2	0	291	56	0	0	0	0	0	0	0	1	0	34	5	0	0	0	0
4	0	4	0	0	0	0	0	0	0	0	0	54	0	0	4	168	0	6	10	312	116	1	1	0	7	0	0	5	0	15	0	188	83	15	0	0	2	0	0	0	0	0	0	2	33	1	1	35	0	0	30	0	0	35	0	1	70	4	2	0	0	0	0	0	1	9	16	0	0	79	0	0	0
0	0	0	0	0	0	0	0	0	0	0	0	0	0	0	0	0	0	0	0	0	0	0	0	0	0	0	0	0	0	0	0	0	0	0	0	0	0	0	0	0	0	0	0	0	0	0	0	0	0	0	0	0	0	0	0	0	0	0	0	0	0	0	0	0	0	0	0	0	0	0	0	0	0
0	0	291	596	0	0	4	0	0	465	0	0	0	0	109	0	1	1	0	6	1	0	0	0	0	0	0	0	0	0	0	0	0	2	2	0	0	56	0	0	0	0	0	375	0	2	0	172	0	0	0	0	0	0	0	0	12	0	0	0	0	0	12	0	0	426	0	0	1	4	0	0	0	0
0	0	0	0	0	0	0	0	0	25	0	0	0	1	220	0	0	1	2	0	0	0	0	0	0	0	0	1	0	0	0	0	2	0	0	0	0	0	0	0	0	0	0	430	0	0	0	66	0	0	0	0	0	0	0	0	25	89	0	0	0	0	22	0	0	108	0	0	0	0	0	0	0	0
0	1	0	0	0	0	0	0	0	2	0	0	2	0	0	0	0	0	3	3	0	0	0	0	0	1	0	1	1	0	0	0	0	2	1	0	0	1	0	0	0	0	0	0	0	2	0	1	0	0	0	0	0	0	1	0	58	115	249	0	0	0	0	0	0	0	25	0	0	0	0	0	0	0
0	0	78	6	0	0	0	0	0	578	32	0	1	5	160	0	0	5	8	0	0	0	0	0	0	0	0	0	0	0	166	1	1	0	0	0	0	0	0	0	375	430	0	0	1	6	0	171	0	0	0	0	164	0	0	0	53	41	0	0	0	0	1	0	0	5	0	1	1	0	0	0	0	0
3	2	1	0	1	0	0	0	0	0	0	0	2	0	0	0	2	1	14	121	2	2	2	4	55	0	0	5	0	0	173	0	0	4	0	0	0	1	2	0	0	0	0	1	0	1	0	0	0	0	52	7	129	0	108	0	225	25	0	0	0	3	0	0	0	0	6	0	0	70	5	5	0	0
1	0	1	2	59	0	0	0	0	8	4	0	74	0	0	1	5	0	0	9	7	0	0	0	0	0	0	210	0	0	0	0	1	139	0	0	1	0	33	0	2	0	2	6	1	0	0	10	0	0	0	6	0	0	3	0	9	116	4	0	0	3	0	0	0	0	0	0	2	0	9	0	0	0
0	0	0	0	0	0	0	0	0	1	0	0	0	0	0	0	0	0	0	0	0	0	0	0	0	0	0	0	0	0	12	1	0	0	0	0	0	0	1	0	0	0	0	0	0	0	0	0	0	0	0	4	0	0	0	0	0	0	92	0	0	0	0	0	0	0	0	0	0	1	0	0	0	0
3	0	108	0	11	0	0	0	0	176	5	0	30	0	11	0	0	0	36	166	0	0	0	0	0	0	0	31	11	0	0	0	0	28	5	25	0	3	1	0	172	66	1	171	0	10	0	0	2	0	0	0	15	1	2	7	199	5	41	0	1	12	0	0	0	129	15	0	4	2	34	0	0	0
2	0	0	0	0	0	0	0	0	0	0	0	0	0	0	0	0	0	4	0	0	0	0	0	0	0	0	2	0	0	0	0	0	0	0	0	0	0	35	0	0	0	0	0	0	0	0	2	0	0	0	5	0	0	0	2	0	1	0	0	0	0	0	0	0	0	0	0	0	0	0	0	0	0
0	0	0	0	0	0	0	0	2	0	0	0	0	0	0	0	0	46	0	0	0	0	0	0	0	0	0	0	0	0	0	0	0	0	0	0	0	0	0	0	0	0	0	0	0	0	0	0	0	0	0	0	0	0	0	0	0	0	0	0	0	0	0	0	0	0	0	0	0	0	0	0	0	0
0	0	0	0	0	0	0	0	0	5	0	0	0	0	0	0	0	0	2	17	0	0	0	0	0	0	0	0	0	0	25	0	0	0	0	0	0	0	0	0	0	0	0	0	52	0	0	0	0	0	0	1	19	0	10	0	162	1	0	0	0	0	0	0	0	0	4	0	0	5	0	0	0	0
19	0	0	0	0	0	0	0	0	0	0	0	2	0	0	0	36	0	8	0	24	37	0	1	11	0	0	11	6	0	3	0	8	5	12	0	0	2	30	0	0	0	0	0	7	6	4	0	5	0	1	0	7	0	40	1	1	8	18	0	0	0	0	0	0	0	20	12	0	1	13	0	0	0
1	0	0	0	0	0	0	0	0	258	0	0	0	0	7	0	0	0	70	24	0	0	0	8	1	1	0	0	0	0	750	0	0	2	0	0	0	0	0	0	0	0	0	164	129	0	0	15	0	0	19	7	0	0	0	0	721	158	0	0	0	0	0	0	0	0	1	0	0	88	0	0	0	0
0	0	0	0	0	0	0	0	0	0	0	0	0	0	0	0	0	0	0	0	0	0	0	0	0	0	0	0	0	0	0	0	0	0	0	0	0	0	0	0	0	0	0	0	0	0	0	1	0	0	0	0	0	0	0	0	0	0	2	0	0	0	0	0	0	0	0	0	0	0	0	0	0	0
133	0	0	0	0	0	0	0	0	0	0	0	5	0	0	0	0	0	0	1	0	0	0	36	1	3	0	0	0	0	226	0	0	13	0	0	1	0	35	0	0	0	1	0	108	3	0	2	0	0	10	40	0	0	0	0	0	90	0	0	0	0	4	0	0	0	21	0	0	0	0	0	0	0
0	0	0	0	0	0	0	0	0	2	0	0	0	0	0	0	0	0	11	17	0	4	2	24	2	0	0	2	2	0	0	0	3	2	7	0	0	2	0	0	0	0	0	0	0	0	0	7	2	0	0	1	0	0	0	0	233	4	29	0	0	0	0	0	0	0	0	0	0	173	0	0	0	0
1	1	350	0	1	0	0	0	0	785	1	0	8	1	206	0	1	0	268	679	1	0	1	2	9	0	0	17	22	0	334	0	0	4	17	11	0	0	1	0	12	25	58	53	225	9	0	199	0	0	162	1	721	0	0	233	0	103	51	2	0	3	0	0	0	102	0	0	2	743	23	0	0	0
43	1	2	1	0	0	0	0	0	14	0	0	10	16	3	0	45	5	302	59	2	140	4	6	14	1	0	41	342	0	2	0	37	367	662	8	1	291	70	0	0	89	115	41	25	116	0	5	1	0	1	8	158	0	90	4	103	0	754	14	3	55	1	0	0	0	882	73	0	1	143	0	0	0
1	0	24	0	0	0	0	0	0	0	0	0	4	0	0	0	2	0	108	2	0	0	0	0	2	0	0	410	190	0	0	0	0	32	258	0	1	56	4	0	0	0	249	0	0	4	92	41	0	0	0	18	0	2	0	29	51	754	0	4	0	0	0	0	0	0	182	0	2	29	12	0	0	0
0	0	0	0	0	0	0	0	0	0	0	0	0	0	0	0	0	0	0	0	0	0	0	0	0	0	0	5	0	0	0	0	0	0	4	0	0	0	2	0	0	0	0	0	0	0	0	0	0	0	0	0	0	0	0	0	2	14	4	0	0	0	0	0	0	0	0	0	0	2	2	0	0	0
0	0	0	0	0	0	0	0	0	6	0	0	0	21	0	0	0	0	0	0	0	0	0	0	0	0	0	0	0	0	22	0	0	0	0	0	0	0	0	0	0	0	0	0	0	0	0	1	0	0	0	0	0	0	0	0	0	3	0	0	0	0	1	0	0	0	0	0	0	0	0	0	0	0
0	0	0	0	0	0	0	0	0	3	32	0	1	32	1	0	0	2	2	0	0	0	0	0	0	0	0	1	0	0	0	2	2	11	5	0	0	0	0	0	0	0	0	0	3	3	0	12	0	0	0	0	0	0	0	0	3	55	0	0	0	0	0	0	0	1	0	0	10	10	0	0	0	0
0	0	0	0	0	0	1	0	0	3	0	0	0	0	1	0	2	0	0	0	0	0	2	0	0	0	0	3	0	0	0	0	0	1	0	1	0	0	0	0	12	22	0	1	0	0	0	0	0	0	0	0	0	0	4	0	0	1	0	0	1	0	0	0	0	22	6	0	0	0	0	0	0	0
0	0	1	0	50	0	0	0	0	0	2	0	2	2	0	0	0	0	0	0	0	0	0	0	0	0	0	110	0	0	0	2	0	4	0	0	0	0	0	0	0	0	0	0	0	0	0	0	0	0	0	0	0	0	0	0	0	0	0	0	0	0	0	0	0	0	0	0	9	0	0	0	0	0
0	0	0	0	0	0	0	0	0	0	0	0	0	0	0	0	0	0	0	0	0	0	0	0	0	0	0	0	0	0	0	0	0	0	0	0	0	0	0	0	0	0	0	0	0	0	0	0	0	0	0	0	0	0	0	0	0	0	0	0	0	0	0	0	0	0	0	0	0	0	0	0	0	0
0	0	27	3	0	0	0	0	0	126	0	0	0	0	108	0	0	0	0	0	0	0	0	0	0	0	0	0	0	2	0	0	0	0	0	107	0	0	1	0	426	108	0	5	0	0	0	129	0	0	0	0	0	0	0	0	102	0	0	0	0	1	22	0	0	0	0	0	0	0	0	0	0	0
5	0	0	0	0	0	0	0	0	0	0	0	0	0	0	0	9	0	2	0	0	3	0	0	0	1	0	1	56	0	101	0	0	15	60	0	1	1	9	0	0	0	25	0	6	0	0	15	0	0	4	20	1	0	21	0	0	882	182	0	0	0	6	0	0	0	0	1	0	0	2	0	0	0
163	0	0	0	0	0	0	0	0	0	0	0	0	0	0	0	1	0	18	0	0	0	1	96	0	0	0	0	16	0	30	0	4	1	11	0	0	0	16	0	0	0	0	1	0	0	0	0	0	0	0	12	0	0	0	0	0	73	0	0	0	0	0	0	0	0	1	0	0	0	2	0	0	0
0	0	25	3	44	0	0	0	0	0	0	0	0	0	10	0	0	0	0	0	0	0	0	0	0	0	0	0	0	0	0	0	3	0	0	0	0	34	0	0	1	0	0	1	0	2	0	4	0	0	0	0	0	0	0	0	2	0	2	0	0	10	0	9	0	0	0	0	0	11	0	0	0	0
0	0	12	0	0	0	0	0	0	177	1	0	1	3	0	0	0	0	142	172	0	0	0	0	0	0	0	2	0	0	8	1	3	1	11	1	0	5	0	0	4	0	0	0	70	0	1	2	0	0	5	1	88	0	0	173	743	1	29	2	0	10	0	0	0	0	0	0	11	0	0	0	0	0
0	0	0	0	0	0	0	0	0	2	0	0	20	0	0	0	1	1	14	12	0	0	0	0	0	9	0	120	2	0	0	0	294	12	2	0	0	0	79	0	0	0	0	0	5	9	0	34	0	0	0	13	0	0	0	0	23	143	12	2	0	0	0	0	0	0	2	2	0	0	0	0	0	0
0	0	0	0	0	0	0	0	0	0	0	0	0	0	0	0	0	0	0	0	0	0	0	0	0	0	0	0	0	0	0	0	0	0	0	0	0	0	0	0	0	0	0	0	5	0	0	0	0	0	0	0	0	0	0	0	0	0	0	0	0	0	0	0	0	0	0	0	0	0	0	0	0	0
0	0	0	0	0	0	0	0	0	0	0	0	0	0	0	0	0	0	0	0	0	0	0	0	0	0	0	0	0	0	0	0	0	0	0	0	0	0	0	0	0	0	0	0	0	0	0	0	0	0	0	0	0	0	0	0	0	0	0	0	0	0	0	0	0	0	0	0	0	0	0	0	0	0
0	0	0	0	0	0	0	0	0	0	0	0	0	0	0	0	0	0	0	0	0	0	0	0	0	0	0	0	0	0	0	0	0	0	0	0	0	0	0	0	0	0	0	0	0	0	0	0	0	0	0	0	0	0	0	0	0	0	0	0	0	0	0	0	0	0	0	0	0	0	0	0	0	0
