0	0	0	0	0	0	0	0	0	12	0	0	0	0	0	0	18	0	5	0	0	139	0	264	83	3	0	0	23	0	20	0	3	0	6	0	0	0	1	0	0	0	0	0	72	0	0	0	0	0	0	3	0	0	79	0	0	4	0	0	1	0	0	0	0	0	5	104	0	3	0	0	0	0
0	0	1	0	16	0	0	0	1	0	0	0	12	0	0	0	0	2	4	3	0	0	2	0	0	0	0	19	10	0	0	0	3	2	13	1	0	0	0	7	5	1	1	8	0	2	0	0	3	2	0	0	0	0	1	1	2	14	11	0	1	7	0	0	0	0	10	0	0	0	2	0	0	0
0	1	0	0	0	0	0	0	2	197	0	0	0	0	52	0	0	2	0	23	0	0	0	0	0	2	0	0	0	23	0	0	4	9	0	0	5	0	3	0	320	0	0	82	1	14	0	1	0	0	0	0	0	0	0	1	400	2	0	0	0	19	0	0	0	128	0	0	0	1	0	1	4	2
0	0	0	0	0	0	0	0	1	5	0	0	0	0	0	0	0	0	0	1	0	0	0	0	0	0	0	0	0	649	0	0	0	0	0	0	0	0	0	0	856	0	0	6	0	0	0	0	0	0	0	0	0	0	0	0	0	0	0	0	0	2	0	0	0	215	1	0	0	1	0	0	0	0
0	16	0	0	0	0	0	0	6	0	0	0	126	0	0	0	0	0	0	23	0	0	0	0	0	8	0	0	0	1	0	0	51	24	0	0	0	0	5	0	1	0	0	0	1	142	0	7	0	0	0	0	0	0	0	0	0	0	0	0	0	218	0	0	0	0	0	0	5	2	0	8	0	4
0	0	0	0	0	0	0	0	7	11	0	0	0	0	0	0	0	0	0	10	0	0	0	0	0	0	0	0	0	0	105	0	0	0	0	0	0	0	0	0	0	0	1	2	0	0	0	0	0	3	0	0	3	0	0	0	3	3	0	0	0	0	0	0	0	0	0	0	0	0	0	3	0	2
0	0	0	0	0	0	0	0	0	0	0	0	0	0	0	0	0	0	0	0	0	0	0	0	0	0	0	0	0	1	0	0	0	0	0	0	0	0	0	0	4	0	0	0	0	0	0	0	0	0	0	0	0	0	0	0	0	0	0	0	0	0	0	0	0	0	0	0	0	0	0	0	0	0
0	0	0	0	0	0	0	0	6	0	0	0	1	0	0	0	0	0	0	1	0	0	0	0	0	2	0	0	0	0	0	0	2	0	0	0	0	0	0	0	0	0	0	0	0	0	0	0	0	0	0	0	0	0	0	0	0	0	0	0	0	0	0	0	0	0	0	0	0	0	0	0	0	0
0	1	2	1	6	7	0	6	0	10	0	0	4	0	0	0	3	0	0	30	13	1	0	0	0	7	0	26	4	0	0	0	27	5	25	0	0	0	5	3	4	3	9	3	9	1	0	0	0	15	0	0	0	0	2	17	15	13	10	0	5	12	0	0	0	0	2	8	0	7	0	16	4	1
12	0	197	5	0	11	0	0	10	0	0	0	0	0	211	0	0	0	76	137	0	0	0	0	0	0	0	0	1	0	20	0	0	7	10	141	0	0	0	3	502	134	7	625	13	14	0	0	37	15	2	0	332	0	0	2	571	40	0	0	26	14	0	0	0	224	10	23	1	201	0	12	0	0
0	0	0	0	0	0	0	0	0	0	0	0	0	0	0	0	0	11	0	0	0	0	0	0	0	0	0	0	0	0	0	0	0	0	0	0	0	0	0	0	0	0	0	10	0	0	0	0	0	0	0	0	0	0	0	0	0	0	0	0	0	0	0	0	0	0	0	0	0	0	0	0	0	0
0	0	0	0	0	0	0	0	0	0	0	0	0	0	0	0	0	0	0	0	0	0	0	0	0	0	0	0	0	0	0	0	0	0	0	0	0	0	0	0	0	0	0	0	0	0	0	0	0	0	0	0	0	0	0	0	0	0	0	0	0	0	0	0	0	0	0	0	0	0	0	0	0	0
0	12	0	0	126	0	0	1	4	0	0	0	0	0	14	0	7	0	34	25	12	0	1	0	0	2	0	193	9	0	0	0	352	273	15	0	0	0	67	132	2	0	11	1	2	144	0	2	0	0	0	0	0	0	5	0	24	8	2	0	0	0	0	1	0	0	0	0	0	0	8	9	0	1
0	0	0	0	0	0	0	0	0	0	0	0	0	0	0	0	0	0	0	0	0	0	0	0	0	0	0	0	0	0	0	0	0	0	0	0	0	1	0	0	0	1	0	1	0	2	0	0	0	0	0	0	0	0	0	0	0	0	0	0	0	5	0	0	0	0	0	0	0	0	0	0	0	0
0	0	52	0	0	0	0	0	0	211	0	0	14	0	0	0	0	1	18	0	0	0	0	0	0	0	0	1	0	0	0	0	12	0	13	191	0	0	8	21	67	166	0	99	0	0	0	0	31	0	0	0	23	0	0	0	103	15	20	0	0	0	0	0	0	10	0	1	0	0	0	0	0	0
0	0	0	0	0	0	0	0	0	0	0	0	0	0	0	0	0	0	0	0	0	0	0	0	0	0	0	0	0	0	0	0	0	0	0	0	0	0	4	0	0	0	0	0	0	0	0	0	0	0	0	0	0	0	0	0	0	0	0	0	0	0	0	0	0	0	0	0	0	0	0	0	0	0
18	0	0	0	0	0	0	0	3	0	0	0	7	0	0	0	0	0	24	4	0	0	0	14	0	153	0	0	0	0	18	0	341	6	1	0	0	0	412	0	1	0	0	0	9	24	0	0	0	0	0	82	0	0	0	0	1	30	0	0	0	2	0	0	0	0	6	2	0	2	1	0	0	16
0	2	2	0	0	0	0	0	0	0	11	0	0	0	1	0	0	0	0	0	0	0	2	0	0	0	0	4	0	0	52	0	0	3	0	3	0	2	0	0	9	12	0	15	1	21	0	0	0	68	0	0	0	0	0	0	7	4	0	0	0	24	0	0	0	1	1	0	8	1	1	2	3	0
5	4	0	0	0	0	0	0	0	76	0	0	34	0	18	0	24	0	0	225	28	8	0	0	4	39	0	21	198	0	2	0	407	2	425	0	0	24	247	10	0	2	0	0	56	35	2	0	2	0	2	55	10	0	6	156	71	85	6	3	0	2	0	0	0	0	0	12	0	19	34	4	0	39
0	3	23	1	23	10	0	1	30	137	0	0	25	0	0	0	4	0	225	0	105	1	25	93	41	23	0	66	81	0	268	0	227	39	122	0	0	0	238	133	8	3	5	3	394	43	0	5	40	14	52	3	144	0	31	335	951	36	11	0	9	20	0	0	0	4	4	76	6	150	166	14	4	14
0	0	0	0	0	0	0	0	13	0	0	0	12	0	0	0	0	0	28	105	0	0	0	0	0	209	0	0	0	0	0	0	1296	6	8	0	0	0	809	0	1	0	1	0	6	37	0	0	0	0	0	55	0	0	0	1	1	0	0	0	0	6	0	0	0	0	0	0	0	0	0	0	0	0
139	0	0	0	0	0	0	0	1	0	0	0	0	0	0	0	0	0	8	1	0	0	0	273	0	23	0	0	31	0	284	0	13	0	11	0	0	0	136	0	0	0	0	0	139	0	0	0	0	0	42	30	0	0	0	5	0	32	0	0	0	0	0	0	0	0	3	0	0	0	0	0	1	51
0	2	0	0	0	0	0	0	0	0	0	0	1	0	0	0	0	2	0	25	0	0	0	139	0	2	0	0	1	0	0	0	16	1	0	0	0	0	17	0	0	0	0	0	2	0	0	0	0	0	0	0	0	0	0	0	0	0	0	0	0	0	0	0	0	0	0	0	0	0	0	2	0	6
264	0	0	0	0	0	0	0	0	0	0	0	0	0	0	0	14	0	0	93	0	273	139	0	155	6	0	0	67	0	0	0	0	0	5	0	0	0	2	0	2	0	0	0	275	0	0	0	0	0	0	4	93	0	189	196	20	10	0	0	2	2	0	2	0	0	0	303	0	2	0	0	0	0
83	0	0	0	0	0	0	0	0	0	0	0	0	0	0	0	0	0	4	41	0	0	0	155	0	2	0	0	4	0	14	0	0	0	15	0	0	0	0	0	0	0	0	0	140	0	0	0	0	0	19	2	0	0	0	144	94	1	0	0	0	0	0	0	0	0	0	0	0	0	0	0	0	0
3	0	2	0	8	0	0	2	7	0	0	0	2	0	0	0	153	0	39	23	209	23	2	6	2	0	0	39	19	0	1	0	138	13	60	0	0	0	229	115	0	0	0	0	24	0	0	0	2	2	0	0	12	0	100	21	5	20	0	0	0	1	0	0	0	0	12	48	0	3	14	2	3	0
0	0	0	0	0	0	0	0	0	0	0	0	0	0	0	0	0	0	0	0	0	0	0	0	0	0	0	0	0	0	0	0	0	0	0	0	0	0	0	0	0	0	0	0	0	0	0	0	0	0	0	0	0	0	0	0	0	0	0	0	0	0	0	0	0	0	0	0	0	0	0	0	0	0
0	19	0	0	0	0	0	0	26	0	0	0	193	0	1	0	0	4	21	66	0	0	0	0	0	39	0	0	0	1	2	0	19	103	4	0	0	0	0	0	0	1	1	0	5	211	0	5	0	0	0	0	0	0	0	2	2	1	51	9	0	0	0	1	0	0	2	0	0	4	2	17	0	5
23	10	0	0	0	0	0	0	4	1	0	0	9	0	0	0	0	0	198	81	0	31	1	67	4	19	0	0	0	0	0	0	847	2	740	0	0	138	45	16	0	0	0	0	2	0	0	0	1	0	0	23	0	0	3	4	17	233	5	0	0	0	0	0	0	0	81	155	0	0	7	10	0	5
0	0	23	649	1	0	1	0	0	0	0	0	0	0	0	0	0	0	0	0	0	0	0	0	0	0	0	1	0	0	0	0	0	1	0	699	0	0	0	0	755	0	0	0	0	6	0	1	129	3	0	0	0	0	0	0	0	0	0	0	0	0	0	0	0	1138	1	0	0	0	0	0	12	0
20	0	0	0	0	105	0	0	0	20	0	0	0	0	0	0	18	52	2	268	0	284	0	0	14	1	0	2	0	0	0	0	0	2	0	0	0	0	16	2	0	0	0	292	715	0	6	0	0	0	151	3	1242	0	206	0	479	22	0	0	0	0	0	0	0	0	134	10	0	256	0	0	0	374
0	0	0	0	0	0	0	0	0	0	0	0	0	0	0	0	0	0	0	0	0	0	0	0	0	0	0	0	0	0	0	0	0	0	0	0	0	0	0	0	0	0	0	0	0	0	0	0	0	0	0	0	0	0	0	0	0	0	0	0	0	1	0	1	0	0	0	0	1	0	0	2	0	0
3	3	4	0	51	0	0	2	27	0	0	0	352	0	12	0	341	0	407	227	1296	13	16	0	0	138	0	19	847	0	0	0	0	4	512	2	0	1	1430	1009	12	2	0	8	2	0	0	0	83	47	0	15	0	0	174	17	15	64	0	0	0	22	0	0	0	0	0	54	3	0	1101	0	0	2
0	2	9	0	24	0	0	0	5	7	0	0	273	0	0	0	6	3	2	39	6	0	1	0	0	13	0	103	2	1	2	0	4	0	1	0	0	0	68	36	7	1	2	7	4	172	0	0	0	0	0	0	0	0	3	2	2	169	0	0	0	20	0	0	0	0	2	0	0	1	0	2	0	3
6	13	0	0	0	0	0	0	25	10	0	0	15	0	13	0	1	0	425	122	8	11	0	5	15	60	0	4	740	0	0	0	512	1	0	0	0	269	108	19	0	1	3	0	0	0	0	0	0	0	0	23	0	0	3	3	71	569	133	3	0	0	0	0	0	0	55	7	0	24	1	13	0	11
0	1	0	0	0	0	0	0	0	141	0	0	0	0	191	0	0	3	0	0	0	0	0	0	0	0	0	0	0	699	0	0	2	0	0	0	1	0	0	0	204	0	0	28	0	0	0	4	0	0	0	0	0	0	0	0	16	1	0	0	0	2	0	0	0	342	0	0	0	1	0	1	2	0
0	0	5	0	0	0	0	0	0	0	0	0	0	0	0	0	0	0	0	0	0	0	0	0	0	0	0	0	0	0	0	0	0	0	0	1	0	0	0	0	7	1	0	2	0	0	0	0	0	0	0	0	0	0	0	0	1	0	0	0	9	9	0	0	0	0	0	0	0	0	0	5	0	0
0	0	0	0	0	0	0	0	0	0	0	0	0	1	0	0	0	2	24	0	0	0	0	0	0	0	0	0	138	0	0	0	1	0	269	0	0	0	0	0	57	0	0	0	1	0	0	0	0	0	0	2	0	0	0	0	7	221	4	2	0	37	0	0	0	0	1	0	0	1	0	0	1	6
1	0	3	0	5	0	0	0	5	0	0	0	67	0	8	4	412	0	247	238	809	136	17	2	0	229	0	0	45	0	16	0	1430	68	108	0	0	0	0	121	20	0	0	0	18	117	1	0	1	0	0	81	3	0	288	0	0	71	12	0	0	0	0	0	0	1	18	18	0	7	293	0	0	22
0	7	0	0	0	0	0	0	3	3	0	0	132	0	21	0	0	0	10	133	0	0	0	0	0	115	0	0	16	0	2	0	1009	36	19	0	0	0	121	0	0	0	1	0	2	17	0	0	0	0	0	4	0	0	0	2	0	0	0	0	0	0	0	0	0	0	0	0	0	0	0	7	0	7
0	5	320	856	1	0	4	0	4	502	0	0	2	0	67	0	1	9	0	8	1	0	0	2	0	0	0	0	0	755	0	0	12	7	0	204	7	57	20	0	0	2	4	609	7	123	0	0	0	0	0	0	0	0	0	0	14	6	0	0	2	32	0	2	0	844	2	0	10	0	0	5	0	3
0	1	0	0	0	0	0	0	3	134	0	0	0	1	166	0	0	12	2	3	0	0	0	0	0	0	0	1	0	0	0	0	2	1	1	0	1	0	0	0	2	0	1	442	0	17	0	5	0	0	0	0	0	0	0	0	29	181	10	0	0	61	0	0	0	52	0	0	7	2	0	1	4	9
0	1	0	0	0	1	0	0	9	7	0	0	11	0	0	0	0	0	0	5	1	0	0	0	0	0	0	1	0	0	0	0	0	2	3	0	0	0	0	1	4	1	0	1	3	0	0	0	0	3	0	0	0	0	2	0	4	3	0	0	1	0	0	0	0	0	0	0	0	5	0	2	3	2
0	8	82	6	0	2	0	0	3	625	10	0	1	1	99	0	0	15	0	3	0	0	0	0	0	0	0	0	0	0	292	0	8	7	0	28	2	0	0	0	609	442	1	0	10	9	0	33	8	0	3	0	180	0	0	0	80	17	0	0	0	66	0	0	0	15	3	0	3	2	0	8	2	119
72	0	1	0	1	0	0	0	9	13	0	0	2	0	0	0	9	1	56	394	6	139	2	275	140	24	0	5	2	0	715	0	2	4	0	0	0	1	18	2	7	0	3	10	0	0	0	0	1	0	48	4	389	0	235	2	349	3	0	0	0	7	0	0	0	0	40	1	0	146	6	0	2	118
0	2	14	0	142	0	0	0	1	14	0	0	144	2	0	0	24	21	35	43	37	0	0	0	0	0	0	211	0	6	0	0	0	172	0	0	0	0	117	17	123	17	0	9	0	0	0	0	0	0	0	0	3	0	14	3	47	157	0	0	13	17	0	0	0	0	18	7	0	15	31	1	0	0
0	0	0	0	0	0	0	0	0	0	0	0	0	0	0	0	0	0	2	0	0	0	0	0	0	0	0	0	0	0	6	0	0	0	0	0	0	0	1	0	0	0	0	0	0	0	0	0	0	0	0	4	0	0	0	0	0	0	0	0	0	0	0	0	0	0	0	0	0	0	0	0	0	0
0	0	1	0	7	0	0	0	0	0	0	0	2	0	0	0	0	0	0	5	0	0	0	0	0	0	0	5	0	1	0	0	0	0	0	4	0	0	0	0	0	5	0	33	0	0	0	0	0	0	0	0	2	0	0	0	2	1	0	0	0	5	0	0	0	0	0	0	0	21	0	1	0	0
0	3	0	0	0	0	0	0	0	37	0	0	0	0	31	0	0	0	2	40	0	0	0	0	0	2	0	0	1	129	0	0	83	0	0	0	0	0	1	0	0	0	0	8	1	0	0	0	0	0	0	0	0	0	0	0	0	0	0	0	0	0	0	0	0	2	0	0	0	0	0	3	0	0
0	2	0	0	0	3	0	0	15	15	0	0	0	0	0	0	0	68	0	14	0	0	0	0	0	2	0	0	0	3	0	0	47	0	0	0	0	0	0	0	0	0	3	0	0	0	0	0	0	0	0	0	0	0	0	0	0	0	0	0	0	0	0	0	0	0	4	0	0	4	0	2	0	2
0	0	0	0	0	0	0	0	0	2	0	0	0	0	0	0	0	0	2	52	0	42	0	0	19	0	0	0	0	0	151	0	0	0	0	0	0	0	0	0	0	0	0	3	48	0	0	0	0	0	0	1	114	0	66	0	331	0	0	0	0	0	0	0	0	0	10	1	0	0	0	0	0	52
3	0	0	0	0	0	0	0	0	0	0	0	0	0	0	0	82	0	55	3	55	30	0	4	2	0	0	0	23	0	3	0	15	0	23	0	0	2	81	4	0	0	0	0	4	0	4	0	0	0	1	0	0	0	33	1	4	4	2	0	0	1	0	0	0	0	8	3	0	2	4	0	0	0
0	0	0	0	0	3	0	0	0	332	0	0	0	0	23	0	0	0	10	144	0	0	0	93	0	12	0	0	0	0	1242	0	0	0	0	0	0	0	3	0	0	0	0	180	389	3	0	2	0	0	114	0	0	0	0	0	846	38	0	0	0	0	0	0	0	0	0	0	0	3	0	0	0	282
0	0	0	0	0	0	0	0	0	0	0	0	0	0	0	0	0	0	0	0	0	0	0	0	0	0	0	0	0	0	0	0	0	0	0	0	0	0	0	0	0	0	0	0	0	0	0	0	0	0	0	0	0	0	0	0	0	0	0	0	0	0	0	0	0	0	0	0	0	0	0	0	0	0
79	1	0	0	0	0	0	0	2	0	0	0	5	0	0	0	0	0	6	31	0	0	0	189	0	100	0	0	3	0	206	0	174	3	3	0	0	0	288	0	0	0	2	0	235	14	0	0	0	0	66	33	0	0	0	38	0	25	0	0	0	0	0	0	0	0	12	0	0	2	0	1	0	17
0	1	1	0	0	0	0	0	17	2	0	0	0	0	0	0	0	0	156	335	1	5	0	196	144	21	0	2	4	0	0	0	17	2	3	0	0	0	0	2	0	0	0	0	2	3	0	0	0	0	0	1	0	0	38	0	334	2	22	0	2	0	0	0	0	0	0	218	0	151	0	3	2	0
0	2	400	0	0	3	0	0	15	571	0	0	24	0	103	0	1	7	71	951	1	0	0	20	94	5	0	2	17	0	479	0	15	2	71	16	1	7	0	0	14	29	4	80	349	47	0	2	0	0	331	4	846	0	0	334	0	44	29	0	4	116	0	0	0	109	7	0	0	632	15	1	0	96
4	14	2	0	0	3	0	0	13	40	0	0	8	0	15	0	30	4	85	36	0	32	0	10	1	20	0	1	233	0	22	0	64	169	569	1	0	221	71	0	6	181	3	17	3	157	0	1	0	0	0	4	38	0	25	2	44	0	414	1	0	41	0	0	0	0	478	49	3	10	5	14	0	126
0	11	0	0	0	0	0	0	10	0	0	0	2	0	20	0	0	0	6	11	0	0	0	0	0	0	0	51	5	0	0	0	0	0	133	0	0	4	12	0	0	10	0	0	0	0	0	0	0	0	0	2	0	0	0	22	29	414	0	3	0	69	0	0	0	0	42	0	0	5	10	11	0	1
0	0	0	0	0	0	0	0	0	0	0	0	0	0	0	0	0	0	3	0	0	0	0	0	0	0	0	9	0	0	0	0	0	0	3	0	0	2	0	0	0	0	0	0	0	0	0	0	0	0	0	0	0	0	0	0	0	1	3	0	0	0	0	0	0	0	0	0	0	0	2	0	0	0
1	1	0	0	0	0	0	0	5	26	0	0	0	0	0	0	0	0	0	9	0	0	0	2	0	0	0	0	0	0	0	0	0	0	0	0	9	0	0	0	2	0	1	0	0	13	0	0	0	0	0	0	0	0	0	2	4	0	0	0	0	29	0	0	0	0	1	0	1	8	0	1	1	10
0	7	19	2	218	0	0	0	12	14	0	0	0	5	0	0	2	24	2	20	6	0	0	2	0	1	0	0	0	0	0	1	22	20	0	2	9	37	0	0	32	61	0	66	7	17	0	5	0	0	0	1	0	0	0	0	116	41	69	0	29	0	0	0	0	5	4	16	26	8	0	7	4	17
0	0	0	0	0	0	0	0	0	0	0	0	0	0	0	0	0	0	0	0	0	0	0	0	0	0	0	0	0	0	0	0	0	0	0	0	0	0	0	0	0	0	0	0	0	0	0	0	0	0	0	0	0	0	0	0	0	0	0	0	0	0	0	0	0	0	0	0	0	0	0	0	0	0
0	0	0	0	0	0	0	0	0	0	0	0	1	0	0	0	0	0	0	0	0	0	0	2	0	0	0	1	0	0	0	1	0	0	0	0	0	0	0	0	2	0	0	0	0	0	0	0	0	0	0	0	0	0	0	0	0	0	0	0	0	0	0	0	0	0	0	0	2	0	0	0	0	0
0	0	0	0	0	0	0	0	0	0	0	0	0	0	0	0	0	0	0	0	0	0	0	0	0	0	0	0	0	0	0	0	0	0	0	0	0	0	0	0	0	0	0	0	0	0	0	0	0	0	0	0	0	0	0	0	0	0	0	0	0	0	0	0	0	0	0	0	0	0	0	0	0	0
0	0	128	215	0	0	0	0	0	224	0	0	0	0	10	0	0	1	0	4	0	0	0	0	0	0	0	0	0	1138	0	0	0	0	0	342	0	0	1	0	844	52	0	15	0	0	0	0	2	0	0	0	0	0	0	0	109	0	0	0	0	5	0	0	0	0	0	0	0	0	0	0	1	1
5	10	0	1	0	0	0	0	2	10	0	0	0	0	0	0	6	1	0	4	0	3	0	0	0	12	0	2	81	1	134	0	0	2	55	0	0	1	18	0	2	0	0	3	40	18	0	0	0	4	10	8	0	0	12	0	7	478	42	0	1	4	0	0	0	0	0	0	0	9	0	14	1	6
104	0	0	0	0	0	0	0	8	23	0	0	0	0	1	0	2	0	12	76	0	0	0	303	0	48	0	0	155	0	10	0	54	0	7	0	0	0	18	0	0	0	0	0	1	7	0	0	0	0	1	3	0	0	0	218	0	49	0	0	0	16	0	0	0	0	0	0	0	0	2	0	0	29
0	0	0	0	5	0	0	0	0	1	0	0	0	0	0	0	0	8	0	6	0	0	0	0	0	0	0	0	0	0	0	1	3	0	0	0	0	0	0	0	10	7	0	3	0	0	0	0	0	0	0	0	0	0	0	0	0	3	0	0	1	26	0	2	0	0	0	0	0	1	2	0	3	10
3	0	1	1	2	0	0	0	7	201	0	0	0	0	0	0	2	1	19	150	0	0	0	2	0	3	0	4	0	0	256	0	0	1	24	1	0	1	7	0	0	2	5	2	146	15	0	21	0	4	0	2	3	0	2	151	632	10	5	0	8	8	0	0	0	0	9	0	1	0	4	4	4	13
0	2	0	0	0	0	0	0	0	0	0	0	8	0	0	0	1	1	34	166	0	0	0	0	0	14	0	2	7	0	0	0	1101	0	1	0	0	0	293	0	0	0	0	0	6	31	0	0	0	0	0	4	0	0	0	0	15	5	10	2	0	0	0	0	0	0	0	2	2	4	0	2	0	0
0	0	1	0	8	3	0	0	16	12	0	0	9	0	0	0	0	2	4	14	0	0	2	0	0	2	0	17	10	0	0	2	0	2	13	1	5	0	0	7	5	1	2	8	0	1	0	1	3	2	0	0	0	0	1	3	1	14	11	0	1	7	0	0	0	0	14	0	0	4	2	0	0	4
0	0	4	0	0	0	0	0	4	0	0	0	0	0	0	0	0	3	0	4	0	1	0	0	0	3	0	0	0	12	0	0	0	0	0	2	0	1	0	0	0	4	3	2	2	0	0	0	0	0	0	0	0	0	0	2	0	0	0	0	1	4	0	0	0	1	1	0	3	4	0	0	0	0
0	0	2	0	4	2	0	0	1	0	0	0	1	0	0	0	16	0	39	14	0	51	6	0	0	0	0	5	5	0	374	0	2	3	11	0	0	6	22	7	3	9	2	119	118	0	0	0	0	2	52	0	282	0	17	0	96	126	1	0	10	17	0	0	0	1	6	29	10	13	0	4	0	0
