0	0	0	0	0	0	0	0	0	0	0	0	0	0	0	0	0	1	14	1	9	179	0	39	55	21	0	0	0	0	2	0	0	0	0	0	0	0	0	0	0	0	0	0	0	0	0	0	0	1	0	109	0	0	0	0	0	2	0	0	0	0	0	0	0	0	1	0	0	0	0	0	0	0
0	0	0	0	76	0	0	25	0	0	0	0	96	0	0	0	0	0	0	0	0	0	11	0	0	0	0	0	0	0	0	0	0	0	0	0	0	1	0	39	0	0	0	0	0	0	0	0	0	0	0	0	0	0	0	0	1	0	0	0	0	0	0	0	0	0	0	0	0	0	0	0	0	0
0	0	0	0	0	0	0	0	0	262	2	0	1	5	46	0	0	1	0	0	3	0	0	0	0	0	7	4	0	0	0	0	0	0	0	0	2	0	0	0	9	17	2	2	0	1	0	673	0	3	0	0	0	17	0	0	154	0	4	0	0	18	1	1	0	5	0	0	1	0	0	0	0	0
0	0	0	0	0	0	0	0	0	21	0	0	0	0	42	0	0	0	0	0	0	0	0	0	0	0	20	0	0	0	0	0	0	0	0	0	0	0	0	0	12	2	0	0	0	0	0	359	0	0	0	0	0	0	0	0	0	0	0	0	0	0	0	0	0	4	0	0	0	0	0	0	0	0
0	76	0	0	0	0	0	0	0	0	386	0	40	0	0	0	0	3	0	0	1	0	0	0	0	0	0	166	0	0	0	0	0	47	0	0	0	0	0	0	0	1	0	0	0	54	0	1	0	4	0	0	0	0	0	0	2	0	0	0	0	139	0	219	0	0	0	0	1	0	0	0	0	0
0	0	0	0	0	0	0	0	0	0	0	0	0	0	0	0	0	0	0	0	0	0	0	0	0	0	0	0	0	0	0	0	0	0	0	0	0	0	0	0	0	0	0	0	0	0	0	0	0	0	0	0	0	0	0	0	0	0	0	0	0	0	0	0	0	0	0	0	0	0	0	0	0	0
0	0	0	0	0	0	0	0	0	0	0	0	2	0	10	0	0	2	0	0	0	0	0	0	0	0	0	0	0	0	0	0	0	0	0	0	0	0	0	0	8	1	0	16	0	0	0	0	0	1	0	0	0	0	0	0	0	0	0	0	0	0	0	0	0	1	0	0	0	0	0	0	0	0
0	25	0	0	0	0	0	0	0	0	0	0	113	1	0	0	0	1	0	0	122	0	0	0	0	0	1	78	0	0	0	0	5	1	0	0	0	0	0	0	0	0	0	0	0	2	0	0	0	0	0	1	0	10	0	1	0	0	0	0	0	0	0	40	0	0	0	0	0	1	5	0	0	0
0	0	0	0	0	0	0	0	0	0	0	0	0	0	0	0	0	1	0	0	0	0	0	0	0	0	0	0	0	0	0	0	0	0	0	0	0	0	0	0	0	0	0	0	0	0	0	0	0	0	0	0	0	0	0	0	0	0	0	0	0	0	0	0	0	0	0	0	0	0	0	0	0	0
0	0	262	21	0	0	0	0	0	0	6	0	1	1	241	0	0	3	202	142	1	0	0	0	0	0	1	0	0	0	52	0	0	1	0	317	0	1	2	1	459	115	5	305	13	26	13	1427	0	2	3	0	414	48	0	3	501	29	0	1	4	0	0	7	0	350	1	0	1	89	1	0	0	0
0	0	2	0	386	0	0	0	0	6	0	0	0	217	0	0	0	0	0	0	3	0	0	0	0	0	0	13	0	0	0	0	0	16	14	2	0	2	0	0	0	98	2	4	0	0	0	0	0	0	0	0	0	0	0	0	8	2	0	0	250	140	0	233	0	2	0	0	40	0	2	0	0	0
0	0	0	0	0	0	0	0	0	0	0	0	0	0	0	0	0	0	0	0	0	0	0	0	0	0	0	0	0	0	0	0	0	0	0	0	0	0	0	0	0	0	0	0	0	0	0	0	0	0	0	0	0	0	0	0	0	0	0	0	0	0	0	0	0	0	0	0	0	0	0	0	0	0
0	96	1	0	40	0	2	113	0	1	0	0	0	4	0	0	8	13	17	5	164	0	5	0	0	0	0	285	3	0	0	0	27	130	15	0	1	1	27	168	14	1	6	0	4	218	5	31	0	0	0	1	2	0	0	2	16	10	0	19	7	1	0	127	0	12	0	0	68	15	23	0	1	0
0	0	5	0	0	0	0	1	0	1	217	0	4	0	1	0	0	1	1	0	0	0	1	0	0	1	2	4	0	0	0	0	0	1	0	1	0	7	0	1	5	12	0	2	0	3	5	0	0	9	0	0	0	0	0	0	0	2	5	0	29	261	0	4	0	2	1	0	4	0	0	0	0	0
0	0	46	42	0	0	10	0	0	241	0	0	0	1	0	0	0	0	62	1	0	0	1	0	0	0	3	0	0	0	0	0	0	0	0	16	0	2	0	0	1	1	1	112	0	2	0	580	0	1	0	0	0	0	0	0	198	1	2	0	2	2	1	0	0	35	0	0	2	0	0	0	0	0
0	0	0	0	0	0	0	0	0	0	0	0	0	0	0	0	0	0	0	0	0	0	0	0	0	0	0	0	0	0	0	0	0	0	0	0	0	1	0	0	0	0	0	1	0	0	0	0	0	0	0	0	0	0	0	0	0	0	0	0	0	0	1	1	0	0	0	0	0	0	0	0	0	0
0	0	0	0	0	0	0	0	0	0	0	0	8	0	0	0	0	0	2	0	565	3	0	0	1	74	0	0	0	0	2	0	5	10	1	0	0	0	2	0	0	1	0	0	0	3	0	0	0	0	0	65	0	0	0	0	1	0	0	0	0	3	0	1	0	0	3	0	0	0	6	0	0	0
1	0	1	0	3	0	2	1	1	3	0	0	13	1	0	0	0	0	0	0	1	1	1	0	1	2	2	0	0	0	0	0	0	0	1	2	0	2	1	6	8	1	2	5	0	3	0	12	0	351	0	0	0	0	0	0	8	3	6	5	3	5	1	0	0	1	2	0	17	2	0	0	2	0
14	0	0	0	0	0	0	0	0	202	0	0	17	1	62	0	2	0	0	221	102	207	0	0	1	2	0	2	50	0	150	0	1	0	53	4	58	4	8	6	0	0	506	32	14	0	2	429	0	0	0	2	326	48	4	12	380	64	440	10	0	0	0	0	0	0	8	0	14	295	3	0	38	0
1	0	0	0	0	0	0	0	0	142	0	0	5	0	1	0	0	0	221	0	83	1	4	25	78	5	0	2	3	0	160	0	3	1	3	0	21	0	0	0	0	0	23	0	2	0	0	91	0	0	1	0	1	5	1	5	283	1	1	3	0	1	0	0	0	0	0	0	1	6	7	0	0	0
9	0	3	0	1	0	0	122	0	1	3	0	164	0	0	0	565	1	102	83	0	100	3	0	5	70	1	4	5	0	3	0	160	198	63	0	0	1	721	515	1	0	0	0	3	55	1	0	0	2	0	38	0	0	19	30	8	10	0	3	1	1	0	0	0	1	2	0	1	3	266	0	0	0
179	0	0	0	0	0	0	0	0	0	0	0	0	0	0	0	3	1	207	1	100	0	0	114	262	35	1	0	62	0	298	0	1	0	97	0	0	0	1	1	0	0	0	0	69	2	0	0	0	1	14	281	15	0	211	36	3	45	0	13	0	0	0	0	0	0	181	0	0	1	19	0	0	0
0	11	0	0	0	0	0	0	0	0	0	0	5	1	1	0	0	1	0	4	3	0	0	12	1	0	1	1	0	0	0	0	4	0	1	0	0	0	0	0	0	0	0	0	0	0	0	0	0	0	1	6	0	1	0	2	1	8	50	0	0	1	0	1	0	3	0	0	0	1	2	0	0	0
39	0	0	0	0	0	0	0	0	0	0	0	0	0	0	0	0	0	0	25	0	114	12	0	14	0	0	0	0	0	2	0	0	0	0	0	0	0	0	0	0	0	0	0	15	0	0	0	0	0	0	2	30	2	40	58	0	0	0	0	0	0	0	0	0	0	0	0	0	0	0	0	0	0
55	0	0	0	0	0	0	0	0	0	0	0	0	0	0	0	1	1	1	78	5	262	1	14	0	1	0	0	0	0	43	0	0	0	2	0	0	0	1	1	0	0	0	0	20	0	0	0	0	0	0	0	13	0	49	2	1	0	0	0	0	0	0	0	0	0	0	0	0	26	0	0	0	0
21	0	0	0	0	0	0	0	0	0	0	0	0	1	0	0	74	2	2	5	70	35	0	0	1	0	2	2	5	0	1	0	7	1	9	0	0	0	65	54	0	0	2	0	2	3	1	0	0	0	0	0	2	0	9	1	4	6	6	0	0	0	0	0	0	0	11	0	4	2	12	0	4	0
0	0	7	20	0	0	0	1	0	1	0	0	0	2	3	0	0	2	0	0	1	1	1	0	0	2	0	0	1	0	0	0	2	0	0	4	0	0	0	1	15	26	0	1	0	0	4	101	0	3	0	0	0	0	0	0	0	0	4	1	0	1	7	1	0	31	0	0	2	0	0	0	0	0
0	0	4	0	166	0	0	78	0	0	13	0	285	4	0	0	0	0	2	2	4	0	1	0	0	2	0	0	0	0	0	0	19	55	1	0	0	1	0	31	0	0	2	0	4	244	1	27	0	7	0	0	0	1	0	11	4	0	138	111	2	22	0	379	0	0	0	0	55	3	14	0	6	0
0	0	0	0	0	0	0	0	0	0	0	0	3	0	0	0	0	0	50	3	5	62	0	0	0	5	1	0	0	0	0	0	1	0	93	0	31	0	0	0	0	0	31	0	0	2	0	0	0	0	0	47	0	4	0	0	3	106	124	0	0	0	0	0	0	1	22	0	0	0	5	0	0	0
0	0	0	0	0	0	0	0	0	0	0	0	0	0	0	0	0	0	0	0	0	0	0	0	0	0	0	0	0	0	0	0	0	0	0	0	0	0	0	0	0	0	0	0	0	0	0	0	0	0	0	0	0	0	0	0	0	0	0	0	0	0	0	0	0	0	0	0	0	0	0	0	0	0
2	0	0	0	0	0	0	0	0	52	0	0	0	0	0	0	2	0	150	160	3	298	0	2	43	1	0	0	0	0	0	0	0	0	0	0	0	0	0	0	0	0	0	164	582	1	0	6	0	0	178	0	488	2	380	0	493	49	0	0	0	0	0	0	0	0	415	0	0	0	0	0	0	0
0	0	0	0	0	0	0	0	0	0	0	0	0	0	0	0	0	0	0	0	0	0	0	0	0	0	0	0	0	0	0	0	0	0	0	0	0	0	0	0	0	0	0	0	0	0	0	0	0	0	0	0	0	0	0	0	0	0	0	0	0	0	0	0	0	0	0	0	0	0	0	0	0	0
0	0	0	0	0	0	0	5	0	0	0	0	27	0	0	0	5	0	1	3	160	1	4	0	0	7	2	19	1	0	0	0	0	18	14	0	0	1	54	2	0	0	0	0	0	1	0	0	0	0	0	0	0	0	1	0	7	3	1	4	0	0	0	4	0	0	0	0	0	0	108	0	0	0
0	0	0	0	47	0	0	1	0	1	16	0	130	1	0	0	10	0	0	1	198	0	0	0	0	1	0	55	0	0	0	0	18	0	5	0	0	0	20	14	0	0	4	1	0	179	0	0	0	0	0	0	1	0	1	0	1	50	3	0	2	0	0	31	0	3	2	0	1	0	1	0	0	0
0	0	0	0	0	0	0	0	0	0	14	0	15	0	0	0	1	1	53	3	63	97	1	0	2	9	0	1	93	0	0	0	14	5	0	0	29	29	7	69	0	0	31	2	0	3	1	0	0	0	0	47	2	2	1	7	17	80	14	4	0	0	0	0	0	0	65	0	1	0	12	0	1	0
0	0	0	0	0	0	0	0	0	317	2	0	0	1	16	0	0	2	4	0	0	0	0	0	0	0	4	0	0	0	0	0	0	0	0	0	0	0	0	0	8	9	0	10	0	0	0	640	0	1	0	0	0	0	0	0	10	0	0	0	0	4	16	0	0	33	0	0	1	0	0	0	0	0
0	0	2	0	0	0	0	0	0	0	0	0	1	0	0	0	0	0	58	21	0	0	0	0	0	0	0	0	31	0	0	0	0	0	29	0	0	31	0	29	0	0	0	1	0	0	20	0	0	0	0	0	0	0	0	9	21	55	66	58	0	0	0	0	0	0	65	0	24	0	2	0	50	0
0	1	0	0	0	0	0	0	0	1	2	0	1	7	2	1	0	2	4	0	1	0	0	0	0	0	0	1	0	0	0	0	1	0	29	0	31	0	0	0	0	0	31	2	0	2	0	5	0	2	0	1	0	1	0	1	3	88	16	0	0	47	0	0	0	0	0	0	0	0	16	0	0	0
0	0	0	0	0	0	0	0	0	2	0	0	27	0	0	0	2	1	8	0	721	1	0	0	1	65	0	0	0	0	0	0	54	20	7	0	0	0	0	0	0	0	0	0	0	25	0	12	0	0	0	43	0	0	0	0	0	0	0	0	0	0	0	0	0	0	0	0	0	0	113	0	0	0
0	39	0	0	0	0	0	0	0	1	0	0	168	1	0	0	0	6	6	0	515	1	0	0	1	54	1	31	0	0	0	0	2	14	69	0	29	0	0	0	0	0	29	0	0	59	0	29	0	1	0	48	0	1	0	0	1	2	38	0	0	0	0	0	0	0	0	0	0	0	2	0	0	0
0	0	9	12	0	0	8	0	0	459	0	0	14	5	1	0	0	8	0	0	1	0	0	0	0	0	15	0	0	0	0	0	0	0	0	8	0	0	0	0	0	26	0	12	0	0	1	639	0	11	0	0	0	0	0	0	0	1	0	0	1	0	8	0	0	87	0	0	2	0	0	0	0	0
0	0	17	2	1	0	1	0	0	115	98	0	1	12	1	0	1	1	0	0	0	0	0	0	0	0	26	0	0	0	0	0	0	0	0	9	0	0	0	0	26	0	0	1	0	0	0	277	0	1	0	0	0	0	0	0	1	12	0	0	15	34	16	5	0	38	0	0	9	0	0	0	0	0
0	0	2	0	0	0	0	0	0	5	2	0	6	0	1	0	0	2	506	23	0	0	0	0	0	2	0	2	31	0	0	0	0	4	31	0	0	31	0	29	0	0	0	1	0	7	20	17	0	0	0	0	0	0	0	9	115	55	92	58	0	0	0	0	0	0	75	0	24	2	5	0	50	0
0	0	2	0	0	0	16	0	0	305	4	0	0	2	112	1	0	5	32	0	0	0	0	0	0	0	1	0	0	0	164	0	0	1	2	10	1	2	0	0	12	1	1	0	0	1	0	731	0	32	3	0	6	0	0	0	51	81	0	0	2	84	1	0	0	10	2	0	2	0	0	0	0	0
0	0	0	0	0	0	0	0	0	13	0	0	4	0	0	0	0	0	14	2	3	69	0	15	20	2	0	4	0	0	582	0	0	0	0	0	0	0	0	0	0	0	0	0	0	0	0	1	0	0	9	44	0	0	0	0	64	0	0	0	0	0	0	0	0	0	1	0	0	1	0	0	0	0
0	0	1	0	54	0	0	2	0	26	0	0	218	3	2	0	3	3	0	0	55	2	0	0	0	3	0	244	2	0	1	0	1	179	3	0	0	2	25	59	0	0	7	1	0	0	2	19	0	2	0	0	0	0	0	0	3	16	2	3	6	2	0	56	0	0	12	0	32	0	3	0	0	0
0	0	0	0	0	0	0	0	0	13	0	0	5	5	0	0	0	0	2	0	1	0	0	0	0	1	4	1	0	0	0	0	0	0	1	0	20	0	0	0	1	0	20	0	0	2	0	1	0	4	0	0	0	0	0	0	1	0	168	0	0	1	0	0	0	0	0	0	0	0	0	0	0	0
0	0	673	359	1	0	0	0	0	1427	0	0	31	0	580	0	0	12	429	91	0	0	0	0	0	0	101	27	0	0	6	0	0	0	0	640	0	5	12	29	639	277	17	731	1	19	1	0	0	0	0	0	273	46	0	18	640	0	0	0	4	0	5	0	0	990	0	0	11	2	0	0	6	0
0	0	0	0	0	0	0	0	0	0	0	0	0	0	0	0	0	0	0	0	0	0	0	0	0	0	0	0	0	0	0	0	0	0	0	0	0	0	0	0	0	0	0	0	0	0	0	0	0	0	0	0	0	0	0	0	0	0	0	0	0	0	0	0	0	0	0	0	0	0	0	0	0	0
1	0	3	0	4	0	1	0	0	2	0	0	0	9	1	0	0	351	0	0	2	1	0	0	0	0	3	7	0	0	0	0	0	0	0	1	0	2	0	1	11	1	0	32	0	2	4	0	0	0	0	0	0	0	0	0	0	4	0	0	13	52	0	0	0	4	3	0	26	1	0	0	0	0
0	0	0	0	0	0	0	0	0	3	0	0	0	0	0	0	0	0	0	1	0	14	1	0	0	0	0	0	0	0	178	0	0	0	0	0	0	0	0	0	0	0	0	3	9	0	0	0	0	0	0	0	11	0	8	0	41	3	0	0	1	0	0	0	0	0	3	0	0	0	0	0	0	0
109	0	0	0	0	0	0	1	0	0	0	0	1	0	0	0	65	0	2	0	38	281	6	2	0	0	0	0	47	0	0	0	0	0	47	0	0	1	43	48	0	0	0	0	44	0	0	0	0	0	0	0	1	0	125	3	0	1	2	0	0	0	0	0	0	0	22	0	0	0	0	0	0	0
0	0	0	0	0	0	0	0	0	414	0	0	2	0	0	0	0	0	326	1	0	15	0	30	13	2	0	0	0	0	488	0	0	1	2	0	0	0	0	0	0	0	0	6	0	0	0	273	0	0	11	1	0	38	0	0	295	13	0	0	0	0	0	0	0	0	0	0	0	1	0	0	0	0
0	0	17	0	0	0	0	10	0	48	0	0	0	0	0	0	0	0	48	5	0	0	1	2	0	0	0	1	4	0	2	0	0	0	2	0	0	1	0	1	0	0	0	0	0	0	0	46	0	0	0	0	38	0	0	13	6	0	12	8	0	0	0	0	0	0	0	0	0	52	8	0	0	0
0	0	0	0	0	0	0	0	0	0	0	0	0	0	0	0	0	0	4	1	19	211	0	40	49	9	0	0	0	0	380	0	1	1	1	0	0	0	0	0	0	0	0	0	0	0	0	0	0	0	8	125	0	0	0	0	0	1	0	0	0	0	0	0	0	0	4	0	0	0	0	0	0	0
0	0	0	0	0	0	0	1	0	3	0	0	2	0	0	0	0	0	12	5	30	36	2	58	2	1	0	11	0	0	0	0	0	0	7	0	9	1	0	0	0	0	9	0	0	0	0	18	0	0	0	3	0	13	0	0	58	0	2	2	0	0	0	0	0	0	0	0	0	54	5	0	0	0
0	1	154	0	2	0	0	0	0	501	8	0	16	0	198	0	1	8	380	283	8	3	1	0	1	4	0	4	3	0	493	0	7	1	17	10	21	3	0	1	0	1	115	51	64	3	1	640	0	0	41	0	295	6	0	58	0	13	21	1	3	35	1	1	0	19	12	0	9	196	4	0	0	0
2	0	0	0	0	0	0	0	0	29	2	0	10	2	1	0	0	3	64	1	10	45	8	0	0	6	0	0	106	0	49	0	3	50	80	0	55	88	0	2	1	12	55	81	0	16	0	0	0	4	3	1	13	0	1	0	13	0	296	7	1	3	1	15	0	0	151	0	0	0	3	0	0	0
0	0	4	0	0	0	0	0	0	0	0	0	0	5	2	0	0	6	440	1	0	0	50	0	0	6	4	138	124	0	0	0	1	3	14	0	66	16	0	38	0	0	92	0	0	2	168	0	0	0	0	2	0	12	0	2	21	296	0	96	0	0	0	0	0	0	185	0	6	9	7	0	4	0
0	0	0	0	0	0	0	0	0	1	0	0	19	0	0	0	0	5	10	3	3	13	0	0	0	0	1	111	0	0	0	0	4	0	4	0	58	0	0	0	0	0	58	0	0	3	0	0	0	0	0	0	0	8	0	2	1	7	96	0	0	0	0	0	0	0	0	0	0	2	44	0	0	0
0	0	0	0	0	0	0	0	0	4	250	0	7	29	2	0	0	3	0	0	1	0	0	0	0	0	0	2	0	0	0	0	0	2	0	0	0	0	0	0	1	15	0	2	0	6	0	4	0	13	1	0	0	0	0	0	3	1	0	0	0	255	0	0	0	0	0	0	1	0	0	0	0	0
0	0	18	0	139	0	0	0	0	0	140	0	1	261	2	0	3	5	0	1	1	0	1	0	0	0	1	22	0	0	0	0	0	0	0	4	0	47	0	0	0	34	0	84	0	2	1	0	0	52	0	0	0	0	0	0	35	3	0	0	255	0	1	13	0	9	0	0	22	0	0	0	0	0
0	0	1	0	0	0	0	0	0	0	0	0	0	0	1	1	0	1	0	0	0	0	0	0	0	0	7	0	0	0	0	0	0	0	0	16	0	0	0	0	8	16	0	1	0	0	0	5	0	0	0	0	0	0	0	0	1	1	0	0	0	1	0	0	0	20	0	0	0	0	0	0	0	0
0	0	1	0	219	0	0	40	0	7	233	0	127	4	0	1	1	0	0	0	0	0	1	0	0	0	1	379	0	0	0	0	4	31	0	0	0	0	0	0	0	5	0	0	0	56	0	0	0	0	0	0	0	0	0	0	1	15	0	0	0	13	0	0	0	0	0	0	1	0	0	0	0	0
0	0	0	0	0	0	0	0	0	0	0	0	0	0	0	0	0	0	0	0	0	0	0	0	0	0	0	0	0	0	0	0	0	0	0	0	0	0	0	0	0	0	0	0	0	0	0	0	0	0	0	0	0	0	0	0	0	0	0	0	0	0	0	0	0	0	0	0	0	0	0	0	0	0
0	0	5	4	0	0	1	0	0	350	2	0	12	2	35	0	0	1	0	0	1	0	3	0	0	0	31	0	1	0	0	0	0	3	0	33	0	0	0	0	87	38	0	10	0	0	0	990	0	4	0	0	0	0	0	0	19	0	0	0	0	9	20	0	0	0	0	0	0	0	0	0	0	0
1	0	0	0	0	0	0	0	0	1	0	0	0	1	0	0	3	2	8	0	2	181	0	0	0	11	0	0	22	0	415	0	0	2	65	0	65	0	0	0	0	0	75	2	1	12	0	0	0	3	3	22	0	0	4	0	12	151	185	0	0	0	0	0	0	0	0	0	2	0	2	0	1	0
0	0	0	0	0	0	0	0	0	0	0	0	0	0	0	0	0	0	0	0	0	0	0	0	0	0	0	0	0	0	0	0	0	0	0	0	0	0	0	0	0	0	0	0	0	0	0	0	0	0	0	0	0	0	0	0	0	0	0	0	0	0	0	0	0	0	0	0	0	0	0	0	0	0
0	0	1	0	1	0	0	0	0	1	40	0	68	4	2	0	0	17	14	1	1	0	0	0	0	4	2	55	0	0	0	0	0	1	1	1	24	0	0	0	2	9	24	2	0	32	0	11	0	26	0	0	0	0	0	0	9	0	6	0	1	22	0	1	0	0	2	0	0	0	0	0	0	0
0	0	0	0	0	0	0	1	0	89	0	0	15	0	0	0	0	2	295	6	3	1	1	0	26	2	0	3	0	0	0	0	0	0	0	0	0	0	0	0	0	0	2	0	1	0	0	2	0	1	0	0	1	52	0	54	196	0	9	2	0	0	0	0	0	0	0	0	0	0	15	0	0	0
0	0	0	0	0	0	0	5	0	1	2	0	23	0	0	0	6	0	3	7	266	19	2	0	0	12	0	14	5	0	0	0	108	1	12	0	2	16	113	2	0	0	5	0	0	3	0	0	0	0	0	0	0	8	0	5	4	3	7	44	0	0	0	0	0	0	2	0	0	15	0	0	0	0
0	0	0	0	0	0	0	0	0	0	0	0	0	0	0	0	0	0	0	0	0	0	0	0	0	0	0	0	0	0	0	0	0	0	0	0	0	0	0	0	0	0	0	0	0	0	0	0	0	0	0	0	0	0	0	0	0	0	0	0	0	0	0	0	0	0	0	0	0	0	0	0	0	0
0	0	0	0	0	0	0	0	0	0	0	0	1	0	0	0	0	2	38	0	0	0	0	0	0	4	0	6	0	0	0	0	0	0	1	0	50	0	0	0	0	0	50	0	0	0	0	6	0	0	0	0	0	0	0	0	0	0	4	0	0	0	0	0	0	0	1	0	0	0	0	0	0	0
0	0	0	0	0	0	0	0	0	0	0	0	0	0	0	0	0	0	0	0	0	0	0	0	0	0	0	0	0	0	0	0	0	0	0	0	0	0	0	0	0	0	0	0	0	0	0	0	0	0	0	0	0	0	0	0	0	0	0	0	0	0	0	0	0	0	0	0	0	0	0	0	0	0
