0	0	0	0	0	0	0	0	0	0	0	0	0	0	0	0	10	0	18	0	4	215	0	54	36	0	0	0	1	0	1	0	1	1	48	1	0	0	3	0	0	0	0	0	1	0	0	0	2	0	0	19	1	0	124	0	1	43	1	0	0	0	0	0	0	0	2	163	0	0	0	0	0	0
0	0	0	0	6	0	0	0	0	0	0	0	5	0	0	0	0	0	0	0	0	0	0	0	0	0	0	2	0	0	0	0	3	1	0	0	0	0	0	0	0	0	0	0	2	0	0	0	0	0	0	0	0	0	0	0	1	0	0	0	0	0	0	0	0	0	0	0	0	0	0	0	0	0
0	0	0	0	0	0	0	0	0	103	0	0	0	7	64	0	0	2	0	0	0	0	0	0	0	0	0	6	0	11	0	0	4	7	0	0	0	0	4	0	291	0	0	82	1	0	0	0	0	0	0	0	0	0	0	0	320	2	0	0	0	0	0	1	0	30	0	0	23	4	0	0	0	0
0	0	0	0	0	0	0	0	0	8	0	0	0	0	50	0	0	0	0	0	0	0	0	0	0	0	0	0	0	238	0	0	0	1	0	0	0	0	0	0	596	0	0	6	0	2	0	0	0	0	0	0	0	0	0	0	0	1	0	0	0	2	0	0	0	5	0	0	3	0	0	0	0	0
0	6	0	0	0	0	0	0	0	0	30	0	34	0	0	0	0	0	0	0	0	0	0	0	0	0	0	209	0	1	0	1	2	94	0	0	0	0	0	0	0	0	0	0	1	149	0	5	0	0	0	0	0	0	0	0	1	0	0	0	0	42	0	49	0	0	0	0	42	0	0	0	0	0
0	0	0	0	0	0	0	0	0	0	0	0	0	0	0	0	0	0	0	0	0	0	0	0	0	0	0	0	0	0	0	0	0	0	0	0	0	0	0	0	0	0	0	0	0	0	0	0	0	0	0	0	0	0	0	0	0	0	0	0	0	0	0	0	0	0	0	0	0	0	0	0	0	0
0	0	0	0	0	0	0	0	0	0	0	0	0	0	0	0	0	0	0	0	0	0	0	0	0	0	0	0	0	0	0	0	0	0	0	0	0	0	0	0	4	0	0	0	0	0	0	0	0	0	0	0	0	0	0	0	0	0	0	0	0	0	1	0	0	0	0	0	0	0	0	0	0	0
0	0	0	0	0	0	0	0	0	0	0	0	0	0	0	0	0	0	0	0	0	0	0	0	0	0	0	0	0	0	0	0	0	0	0	0	0	0	0	0	0	0	0	0	0	0	0	0	0	0	0	0	0	0	0	0	0	0	0	0	0	0	0	0	0	0	0	0	0	0	0	0	0	0
0	0	0	0	0	0	0	0	0	0	0	0	0	0	0	0	0	0	0	0	0	0	0	0	0	0	0	0	0	0	0	0	0	0	0	0	0	0	0	0	0	0	0	0	0	0	0	0	0	2	0	0	0	0	0	0	0	0	0	0	0	0	0	0	0	0	0	0	0	0	0	0	0	0
0	0	103	8	0	0	0	0	0	0	0	0	0	0	477	0	0	0	107	206	0	0	0	0	0	0	0	0	1	0	121	0	0	0	10	157	0	0	0	0	462	25	0	587	0	21	0	5	0	0	5	0	256	0	0	2	711	25	0	0	6	3	3	0	0	128	0	0	0	171	2	0	0	0
0	0	0	0	30	0	0	0	0	0	0	0	1	0	0	24	0	11	0	0	0	0	0	0	0	0	0	4	0	0	0	0	1	0	0	2	0	0	0	0	0	0	0	32	0	4	0	0	0	0	0	0	0	0	0	0	1	0	0	0	0	30	0	2	0	0	0	0	0	0	0	0	0	0
0	0	0	0	0	0	0	0	0	0	0	0	0	0	0	0	0	0	0	0	0	0	0	0	0	0	0	0	0	0	0	0	0	0	0	0	0	0	0	0	0	0	0	0	0	0	0	0	0	0	0	0	0	0	0	0	0	0	0	0	0	0	0	0	0	0	0	0	0	0	0	0	0	0
0	5	0	0	34	0	0	0	0	0	1	0	0	0	0	3	6	0	18	5	4	0	1	0	0	0	0	323	0	0	0	0	67	131	9	0	0	1	56	0	2	0	0	1	2	167	0	0	0	0	0	2	0	0	4	0	8	7	2	0	0	1	0	2	0	0	0	0	0	0	19	0	0	0
0	0	7	0	0	0	0	0	0	0	0	0	0	0	1	0	0	1	0	0	0	0	1	0	0	0	0	0	0	0	0	1	0	1	0	9	0	2	0	0	0	1	0	5	0	0	0	0	0	0	0	0	0	0	0	0	1	15	0	0	19	34	0	2	0	0	0	0	0	0	0	0	0	0
0	0	64	50	0	0	0	0	0	477	0	0	0	1	0	0	1	0	69	0	0	0	0	0	0	0	0	0	0	0	0	0	0	0	0	212	0	4	0	0	109	208	0	128	0	0	0	3	0	0	0	0	7	0	0	0	206	3	0	0	0	1	1	0	0	95	0	0	6	0	0	0	0	0
0	0	0	0	0	0	0	0	0	0	24	0	3	0	0	0	0	0	0	0	0	0	0	0	0	0	0	3	0	0	0	0	0	0	0	0	0	0	4	0	0	0	0	0	0	1	0	0	0	0	0	0	0	0	0	0	0	0	0	0	0	0	0	0	0	0	0	0	0	0	0	0	0	0
10	0	0	0	0	0	0	0	0	0	0	0	6	0	1	0	0	0	14	0	0	0	0	8	0	0	0	0	0	0	12	0	187	8	0	0	0	0	230	0	1	0	0	0	2	10	0	0	0	0	0	45	0	0	0	0	1	25	0	0	0	2	2	0	0	0	4	3	0	0	1	0	0	0
0	0	2	0	0	0	0	0	0	0	11	0	0	1	0	0	0	0	0	0	0	0	2	0	0	0	0	4	0	0	0	0	0	8	0	0	0	0	0	0	3	1	0	5	1	20	0	0	0	48	0	0	0	0	0	0	1	5	0	0	0	2	0	0	0	0	0	0	0	1	1	0	0	0
18	0	0	0	0	0	0	0	0	107	0	0	18	0	69	0	14	0	0	87	12	10	0	2	8	0	0	3	99	0	202	0	82	0	396	6	0	18	160	0	0	0	0	4	14	0	0	3	2	0	2	16	66	0	2	11	270	302	42	1	0	0	0	0	0	0	2	18	0	125	22	0	0	0
0	0	0	0	0	0	0	0	0	206	0	0	5	0	0	0	0	0	87	0	0	0	0	14	0	0	0	3	4	0	177	0	95	7	7	0	0	0	67	0	2	0	0	0	119	49	0	13	0	0	17	3	5	0	1	2	622	59	0	0	0	0	0	0	0	0	0	0	0	125	7	0	0	0
4	0	0	0	0	0	0	0	0	0	0	0	4	0	0	0	0	0	12	0	0	0	0	0	0	0	0	0	0	0	0	0	35	7	10	0	0	0	526	0	1	0	0	0	2	31	0	0	0	0	0	31	0	0	0	0	1	0	0	0	0	3	0	0	0	0	0	0	0	0	0	0	0	0
215	0	0	0	0	0	0	0	0	0	0	0	0	0	0	0	0	0	10	0	0	0	0	20	0	0	0	0	4	0	40	0	0	1	9	0	0	0	116	0	0	0	0	0	2	0	0	0	0	0	0	37	0	0	0	4	0	140	0	0	0	0	0	0	0	0	3	0	0	0	0	0	0	0
0	0	0	0	0	0	0	0	0	0	0	0	1	1	0	0	0	2	0	0	0	0	0	6	0	0	0	2	0	0	0	0	0	0	3	0	0	0	1	0	0	0	0	0	2	0	0	0	0	0	0	0	0	0	0	2	1	4	0	0	0	0	2	0	0	0	0	1	0	0	0	0	0	0
54	0	0	0	0	0	0	0	0	0	0	0	0	0	0	0	8	0	2	14	0	20	6	0	20	0	0	0	16	0	0	0	4	0	9	0	0	0	1	0	0	0	0	0	5	0	0	0	0	0	0	1	8	0	36	22	2	6	0	0	0	0	0	0	0	0	0	98	0	0	0	0	0	0
36	0	0	0	0	0	0	0	0	0	0	0	0	0	0	0	0	0	8	0	0	0	0	20	0	0	0	0	0	0	2	0	0	0	15	0	0	0	0	0	0	0	0	0	55	0	0	0	0	0	0	11	0	0	1	1	9	12	0	0	0	0	0	0	0	0	0	0	0	0	0	0	0	0
0	0	0	0	0	0	0	0	0	0	0	0	0	0	0	0	0	0	0	0	0	0	0	0	0	0	0	0	0	0	0	0	0	0	0	0	0	0	0	0	0	0	0	0	0	0	0	0	0	0	0	0	0	0	0	0	0	0	0	0	0	0	0	0	0	0	0	0	0	0	0	0	0	0
0	0	0	0	0	0	0	0	0	0	0	0	0	0	0	0	0	0	0	0	0	0	0	0	0	0	0	0	0	0	0	0	0	0	0	0	0	0	0	0	0	0	0	0	0	0	0	0	0	0	0	0	0	0	0	0	0	0	0	0	0	0	0	0	0	0	0	0	0	0	0	0	0	0
0	2	6	0	209	0	0	0	0	0	4	0	323	0	0	3	0	4	3	3	0	0	2	0	0	0	0	0	0	0	1	1	1	67	1	0	0	0	0	0	0	1	0	0	5	314	0	1	2	0	0	11	0	0	0	1	17	39	122	11	0	1	3	108	0	0	1	0	0	2	120	0	0	0
1	0	0	0	0	0	0	0	0	1	0	0	0	0	0	0	0	0	99	4	0	4	0	16	0	0	0	0	0	0	0	0	15	0	519	0	0	48	33	0	0	0	0	0	0	0	0	0	0	0	0	17	0	0	1	0	33	324	13	0	0	0	0	0	0	0	61	16	0	0	2	0	0	0
0	0	11	238	1	0	0	0	0	0	0	0	0	0	0	0	0	0	0	0	0	0	0	0	0	0	0	0	0	0	0	0	0	0	0	122	0	0	0	0	122	0	0	0	0	0	0	0	0	0	0	0	0	0	0	0	0	0	0	0	0	0	0	0	0	249	0	0	0	0	0	0	0	0
1	0	0	0	0	0	0	0	0	121	0	0	0	0	0	0	12	0	202	177	0	40	0	0	2	0	0	1	0	0	0	0	0	2	2	0	0	0	14	0	0	0	0	162	173	0	8	0	0	0	26	3	726	0	224	0	334	2	0	0	0	0	0	0	0	0	88	30	0	8	0	0	0	0
0	0	0	0	1	0	0	0	0	0	0	0	0	1	0	0	0	0	0	0	0	0	0	0	0	0	0	1	0	0	0	0	0	0	0	0	0	1	0	0	0	0	0	1	0	0	1	0	0	0	0	0	0	0	0	0	0	0	0	0	0	2	0	2	0	0	0	0	0	1	0	0	0	0
1	3	4	0	2	0	0	0	0	0	1	0	67	0	0	0	187	0	82	95	35	0	0	4	0	0	0	1	15	0	0	0	0	0	297	0	0	1	259	0	0	2	0	1	0	1	0	0	0	0	0	9	0	0	0	3	0	37	0	0	0	13	0	0	0	0	0	4	3	3	294	0	0	0
1	1	7	1	94	0	0	0	0	0	0	0	131	1	0	0	8	8	0	7	7	1	0	0	0	0	0	67	0	0	2	0	0	0	9	0	0	0	110	0	2	0	0	0	4	231	0	0	0	0	0	5	2	0	9	1	3	322	1	0	0	22	1	4	0	0	6	1	0	1	12	0	0	0
48	0	0	0	0	0	0	0	0	10	0	0	9	0	0	0	0	0	396	7	10	9	3	9	15	0	0	1	519	0	2	0	297	9	0	0	0	272	89	0	0	0	0	0	0	0	0	0	0	0	0	17	0	0	2	5	65	868	130	4	0	0	0	0	0	0	69	13	0	22	2	0	0	0
1	0	0	0	0	0	0	0	0	157	2	0	0	9	212	0	0	0	6	0	0	0	0	0	0	0	0	0	0	122	0	0	0	0	0	0	0	0	0	0	2	0	0	12	0	0	0	0	0	0	0	0	0	0	0	0	5	8	0	0	0	2	1	0	0	108	0	0	0	1	0	0	1	0
0	0	0	0	0	0	0	0	0	0	0	0	0	0	0	0	0	0	0	0	0	0	0	0	0	0	0	0	0	0	0	0	0	0	0	0	0	0	0	0	0	0	0	0	0	0	0	0	0	0	0	0	0	0	0	0	0	0	0	0	0	0	0	0	0	0	0	0	0	0	0	0	0	0
0	0	0	0	0	0	0	0	0	0	0	0	1	2	4	0	0	0	18	0	0	0	0	0	0	0	0	0	48	0	0	1	1	0	272	0	0	0	0	0	56	0	0	0	1	0	0	0	0	0	0	3	0	0	0	1	6	328	2	0	0	0	0	0	0	0	2	0	32	1	0	0	0	0
3	0	4	0	0	0	0	0	0	0	0	0	56	0	0	4	230	0	160	67	526	116	1	1	0	0	0	0	33	0	14	0	259	110	89	0	0	0	0	0	0	0	0	0	7	103	1	0	17	0	0	37	0	0	144	0	1	28	12	2	0	0	0	0	0	1	16	16	0	3	183	0	0	0
0	0	0	0	0	0	0	0	0	0	0	0	0	0	0	0	0	0	0	0	0	0	0	0	0	0	0	0	0	0	0	0	0	0	0	0	0	0	0	0	0	0	0	0	0	0	0	0	0	0	0	0	0	0	0	0	0	0	0	0	0	0	0	0	0	0	0	0	0	0	0	0	0	0
0	0	291	596	0	0	4	0	0	462	0	0	2	0	109	0	1	3	0	2	1	0	0	0	0	0	0	0	0	122	0	0	0	2	0	2	0	56	0	0	0	0	0	377	0	104	0	22	0	0	0	0	0	0	0	0	12	0	0	0	0	2	12	0	0	431	0	0	1	0	0	0	0	0
0	0	0	0	0	0	0	0	0	25	0	0	0	1	208	0	0	1	0	0	0	0	0	0	0	0	0	1	0	0	0	0	2	0	0	0	0	0	0	0	0	0	0	434	0	12	0	4	0	0	0	0	0	0	0	0	27	88	0	0	0	5	22	0	0	108	0	0	0	0	0	0	0	0
0	0	0	0	0	0	0	0	0	0	0	0	0	0	0	0	0	0	0	0	0	0	0	0	0	0	0	0	0	0	0	0	0	0	0	0	0	0	0	0	0	0	0	0	0	0	0	0	0	0	0	0	0	0	0	0	0	0	0	0	0	0	0	0	0	0	0	0	0	0	0	0	0	0
0	0	82	6	0	0	0	0	0	587	32	0	1	5	128	0	0	5	4	0	0	0	0	0	0	0	0	0	0	0	162	1	1	0	0	12	0	0	0	0	377	434	0	0	1	7	0	1	0	0	2	0	168	0	0	0	43	41	0	0	0	0	1	0	0	13	0	1	1	0	0	0	0	0
1	2	1	0	1	0	0	0	0	0	0	0	2	0	0	0	2	1	14	119	2	2	2	5	55	0	0	5	0	0	173	0	0	4	0	0	0	1	7	0	0	0	0	1	0	1	0	0	0	0	52	7	168	0	109	0	234	25	0	0	0	3	0	0	0	0	23	0	0	68	5	5	0	0
0	0	0	2	149	0	0	0	0	21	4	0	167	0	0	1	10	20	0	49	31	0	0	0	0	0	0	314	0	0	0	0	1	231	0	0	0	0	103	0	104	12	0	7	1	0	0	0	0	0	0	6	2	0	9	3	50	225	0	0	0	11	0	0	0	0	17	4	0	15	40	0	0	0
0	0	0	0	0	0	0	0	0	0	0	0	0	0	0	0	0	0	0	0	0	0	0	0	0	0	0	0	0	0	8	1	0	0	0	0	0	0	1	0	0	0	0	0	0	0	0	0	0	0	0	4	0	0	0	0	0	0	0	0	0	0	0	0	0	0	0	0	0	0	0	0	0	0
0	0	0	0	5	0	0	0	0	5	0	0	0	0	3	0	0	0	3	13	0	0	0	0	0	0	0	1	0	0	0	0	0	0	0	0	0	0	0	0	22	4	0	1	0	0	0	0	0	0	0	0	0	0	0	0	48	0	0	0	0	5	0	0	0	1	0	0	0	0	32	0	0	0
2	0	0	0	0	0	0	0	0	0	0	0	0	0	0	0	0	0	2	0	0	0	0	0	0	0	0	2	0	0	0	0	0	0	0	0	0	0	17	0	0	0	0	0	0	0	0	0	0	0	0	4	0	0	0	2	0	0	0	0	0	0	0	0	0	0	0	0	0	0	0	0	0	0
0	0	0	0	0	0	0	0	2	0	0	0	0	0	0	0	0	48	0	0	0	0	0	0	0	0	0	0	0	0	0	0	0	0	0	0	0	0	0	0	0	0	0	0	0	0	0	0	0	0	0	0	0	0	0	0	0	0	0	0	0	0	0	0	0	0	0	0	0	0	0	0	0	0
0	0	0	0	0	0	0	0	0	5	0	0	0	0	0	0	0	0	2	17	0	0	0	0	0	0	0	0	0	0	26	0	0	0	0	0	0	0	0	0	0	0	0	2	52	0	0	0	0	0	0	1	53	0	10	0	162	1	0	0	0	0	0	0	0	0	4	1	0	5	0	0	0	0
19	0	0	0	0	0	0	0	0	0	0	0	2	0	0	0	45	0	16	3	31	37	0	1	11	0	0	11	17	0	3	0	9	5	17	0	0	3	37	0	0	0	0	0	7	6	4	0	4	0	1	0	7	0	47	1	4	10	19	0	0	1	0	0	0	0	21	12	0	1	14	0	0	0
1	0	0	0	0	0	0	0	0	256	0	0	0	0	7	0	0	0	66	5	0	0	0	8	0	0	0	0	0	0	726	0	0	2	0	0	0	0	0	0	0	0	0	168	168	2	0	0	0	0	53	7	0	0	0	0	741	141	0	0	0	0	0	0	0	0	1	0	0	75	0	0	0	0
0	0	0	0	0	0	0	0	0	0	0	0	0	0	0	0	0	0	0	0	0	0	0	0	0	0	0	0	0	0	0	0	0	0	0	0	0	0	0	0	0	0	0	0	0	0	0	0	0	0	0	0	0	0	0	0	0	0	0	0	0	0	0	0	0	0	0	0	0	0	0	0	0	0
124	0	0	0	0	0	0	0	0	0	0	0	4	0	0	0	0	0	2	1	0	0	0	36	1	0	0	0	1	0	224	0	0	9	2	0	0	0	144	0	0	0	0	0	109	9	0	0	0	0	10	47	0	0	0	0	0	77	0	0	0	0	4	0	0	0	14	0	0	0	0	0	0	0
0	0	0	0	0	0	0	0	0	2	0	0	0	0	0	0	0	0	11	2	0	4	2	22	1	0	0	1	0	0	0	0	3	1	5	0	0	1	0	0	0	0	0	0	0	3	0	0	2	0	0	1	0	0	0	0	229	1	23	0	0	0	0	0	0	0	0	0	0	150	0	0	0	0
1	1	320	0	1	0	0	0	0	711	1	0	8	1	206	0	1	1	270	622	1	0	1	2	9	0	0	17	33	0	334	0	0	3	65	5	0	6	1	0	12	27	0	43	234	50	0	48	0	0	162	4	741	0	0	229	0	103	50	2	0	5	0	0	0	55	0	0	2	710	22	0	0	0
43	0	2	1	0	0	0	0	0	25	0	0	7	15	3	0	25	5	302	59	0	140	4	6	12	0	0	39	324	0	2	0	37	322	868	8	0	328	28	0	0	88	0	41	25	225	0	0	0	0	1	10	141	0	77	1	103	0	554	15	3	88	1	0	0	0	867	73	0	8	143	0	0	0
1	0	0	0	0	0	0	0	0	0	0	0	2	0	0	0	0	0	42	0	0	0	0	0	0	0	0	122	13	0	0	0	0	1	130	0	0	2	12	0	0	0	0	0	0	0	0	0	0	0	0	19	0	0	0	23	50	554	0	6	0	0	0	0	0	0	34	0	0	7	10	0	0	0
0	0	0	0	0	0	0	0	0	0	0	0	0	0	0	0	0	0	1	0	0	0	0	0	0	0	0	11	0	0	0	0	0	0	4	0	0	0	2	0	0	0	0	0	0	0	0	0	0	0	0	0	0	0	0	0	2	15	6	0	0	0	0	0	0	0	0	0	0	2	2	0	0	0
0	0	0	0	0	0	0	0	0	6	0	0	0	19	0	0	0	0	0	0	0	0	0	0	0	0	0	0	0	0	0	0	0	0	0	0	0	0	0	0	0	0	0	0	0	0	0	0	0	0	0	0	0	0	0	0	0	3	0	0	0	0	1	0	0	0	0	0	0	0	0	0	0	0
0	0	0	2	42	0	0	0	0	3	30	0	1	34	1	0	2	2	0	0	3	0	0	0	0	0	0	1	0	0	0	2	13	22	0	2	0	0	0	0	2	5	0	0	3	11	0	5	0	0	0	1	0	0	0	0	5	88	0	0	0	0	0	0	0	1	0	16	26	0	0	0	0	0
0	0	0	0	0	0	1	0	0	3	0	0	0	0	1	0	2	0	0	0	0	0	2	0	0	0	0	3	0	0	0	0	0	1	0	1	0	0	0	0	12	22	0	1	0	0	0	0	0	0	0	0	0	0	4	0	0	1	0	0	1	0	0	0	0	22	6	0	0	0	0	0	0	0
0	0	1	0	49	0	0	0	0	0	2	0	2	2	0	0	0	0	0	0	0	0	0	0	0	0	0	108	0	0	0	2	0	4	0	0	0	0	0	0	0	0	0	0	0	0	0	0	0	0	0	0	0	0	0	0	0	0	0	0	0	0	0	0	0	0	0	0	7	0	0	0	0	0
0	0	0	0	0	0	0	0	0	0	0	0	0	0	0	0	0	0	0	0	0	0	0	0	0	0	0	0	0	0	0	0	0	0	0	0	0	0	0	0	0	0	0	0	0	0	0	0	0	0	0	0	0	0	0	0	0	0	0	0	0	0	0	0	0	0	0	0	0	0	0	0	0	0
0	0	30	5	0	0	0	0	0	128	0	0	0	0	95	0	0	0	0	0	0	0	0	0	0	0	0	0	0	249	0	0	0	0	0	108	0	0	1	0	431	108	0	13	0	0	0	1	0	0	0	0	0	0	0	0	55	0	0	0	0	1	22	0	0	0	0	0	0	0	0	0	0	0
2	0	0	0	0	0	0	0	0	0	0	0	0	0	0	0	4	0	2	0	0	3	0	0	0	0	0	1	61	0	88	0	0	6	69	0	0	2	16	0	0	0	0	0	23	17	0	0	0	0	4	21	1	0	14	0	0	867	34	0	0	0	6	0	0	0	0	1	0	1	2	0	0	0
163	0	0	0	0	0	0	0	0	0	0	0	0	0	0	0	3	0	18	0	0	0	1	98	0	0	0	0	16	0	30	0	4	1	13	0	0	0	16	0	0	0	0	1	0	4	0	0	0	0	1	12	0	0	0	0	0	73	0	0	0	16	0	0	0	0	1	0	0	0	2	0	0	0
0	0	23	3	42	0	0	0	0	0	0	0	0	0	6	0	0	0	0	0	0	0	0	0	0	0	0	0	0	0	0	0	3	0	0	0	0	32	0	0	1	0	0	1	0	0	0	0	0	0	0	0	0	0	0	0	2	0	0	0	0	26	0	7	0	0	0	0	0	1	0	0	0	0
0	0	4	0	0	0	0	0	0	171	0	0	0	0	0	0	0	1	125	125	0	0	0	0	0	0	0	2	0	0	8	1	3	1	22	1	0	1	3	0	0	0	0	0	68	15	0	0	0	0	5	1	75	0	0	150	710	8	7	2	0	0	0	0	0	0	1	0	1	0	0	0	0	0
0	0	0	0	0	0	0	0	0	2	0	0	19	0	0	0	1	1	22	7	0	0	0	0	0	0	0	120	2	0	0	0	294	12	2	0	0	0	183	0	0	0	0	0	5	40	0	32	0	0	0	14	0	0	0	0	22	143	10	2	0	0	0	0	0	0	2	2	0	0	0	0	0	0
0	0	0	0	0	0	0	0	0	0	0	0	0	0	0	0	0	0	0	0	0	0	0	0	0	0	0	0	0	0	0	0	0	0	0	0	0	0	0	0	0	0	0	0	5	0	0	0	0	0	0	0	0	0	0	0	0	0	0	0	0	0	0	0	0	0	0	0	0	0	0	0	0	0
0	0	0	0	0	0	0	0	0	0	0	0	0	0	0	0	0	0	0	0	0	0	0	0	0	0	0	0	0	0	0	0	0	0	0	1	0	0	0	0	0	0	0	0	0	0	0	0	0	0	0	0	0	0	0	0	0	0	0	0	0	0	0	0	0	0	0	0	0	0	0	0	0	0
0	0	0	0	0	0	0	0	0	0	0	0	0	0	0	0	0	0	0	0	0	0	0	0	0	0	0	0	0	0	0	0	0	0	0	0	0	0	0	0	0	0	0	0	0	0	0	0	0	0	0	0	0	0	0	0	0	0	0	0	0	0	0	0	0	0	0	0	0	0	0	0	0	0
