0	0	0	0	0	0	0	0	0	0	0	0	0	0	0	0	0	0	0	0	0	46	0	4	0	0	0	0	0	0	24	0	0	0	0	1	0	0	0	0	0	0	0	0	0	0	0	0	0	0	0	0	0	0	0	0	0	0	0	0	0	0	0	0	0	0	5	0	0	0	0	0	0	0
0	0	0	0	521	0	0	488	0	0	0	0	572	0	168	329	1	0	95	19	12	0	15	0	0	0	0	0	9	0	2	0	0	1	9	1	0	8	7	348	21	0	257	1	0	0	0	0	0	0	0	0	0	6	3	0	32	0	0	30	0	0	0	0	0	34	0	0	2	7	0	0	0	0
0	0	0	0	0	0	0	0	0	151	0	0	0	3	4	2	0	0	0	0	1	0	0	0	0	0	10	0	0	0	0	0	0	0	0	6	0	0	1	0	2	2	0	2	0	0	0	272	0	0	0	0	0	0	0	0	268	0	2	0	0	0	0	0	0	30	0	0	1	0	0	0	0	0
0	0	0	0	0	0	0	0	0	0	0	0	0	0	97	97	0	0	0	0	0	0	0	0	0	0	3	0	0	0	0	0	0	0	0	0	0	0	0	0	1	0	0	0	0	0	0	66	0	3	0	0	0	0	0	0	0	0	0	0	0	0	0	0	0	2	0	0	0	0	0	0	0	0
0	521	0	0	0	0	0	0	0	1	0	0	27	0	187	187	0	3	0	0	0	0	0	0	0	0	0	0	0	0	0	1	0	1	0	0	0	0	0	0	0	0	0	0	0	20	0	0	0	2	0	0	0	0	0	0	1	0	0	0	0	0	0	1	0	0	0	0	0	0	0	0	0	0
0	0	0	0	0	0	0	0	0	14	0	0	0	0	0	0	0	0	0	0	0	0	0	0	0	0	0	0	0	0	70	0	0	0	0	0	0	0	0	0	0	0	0	2	0	0	0	0	0	0	0	0	0	0	0	1	198	0	0	0	0	0	0	0	0	0	0	0	0	0	0	0	0	0
0	0	0	0	0	0	0	0	0	0	0	0	0	0	6	0	0	2	0	0	0	0	0	0	0	0	0	0	1	0	0	0	0	1	1	43	0	22	0	0	280	19	0	362	1	0	2	1	0	0	0	0	0	0	1	0	5	0	0	0	0	0	0	0	0	26	2	0	2	0	0	0	0	0
0	488	0	0	0	0	0	0	0	0	0	0	68	1	53	53	0	0	0	0	69	0	0	0	0	0	0	0	0	0	0	0	1	1	1	0	0	0	0	0	0	0	0	0	0	13	0	0	195	0	0	1	0	19	0	1	0	0	0	0	0	0	0	0	0	0	0	0	0	0	5	0	0	0
0	0	0	0	0	0	0	0	0	0	0	0	0	0	0	0	0	0	0	0	0	0	0	0	0	0	0	0	0	0	0	0	0	0	0	0	0	0	0	0	0	0	0	0	0	0	0	0	0	0	0	0	0	0	0	0	0	0	0	0	0	0	0	0	0	0	0	0	0	0	0	0	0	0
0	0	151	0	1	14	0	0	0	0	0	0	0	1	256	6	0	140	44	98	0	0	4	0	0	0	7	0	0	0	64	0	0	0	2	20	0	2	0	0	106	18	23	226	0	0	2	389	0	2	0	0	183	5	0	156	445	13	0	0	2	0	0	0	0	201	0	0	2	0	0	0	0	0
0	0	0	0	0	0	0	0	0	0	0	0	0	0	0	0	0	0	0	0	0	0	0	0	0	0	0	0	0	0	0	0	0	0	0	0	0	0	0	0	0	0	0	0	0	0	0	0	0	0	0	0	0	0	0	0	0	0	0	0	0	0	0	0	0	0	0	0	0	422	616	0	0	0
0	0	0	0	0	0	0	0	0	0	0	0	0	0	0	0	0	0	0	0	0	0	0	0	0	0	0	0	0	0	0	0	0	0	0	0	0	0	0	0	0	0	0	0	0	0	0	0	0	0	0	0	0	0	0	0	0	0	0	0	0	0	0	0	0	0	0	0	0	0	0	0	0	0
0	572	0	0	27	0	0	68	0	0	0	0	0	0	88	89	12	0	17	0	122	0	5	0	0	0	0	0	0	0	0	0	26	12	0	0	1	3	17	59	0	0	27	0	0	14	0	0	167	0	0	1	0	0	1	1	5	0	0	3	4	0	0	0	0	1	0	0	4	1	2	0	0	0
0	0	3	0	0	0	0	1	0	1	0	0	0	0	13	12	0	2	1	0	0	0	0	0	0	0	0	0	0	0	0	0	0	0	0	2	0	4	0	1	0	0	0	1	0	0	6	0	0	0	0	0	0	0	0	0	0	2	2	0	9	0	0	0	0	0	1	0	0	0	0	0	0	0
0	168	4	97	187	0	6	53	0	256	0	0	88	13	14	8	0	15	41	1	0	0	5	0	0	0	1	0	2	0	0	0	0	0	0	21	2	18	0	15	7	14	15	16	0	0	13	245	0	142	0	0	0	0	0	0	128	0	2	4	24	0	0	0	0	25	0	0	68	1	0	0	0	0
0	329	2	97	187	0	0	53	0	6	0	0	89	12	8	0	0	14	37	1	0	0	5	0	0	0	0	0	1	0	0	0	0	0	0	13	0	18	0	15	6	7	9	6	0	0	13	0	0	150	0	0	0	0	0	0	12	0	1	4	24	0	5	0	0	3	0	0	68	1	0	0	0	0
0	1	0	0	0	0	0	0	0	0	0	0	12	0	0	0	0	0	2	0	447	1	0	0	0	73	0	0	0	0	12	0	2	1	2	0	0	0	76	0	0	0	0	0	0	9	0	0	3	0	0	95	0	0	0	0	0	0	0	0	0	0	0	1	0	0	4	0	0	0	0	0	0	0
0	0	0	0	3	0	2	0	0	140	0	0	0	2	15	14	0	0	0	0	0	0	2	0	0	0	0	0	0	0	20	0	0	0	1	1	0	3	0	1	8	1	0	11	0	0	0	7	0	473	0	0	1	0	1	0	63	0	1	0	6	0	0	0	0	0	0	0	6	1	0	0	0	0
0	95	0	0	0	0	0	0	0	44	0	0	17	1	41	37	2	0	0	10	50	1	2	4	0	0	0	0	8	0	14	0	2	0	42	0	1	0	0	4	0	2	17	2	2	0	0	21	2	0	0	4	2	3	0	4	171	16	6	2	0	0	0	0	0	0	6	0	0	2	1	0	0	0
0	19	0	0	0	0	0	0	0	98	0	0	0	0	1	1	0	0	10	0	21	0	0	4	0	2	0	0	0	0	110	0	20	0	2	0	1	0	1	0	0	0	1	0	0	22	0	10	31	0	0	1	0	19	0	5	320	0	0	0	0	0	0	0	0	0	0	0	0	6	1	0	0	0
0	12	1	0	0	0	0	69	0	0	0	0	122	0	0	0	447	0	50	21	0	4	1	0	2	57	0	0	16	0	0	0	55	97	32	0	0	3	651	479	0	2	0	0	0	0	1	0	4	0	0	54	6	0	11	2	5	1	0	1	0	0	0	0	0	0	1	0	6	1	71	0	0	0
46	0	0	0	0	0	0	0	0	0	0	0	0	0	0	0	1	0	1	0	4	0	0	93	93	3	0	0	23	0	85	0	1	0	59	0	0	1	0	2	0	0	3	0	7	0	0	0	0	0	12	1	0	0	84	0	2	2	1	0	0	0	0	0	0	0	82	0	0	0	0	0	0	0
0	15	0	0	0	0	0	0	0	4	0	0	5	0	5	5	0	2	2	0	1	0	0	0	0	1	1	0	0	0	0	0	0	0	1	0	1	0	2	0	0	0	1	0	0	0	0	0	34	0	0	8	0	0	0	1	39	8	50	0	0	0	0	0	0	3	0	0	0	0	0	0	0	0
4	0	0	0	0	0	0	0	0	0	0	0	0	0	0	0	0	0	4	4	0	93	0	0	2	0	0	0	0	0	2	0	0	0	0	0	0	0	0	0	0	0	0	0	0	0	0	0	0	0	0	0	0	2	2	12	0	0	0	0	0	0	0	0	0	4	0	0	0	0	0	0	0	0
0	0	0	0	0	0	0	0	0	0	0	0	0	0	0	0	0	0	0	0	2	93	0	2	0	0	0	0	0	0	4	0	0	0	1	0	0	0	0	0	0	0	0	0	0	0	0	0	0	0	0	0	0	0	0	0	10	0	0	0	0	0	0	0	0	0	0	0	0	0	0	0	0	0
0	0	0	0	0	0	0	0	0	0	0	0	0	0	0	0	73	0	0	2	57	3	1	0	0	0	0	0	1	0	4	0	0	1	3	0	0	0	80	56	0	0	1	0	1	0	0	0	0	0	0	3	5	0	7	2	1	0	2	0	0	0	0	0	0	0	1	0	0	0	9	0	11	0
0	0	10	3	0	0	0	0	0	7	0	0	0	0	1	0	0	0	0	0	0	0	1	0	0	0	0	0	0	0	0	0	0	0	0	6	0	0	0	0	8	5	0	1	0	0	0	113	0	0	0	0	0	0	0	0	0	0	0	0	0	0	4	0	0	81	0	0	0	0	0	0	0	0
0	0	0	0	0	0	0	0	0	0	0	0	0	0	0	0	0	0	0	0	0	0	0	0	0	0	0	0	0	0	0	0	0	0	0	0	0	0	0	0	0	0	0	0	0	0	0	0	0	0	0	0	0	0	0	0	0	0	0	0	0	0	0	0	0	0	0	0	0	0	0	0	0	0
0	9	0	0	0	0	1	0	0	0	0	0	0	0	2	1	0	0	8	0	16	23	0	0	0	1	0	0	0	0	0	0	30	0	94	0	2	0	1	1	0	0	3	0	0	0	0	0	6	0	0	100	0	24	0	0	5	11	44	0	0	0	0	0	0	1	18	0	0	0	1	0	0	0
0	0	0	0	0	0	0	0	0	0	0	0	0	0	0	0	0	0	0	0	0	0	0	0	0	0	0	0	0	0	0	0	0	0	0	0	0	0	0	0	0	0	0	0	0	0	0	0	0	0	0	0	0	0	0	0	0	0	0	0	0	0	0	0	0	0	0	0	0	0	0	0	0	0
24	2	0	0	0	70	0	0	0	64	0	0	0	0	0	0	12	20	14	110	0	85	0	2	4	4	0	0	0	0	0	0	0	0	0	0	0	0	2	0	0	0	0	44	318	0	0	0	0	0	75	1	68	1	144	0	368	2	0	0	0	0	0	0	0	0	33	0	0	0	0	0	0	0
0	0	0	0	1	0	0	0	0	0	0	0	0	0	0	0	0	0	0	0	0	0	0	0	0	0	0	0	0	0	0	0	0	1	0	0	0	0	0	0	0	0	0	0	0	0	0	0	1	0	0	0	0	0	0	0	0	0	0	0	0	0	0	0	0	0	0	0	0	0	0	0	0	0
0	0	0	0	0	0	0	1	0	0	0	0	26	0	0	0	2	0	2	20	55	1	0	0	0	0	0	0	30	0	0	0	0	1	34	0	0	4	55	61	0	0	5	0	1	0	0	0	1	0	0	0	0	0	0	0	1	0	0	9	0	0	0	4	0	0	0	0	0	0	1	0	0	0
0	1	0	0	1	0	1	1	0	0	0	0	12	0	0	0	1	0	0	0	97	0	0	0	0	1	0	0	0	0	0	1	1	0	0	0	0	0	2	0	0	0	0	1	0	4	0	0	1	0	0	0	0	0	0	0	0	0	0	0	0	0	0	0	0	1	1	0	0	0	0	0	0	0
0	9	0	0	0	0	1	1	0	2	0	0	0	0	0	0	2	1	42	2	32	59	1	0	1	3	0	0	94	0	0	0	34	0	0	0	3	26	21	75	0	1	13	4	0	0	0	0	44	0	0	53	2	19	1	7	53	20	1	6	0	0	0	0	0	0	81	0	0	1	1	0	0	0
1	1	6	0	0	0	43	0	0	20	0	0	0	2	21	13	0	1	0	0	0	0	0	0	0	0	6	0	0	0	0	0	0	0	0	0	0	1	0	0	18	43	0	32	0	0	1	39	1	0	0	0	0	0	0	0	2	0	0	0	0	0	1	0	0	112	1	0	0	0	0	0	1	0
0	0	0	0	0	0	0	0	0	0	0	0	1	0	2	0	0	0	1	1	0	0	1	0	0	0	0	0	2	0	0	0	0	0	3	0	0	1	0	0	0	2	0	0	0	0	0	0	2	0	0	0	0	0	0	1	0	0	0	3	0	0	0	0	0	0	4	0	1	0	0	0	0	0
0	8	0	0	0	0	22	0	0	2	0	0	3	4	18	18	0	3	0	0	3	1	0	0	0	0	0	0	0	0	0	0	4	0	26	1	1	0	1	0	0	1	1	4	0	6	0	3	7	1	0	0	0	22	0	1	2	2	0	0	0	0	0	0	0	0	0	0	0	0	0	0	0	0
0	7	1	0	0	0	0	0	0	0	0	0	17	0	0	0	76	0	0	1	651	0	2	0	0	80	0	0	1	0	2	0	55	2	21	0	0	1	0	56	2	0	0	0	0	2	2	0	11	0	0	106	3	1	25	12	2	0	0	0	0	0	0	0	0	0	0	0	0	0	4	0	0	0
0	348	0	0	0	0	0	0	0	0	0	0	59	1	15	15	0	1	4	0	479	2	0	0	0	56	0	0	1	0	0	0	61	0	75	0	0	0	56	0	0	0	0	0	0	9	0	0	168	0	0	91	0	28	0	0	4	2	0	0	0	0	0	0	0	0	0	0	0	1	2	0	0	0
0	21	2	1	0	0	280	0	0	106	0	0	0	0	7	6	0	8	0	0	0	0	0	0	0	0	8	0	0	0	0	0	0	0	0	18	0	0	2	0	0	3	0	24	0	0	0	284	1	8	0	0	0	0	0	0	8	0	0	0	0	0	0	0	0	71	0	0	2	0	0	0	0	0
0	0	2	0	0	0	19	0	0	18	0	0	0	0	14	7	0	1	2	0	2	0	0	0	0	0	5	0	0	0	0	0	0	0	1	43	2	1	0	0	3	0	5	5	0	0	2	71	0	0	0	0	0	0	0	0	2	0	0	0	1	0	4	0	0	42	9	0	1	0	0	0	0	0
0	257	0	0	0	0	0	0	0	23	0	0	27	0	15	9	0	0	17	1	0	3	1	0	0	1	0	0	3	0	0	0	5	0	13	0	0	1	0	0	0	5	0	0	0	2	0	17	233	0	0	0	0	0	0	1	201	0	0	3	0	0	0	0	0	1	75	0	1	0	0	0	0	0
0	1	2	0	0	2	362	0	0	226	0	0	0	1	16	6	0	11	2	0	0	0	0	0	0	0	1	0	0	0	44	0	0	1	4	32	0	4	0	0	24	5	0	0	0	0	2	209	0	18	0	0	4	0	0	0	74	3	0	0	4	0	1	0	0	27	8	0	2	0	0	0	0	0
0	0	0	0	0	0	1	0	0	0	0	0	0	0	0	0	0	0	2	0	0	7	0	0	0	1	0	0	0	0	318	0	1	0	0	0	0	0	0	0	0	0	0	0	0	0	0	0	1	0	0	7	0	0	0	0	131	0	0	0	0	0	0	0	0	0	5	0	0	0	0	0	0	0
0	0	0	0	20	0	0	13	0	0	0	0	14	0	0	0	9	0	0	22	0	0	0	0	0	0	0	0	0	0	0	0	0	4	0	0	0	6	2	9	0	0	2	0	0	0	0	0	5	0	0	0	0	0	0	0	32	0	0	0	33	0	0	0	0	0	1	0	1	0	0	0	0	0
0	0	0	0	0	0	2	0	0	2	0	0	0	6	13	13	0	0	0	0	1	0	0	0	0	0	0	0	0	0	0	0	0	0	0	1	0	0	2	0	0	2	0	2	0	0	0	0	0	0	0	0	0	0	0	0	0	0	54	0	0	0	0	0	0	0	0	0	0	0	0	0	0	0
0	0	272	66	0	0	1	0	0	389	0	0	0	0	245	0	0	7	21	10	0	0	0	0	0	0	113	0	0	0	0	0	0	0	0	39	0	3	0	0	284	71	17	209	0	0	0	0	0	0	0	0	39	4	0	18	322	0	0	0	0	0	2	0	0	361	0	0	0	1	0	0	0	0
0	0	0	0	0	0	0	195	0	0	0	0	167	0	0	0	3	0	2	31	4	0	34	0	0	0	0	0	6	0	0	1	1	1	44	1	2	7	11	168	1	0	233	0	1	5	0	0	0	0	0	0	0	1	1	15	21	0	0	212	0	0	0	0	0	1	7	0	51	0	0	0	0	0
0	0	0	3	2	0	0	0	0	2	0	0	0	0	142	150	0	473	0	0	0	0	0	0	0	0	0	0	0	0	0	0	0	0	0	0	0	1	0	0	8	0	0	18	0	0	0	0	0	0	0	0	0	0	0	0	1	0	0	0	1	0	4	0	0	0	0	0	26	0	0	0	0	0
0	0	0	0	0	0	0	0	0	0	0	0	0	0	0	0	0	0	0	0	0	12	0	0	0	0	0	0	0	0	75	0	0	0	0	0	0	0	0	0	0	0	0	0	0	0	0	0	0	0	0	0	1	0	1	0	14	1	0	0	0	0	0	0	0	0	1	0	0	0	0	0	0	0
0	0	0	0	0	0	0	1	0	0	0	0	1	0	0	0	95	0	4	1	54	1	8	0	0	3	0	0	100	0	1	0	0	0	53	0	0	0	106	91	0	0	0	0	7	0	0	0	0	0	0	0	2	0	11	17	2	1	3	0	0	0	0	0	0	0	3	0	0	0	0	0	5	0
0	0	0	0	0	0	0	0	0	183	0	0	0	0	0	0	0	1	2	0	6	0	0	0	0	5	0	0	0	0	68	0	0	0	2	0	0	0	3	0	0	0	0	4	0	0	0	39	0	0	1	2	0	3	0	2	324	2	0	0	0	0	0	0	0	1	0	0	0	0	0	0	0	0
0	6	0	0	0	0	0	19	0	5	0	0	0	0	0	0	0	0	3	19	0	0	0	2	0	0	0	0	24	0	1	0	0	0	19	0	0	22	1	28	0	0	0	0	0	0	0	4	1	0	0	0	3	0	0	21	0	0	0	12	0	0	0	0	0	0	0	0	0	0	8	0	0	0
0	3	0	0	0	0	1	0	0	0	0	0	1	0	0	0	0	1	0	0	11	84	0	2	0	7	0	0	0	0	144	0	0	0	1	0	0	0	25	0	0	0	0	0	0	0	0	0	1	0	1	11	0	0	0	2	1	1	2	0	0	0	0	0	0	1	5	0	0	0	0	0	0	0
0	0	0	0	0	1	0	1	0	156	0	0	1	0	0	0	0	0	4	5	2	0	1	12	0	2	0	0	0	0	0	0	0	0	7	0	1	1	12	0	0	0	1	0	0	0	0	18	15	0	0	17	2	21	2	0	282	0	0	1	0	0	0	0	0	0	0	0	0	5	4	0	0	0
0	32	268	0	1	198	5	0	0	445	0	0	5	0	128	12	0	63	171	320	5	2	39	0	10	1	0	0	5	0	368	0	1	0	53	2	0	2	2	4	8	2	201	74	131	32	0	322	21	1	14	2	324	0	1	282	0	1	0	6	7	0	0	0	0	57	6	0	16	70	1	0	0	0
0	0	0	0	0	0	0	0	0	13	0	0	0	2	0	0	0	0	16	0	1	2	8	0	0	0	0	0	11	0	2	0	0	0	20	0	0	2	0	2	0	0	0	3	0	0	0	0	0	0	1	1	2	0	1	0	1	0	36	7	0	0	0	0	0	0	22	0	0	0	0	0	0	0
0	0	2	0	0	0	0	0	0	0	0	0	0	2	2	1	0	1	6	0	0	1	50	0	0	2	0	0	44	0	0	0	0	0	1	0	0	0	0	0	0	0	0	0	0	0	54	0	0	0	0	3	0	0	2	0	0	36	0	72	0	0	0	0	0	0	66	0	0	4	0	0	0	0
0	30	0	0	0	0	0	0	0	0	0	0	3	0	4	4	0	0	2	0	1	0	0	0	0	0	0	0	0	0	0	0	9	0	6	0	3	0	0	0	0	0	3	0	0	0	0	0	212	0	0	0	0	12	0	1	6	7	72	0	0	0	0	0	0	1	0	0	0	0	1	0	0	0
0	0	0	0	0	0	0	0	0	2	0	0	4	9	24	24	0	6	0	0	0	0	0	0	0	0	0	0	0	0	0	0	0	0	0	0	0	0	0	0	0	1	0	4	0	33	0	0	0	1	0	0	0	0	0	0	7	0	0	0	0	0	0	0	0	1	0	0	0	0	0	0	0	0
0	0	0	0	0	0	0	0	0	0	0	0	0	0	0	0	0	0	0	0	0	0	0	0	0	0	0	0	0	0	0	0	0	0	0	0	0	0	0	0	0	0	0	0	0	0	0	0	0	0	0	0	0	0	0	0	0	0	0	0	0	0	0	0	0	0	0	0	0	0	0	0	0	0
0	0	0	0	0	0	0	0	0	0	0	0	0	0	0	5	0	0	0	0	0	0	0	0	0	0	4	0	0	0	0	0	0	0	0	1	0	0	0	0	0	4	0	1	0	0	0	2	0	4	0	0	0	0	0	0	0	0	0	0	0	0	0	0	0	9	0	0	0	0	0	0	0	0
0	0	0	0	1	0	0	0	0	0	0	0	0	0	0	0	1	0	0	0	0	0	0	0	0	0	0	0	0	0	0	0	4	0	0	0	0	0	0	0	0	0	0	0	0	0	0	0	0	0	0	0	0	0	0	0	0	0	0	0	0	0	0	0	0	0	0	0	0	0	0	0	0	0
0	0	0	0	0	0	0	0	0	0	0	0	0	0	0	0	0	0	0	0	0	0	0	0	0	0	0	0	0	0	0	0	0	0	0	0	0	0	0	0	0	0	0	0	0	0	0	0	0	0	0	0	0	0	0	0	0	0	0	0	0	0	0	0	0	0	0	0	0	0	0	0	0	0
0	34	30	2	0	0	26	0	0	201	0	0	1	0	25	3	0	0	0	0	0	0	3	4	0	0	81	0	1	0	0	0	0	1	0	112	0	0	0	0	71	42	1	27	0	0	0	361	1	0	0	0	1	0	1	0	57	0	0	1	1	0	9	0	0	0	1	0	0	0	0	0	0	0
5	0	0	0	0	0	2	0	0	0	0	0	0	1	0	0	4	0	6	0	1	82	0	0	0	1	0	0	18	0	33	0	0	1	81	1	4	0	0	0	0	9	75	8	5	1	0	0	7	0	1	3	0	0	5	0	6	22	66	0	0	0	0	0	0	1	0	0	2	1	0	0	0	0
0	0	0	0	0	0	0	0	0	0	0	0	0	0	0	0	0	0	0	0	0	0	0	0	0	0	0	0	0	0	0	0	0	0	0	0	0	0	0	0	0	0	0	0	0	0	0	0	0	0	0	0	0	0	0	0	0	0	0	0	0	0	0	0	0	0	0	0	0	0	0	0	0	0
0	2	1	0	0	0	2	0	0	2	0	0	4	0	68	68	0	6	0	0	6	0	0	0	0	0	0	0	0	0	0	0	0	0	0	0	1	0	0	0	2	1	1	2	0	1	0	0	51	26	0	0	0	0	0	0	16	0	0	0	0	0	0	0	0	0	2	0	0	0	0	0	0	0
0	7	0	0	0	0	0	0	0	0	422	0	1	0	1	1	0	1	2	6	1	0	0	0	0	0	0	0	0	0	0	0	0	0	1	0	0	0	0	1	0	0	0	0	0	0	0	1	0	0	0	0	0	0	0	5	70	0	4	0	0	0	0	0	0	0	1	0	0	0	1	0	0	0
0	0	0	0	0	0	0	5	0	0	616	0	2	0	0	0	0	0	1	1	71	0	0	0	0	9	0	0	1	0	0	0	1	0	1	0	0	0	4	2	0	0	0	0	0	0	0	0	0	0	0	0	0	8	0	4	1	0	0	1	0	0	0	0	0	0	0	0	0	1	0	0	0	0
0	0	0	0	0	0	0	0	0	0	0	0	0	0	0	0	0	0	0	0	0	0	0	0	0	0	0	0	0	0	0	0	0	0	0	0	0	0	0	0	0	0	0	0	0	0	0	0	0	0	0	0	0	0	0	0	0	0	0	0	0	0	0	0	0	0	0	0	0	0	0	0	0	0
0	0	0	0	0	0	0	0	0	0	0	0	0	0	0	0	0	0	0	0	0	0	0	0	0	11	0	0	0	0	0	0	0	0	0	1	0	0	0	0	0	0	0	0	0	0	0	0	0	0	0	5	0	0	0	0	0	0	0	0	0	0	0	0	0	0	0	0	0	0	0	0	0	0
0	0	0	0	0	0	0	0	0	0	0	0	0	0	0	0	0	0	0	0	0	0	0	0	0	0	0	0	0	0	0	0	0	0	0	0	0	0	0	0	0	0	0	0	0	0	0	0	0	0	0	0	0	0	0	0	0	0	0	0	0	0	0	0	0	0	0	0	0	0	0	0	0	0
