0	0	0	0	0	0	0	0	0	0	0	0	0	0	0	0	27	0	7	0	4	269	0	126	90	0	0	0	3	0	3	0	1	0	43	1	0	0	2	0	0	0	0	0	72	0	0	0	0	0	0	10	1	0	164	0	1	27	0	0	0	0	0	0	0	0	3	240	0	3	0	0	0	0
0	0	0	0	8	0	0	0	0	0	0	0	5	0	0	0	0	0	0	0	0	0	0	0	0	0	0	2	0	0	0	0	3	1	0	0	0	0	0	0	0	0	0	0	2	2	0	0	0	0	0	0	0	0	0	0	1	0	0	0	0	0	0	0	0	0	0	0	0	0	0	0	0	0
0	0	0	0	0	0	0	0	0	102	0	0	0	3	62	0	0	2	0	0	0	0	0	0	0	0	0	6	0	15	0	0	4	7	0	0	0	0	4	0	299	0	0	82	1	0	0	1	0	0	0	0	0	0	0	0	451	2	0	0	0	19	0	0	0	35	0	0	0	4	0	0	0	0
0	0	0	0	0	0	0	0	0	8	0	0	0	0	0	0	0	0	0	0	0	0	0	0	0	0	0	0	0	378	0	0	0	0	0	0	0	0	0	0	611	0	0	6	0	2	0	0	0	0	0	0	0	0	0	0	0	0	0	0	0	2	0	0	0	26	0	0	0	0	0	0	0	0
0	8	0	0	0	0	0	0	0	0	30	0	28	0	0	0	0	0	0	0	0	0	0	0	0	0	0	199	0	1	0	0	2	10	0	0	0	0	0	0	1	0	0	0	1	160	0	5	0	0	0	0	0	0	0	0	1	0	0	0	0	218	0	13	0	0	0	0	0	0	0	0	0	0
0	0	0	0	0	0	0	0	0	0	0	0	0	0	0	0	0	0	0	0	0	0	0	0	0	0	0	0	0	0	0	0	0	0	0	0	0	0	0	0	0	0	0	0	0	0	0	0	0	0	0	0	0	0	0	0	0	0	0	0	0	0	0	0	0	0	0	0	0	0	0	0	0	0
0	0	0	0	0	0	0	0	0	0	0	0	0	0	0	0	0	0	0	0	0	0	0	0	0	0	0	0	0	0	0	0	0	0	0	0	0	0	0	0	4	0	0	0	0	0	0	0	0	0	0	0	0	0	0	0	0	0	0	0	0	0	1	0	0	0	0	0	0	0	0	0	0	0
0	0	0	0	0	0	0	0	0	0	0	0	0	0	0	0	0	0	0	0	0	0	0	0	0	0	0	0	0	0	0	0	0	0	0	0	0	0	0	0	0	0	0	0	0	0	0	0	0	0	0	0	0	0	0	0	0	0	0	0	0	0	0	0	0	0	0	0	0	0	0	0	0	0
0	0	0	0	0	0	0	0	0	0	0	0	0	0	0	0	0	0	0	0	0	0	0	0	0	0	0	0	0	0	0	0	0	0	0	0	0	0	0	0	0	0	0	0	0	0	0	0	0	2	0	0	0	0	0	0	0	0	0	0	0	0	0	0	0	0	0	0	0	0	0	0	0	0
0	0	102	8	0	0	0	0	0	0	0	0	0	0	357	0	0	0	107	205	0	0	0	0	0	0	0	0	1	0	121	0	0	0	10	157	0	0	0	0	460	24	0	587	0	21	0	4	0	0	3	0	246	0	0	2	626	20	0	0	6	3	3	0	0	125	0	0	0	166	2	0	0	0
0	0	0	0	30	0	0	0	0	0	0	0	1	0	0	24	0	11	0	0	0	0	0	0	0	0	0	4	0	0	0	0	1	0	0	2	0	0	0	0	0	0	0	32	0	4	0	0	0	0	0	0	0	0	0	0	1	0	0	0	0	30	0	2	0	0	0	0	0	0	0	0	0	0
0	0	0	0	0	0	0	0	0	0	0	0	0	0	0	0	0	0	0	0	0	0	0	0	0	0	0	0	0	0	0	0	0	0	0	0	0	0	0	0	0	0	0	0	0	0	0	0	0	0	0	0	0	0	0	0	0	0	0	0	0	0	0	0	0	0	0	0	0	0	0	0	0	0
0	5	0	0	28	0	0	0	0	0	1	0	0	0	0	3	4	0	17	1	4	0	1	0	0	0	0	304	0	0	0	0	67	52	9	0	0	0	51	0	2	0	0	1	2	148	0	0	0	0	0	2	0	0	4	0	3	5	2	0	0	1	0	1	0	0	0	0	0	0	17	0	0	0
0	0	3	0	0	0	0	0	0	0	0	0	0	0	1	0	0	1	0	0	0	0	1	0	0	0	0	0	0	0	0	0	0	1	0	9	0	1	0	0	0	1	0	3	0	2	0	0	0	0	0	0	0	0	0	0	1	14	0	0	14	28	0	0	0	0	0	0	0	0	0	0	0	0
0	0	62	0	0	0	0	0	0	357	0	0	0	1	0	0	0	0	43	0	0	0	0	0	0	0	0	0	0	0	0	0	0	0	0	213	0	0	0	0	77	143	0	110	0	0	0	3	0	0	0	0	1	0	0	0	151	3	0	0	0	1	1	0	0	16	0	0	0	0	0	0	0	0
0	0	0	0	0	0	0	0	0	0	24	0	3	0	0	0	0	0	0	0	0	0	0	0	0	0	0	3	0	0	0	0	0	0	0	0	0	0	4	0	0	0	0	0	0	1	0	0	0	0	0	0	0	0	0	0	0	0	0	0	0	0	0	0	0	0	0	0	0	0	0	0	0	0
27	0	0	0	0	0	0	0	0	0	0	0	4	0	0	0	0	0	14	0	0	0	0	20	0	0	0	0	0	0	16	0	187	5	1	0	0	0	240	0	1	0	0	0	5	24	0	0	0	0	0	61	0	0	0	0	1	36	0	0	0	2	2	0	0	0	4	3	0	0	1	0	0	0
0	0	2	0	0	0	0	0	0	0	11	0	0	1	0	0	0	0	0	0	0	0	2	0	0	0	0	4	0	0	0	0	0	8	0	0	0	2	0	0	6	3	0	5	1	20	0	0	0	43	0	0	0	0	0	0	5	5	0	0	0	20	0	0	0	0	1	0	0	1	1	0	3	0
7	0	0	0	0	0	0	0	0	107	0	0	17	0	43	0	14	0	0	82	14	6	0	2	4	0	0	19	115	0	202	0	84	0	404	6	0	18	180	0	0	0	0	4	14	0	2	3	0	0	2	33	60	0	4	2	195	216	44	3	0	0	0	0	0	0	2	18	0	103	24	0	0	0
0	0	0	0	0	0	0	0	0	205	0	0	1	0	0	0	0	0	82	0	0	0	0	24	0	0	0	1	2	0	184	0	95	7	5	0	0	0	68	0	0	0	0	0	213	43	0	17	0	0	12	3	0	0	0	1	853	0	0	0	0	2	0	0	0	0	0	0	0	120	0	0	2	2
4	0	0	0	0	0	0	0	0	0	0	0	4	0	0	0	0	0	14	0	0	0	0	0	0	0	0	0	0	0	0	0	38	7	10	0	0	0	533	0	1	0	0	0	3	36	0	0	0	0	0	43	0	0	0	0	1	0	0	0	0	6	0	0	0	0	0	0	0	0	0	0	0	0
269	0	0	0	0	0	0	0	0	0	0	0	0	0	0	0	0	0	6	0	0	0	0	24	0	0	0	0	21	0	92	0	0	0	9	0	0	0	116	0	0	0	0	0	54	0	0	0	0	0	0	32	0	0	0	4	0	120	0	0	0	0	0	0	0	0	3	0	0	0	0	0	0	0
0	0	0	0	0	0	0	0	0	0	0	0	1	1	0	0	0	2	0	0	0	0	0	6	0	0	0	2	0	0	0	0	0	0	3	0	0	0	1	0	0	0	0	0	2	0	0	0	0	0	0	0	0	0	0	2	1	4	0	0	0	0	2	0	0	0	0	1	0	0	0	0	0	0
126	0	0	0	0	0	0	0	0	0	0	0	0	0	0	0	20	0	2	24	0	24	6	0	26	0	0	0	24	0	0	0	4	0	9	0	0	0	1	0	0	0	0	0	29	0	0	0	0	0	0	1	8	0	40	46	2	6	0	0	0	0	0	0	0	0	0	132	0	2	0	0	0	0
90	0	0	0	0	0	0	0	0	0	0	0	0	0	0	0	0	0	4	0	0	0	0	26	0	0	0	0	0	0	0	0	0	0	15	0	0	0	0	0	0	0	0	0	77	0	0	0	0	0	0	7	0	0	0	0	1	6	0	0	0	0	0	0	0	0	0	0	0	0	0	0	0	0
0	0	0	0	0	0	0	0	0	0	0	0	0	0	0	0	0	0	0	0	0	0	0	0	0	0	0	0	0	0	0	0	0	0	0	0	0	0	0	0	0	0	0	0	0	0	0	0	0	0	0	0	0	0	0	0	0	0	0	0	0	0	0	0	0	0	0	0	0	0	0	0	0	0
0	0	0	0	0	0	0	0	0	0	0	0	0	0	0	0	0	0	0	0	0	0	0	0	0	0	0	0	0	0	0	0	0	0	0	0	0	0	0	0	0	0	0	0	0	0	0	0	0	0	0	0	0	0	0	0	0	0	0	0	0	0	0	0	0	0	0	0	0	0	0	0	0	0
0	2	6	0	199	0	0	0	0	0	4	0	304	0	0	3	0	4	19	1	0	0	2	0	0	0	0	0	0	0	1	0	1	56	1	0	0	0	0	0	0	1	0	0	5	357	0	1	0	0	0	11	0	0	0	1	19	27	129	14	0	1	3	64	0	0	0	0	0	2	120	0	0	0
3	0	0	0	0	0	0	0	0	1	0	0	0	0	0	0	0	0	115	2	0	21	0	24	0	0	0	0	0	0	0	0	15	0	559	0	0	48	33	0	0	0	0	0	0	0	0	0	0	0	0	17	0	0	3	0	17	232	13	0	0	0	0	0	0	0	60	59	0	0	2	0	0	0
0	0	15	378	1	0	0	0	0	0	0	0	0	0	0	0	0	0	0	0	0	0	0	0	0	0	0	0	0	0	0	0	0	0	0	240	0	0	0	0	241	0	0	0	0	0	0	1	0	2	0	0	0	0	0	0	0	0	0	0	0	0	0	0	0	442	0	0	0	0	0	0	12	0
3	0	0	0	0	0	0	0	0	121	0	0	0	0	0	0	16	0	202	184	0	92	0	0	0	0	0	1	0	0	0	0	0	2	2	0	0	0	14	0	0	0	0	186	341	0	8	0	0	0	26	3	910	0	216	0	266	20	0	0	0	0	0	0	0	0	116	34	0	8	0	0	0	60
0	0	0	0	0	0	0	0	0	0	0	0	0	0	0	0	0	0	0	0	0	0	0	0	0	0	0	0	0	0	0	0	0	0	0	0	0	1	0	0	0	0	0	0	0	0	1	0	0	0	0	0	0	0	0	0	0	0	0	0	0	1	0	1	0	0	0	0	0	1	0	0	0	0
1	3	4	0	2	0	0	0	0	0	1	0	67	0	0	0	187	0	84	95	38	0	0	4	0	0	0	1	15	0	0	0	0	0	298	0	0	1	268	0	5	2	0	1	0	1	0	0	0	0	0	16	0	0	0	3	0	37	0	0	0	15	0	0	0	0	0	4	3	3	297	0	0	0
0	1	7	0	10	0	0	0	0	0	0	0	52	1	0	0	5	8	0	7	7	0	0	0	0	0	0	56	0	0	2	0	0	0	9	0	0	0	90	0	2	0	0	0	3	193	0	0	0	0	0	5	2	0	4	0	1	257	1	0	0	22	1	4	0	0	3	1	0	1	10	0	0	0
43	0	0	0	0	0	0	0	0	10	0	0	9	0	0	0	1	0	404	5	10	9	3	9	15	0	0	1	559	0	2	0	298	9	0	0	0	271	94	0	0	1	0	0	0	0	0	0	0	0	0	23	0	0	3	4	67	872	134	5	0	0	0	0	0	0	55	13	0	22	2	0	0	0
1	0	0	0	0	0	0	0	0	157	2	0	0	9	213	0	0	0	6	0	0	0	0	0	0	0	0	0	0	240	0	0	0	0	0	0	1	0	0	0	22	0	0	18	0	0	0	0	0	0	0	0	0	0	0	0	19	1	0	0	0	2	1	0	0	129	0	0	0	1	0	0	2	0
0	0	0	0	0	0	0	0	0	0	0	0	0	0	0	0	0	0	0	0	0	0	0	0	0	0	0	0	0	0	0	0	0	0	0	1	0	0	0	0	2	1	0	1	0	0	0	0	0	0	0	0	0	0	0	0	1	0	0	0	1	0	0	0	0	0	0	0	0	0	0	0	0	0
0	0	0	0	0	0	0	0	0	0	0	0	0	1	0	0	0	2	18	0	0	0	0	0	0	0	0	0	48	0	0	1	1	0	271	0	0	0	0	0	57	0	0	0	1	0	0	0	0	0	0	3	0	0	0	0	7	405	4	2	0	37	0	0	0	0	2	0	0	1	0	0	1	6
2	0	4	0	0	0	0	0	0	0	0	0	51	0	0	4	240	0	180	68	533	116	1	1	0	0	0	0	33	0	14	0	268	90	94	0	0	0	0	0	0	0	0	0	7	114	1	0	9	0	0	68	3	0	147	0	1	27	12	2	0	0	0	0	0	1	16	16	0	3	227	0	0	0
0	0	0	0	0	0	0	0	0	0	0	0	0	0	0	0	0	0	0	0	0	0	0	0	0	0	0	0	0	0	0	0	0	0	0	0	0	0	0	0	0	0	0	0	0	0	0	0	0	0	0	0	0	0	0	0	0	0	0	0	0	0	0	0	0	0	0	0	0	0	0	0	0	0
0	0	299	611	1	0	4	0	0	460	0	0	2	0	77	0	1	6	0	0	1	0	0	0	0	0	0	0	0	241	0	0	5	2	0	22	2	57	0	0	0	0	3	404	1	103	0	20	0	0	0	0	0	0	0	0	15	3	0	0	0	26	9	2	0	460	2	0	5	0	0	0	0	1
0	0	0	0	0	0	0	0	0	24	0	0	0	1	143	0	0	3	0	0	0	0	0	0	0	0	0	1	0	0	0	0	2	0	1	0	1	0	0	0	0	0	1	438	0	12	0	5	0	0	0	0	0	0	0	0	28	181	8	0	0	61	19	0	0	108	0	0	0	0	0	0	1	0
0	0	0	0	0	0	0	0	0	0	0	0	0	0	0	0	0	0	0	0	0	0	0	0	0	0	0	0	0	0	0	0	0	0	0	0	0	0	0	0	3	1	0	1	0	0	0	0	0	0	0	0	0	0	0	0	1	0	0	0	0	0	0	0	0	0	0	0	0	0	0	0	0	0
0	0	82	6	0	0	0	0	0	587	32	0	1	3	110	0	0	5	4	0	0	0	0	0	0	0	0	0	0	0	186	0	1	0	0	18	1	0	0	0	404	438	1	0	1	6	0	34	0	0	2	0	168	0	0	0	52	11	0	0	0	58	1	0	0	13	0	1	0	0	0	0	2	0
72	2	1	0	1	0	0	0	0	0	0	0	2	0	0	0	5	1	14	213	3	54	2	29	77	0	0	5	0	0	341	0	0	3	0	0	0	1	7	0	1	0	0	1	0	1	0	0	0	0	48	5	262	0	166	0	266	27	0	0	0	8	0	0	0	0	28	0	0	102	5	5	0	6
0	2	0	2	160	0	0	0	0	21	4	0	148	2	0	1	24	20	0	43	36	0	0	0	0	0	0	357	0	0	0	0	1	193	0	0	0	0	114	0	103	12	0	6	1	0	0	0	0	0	0	6	2	0	9	3	46	157	0	0	0	11	0	0	0	0	18	6	0	15	39	0	0	0
0	0	0	0	0	0	0	0	0	0	0	0	0	0	0	0	0	0	2	0	0	0	0	0	0	0	0	0	0	0	8	1	0	0	0	0	0	0	1	0	0	0	0	0	0	0	0	0	0	0	0	4	0	0	0	0	0	0	0	0	0	0	0	0	0	0	0	0	0	0	0	0	0	0
0	0	1	0	5	0	0	0	0	4	0	0	0	0	3	0	0	0	3	17	0	0	0	0	0	0	0	1	0	1	0	0	0	0	0	0	0	0	0	0	20	5	0	34	0	0	0	0	0	0	0	0	0	0	0	0	50	0	0	0	0	5	0	0	0	1	0	0	0	21	32	0	0	0
0	0	0	0	0	0	0	0	0	0	0	0	0	0	0	0	0	0	0	0	0	0	0	0	0	0	0	0	0	0	0	0	0	0	0	0	0	0	9	0	0	0	0	0	0	0	0	0	0	0	0	2	0	0	0	0	0	0	0	0	0	0	0	0	0	0	0	0	0	0	0	0	0	0
0	0	0	0	0	0	0	0	2	0	0	0	0	0	0	0	0	43	0	0	0	0	0	0	0	0	0	0	0	2	0	0	0	0	0	0	0	0	0	0	0	0	0	0	0	0	0	0	0	0	0	0	0	0	0	0	0	0	0	0	0	0	0	0	0	0	0	0	0	0	0	0	0	0
0	0	0	0	0	0	0	0	0	3	0	0	0	0	0	0	0	0	2	12	0	0	0	0	0	0	0	0	0	0	26	0	0	0	0	0	0	0	0	0	0	0	0	2	48	0	0	0	0	0	0	1	50	0	9	0	146	0	0	0	0	0	0	0	0	0	2	1	0	0	0	0	0	0
10	0	0	0	0	0	0	0	0	0	0	0	2	0	0	0	61	0	33	3	43	32	0	1	7	0	0	11	17	0	3	0	16	5	23	0	0	3	68	0	0	0	0	0	5	6	4	0	2	0	1	0	7	0	52	1	4	9	14	0	0	1	0	0	0	0	19	12	0	2	14	0	0	0
1	0	0	0	0	0	0	0	0	246	0	0	0	0	1	0	0	0	60	0	0	0	0	8	0	0	0	0	0	0	910	0	0	2	0	0	0	0	3	0	0	0	0	168	262	2	0	0	0	0	50	7	0	0	0	0	909	70	0	0	0	0	0	0	0	0	0	0	0	73	0	0	0	8
0	0	0	0	0	0	0	0	0	0	0	0	0	0	0	0	0	0	0	0	0	0	0	0	0	0	0	0	0	0	0	0	0	0	0	0	0	0	0	0	0	0	0	0	0	0	0	0	0	0	0	0	0	0	0	0	0	0	0	0	0	0	0	0	0	0	0	0	0	0	0	0	0	0
164	0	0	0	0	0	0	0	0	0	0	0	4	0	0	0	0	0	4	0	0	0	0	40	0	0	0	0	3	0	216	0	0	4	3	0	0	0	147	0	0	0	0	0	166	9	0	0	0	0	9	52	0	0	0	0	0	69	0	0	0	0	4	0	0	0	12	0	0	0	0	0	0	1
0	0	0	0	0	0	0	0	0	2	0	0	0	0	0	0	0	0	2	1	0	4	2	46	0	0	0	1	0	0	0	0	3	0	4	0	0	0	0	0	0	0	0	0	0	3	0	0	0	0	0	1	0	0	0	0	316	1	23	0	0	0	0	0	0	0	0	0	0	133	0	0	0	0
1	1	451	0	1	0	0	0	0	626	1	0	3	1	151	0	1	5	195	853	1	0	1	2	1	0	0	19	17	0	266	0	0	1	67	19	1	7	1	0	15	28	1	52	266	46	0	50	0	0	146	4	909	0	0	316	0	69	56	2	4	117	0	0	0	73	6	0	0	840	17	0	0	1
27	0	2	0	0	0	0	0	0	20	0	0	5	14	3	0	36	5	216	0	0	120	4	6	6	0	0	27	232	0	20	0	37	257	872	1	0	405	27	0	3	181	0	11	27	157	0	0	0	0	0	9	70	0	69	1	69	0	622	15	0	58	1	0	0	0	853	78	0	8	121	0	0	9
0	0	0	0	0	0	0	0	0	0	0	0	2	0	0	0	0	0	44	0	0	0	0	0	0	0	0	129	13	0	0	0	0	1	134	0	0	4	12	0	0	8	0	0	0	0	0	0	0	0	0	14	0	0	0	23	56	622	0	7	0	69	0	0	0	0	35	0	0	7	10	0	0	0
0	0	0	0	0	0	0	0	0	0	0	0	0	0	0	0	0	0	3	0	0	0	0	0	0	0	0	14	0	0	0	0	0	0	5	0	0	2	2	0	0	0	0	0	0	0	0	0	0	0	0	0	0	0	0	0	2	15	7	0	0	0	0	0	0	0	0	0	0	2	4	0	0	0
0	0	0	0	0	0	0	0	0	6	0	0	0	14	0	0	0	0	0	0	0	0	0	0	0	0	0	0	0	0	0	0	0	0	0	0	1	0	0	0	0	0	0	0	0	0	0	0	0	0	0	0	0	0	0	0	4	0	0	0	0	29	1	0	0	0	0	0	0	0	0	0	1	10
0	0	19	2	218	0	0	0	0	3	30	0	1	28	1	0	2	20	0	2	6	0	0	0	0	0	0	1	0	0	0	1	15	22	0	2	0	37	0	0	26	61	0	58	8	11	0	5	0	0	0	1	0	0	0	0	117	58	69	0	29	0	0	0	0	5	0	16	19	2	0	0	3	5
0	0	0	0	0	0	1	0	0	3	0	0	0	0	1	0	2	0	0	0	0	0	2	0	0	0	0	3	0	0	0	0	0	1	0	1	0	0	0	0	9	19	0	1	0	0	0	0	0	0	0	0	0	0	4	0	0	1	0	0	1	0	0	0	0	18	6	0	0	0	0	0	0	0
0	0	0	0	13	0	0	0	0	0	2	0	1	0	0	0	0	0	0	0	0	0	0	0	0	0	0	64	0	0	0	1	0	4	0	0	0	0	0	0	2	0	0	0	0	0	0	0	0	0	0	0	0	0	0	0	0	0	0	0	0	0	0	0	0	0	0	0	0	0	0	0	0	0
0	0	0	0	0	0	0	0	0	0	0	0	0	0	0	0	0	0	0	0	0	0	0	0	0	0	0	0	0	0	0	0	0	0	0	0	0	0	0	0	0	0	0	0	0	0	0	0	0	0	0	0	0	0	0	0	0	0	0	0	0	0	0	0	0	0	0	0	0	0	0	0	0	0
0	0	35	26	0	0	0	0	0	125	0	0	0	0	16	0	0	0	0	0	0	0	0	0	0	0	0	0	0	442	0	0	0	0	0	129	0	0	1	0	460	108	0	13	0	0	0	1	0	0	0	0	0	0	0	0	73	0	0	0	0	5	18	0	0	0	0	0	0	0	0	0	1	0
3	0	0	0	0	0	0	0	0	0	0	0	0	0	0	0	4	1	2	0	0	3	0	0	0	0	0	0	60	0	116	0	0	3	55	0	0	2	16	0	2	0	0	0	28	18	0	0	0	0	2	19	0	0	12	0	6	853	35	0	0	0	6	0	0	0	0	1	0	1	1	0	1	0
240	0	0	0	0	0	0	0	0	0	0	0	0	0	0	0	3	0	18	0	0	0	1	132	0	0	0	0	59	0	34	0	4	1	13	0	0	0	16	0	0	0	0	1	0	6	0	0	0	0	1	12	0	0	0	0	0	78	0	0	0	16	0	0	0	0	1	0	0	0	2	0	0	0
0	0	0	0	0	0	0	0	0	0	0	0	0	0	0	0	0	0	0	0	0	0	0	0	0	0	0	0	0	0	0	0	3	0	0	0	0	0	0	0	5	0	0	0	0	0	0	0	0	0	0	0	0	0	0	0	0	0	0	0	0	19	0	0	0	0	0	0	0	1	0	0	0	0
3	0	4	0	0	0	0	0	0	166	0	0	0	0	0	0	0	1	103	120	0	0	0	2	0	0	0	2	0	0	8	1	3	1	22	1	0	1	3	0	0	0	0	0	102	15	0	21	0	0	0	2	73	0	0	133	840	8	7	2	0	2	0	0	0	0	1	0	1	0	0	0	0	0
0	0	0	0	0	0	0	0	0	2	0	0	17	0	0	0	1	1	24	0	0	0	0	0	0	0	0	120	2	0	0	0	297	10	2	0	0	0	227	0	0	0	0	0	5	39	0	32	0	0	0	14	0	0	0	0	17	121	10	4	0	0	0	0	0	0	1	2	0	0	0	0	0	0
0	0	0	0	0	0	0	0	0	0	0	0	0	0	0	0	0	0	0	0	0	0	0	0	0	0	0	0	0	0	0	0	0	0	0	0	0	0	0	0	0	0	0	0	5	0	0	0	0	0	0	0	0	0	0	0	0	0	0	0	0	0	0	0	0	0	0	0	0	0	0	0	0	0
0	0	0	0	0	0	0	0	0	0	0	0	0	0	0	0	0	3	0	2	0	0	0	0	0	0	0	0	0	12	0	0	0	0	0	2	0	1	0	0	0	1	0	2	0	0	0	0	0	0	0	0	0	0	0	0	0	0	0	0	1	3	0	0	0	1	1	0	0	0	0	0	0	0
0	0	0	0	0	0	0	0	0	0	0	0	0	0	0	0	0	0	0	2	0	0	0	0	0	0	0	0	0	0	60	0	0	0	0	0	0	6	0	0	1	0	0	0	6	0	0	0	0	0	0	0	8	0	1	0	1	9	0	0	10	5	0	0	0	0	0	0	0	0	0	0	0	0
