0	0	0	0	0	0	0	0	0	0	0	0	0	0	0	0	0	0	0	0	0	0	0	0	0	0	0	0	0	0	0	0	0	0	0	0	0	0	0	0	0	0	0	0	0	0	0	0	0	0	0	0	0	0	0	0	0	0	0	0	0	0	0	0	0	0	0	0	0	0	0	0	0	0	0
0	0	413	101	0	0	0	0	0	0	500	0	0	0	0	0	2	102	0	0	4	1322	0	0	15	0	0	0	540	0	6	0	0	0	0	0	0	0	44	0	85	0	0	2	0	0	0	0	0	0	9	0	62	0	56	0	1072	7	0	0	0	0	0	0	0	7	52	9	0	0	0	0	0	0	0
0	413	0	0	0	0	0	0	0	0	1	1	0	4	0	0	0	39	0	0	43	119	0	0	16	0	0	1	89	0	0	0	0	0	0	0	0	0	11	0	57	0	9	4	0	0	0	0	0	0	113	0	86	0	23	0	0	0	0	2	0	0	0	0	0	18	176	0	0	0	8	0	37	0	0
0	101	0	0	0	0	46	0	0	0	180	0	0	0	0	121	0	13	0	1	0	87	0	0	12	0	0	12	19	0	78	0	0	0	0	0	0	0	7	0	23	0	2	0	0	0	0	0	0	0	0	0	182	4	6	0	0	0	0	1	0	0	0	0	0	16	0	0	0	0	9	0	0	0	211
0	0	0	0	0	0	0	0	0	0	0	0	0	0	0	0	0	0	0	0	1	0	0	0	0	0	0	0	0	1	0	5	1	0	0	0	0	0	0	0	4	0	4	2	0	0	0	0	0	0	2	0	0	0	0	0	0	0	0	10	0	0	0	8	6	0	0	0	0	1	0	0	0	0	0
0	0	0	0	0	0	0	0	0	0	0	0	0	0	0	0	0	0	0	0	0	0	0	0	0	0	0	0	0	0	0	0	0	0	0	0	0	0	0	0	0	0	0	0	0	0	0	0	0	0	0	0	0	0	0	0	0	0	0	0	0	0	0	0	0	0	0	5	0	0	0	0	0	0	0
0	0	0	46	0	0	0	0	0	0	1	0	0	0	0	0	0	1	0	0	0	1	0	0	1	0	0	1	1	0	1	1	0	0	0	0	0	0	0	0	1	0	0	0	0	0	0	0	0	0	0	0	2	1	0	0	0	0	0	0	0	0	0	0	0	0	0	0	0	0	1	0	0	0	1
0	0	0	0	0	0	0	0	0	0	0	0	0	0	0	0	0	0	0	0	0	0	0	0	0	0	0	0	0	0	0	0	0	0	0	0	0	0	0	0	0	0	0	0	0	0	0	0	0	0	0	0	0	0	0	0	0	0	0	0	0	0	0	0	0	0	0	0	0	0	0	0	0	0	0
0	0	0	0	0	0	0	0	0	0	0	0	0	4	0	0	0	0	0	0	8	0	0	0	1	0	0	0	0	0	0	0	0	0	0	0	0	0	0	0	0	0	0	0	0	0	0	0	0	0	4	0	0	0	0	0	0	1	0	0	0	0	0	0	0	0	1	20	0	0	0	0	0	0	0
0	0	0	0	0	0	0	0	0	0	0	0	0	0	0	0	0	0	0	0	0	0	0	0	0	0	0	0	0	0	0	0	0	0	0	0	0	0	0	0	0	0	0	0	0	0	0	0	0	0	0	0	0	0	0	0	0	0	0	0	0	0	0	0	0	0	0	0	0	0	0	0	0	0	0
0	500	1	180	0	0	1	0	0	0	0	0	0	38	0	41	0	23	0	5	0	29	0	0	133	0	0	0	81	0	0	0	0	0	0	0	0	0	4	0	185	0	71	0	0	0	0	0	0	0	1	0	9	0	21	0	66	19	0	0	0	0	0	0	0	62	102	0	0	0	1	0	1	0	0
0	0	1	0	0	0	0	0	0	0	0	0	0	0	0	0	0	0	0	0	0	0	0	0	0	0	0	0	0	0	4	0	0	0	0	0	0	0	0	0	0	0	0	0	0	0	0	0	0	0	116	0	0	0	0	5	0	0	0	0	0	0	0	0	0	0	0	9	0	0	0	0	0	0	0
0	0	0	0	0	0	0	0	0	0	0	0	0	0	0	0	0	2	0	0	0	0	0	0	5	0	0	0	11	0	0	0	0	0	0	0	0	0	0	0	37	0	0	0	0	0	0	0	0	0	150	0	0	0	0	0	0	0	0	0	0	0	0	0	0	0	1	0	0	0	0	0	81	0	0
0	0	4	0	0	0	0	0	4	0	38	0	0	0	0	0	0	0	0	0	0	0	0	0	0	1	0	0	0	26	1	0	0	0	0	0	0	0	0	0	3	0	0	0	0	0	0	0	0	0	0	0	0	0	0	0	0	17	0	0	0	0	0	0	1	0	1	18	0	0	0	0	0	0	0
0	0	0	0	0	0	0	0	0	0	0	0	0	0	0	0	0	0	0	0	0	0	0	0	0	0	0	0	0	0	0	0	0	0	0	0	0	0	0	0	0	0	0	0	0	0	0	0	0	0	0	0	0	0	0	0	0	0	0	0	0	0	0	0	0	0	0	0	0	0	0	0	0	0	0
0	0	0	121	0	0	0	0	0	0	41	0	0	0	0	0	60	0	0	70	2	0	0	0	2	0	0	0	0	8	1	0	2	0	0	0	0	0	0	0	6	0	51	1	0	0	0	0	0	0	1	7	0	0	0	66	0	11	0	0	0	0	0	0	0	0	0	3	0	1	4	0	0	0	0
0	2	0	0	0	0	0	0	0	0	0	0	0	0	0	60	0	0	0	87	30	0	0	0	5	0	0	18	0	0	0	0	0	0	0	0	0	0	0	0	225	0	20	6	0	0	0	0	0	0	72	0	0	0	9	11	0	1	0	0	0	0	0	32	0	3	0	315	0	34	0	0	18	0	0
0	102	39	13	0	0	1	0	0	0	23	0	2	0	0	0	0	0	0	0	149	471	0	0	176	0	0	102	564	0	151	0	0	0	0	0	0	0	255	0	652	0	9	64	0	0	0	0	0	0	953	0	1	0	333	0	6	17	0	8	0	0	0	0	0	161	211	18	0	0	0	0	85	0	1
0	0	0	0	0	0	0	0	0	0	0	0	0	0	0	0	0	0	0	0	0	0	0	0	0	0	0	0	0	0	0	0	0	0	0	0	0	0	0	0	0	0	0	0	0	0	0	0	0	0	0	0	0	0	0	0	0	0	0	0	0	0	0	0	0	0	0	0	0	0	0	0	0	0	0
0	0	0	1	0	0	0	0	0	0	5	0	0	0	0	70	87	0	0	0	7	0	0	0	0	0	0	0	0	73	0	0	34	0	0	0	0	0	1	0	469	0	38	2	0	0	0	0	0	0	0	1	0	0	0	0	0	2	0	0	0	0	0	1	0	0	0	0	0	0	58	0	0	0	19
0	4	43	0	1	0	0	0	8	0	0	0	0	0	0	2	30	149	0	7	0	7	0	0	36	0	0	89	6	0	64	0	0	0	0	0	0	0	4	0	354	0	7	131	0	0	0	0	0	0	1259	0	0	0	33	0	0	5	0	4	0	0	0	0	0	5	15	1	0	0	0	0	51	0	0
0	1322	119	87	0	0	1	0	0	0	29	0	0	0	0	0	0	471	0	0	7	0	0	0	338	0	0	129	724	0	467	2	0	0	0	0	0	0	51	0	627	0	1	16	0	0	0	0	0	0	613	0	47	4	82	0	263	5	0	3	0	0	0	0	0	182	25	0	0	0	1	0	60	0	14
0	0	0	0	0	0	0	0	0	0	0	0	0	0	0	0	0	0	0	0	0	0	0	0	0	0	0	0	0	0	0	0	0	0	0	0	0	0	0	0	0	0	0	0	0	0	0	0	0	0	0	0	0	0	0	0	0	0	0	0	0	0	0	0	0	0	0	0	0	0	0	0	0	0	0
0	0	0	0	0	0	0	0	0	0	0	0	0	0	0	0	0	0	0	0	0	0	0	0	0	0	0	0	0	0	0	0	0	0	0	0	0	0	0	0	0	0	0	0	0	0	0	0	0	0	0	0	0	0	0	0	0	0	0	0	0	0	0	0	0	0	0	0	0	0	0	0	0	0	0
0	15	16	12	0	0	1	0	1	0	133	0	5	0	0	2	5	176	0	0	36	338	0	0	0	0	0	37	772	0	419	3	0	0	0	0	0	0	858	0	256	0	2	18	0	0	0	0	0	0	208	1	4	2	708	1	0	18	0	26	0	0	0	0	1	676	75	27	0	0	0	40	34	0	6
0	0	0	0	0	0	0	0	0	0	0	0	0	1	0	0	0	0	0	0	0	0	0	0	0	0	0	0	0	0	0	0	0	0	0	0	0	0	0	0	0	0	0	0	0	0	0	0	0	0	0	0	0	0	0	0	0	0	0	0	0	0	0	0	0	0	0	0	0	0	0	0	0	0	0
0	0	0	0	0	0	0	0	0	0	0	0	0	0	0	0	0	0	0	0	0	0	0	0	0	0	0	0	0	0	0	0	0	0	0	0	0	0	0	0	0	0	0	0	0	0	0	0	0	0	0	0	4	0	0	0	0	0	0	0	0	0	0	0	0	0	0	0	0	0	0	0	0	0	0
0	0	1	12	0	0	1	0	0	0	0	0	0	0	0	0	18	102	0	0	89	129	0	0	37	0	0	0	102	0	72	4	0	0	0	0	0	0	58	0	121	0	11	8	0	0	0	0	0	0	28	0	5	17	60	0	0	3	0	0	0	0	0	0	0	16	2	0	0	0	0	0	0	3	0
0	540	89	19	0	0	1	0	0	0	81	0	11	0	0	0	0	564	0	0	6	724	0	0	772	0	0	102	0	0	197	0	0	0	0	0	0	0	618	0	256	0	3	7	0	0	0	0	0	0	19	0	133	2	504	0	7	33	0	55	0	0	0	0	1	553	69	0	0	0	0	0	154	0	7
0	0	0	0	1	0	0	0	0	0	0	0	0	26	0	8	0	0	0	73	0	0	0	0	0	0	0	0	0	0	0	0	0	0	0	0	0	0	0	0	0	0	61	1	0	0	0	0	0	0	0	0	0	0	1	0	0	32	0	0	0	0	0	0	0	0	0	0	0	0	1	0	0	0	0
0	6	0	78	0	0	1	0	0	0	0	4	0	1	0	1	0	151	0	0	64	467	0	0	419	0	0	72	197	0	0	0	0	0	0	0	0	0	0	0	650	0	8	5	0	0	0	0	0	0	478	0	1	0	17	0	1	0	0	0	0	0	0	0	0	1	1	0	0	0	0	0	101	0	0
0	0	0	0	5	0	1	0	0	0	0	0	0	0	0	0	0	0	0	0	0	2	0	0	3	0	0	4	0	0	0	0	0	0	0	0	0	0	0	0	0	0	1	24	0	0	0	0	0	0	0	0	0	0	0	0	0	1	0	0	0	0	0	0	0	93	97	0	0	0	0	0	0	0	0
0	0	0	0	1	0	0	0	0	0	0	0	0	0	0	2	0	0	0	34	0	0	0	0	0	0	0	0	0	0	0	0	0	0	0	0	0	0	0	0	0	0	6	0	0	0	0	0	0	0	0	0	0	0	0	0	0	11	0	0	0	0	0	0	0	0	0	0	0	0	0	0	0	0	0
0	0	0	0	0	0	0	0	0	0	0	0	0	0	0	0	0	0	0	0	0	0	0	0	0	0	0	0	0	0	0	0	0	0	0	0	0	0	0	0	0	0	0	0	0	0	0	0	0	0	0	0	0	0	0	0	0	0	0	0	0	0	0	0	0	0	0	0	0	0	0	0	0	0	0
0	0	0	0	0	0	0	0	0	0	0	0	0	0	0	0	0	0	0	0	0	0	0	0	0	0	0	0	0	0	0	0	0	0	0	0	0	0	0	0	0	0	0	0	0	0	0	0	0	0	0	0	0	0	0	0	0	0	0	0	0	0	0	0	0	0	0	0	0	0	0	0	0	0	0
0	0	0	0	0	0	0	0	0	0	0	0	0	0	0	0	0	0	0	0	0	0	0	0	0	0	0	0	0	0	0	0	0	0	0	0	0	0	0	0	0	0	0	0	0	0	0	0	0	0	0	0	0	0	0	0	0	0	0	0	0	0	0	0	0	0	0	0	0	0	0	0	0	0	0
0	0	0	0	0	0	0	0	0	0	0	0	0	0	0	0	0	0	0	0	0	0	0	0	0	0	0	0	0	0	0	0	0	0	0	0	0	0	0	0	0	0	0	0	0	0	0	0	0	0	0	0	0	0	0	0	0	0	0	0	0	0	0	0	0	0	0	0	0	0	0	0	0	0	0
0	0	0	0	0	0	0	0	0	0	0	0	0	0	0	0	0	0	0	0	0	0	0	0	0	0	0	0	0	0	0	0	0	0	0	0	0	0	0	0	0	0	0	0	0	0	0	0	0	0	0	0	0	0	0	0	0	0	0	0	0	0	0	0	0	0	0	0	0	0	0	0	0	0	0
0	44	11	7	0	0	0	0	0	0	4	0	0	0	0	0	0	255	0	1	4	51	0	0	858	0	0	58	618	0	0	0	0	0	0	0	0	0	0	0	139	0	1	620	0	0	0	0	0	0	1157	0	1	0	185	0	0	11	0	3	0	0	0	0	0	522	249	53	0	1	0	0	62	0	0
0	0	0	0	0	0	0	0	0	0	0	0	0	0	0	0	0	0	0	0	0	0	0	0	0	0	0	0	0	0	0	0	0	0	0	0	0	0	0	0	0	0	0	7	0	0	0	0	0	0	0	0	0	0	0	0	0	0	0	0	0	0	0	0	0	1	0	0	0	10	0	0	0	0	0
0	85	57	23	4	0	1	0	0	0	185	0	37	3	0	6	225	652	0	469	354	627	0	0	256	0	0	121	256	0	650	0	0	0	0	0	0	0	139	0	0	0	29	84	0	0	0	0	0	0	1172	0	3	1	172	8	1	9	0	74	0	0	0	2	0	176	32	2	0	8	0	0	183	0	495
0	0	0	0	0	0	0	0	0	0	0	0	0	0	0	0	0	0	0	0	0	0	0	0	0	0	0	0	0	0	0	0	0	0	0	0	0	0	0	0	0	0	0	53	0	0	0	0	0	0	107	0	0	0	0	0	0	0	0	0	0	0	0	2	0	0	0	3	0	0	0	0	0	0	0
0	0	9	2	4	0	0	0	0	0	71	0	0	0	0	51	20	9	0	38	7	1	0	0	2	0	0	11	3	61	8	1	6	0	0	0	0	0	1	0	29	0	0	2	0	0	0	0	0	0	4	0	0	0	1	0	0	10	0	0	0	0	0	0	0	3	0	0	0	2	52	2	0	1	11
0	2	4	0	2	0	0	0	0	0	0	0	0	0	0	1	6	64	0	2	131	16	0	0	18	0	0	8	7	1	5	24	0	0	0	0	0	0	620	7	84	53	2	0	0	0	0	0	0	0	1231	53	0	0	706	1	0	1	0	19	0	0	0	10	0	110	19	2	0	1	1	10	15	3	1
0	0	0	0	0	0	0	0	0	0	0	0	0	0	0	0	0	0	0	0	0	0	0	0	0	0	0	0	0	0	0	0	0	0	0	0	0	0	0	0	0	0	0	0	0	0	0	0	0	0	0	0	0	0	0	0	0	0	0	0	0	0	0	0	0	0	0	0	0	0	0	0	0	0	0
0	0	0	0	0	0	0	0	0	0	0	0	0	0	0	0	0	0	0	0	0	0	0	0	0	0	0	0	0	0	0	0	0	0	0	0	0	0	0	0	0	0	0	0	0	0	0	0	0	0	0	0	0	0	0	0	0	0	0	0	0	0	0	0	0	0	0	0	0	0	0	0	0	0	0
0	0	0	0	0	0	0	0	0	0	0	0	0	0	0	0	0	0	0	0	0	0	0	0	0	0	0	0	0	0	0	0	0	0	0	0	0	0	0	0	0	0	0	0	0	0	0	0	0	0	0	0	0	0	0	0	0	0	0	0	0	0	0	0	0	0	0	0	0	0	0	0	0	0	0
0	0	0	0	0	0	0	0	0	0	0	0	0	0	0	0	0	0	0	0	0	0	0	0	0	0	0	0	0	0	0	0	0	0	0	0	0	0	0	0	0	0	0	0	0	0	0	0	0	0	0	0	0	0	0	0	0	0	0	0	0	0	0	0	0	0	0	0	0	0	0	0	0	0	0
0	0	0	0	0	0	0	0	0	0	0	0	0	0	0	0	0	0	0	0	0	0	0	0	0	0	0	0	0	0	0	0	0	0	0	0	0	0	0	0	0	0	0	0	0	0	0	0	0	0	0	0	0	0	0	0	0	0	0	0	0	0	0	0	0	0	0	0	0	0	0	0	0	0	0
0	0	0	0	0	0	0	0	0	0	0	0	0	0	0	0	0	0	0	0	0	0	0	0	0	0	0	0	0	0	0	0	0	0	0	0	0	0	0	0	0	0	0	0	0	0	0	0	0	0	0	0	0	0	0	0	0	0	0	0	0	0	0	0	0	0	0	0	0	1	0	0	0	0	0
0	9	113	0	2	0	0	0	4	0	1	116	150	0	0	1	72	953	0	0	1259	613	0	0	208	0	0	28	19	0	478	0	0	0	0	0	0	0	1157	0	1172	107	4	1231	0	0	0	0	0	0	0	0	0	0	551	0	6	11	0	89	0	0	0	0	0	6	79	0	0	1	6	0	341	4	5
0	0	0	0	0	0	0	0	0	0	0	0	0	0	0	7	0	0	0	1	0	0	0	0	1	0	0	0	0	0	0	0	0	0	0	0	0	0	0	0	0	0	0	53	0	0	0	0	0	0	0	0	0	0	0	3	0	36	0	0	0	0	0	0	0	0	0	7	0	0	0	0	0	0	0
0	62	86	182	0	0	2	0	0	0	9	0	0	0	0	0	0	1	0	0	0	47	0	0	4	0	4	5	133	0	1	0	0	0	0	0	0	0	1	0	3	0	0	0	0	0	0	0	0	0	0	0	0	36	0	0	0	0	0	0	0	0	0	0	0	0	0	0	0	0	0	0	0	0	0
0	0	0	4	0	0	1	0	0	0	0	0	0	0	0	0	0	0	0	0	0	4	0	0	2	0	0	17	2	0	0	0	0	0	0	0	0	0	0	0	1	0	0	0	0	0	0	0	0	0	0	0	36	0	0	0	0	0	0	0	0	0	0	0	0	2	0	0	0	0	0	0	0	0	0
0	56	23	6	0	0	0	0	0	0	21	0	0	0	0	0	9	333	0	0	33	82	0	0	708	0	0	60	504	1	17	0	0	0	0	0	0	0	185	0	172	0	1	706	0	0	0	0	0	0	551	0	0	0	0	0	1	8	0	2	0	0	0	2	0	680	302	20	0	0	0	0	89	0	7
0	0	0	0	0	0	0	0	0	0	0	5	0	0	0	66	11	0	0	0	0	0	0	0	1	0	0	0	0	0	0	0	0	0	0	0	0	0	0	0	8	0	0	1	0	0	0	0	0	0	0	3	0	0	0	0	0	280	0	0	0	0	0	0	0	2	0	54	0	0	0	0	0	0	0
0	1072	0	0	0	0	0	0	0	0	66	0	0	0	0	0	0	6	0	0	0	263	0	0	0	0	0	0	7	0	1	0	0	0	0	0	0	0	0	0	1	0	0	0	0	0	0	0	0	0	6	0	0	0	1	0	0	0	0	0	0	0	0	0	0	0	1	0	0	0	0	0	0	0	0
0	7	0	0	0	0	0	0	1	0	19	0	0	17	0	11	1	17	0	2	5	5	0	0	18	0	0	3	33	32	0	1	11	0	0	0	0	0	11	0	9	0	10	1	0	0	0	0	0	0	11	36	0	0	8	280	0	0	0	0	0	0	0	0	3	9	27	73	0	6	0	0	7	3	0
0	0	0	0	0	0	0	0	0	0	0	0	0	0	0	0	0	0	0	0	0	0	0	0	0	0	0	0	0	0	0	0	0	0	0	0	0	0	0	0	0	0	0	0	0	0	0	0	0	0	0	0	0	0	0	0	0	0	0	0	0	0	0	0	0	0	0	0	0	0	0	0	0	0	0
0	0	2	1	10	0	0	0	0	0	0	0	0	0	0	0	0	8	0	0	4	3	0	0	26	0	0	0	55	0	0	0	0	0	0	0	0	0	3	0	74	0	0	19	0	0	0	0	0	0	89	0	0	0	2	0	0	0	0	0	0	0	0	27	0	149	1	1	0	123	0	0	94	0	0
0	0	0	0	0	0	0	0	0	0	0	0	0	0	0	0	0	0	0	0	0	0	0	0	0	0	0	0	0	0	0	0	0	0	0	0	0	0	0	0	0	0	0	0	0	0	0	0	0	0	0	0	0	0	0	0	0	0	0	0	0	0	0	0	0	0	0	0	0	0	0	0	0	0	0
0	0	0	0	0	0	0	0	0	0	0	0	0	0	0	0	0	0	0	0	0	0	0	0	0	0	0	0	0	0	0	0	0	0	0	0	0	0	0	0	0	0	0	0	0	0	0	0	0	0	0	0	0	0	0	0	0	0	0	0	0	0	0	0	0	0	0	0	0	0	0	0	0	0	0
0	0	0	0	0	0	0	0	0	0	0	0	0	0	0	0	0	0	0	0	0	0	0	0	0	0	0	0	0	0	0	0	0	0	0	0	0	0	0	0	0	0	0	0	0	0	0	0	0	0	0	0	0	0	0	0	0	0	0	0	0	0	0	0	0	0	0	0	0	0	0	0	0	0	0
0	0	0	0	8	0	0	0	0	0	0	0	0	0	0	0	32	0	0	1	0	0	0	0	0	0	0	0	0	0	0	0	0	0	0	0	0	0	0	0	2	2	0	10	0	0	0	0	0	0	0	0	0	0	2	0	0	0	0	27	0	0	0	0	30	0	0	0	0	160	0	0	11	8	1
0	0	0	0	6	0	0	0	0	0	0	0	0	1	0	0	0	0	0	0	0	0	0	0	1	0	0	0	1	0	0	0	0	0	0	0	0	0	0	0	0	0	0	0	0	0	0	0	0	0	0	0	0	0	0	0	0	3	0	0	0	0	0	30	0	0	0	207	0	103	0	0	0	0	0
0	7	18	16	0	0	0	0	0	0	62	0	0	0	0	0	3	161	0	0	5	182	0	0	676	0	0	16	553	0	1	93	0	0	0	0	0	0	522	1	176	0	3	110	0	0	0	0	0	0	6	0	0	2	680	2	0	9	0	149	0	0	0	0	0	0	162	1	0	1	1	56	0	0	1
0	52	176	0	0	0	0	0	1	0	102	0	1	1	0	0	0	211	0	0	15	25	0	0	75	0	0	2	69	0	1	97	0	0	0	0	0	0	249	0	32	0	0	19	0	0	0	0	0	0	79	0	0	0	302	0	1	27	0	1	0	0	0	0	0	162	0	4	0	0	0	121	31	1	0
0	9	0	0	0	5	0	0	20	0	0	9	0	18	0	3	315	18	0	0	1	0	0	0	27	0	0	0	0	0	0	0	0	0	0	0	0	0	53	0	2	3	0	2	0	0	0	0	0	0	0	7	0	0	20	54	0	73	0	1	0	0	0	0	207	1	4	0	0	0	0	0	0	0	0
0	0	0	0	0	0	0	0	0	0	0	0	0	0	0	0	0	0	0	0	0	0	0	0	0	0	0	0	0	0	0	0	0	0	0	0	0	0	0	0	0	0	0	0	0	0	0	0	0	0	0	0	0	0	0	0	0	0	0	0	0	0	0	0	0	0	0	0	0	0	0	0	0	0	0
0	0	0	0	1	0	0	0	0	0	0	0	0	0	0	1	34	0	0	0	0	0	0	0	0	0	0	0	0	0	0	0	0	0	0	0	0	0	1	10	8	0	2	1	0	0	0	0	0	1	1	0	0	0	0	0	0	6	0	123	0	0	0	160	103	1	0	0	0	0	0	0	0	20	0
0	0	8	9	0	0	1	0	0	0	1	0	0	0	0	4	0	0	0	58	0	1	0	0	0	0	0	0	0	1	0	0	0	0	0	0	0	0	0	0	0	0	52	1	0	0	0	0	0	0	6	0	0	0	0	0	0	0	0	0	0	0	0	0	0	1	0	0	0	0	0	0	0	0	0
0	0	0	0	0	0	0	0	0	0	0	0	0	0	0	0	0	0	0	0	0	0	0	0	40	0	0	0	0	0	0	0	0	0	0	0	0	0	0	0	0	0	2	10	0	0	0	0	0	0	0	0	0	0	0	0	0	0	0	0	0	0	0	0	0	56	121	0	0	0	0	0	0	0	0
0	0	37	0	0	0	0	0	0	0	1	0	81	0	0	0	18	85	0	0	51	60	0	0	34	0	0	0	154	0	101	0	0	0	0	0	0	0	62	0	183	0	0	15	0	0	0	0	0	0	341	0	0	0	89	0	0	7	0	94	0	0	0	11	0	0	31	0	0	0	0	0	0	0	0
0	0	0	0	0	0	0	0	0	0	0	0	0	0	0	0	0	0	0	0	0	0	0	0	0	0	0	3	0	0	0	0	0	0	0	0	0	0	0	0	0	0	1	3	0	0	0	0	0	0	4	0	0	0	0	0	0	3	0	0	0	0	0	8	0	0	1	0	0	20	0	0	0	0	0
0	0	0	211	0	0	1	0	0	0	0	0	0	0	0	0	0	1	0	19	0	14	0	0	6	0	0	0	7	0	0	0	0	0	0	0	0	0	0	0	495	0	11	1	0	0	0	0	0	0	5	0	0	0	7	0	0	0	0	0	0	0	0	1	0	1	0	0	0	0	0	0	0	0	0
