0	0	0	0	0	0	0	0	0	0	0	0	0	0	0	0	0	0	0	0	0	0	0	0	0	0	0	0	0	0	0	0	0	0	0	0	0	0	0	0	0	0	0	0	0	0	0	0	0	0	0	0	0	0	0	0	0	0	0	0	0	0	0	0	0	0	0	0	0	0	0	0	0	0	0
0	0	129	0	0	0	0	0	0	0	50	0	0	0	112	0	0	2	0	0	0	104	0	0	3	0	0	0	0	0	0	0	0	0	0	0	0	0	0	0	11	0	0	0	0	0	0	0	26	0	0	0	142	96	2	0	30	0	106	55	0	0	0	0	0	2	161	0	0	0	0	0	0	0	0
0	129	0	0	7	0	0	0	0	0	0	0	1	0	0	0	0	3	10	0	0	4	0	0	37	0	0	3	28	0	0	1	0	57	0	0	3	0	4	7	2	0	308	8	0	2	0	0	8	0	0	0	69	0	7	0	9	8	23	5	2	5	0	0	69	17	640	3	0	0	38	7	0	8	0
0	0	0	0	0	0	525	0	0	0	652	0	0	6	324	52	0	2	106	3	0	142	0	0	4	0	0	4	0	0	224	0	2	51	0	0	2	0	0	137	113	0	360	2	0	230	0	0	254	0	0	0	368	8	10	0	0	2	16	14	0	0	0	2	5	12	189	2	0	0	144	24	0	0	412
0	0	7	0	0	0	0	0	0	0	1	0	0	6	0	1	21	2	4	0	3	0	0	0	0	0	0	10	0	0	1	12	11	5	0	0	8	0	50	0	12	31	6	67	0	2	0	0	0	0	0	0	0	0	37	1	1	0	1	69	0	16	6	11	2	0	2	15	0	2	6	21	0	0	0
0	0	0	0	0	0	0	0	0	0	0	0	0	0	0	24	0	0	0	23	0	0	0	0	9	0	0	0	0	0	0	0	0	11	0	0	0	0	0	42	235	0	34	137	0	0	0	0	0	0	0	0	0	0	2	1	0	0	0	174	0	0	0	0	0	0	92	0	0	0	0	0	0	0	2
0	0	0	525	0	0	0	0	0	0	0	0	0	0	0	2	0	0	0	0	0	0	0	0	0	0	0	0	0	1	0	0	0	0	0	0	0	0	0	0	0	0	0	0	0	0	0	0	0	0	0	0	0	0	0	0	0	0	0	0	0	0	0	0	0	0	12	0	0	0	0	0	0	0	7
0	0	0	0	0	0	0	0	0	0	0	0	0	0	0	0	0	0	0	0	0	0	0	0	0	0	0	0	0	0	0	0	0	0	0	0	0	0	0	0	0	0	0	0	0	0	0	0	0	0	0	0	0	0	0	0	0	0	0	0	0	0	0	0	0	0	0	0	0	0	0	0	0	0	0
0	0	0	0	0	0	0	0	0	0	0	0	0	0	0	0	0	0	0	0	0	0	0	0	0	0	0	0	0	0	0	0	0	0	0	0	0	0	0	0	0	0	0	0	0	0	0	0	0	0	0	0	0	0	0	0	0	0	0	0	0	0	0	0	0	0	0	0	0	0	0	0	0	0	0
0	0	0	0	0	0	0	0	0	0	0	0	0	0	0	0	0	0	0	0	2	0	0	0	0	0	0	0	0	0	0	37	24	0	0	0	0	0	0	0	0	82	0	0	0	0	0	0	0	0	0	0	0	0	0	0	0	0	0	29	0	0	0	82	43	0	0	30	0	0	0	0	0	0	0
0	50	0	652	1	0	0	0	0	0	0	0	0	16	2	715	0	1	10	20	0	0	0	0	111	0	0	0	0	31	0	0	0	16	0	0	0	0	0	38	72	0	424	0	0	738	0	0	0	0	0	0	0	4	4	0	0	0	0	0	0	0	0	0	0	0	473	0	0	0	6	0	0	1	819
0	0	0	0	0	0	0	0	0	0	0	0	0	2	0	5	0	0	1	1	0	0	0	0	0	0	0	0	0	5	0	0	0	0	0	0	0	0	0	0	0	0	0	0	0	0	0	0	0	0	0	0	0	0	0	83	0	0	0	4	164	0	0	0	0	0	0	0	0	7	0	0	0	0	0
0	0	1	0	0	0	0	0	0	0	0	0	0	0	0	1	0	0	0	0	0	0	0	0	0	0	0	0	0	0	0	0	0	0	0	0	0	0	0	66	65	0	0	10	0	0	0	0	0	0	0	0	0	0	0	0	0	0	0	41	0	0	0	0	2	0	14	0	0	0	0	0	0	0	5
0	0	0	6	6	0	0	0	0	0	16	2	0	0	0	94	0	0	7	8	0	0	0	0	0	1	6	0	0	17	0	0	18	0	0	0	8	0	2	33	4	1	1	3	0	53	0	0	0	0	0	0	0	0	0	15	0	0	0	3	0	0	0	0	20	0	2	10	0	18	1	0	0	6	2
0	112	0	324	0	0	0	0	0	0	2	0	0	0	0	187	0	0	0	21	0	0	0	0	0	0	0	0	0	3	0	0	0	9	0	0	0	0	0	1	114	0	58	0	0	0	0	0	0	0	0	0	0	0	0	0	0	0	0	0	0	0	0	0	0	0	225	0	0	0	0	0	0	0	213
0	0	0	52	1	24	2	0	0	0	715	5	1	94	187	0	297	5	7	496	39	0	0	0	0	0	9	4	0	81	9	2	501	264	0	0	48	0	1	27	29	1	813	2	18	1498	0	0	18	0	0	0	10	21	8	469	0	167	12	15	7	1	171	3	23	2	427	44	0	2	511	70	0	21	1
0	0	0	0	21	0	0	0	0	0	0	0	0	0	0	297	0	0	4	295	238	0	0	0	1	0	22	0	0	6	0	0	0	3	0	0	0	0	0	2	308	0	30	5	0	376	0	0	0	0	0	0	0	0	9	0	0	0	0	13	0	0	0	0	95	0	2	0	0	3	2	0	5	21	0
0	2	3	2	2	0	0	0	0	0	1	0	0	0	0	5	0	0	45	1	16	6	0	0	46	0	0	552	36	1	16	3	0	36	0	0	0	0	0	46	311	0	17	26	0	0	0	0	2	0	0	0	2	5	24	0	0	0	0	14	0	0	0	0	2	19	22	0	0	0	1	1	0	2	5
0	0	10	106	4	0	0	0	0	0	10	1	0	7	0	7	4	45	0	2	6	81	0	0	599	0	0	151	50	0	201	62	0	94	0	0	18	0	255	30	133	0	11	177	0	0	0	0	19	0	0	0	173	9	368	7	35	7	281	197	0	9	0	0	1	542	18	1	0	0	2	24	0	31	14
0	0	0	3	0	23	0	0	0	0	20	1	0	8	21	496	295	1	2	0	30	0	0	0	0	0	0	4	0	5	3	1	42	149	0	0	5	0	0	0	3	2	118	2	0	1043	0	0	0	0	0	0	3	0	4	48	0	4	49	6	0	0	65	4	8	2	30	13	0	0	54	3	4	0	1
0	0	0	0	3	0	0	0	0	2	0	0	0	0	0	39	238	16	6	30	0	0	0	0	3	0	0	307	0	1	500	74	6	132	0	0	14	0	2	12	244	0	166	53	0	10	0	0	0	0	3	0	2	0	19	0	0	0	0	6	0	66	0	2	15	56	17	10	0	0	208	15	0	19	7
0	104	4	142	0	0	0	0	0	0	0	0	0	0	0	0	0	6	81	0	0	0	0	0	115	0	0	206	62	0	0	0	0	10	0	0	0	0	0	28	163	0	3	1	0	2	0	0	0	0	0	0	0	280	5	0	0	0	0	9	0	0	0	0	0	56	12	0	0	0	0	0	0	0	78
0	0	0	0	0	0	0	0	0	0	0	0	0	0	0	0	0	0	0	0	0	0	0	0	0	0	0	0	0	0	0	0	0	0	0	0	0	0	0	0	0	0	0	0	0	0	0	0	0	0	0	0	0	0	0	0	0	0	0	0	0	0	0	0	0	0	0	0	0	0	0	0	0	0	0
0	0	0	0	0	0	0	0	0	0	0	0	0	0	0	0	0	0	0	0	0	0	0	0	0	0	0	0	0	0	0	0	0	0	0	0	0	0	0	0	0	0	0	0	0	0	0	0	0	0	0	0	0	0	0	0	0	0	0	0	0	0	0	0	0	0	0	0	0	0	0	0	0	0	0
0	3	37	4	0	9	0	0	0	0	111	0	0	0	0	0	1	46	599	0	3	115	0	0	0	0	0	200	17	4	302	20	4	103	0	0	1	0	215	8	16	0	8	23	0	1	0	0	112	0	0	0	209	22	571	8	15	0	122	37	0	1	0	0	0	821	45	0	0	0	8	169	0	2	6
0	0	0	0	0	0	0	0	0	0	0	0	0	1	0	0	0	0	0	0	0	0	0	0	0	0	0	13	0	0	0	0	0	17	0	0	0	0	0	0	0	0	0	12	4	0	0	0	0	0	0	0	0	0	0	0	0	0	0	0	0	0	0	0	0	0	0	0	0	0	0	0	0	0	0
0	0	0	0	0	0	0	0	0	0	0	0	0	6	0	9	22	0	0	0	0	0	0	0	0	0	0	0	0	0	0	0	0	0	0	0	38	0	0	4	0	18	0	1	0	0	0	0	0	0	0	0	0	0	0	0	0	0	0	0	0	2	0	6	16	0	0	24	0	24	0	0	0	22	0
0	0	3	4	10	0	0	0	0	0	0	0	0	0	0	4	0	552	151	4	307	206	0	0	200	13	0	0	25	0	508	28	0	370	0	0	0	0	6	99	575	0	27	236	0	14	0	0	39	0	0	0	0	235	362	1	0	0	297	771	0	0	0	0	4	28	66	0	0	1	0	31	0	9	27
0	0	28	0	0	0	0	0	0	0	0	0	0	0	0	0	0	36	50	0	0	62	0	0	17	0	0	25	0	0	47	1	0	0	0	0	0	0	51	0	9	0	0	0	0	0	0	0	0	0	0	0	50	0	43	0	0	0	28	17	0	0	0	0	0	105	2	0	0	0	0	20	0	0	0
0	0	0	0	0	0	1	0	0	0	31	5	0	17	3	81	6	1	0	5	1	0	0	0	4	0	0	0	0	0	1	0	37	5	0	0	0	0	0	6	0	2	43	9	0	121	0	0	0	0	0	0	0	0	7	49	0	38	0	0	10	0	27	7	1	0	18	0	0	0	51	0	0	3	0
0	0	0	224	1	0	0	0	0	0	0	0	0	0	0	9	0	16	201	3	500	0	0	0	302	0	0	508	47	1	0	0	0	24	0	0	0	0	0	85	391	0	18	12	0	4	0	0	0	0	0	0	0	78	4	0	0	0	0	166	0	0	0	0	0	0	17	0	0	0	1	1	0	1	40
0	0	1	0	12	0	0	0	0	37	0	0	0	0	0	2	0	3	62	1	74	0	0	0	20	0	0	28	1	0	0	0	0	12	0	0	0	0	0	12	20	0	0	496	0	0	0	0	0	0	0	0	0	0	32	0	0	0	0	323	0	0	0	0	3	13	87	0	0	0	0	3	0	5	0
0	0	0	2	11	0	0	0	0	24	0	0	0	18	0	501	0	0	0	42	6	0	0	0	4	0	0	0	0	37	0	0	0	2	0	0	0	0	0	61	12	0	274	5	0	8	0	0	0	0	0	0	0	0	0	34	0	0	0	5	3	0	0	0	349	0	2	0	0	14	4	0	5	11	0
0	0	57	51	5	11	0	0	0	0	16	0	0	0	9	264	3	36	94	149	132	10	0	0	103	17	0	370	0	5	24	12	2	0	0	0	0	0	4	80	335	0	445	276	0	98	0	0	6	0	0	0	4	10	30	3	0	0	10	261	0	4	0	2	1	8	438	0	0	2	18	14	0	5	558
0	0	0	0	0	0	0	0	0	0	0	0	0	0	0	0	0	0	0	0	0	0	0	0	0	0	0	0	0	0	0	0	0	0	0	0	0	0	0	0	0	0	0	0	0	0	0	0	0	0	0	0	0	0	0	0	0	0	0	0	0	0	0	0	0	0	0	0	0	0	0	0	0	0	0
0	0	0	0	0	0	0	0	0	0	0	0	0	0	0	0	0	0	0	0	0	0	0	0	0	0	0	0	0	0	0	0	0	0	0	0	0	0	0	93	0	0	0	109	0	0	0	0	0	0	0	0	0	0	0	0	0	0	0	718	0	0	0	0	0	0	6	0	0	0	0	0	0	0	0
0	0	3	2	8	0	0	0	0	0	0	0	0	8	0	48	0	0	18	5	14	0	0	0	1	0	38	0	0	0	0	0	0	0	0	0	0	0	0	149	167	0	4	7	0	0	0	0	0	0	0	0	0	5	5	0	0	0	0	103	0	0	0	0	977	0	31	0	0	15	0	1	0	8	7
0	0	0	0	0	0	0	0	0	0	0	0	0	0	0	0	0	0	0	0	0	0	0	0	0	0	0	0	0	0	0	0	0	0	0	0	0	0	0	0	0	0	0	0	0	0	0	0	0	0	0	0	0	0	0	0	0	0	0	0	0	0	0	0	0	0	0	0	0	0	0	0	0	0	0
0	0	4	0	50	0	0	0	0	0	0	0	0	2	0	1	0	0	255	0	2	0	0	0	215	0	0	6	51	0	0	0	0	4	0	0	0	0	0	0	0	0	5	280	0	0	0	0	0	0	0	0	0	0	12	0	0	0	0	10	0	0	0	0	2	102	8	0	0	7	0	246	0	33	0
0	0	7	137	0	42	0	0	0	0	38	0	66	33	1	27	2	46	30	0	12	28	0	0	8	0	4	99	0	6	85	12	61	80	0	93	149	0	0	0	255	0	9	420	16	9	0	0	60	3	0	0	21	1	6	29	1	10	15	1915	0	22	1	166	45	33	47	155	0	12	0	27	9	17	4
0	11	2	113	12	235	0	0	0	0	72	0	65	4	114	29	308	311	133	3	244	163	0	0	16	0	0	575	9	0	391	20	12	335	0	0	167	0	0	255	0	0	15	144	3	137	0	0	5	0	4	0	20	7	21	11	0	4	241	1417	0	175	1	2	191	41	38	29	0	13	12	173	8	24	293
0	0	0	0	31	0	0	0	0	82	0	0	0	1	0	1	0	0	0	2	0	0	0	0	0	0	18	0	0	2	0	0	0	0	0	0	0	0	0	0	0	0	1	23	0	0	0	0	0	0	0	0	0	0	0	0	0	0	0	1	0	0	0	0	130	0	0	0	0	1	0	0	3	31	1
0	0	308	360	6	34	0	0	0	0	424	0	0	1	58	813	30	17	11	118	166	3	0	0	8	0	0	27	0	43	18	0	274	445	0	0	4	0	5	9	15	1	0	57	0	283	0	0	151	0	2	0	9	0	16	137	47	12	1	19	0	3	12	0	1	0	685	11	0	0	411	25	0	19	274
0	0	8	2	67	137	0	0	0	0	0	0	10	3	0	2	5	26	177	2	53	1	0	0	23	12	1	236	0	9	12	496	5	276	0	109	7	0	280	420	144	23	57	0	0	1	0	0	4	1	0	0	13	0	722	25	2	48	8	2441	0	8	0	111	4	163	35	9	0	7	74	186	0	264	33
0	0	0	0	0	0	0	0	0	0	0	0	0	0	0	18	0	0	0	0	0	0	0	0	0	4	0	0	0	0	0	0	0	0	0	0	0	0	0	16	3	0	0	0	0	0	0	0	0	0	0	0	0	4	0	0	0	0	0	0	0	0	0	0	4	0	0	0	0	0	0	0	0	0	2
0	0	2	230	2	0	0	0	0	0	738	0	0	53	0	1498	376	0	0	1043	10	2	0	0	1	0	0	14	0	121	4	0	8	98	0	0	0	0	0	9	137	0	283	1	0	0	0	0	0	0	0	0	0	0	4	60	0	0	0	59	0	4	170	0	21	0	2	0	0	0	92	0	0	8	583
0	0	0	0	0	0	0	0	0	0	0	0	0	0	0	0	0	0	0	0	0	0	0	0	0	0	0	0	0	0	0	0	0	0	0	0	0	0	0	0	0	0	0	0	0	0	0	0	0	0	0	0	0	0	0	0	0	0	0	0	0	0	0	0	0	0	0	0	0	0	0	0	0	0	0
0	0	0	0	0	0	0	0	0	0	0	0	0	0	0	0	0	0	0	0	0	0	0	0	0	0	0	0	0	0	0	0	0	0	0	0	0	0	0	0	0	0	0	0	0	0	0	0	0	0	0	0	0	0	0	0	0	0	0	0	0	0	0	0	0	0	0	0	0	0	0	0	0	0	0
0	26	8	254	0	0	0	0	0	0	0	0	0	0	0	18	0	2	19	0	0	0	0	0	112	0	0	39	0	0	0	0	0	6	0	0	0	0	0	60	5	0	151	4	0	0	0	0	0	0	0	0	0	33	1	0	0	0	0	102	0	0	0	0	12	0	398	0	0	0	0	0	0	0	57
0	0	0	0	0	0	0	0	0	0	0	0	0	0	0	0	0	0	0	0	0	0	0	0	0	0	0	0	0	0	0	0	0	0	0	0	0	0	0	3	0	0	0	1	0	0	0	0	0	0	0	0	0	0	0	0	0	0	0	0	0	0	0	0	0	0	0	0	0	2	0	0	0	0	0
0	0	0	0	0	0	0	0	0	0	0	0	0	0	0	0	0	0	0	0	3	0	0	0	0	0	0	0	0	0	0	0	0	0	0	0	0	0	0	0	4	0	2	0	0	0	0	0	0	0	0	0	0	0	0	0	0	0	0	0	0	0	0	0	1	0	0	0	0	0	0	0	0	0	0
0	0	0	0	0	0	0	0	0	0	0	0	0	0	0	0	0	0	0	0	0	0	0	0	0	0	0	0	0	0	0	0	0	0	0	0	0	0	0	0	0	0	0	0	0	0	0	0	0	0	0	0	0	0	0	0	0	0	0	0	0	0	0	0	0	0	0	0	0	0	0	0	0	0	0
0	142	69	368	0	0	0	0	0	0	0	0	0	0	0	10	0	2	173	3	2	0	0	0	209	0	0	0	50	0	0	0	0	4	0	0	0	0	0	21	20	0	9	13	0	0	0	0	0	0	0	0	0	182	4	0	0	0	0	233	0	0	0	0	1	25	351	0	0	0	0	0	0	0	4
0	96	0	8	0	0	0	0	0	0	4	0	0	0	0	21	0	5	9	0	0	280	0	0	22	0	0	235	0	0	78	0	0	10	0	0	5	0	0	1	7	0	0	0	4	0	0	0	33	0	0	0	182	0	4	0	79	2	194	10	0	0	0	0	2	9	1	0	0	0	1	0	0	0	7
0	2	7	10	37	2	0	0	0	0	4	0	0	0	0	8	9	24	368	4	19	5	0	0	571	0	0	362	43	7	4	32	0	30	0	0	5	0	12	6	21	0	16	722	0	4	0	0	1	0	0	0	4	4	0	2	2	0	7	120	0	14	0	7	19	94	107	3	0	0	3	195	0	17	4
0	0	0	0	1	1	0	0	0	0	0	83	0	15	0	469	0	0	7	48	0	0	0	0	8	0	0	1	0	49	0	0	34	3	0	0	0	0	0	29	11	0	137	25	0	60	0	0	0	0	0	0	0	0	2	0	0	153	0	37	412	0	125	0	10	0	30	0	0	0	0	0	0	1	1
0	30	9	0	1	0	0	0	0	0	0	0	0	0	0	0	0	0	35	0	0	0	0	0	15	0	0	0	0	0	0	0	0	0	0	0	0	0	0	1	0	0	47	2	0	0	0	0	0	0	0	0	0	79	2	0	0	0	0	2	0	0	0	0	2	0	83	0	0	0	0	0	0	1	1
0	0	8	2	0	0	0	0	0	0	0	0	0	0	0	167	0	0	7	4	0	0	0	0	0	0	0	0	0	38	0	0	0	0	0	0	0	0	0	10	4	0	12	48	0	0	0	0	0	0	0	0	0	2	0	153	0	0	0	15	106	0	0	0	12	0	4	0	0	0	0	0	0	0	0
0	106	23	16	1	0	0	0	0	0	0	0	0	0	0	12	0	0	281	49	0	0	0	0	122	0	0	297	28	0	0	0	0	10	0	0	0	0	0	15	241	0	1	8	0	0	0	0	0	0	0	0	0	194	7	0	0	0	0	16	0	0	0	0	1	30	92	0	0	0	0	2	0	1	191
0	55	5	14	69	174	0	0	0	29	0	4	41	3	0	15	13	14	197	6	6	9	0	0	37	0	0	771	17	0	166	323	5	261	0	718	103	0	10	1915	1417	1	19	2441	0	59	0	0	102	0	0	0	233	10	120	37	2	15	16	0	7	59	0	1015	84	515	53	88	0	12	0	641	61	54	18
0	0	2	0	0	0	0	0	0	0	0	164	0	0	0	7	0	0	0	0	0	0	0	0	0	0	0	0	0	10	0	0	3	0	0	0	0	0	0	0	0	0	0	0	0	0	0	0	0	0	0	0	0	0	0	412	0	106	0	7	0	0	292	0	0	1	0	0	0	5	0	0	0	0	0
0	0	5	0	16	0	0	0	0	0	0	0	0	0	0	1	0	0	9	0	66	0	0	0	1	0	2	0	0	0	0	0	0	4	0	0	0	0	0	22	175	0	3	8	0	4	0	0	0	0	0	0	0	0	14	0	0	0	0	59	0	0	0	0	128	0	11	0	0	0	1	72	0	16	0
0	0	0	0	6	0	0	0	0	0	0	0	0	0	0	171	0	0	0	65	0	0	0	0	0	0	0	0	0	27	0	0	0	0	0	0	0	0	0	1	1	0	12	0	0	170	0	0	0	0	0	0	0	0	0	125	0	0	0	0	292	0	0	0	3	0	0	0	0	1	0	0	0	6	3
0	0	0	2	11	0	0	0	0	82	0	0	0	0	0	3	0	0	0	4	2	0	0	0	0	0	6	0	0	7	0	0	0	2	0	0	0	0	0	166	2	0	0	111	0	0	0	0	0	0	0	0	0	0	7	0	0	0	0	1015	0	0	0	0	203	0	1	0	0	0	0	0	0	10	1
0	0	69	5	2	0	0	0	0	43	0	0	2	20	0	23	95	2	1	8	15	0	0	0	0	0	16	4	0	1	0	3	349	1	0	0	977	0	2	45	191	130	1	4	4	21	0	0	12	0	1	0	1	2	19	10	2	12	1	84	0	128	3	203	0	3	2	752	0	46	20	1	5	106	1
0	2	17	12	0	0	0	0	0	0	0	0	0	0	0	2	0	19	542	2	56	56	0	0	821	0	0	28	105	0	0	13	0	8	0	0	0	0	102	33	41	0	0	163	0	0	0	0	0	0	0	0	25	9	94	0	0	0	30	515	1	0	0	0	3	0	54	0	0	0	0	183	0	0	7
0	161	640	189	2	92	12	0	0	0	473	0	14	2	225	427	2	22	18	30	17	12	0	0	45	0	0	66	2	18	17	87	2	438	0	6	31	0	8	47	38	0	685	35	0	2	0	0	398	0	0	0	351	1	107	30	83	4	92	53	0	11	0	1	2	54	0	36	0	1	351	352	0	39	85
0	0	3	2	15	0	0	0	0	30	0	0	0	10	0	44	0	0	1	13	10	0	0	0	0	0	24	0	0	0	0	0	0	0	0	0	0	0	0	155	29	0	11	9	0	0	0	0	0	0	0	0	0	0	3	0	0	0	0	88	0	0	0	0	752	0	36	0	0	45	0	0	2	15	22
0	0	0	0	0	0	0	0	0	0	0	0	0	0	0	0	0	0	0	0	0	0	0	0	0	0	0	0	0	0	0	0	0	0	0	0	0	0	0	0	0	0	0	0	0	0	0	0	0	0	0	0	0	0	0	0	0	0	0	0	0	0	0	0	0	0	0	0	0	0	0	0	0	0	0
0	0	0	0	2	0	0	0	0	0	0	7	0	18	0	2	3	0	0	0	0	0	0	0	0	0	24	1	0	0	0	0	14	2	0	0	15	0	7	12	13	1	0	7	0	0	0	0	0	2	0	0	0	0	0	0	0	0	0	12	5	0	1	0	46	0	1	45	0	0	0	0	0	2	1
0	0	38	144	6	0	0	0	0	0	6	0	0	1	0	511	2	1	2	54	208	0	0	0	8	0	0	0	0	51	1	0	4	18	0	0	0	0	0	0	12	0	411	74	0	92	0	0	0	0	0	0	0	1	3	0	0	0	0	0	0	1	0	0	20	0	351	0	0	0	0	2	0	4	35
0	0	7	24	21	0	0	0	0	0	0	0	0	0	0	70	0	1	24	3	15	0	0	0	169	0	0	31	20	0	1	3	0	14	0	0	1	0	246	27	173	0	25	186	0	0	0	0	0	0	0	0	0	0	195	0	0	0	2	641	0	72	0	0	1	183	352	0	0	0	2	0	0	142	10
0	0	0	0	0	0	0	0	0	0	0	0	0	0	0	0	5	0	0	4	0	0	0	0	0	0	0	0	0	0	0	0	5	0	0	0	0	0	0	9	8	3	0	0	0	0	0	0	0	0	0	0	0	0	0	0	0	0	0	61	0	0	0	0	5	0	0	2	0	0	0	0	0	0	0
0	0	8	0	0	0	0	0	0	0	1	0	0	6	0	21	21	2	31	0	19	0	0	0	2	0	22	9	0	3	1	5	11	5	0	0	8	0	33	17	24	31	19	264	0	8	0	0	0	0	0	0	0	0	17	1	1	0	1	54	0	16	6	10	106	0	39	15	0	2	4	142	0	0	7
0	0	0	412	0	2	7	0	0	0	819	0	5	2	213	1	0	5	14	1	7	78	0	0	6	0	0	27	0	0	40	0	0	558	0	0	7	0	0	4	293	1	274	33	2	583	0	0	57	0	0	0	4	7	4	1	1	0	191	18	0	0	3	1	1	7	85	22	0	1	35	10	0	7	0
