0	0	0	0	0	0	0	0	0	0	0	0	0	0	0	0	0	0	0	0	0	0	0	0	0	0	0	0	0	0	0	0	0	0	0	0	0	0	0	0	0	0	0	0	0	0	0	0	0	0	0	0	0	0	0	0	0	0	0	0	0	0	0	0	0	0	0	0	0	0	0	0	0	0	0
0	0	233	0	0	0	0	2	0	0	89	0	139	0	0	0	0	3	14	0	0	271	0	0	7	0	0	69	4	0	0	0	0	0	0	0	2	0	0	0	6	2	20	0	0	0	0	0	271	0	0	0	223	288	0	0	155	2	295	0	0	0	0	0	0	0	91	4	0	0	2	0	0	0	0
0	233	0	0	1	0	0	0	0	0	0	0	0	0	0	0	0	4	0	0	47	6	0	0	21	48	0	6	0	0	0	1	1	160	0	3	2	0	2	3	2	0	315	0	0	0	0	0	2	0	0	0	39	1	17	0	145	2	220	2	0	0	0	0	0	3	335	0	0	4	152	0	0	3	0
0	0	0	0	0	2	159	2	0	0	1270	0	0	52	183	21	0	0	54	0	0	284	0	0	37	0	0	0	0	0	156	0	0	8	0	2	0	0	2	0	34	0	477	0	0	310	0	0	775	0	0	0	250	39	20	14	14	0	10	2	17	0	0	0	0	0	267	0	0	0	260	0	0	0	377
0	0	1	0	0	1	0	0	0	0	0	0	2	2	0	0	1	13	0	0	11	0	0	0	0	1	0	10	0	0	10	0	1	4	0	20	1	0	7	2	14	0	1	8	3	8	0	3	1	0	0	0	1	0	3	0	0	6	0	4	0	0	1	16	0	0	3	8	0	0	0	2	0	0	0
0	0	0	2	1	0	0	1	0	0	0	0	2	0	1	18	4	7	0	19	72	0	0	0	9	16	0	4	0	0	4	1	0	6	0	1	1	0	1	0	28	0	6	137	3	3	0	0	4	0	0	0	2	2	6	0	0	4	0	22	0	0	0	0	0	1	7	0	0	3	5	1	1	2	21
0	0	0	159	0	0	0	0	0	0	111	0	0	0	7	2	0	0	0	0	0	42	0	0	0	0	0	0	1	0	10	0	0	0	0	0	0	0	0	0	0	0	325	0	0	3	0	0	23	0	0	0	62	0	0	0	19	0	1	0	0	0	0	0	0	0	43	0	0	0	4	0	0	0	52
0	2	0	2	0	1	0	0	0	0	3	0	16	0	0	0	0	117	408	8	8	72	0	0	357	5	0	55	70	0	12	0	0	254	0	0	0	0	152	117	70	0	0	152	0	0	0	1	27	0	0	0	311	17	1430	2	0	20	2	73	0	0	0	5	0	766	238	0	0	0	7	269	0	0	22
0	0	0	0	0	0	0	0	0	0	0	0	0	0	0	0	0	0	0	0	0	0	0	0	0	0	0	0	1	0	0	0	0	2	0	0	0	0	0	0	0	0	0	0	0	0	0	0	0	0	0	0	0	0	0	0	0	0	0	0	0	0	0	0	0	0	0	0	0	0	0	0	0	0	0
0	0	0	0	0	0	0	0	0	0	0	0	0	0	0	0	0	0	0	0	0	0	0	0	0	0	0	0	0	0	0	0	0	0	0	0	0	0	0	0	0	1	0	0	0	0	0	0	0	0	0	0	0	0	0	0	0	0	0	0	0	0	0	0	0	0	0	1	0	0	0	0	1	2	0
0	89	0	1270	0	0	111	3	0	0	0	0	0	0	3	404	0	0	0	33	0	0	0	0	48	0	0	0	0	2	0	0	0	4	0	0	0	0	0	3	35	0	768	0	0	180	0	0	313	0	0	0	0	1	1	0	0	0	0	0	0	0	0	0	0	0	148	0	0	0	5	0	0	0	386
0	0	0	0	0	0	0	0	0	0	0	0	0	0	0	19	0	0	0	0	0	0	0	0	0	1	0	0	0	0	1	0	0	0	0	0	0	0	0	0	0	0	0	0	0	6	0	0	0	0	0	0	0	0	0	217	0	861	0	0	808	0	0	0	0	0	1	2	0	0	1	0	0	0	0
0	139	0	0	2	2	0	16	0	0	0	0	0	0	0	0	0	2	0	0	36	0	0	0	15	1	0	1	0	0	0	0	0	0	0	0	0	0	0	0	1	0	0	34	0	0	0	0	0	0	0	0	0	0	16	0	0	0	0	2	0	0	0	0	0	0	25	0	0	0	0	0	0	2	6
0	0	0	52	2	0	0	0	0	0	0	0	0	0	0	0	12	0	0	1	0	0	0	0	0	1	0	0	0	0	1	0	2	0	0	0	0	0	0	21	3	0	7	0	41	10	0	0	0	0	0	0	0	0	0	1	0	8	0	3	0	2	3	0	0	0	0	24	0	3	1	0	8	2	0
0	0	0	183	0	1	7	0	0	0	3	0	0	0	0	157	0	0	0	0	0	0	0	0	0	7	0	0	0	0	0	0	0	2	0	0	0	0	0	0	3	0	3	0	3	2	0	0	0	0	0	0	0	0	0	0	0	0	0	0	0	0	0	0	0	0	12	0	0	0	5	0	0	3	72
0	0	0	21	0	18	2	0	0	0	404	19	0	0	157	0	165	10	0	131	1	0	0	0	0	10	0	1	0	0	10	0	228	98	0	0	28	0	3	14	50	0	576	0	23	732	0	37	13	0	0	0	0	12	5	280	0	475	23	7	0	0	247	0	0	0	52	16	0	0	263	0	1	12	0
0	0	0	0	1	4	0	0	0	0	0	0	0	12	0	165	0	1	0	92	30	0	0	0	0	17	0	0	0	5	0	0	0	2	0	0	0	0	0	17	112	0	29	0	0	442	1	0	0	0	0	0	0	0	3	1	0	2	0	2	0	0	0	0	0	0	22	61	0	4	9	0	8	1	18
0	3	4	0	13	7	0	117	0	0	0	0	2	0	0	10	1	0	1	13	149	10	0	0	76	26	0	719	21	0	49	1	0	427	0	4	0	0	20	0	447	0	71	28	0	0	0	0	0	0	3	0	3	9	493	0	15	0	7	1	0	262	0	0	0	8	127	0	0	0	24	1	0	13	11
0	14	0	54	0	0	0	408	0	0	0	0	0	0	0	0	0	1	0	0	0	0	0	0	278	3	0	0	69	0	5	0	0	24	0	0	0	0	0	24	44	0	1	30	0	0	0	0	8	0	0	0	0	20	341	2	0	1	2	7	0	0	0	0	0	0	8	2	0	0	2	0	0	0	22
0	0	0	0	0	19	0	8	0	0	33	0	0	1	0	131	92	13	0	0	20	0	0	0	0	0	0	0	0	0	0	0	35	19	0	1	0	0	21	0	15	0	129	14	0	92	0	31	0	0	0	0	0	0	12	13	0	0	1	0	0	0	64	0	0	0	2	0	0	0	0	0	0	0	2
0	0	47	0	11	72	0	8	0	0	0	0	36	0	0	1	30	149	0	20	0	0	0	0	0	85	0	71	2	0	87	6	0	14	0	78	0	0	0	0	344	0	33	5	0	26	0	0	0	0	3	0	4	6	12	0	0	0	0	0	0	4	0	0	0	0	14	69	0	0	24	10	0	11	7
0	271	6	284	0	0	42	72	0	0	0	0	0	0	0	0	0	10	0	0	0	0	0	0	45	1	0	31	22	0	3	0	0	14	0	0	0	0	0	0	31	0	0	0	0	0	0	0	137	0	0	0	0	128	15	0	0	0	0	0	0	0	0	0	0	0	5	0	0	1	0	0	0	0	84
0	0	0	0	0	0	0	0	0	0	0	0	0	0	0	0	0	0	0	0	0	0	0	0	0	0	0	0	0	0	0	0	0	0	0	0	0	0	0	0	0	0	0	0	0	0	0	0	0	0	0	0	0	0	0	0	0	0	0	0	0	0	0	0	0	0	0	0	0	0	0	0	0	0	0
0	0	0	0	0	0	0	0	0	0	0	0	0	0	0	0	0	0	0	0	0	0	0	0	0	0	0	0	0	0	0	0	0	0	0	0	0	0	0	0	0	0	0	0	0	0	0	0	0	0	0	0	0	0	0	0	0	0	0	0	0	0	0	0	0	0	0	0	0	0	0	0	0	0	0
0	7	21	37	0	9	0	357	0	0	48	0	15	0	0	0	0	76	278	0	0	45	0	0	0	7	0	32	0	0	26	4	2	54	0	39	0	0	206	0	26	0	19	4	2	2	0	2	83	0	0	0	141	94	161	2	2	0	49	16	0	0	0	8	0	319	28	1	0	3	3	14	0	2	0
0	0	48	0	1	16	0	5	0	0	0	1	1	1	7	10	17	26	3	0	85	1	0	0	7	0	0	4	0	0	2	9	8	2	0	36	6	0	3	1	28	0	15	4	15	5	0	0	9	0	0	0	3	0	36	0	0	5	8	21	0	0	0	13	0	13	59	13	0	4	7	17	18	16	1
0	0	0	0	0	0	0	0	0	0	0	0	0	0	0	0	0	0	0	0	0	0	0	0	0	0	0	0	0	0	0	0	0	0	0	0	0	0	0	0	0	0	0	0	0	0	0	0	0	0	0	0	0	0	0	0	0	0	0	0	0	0	0	0	0	0	0	0	0	0	0	0	0	0	0
0	69	6	0	10	4	0	55	0	0	0	0	1	0	0	1	0	719	0	0	71	31	0	0	32	4	0	0	19	0	69	0	0	188	0	0	0	0	16	0	121	0	17	15	0	0	0	1	2	0	0	0	3	25	840	0	4	0	139	2	0	138	0	0	0	0	86	0	0	0	0	7	0	10	5
0	4	0	0	0	0	1	70	1	0	0	0	0	0	0	0	0	21	69	0	2	22	0	0	0	0	0	19	0	0	2	0	0	52	0	0	0	0	4	0	2	0	4	0	0	0	0	0	3	0	0	0	29	3	10	0	2	0	3	0	0	2	0	0	0	45	3	1	0	0	2	2	0	0	0
0	0	0	0	0	0	0	0	0	0	2	0	0	0	0	0	5	0	0	0	0	0	0	0	0	0	0	0	0	0	0	0	1	0	0	5	0	0	0	0	1	0	2	2	0	33	0	0	0	0	0	0	0	0	0	0	0	0	0	0	1	0	4	7	0	0	5	5	0	0	21	0	0	1	0
0	0	0	156	10	4	10	12	0	0	0	1	0	1	0	10	0	49	5	0	87	3	0	0	26	2	0	69	2	0	0	0	0	0	0	2	1	0	0	18	356	0	7	1	4	3	0	0	40	0	0	0	10	7	1	0	0	2	0	2	1	1	0	0	0	0	4	4	0	1	9	0	0	14	9
0	0	1	0	0	1	0	0	0	0	0	0	0	0	0	0	0	1	0	0	6	0	0	0	4	9	0	0	0	0	0	0	0	0	0	0	0	0	0	0	4	0	0	97	0	0	0	0	0	0	0	0	0	0	6	0	0	0	0	0	0	0	0	0	0	0	4	0	0	0	0	0	0	0	1
0	0	1	0	1	0	0	0	0	0	0	0	0	2	0	228	0	0	0	35	0	0	0	0	2	8	0	0	0	1	0	0	0	0	0	0	0	0	0	14	1	0	384	0	0	82	5	0	1	0	0	0	0	0	0	103	0	322	0	9	29	0	0	0	0	0	28	19	0	4	6	0	0	1	6
0	0	160	8	4	6	0	254	2	0	4	0	0	0	2	98	2	427	24	19	14	14	0	0	54	2	0	188	52	0	0	0	0	0	0	20	0	0	10	35	17	0	45	46	0	2	0	2	46	0	3	0	8	6	401	0	2	0	10	2	0	24	0	0	0	28	224	2	0	0	13	30	0	4	118
0	0	0	0	0	0	0	0	0	0	0	0	0	0	0	0	0	0	0	0	0	0	0	0	0	0	0	0	0	0	0	0	0	0	0	0	0	0	0	0	0	0	0	0	0	0	0	0	0	0	0	0	0	0	0	0	0	0	0	0	0	0	0	0	0	0	0	0	0	0	0	0	0	0	0
0	0	3	2	20	1	0	0	0	0	0	0	0	0	0	0	0	4	0	1	78	0	0	0	39	36	0	0	0	5	2	0	0	20	0	0	0	0	0	211	22	0	2	306	0	0	0	0	0	0	9	0	0	0	22	2	0	0	0	134	1	0	0	0	0	0	66	0	0	0	9	0	0	17	9
0	2	2	0	1	1	0	0	0	0	0	0	0	0	0	28	0	0	0	0	0	0	0	0	0	6	0	0	0	0	1	0	0	0	0	0	0	0	0	13	0	0	4	0	0	0	9	0	0	0	0	0	0	1	0	0	0	2	0	1	0	0	0	0	0	0	9	29	0	1	8	0	1	1	10
0	0	0	0	0	0	0	0	0	0	0	0	0	0	0	0	0	0	0	0	0	0	0	0	0	0	0	0	0	0	0	0	0	0	0	0	0	0	0	0	0	0	0	0	0	0	0	0	0	0	0	0	0	0	0	0	0	0	0	0	0	0	0	0	0	0	0	0	0	0	0	0	0	0	0
0	0	2	2	7	1	0	152	0	0	0	0	0	0	0	3	0	20	0	21	0	0	0	0	206	3	0	16	4	0	0	0	0	10	0	0	0	0	0	18	0	0	0	246	0	0	0	0	2	0	0	0	0	2	1010	0	0	0	0	38	0	0	0	0	0	0	133	0	0	0	0	0	0	7	7
0	0	3	0	2	0	0	117	0	0	3	0	0	21	0	14	17	0	24	0	0	0	0	0	0	1	0	0	0	0	18	0	14	35	0	211	13	0	18	0	157	0	47	146	0	9	0	0	0	0	0	0	14	0	0	0	0	123	7	173	6	0	0	143	2	37	43	17	0	0	15	31	0	1	0
0	6	2	34	14	28	0	70	0	0	35	0	1	3	3	50	112	447	44	15	344	31	0	0	26	28	0	121	2	1	356	4	1	17	0	22	0	0	0	157	0	0	34	34	0	17	0	0	3	0	1	0	12	4	78	2	0	6	6	175	0	180	1	12	0	0	48	42	0	0	10	5	19	14	213
0	2	0	0	0	0	0	0	0	1	0	0	0	0	0	0	0	0	0	0	0	0	0	0	0	0	0	0	0	0	0	0	0	0	0	0	0	0	0	0	0	0	0	1	0	0	0	0	0	0	0	0	0	0	0	0	0	2	0	0	0	0	0	0	0	0	0	0	0	0	0	0	2	0	0
0	20	315	477	1	6	325	0	0	0	768	0	0	7	3	576	29	71	1	129	33	0	0	0	19	15	0	17	4	2	7	0	384	45	0	2	4	0	0	47	34	0	0	34	0	80	1	0	349	0	0	0	0	0	18	109	94	14	0	3	0	7	16	0	0	0	881	116	0	0	558	13	0	1	129
0	0	0	0	8	137	0	152	0	0	0	0	34	0	0	0	0	28	30	14	5	0	0	0	4	4	0	15	0	2	1	97	0	46	0	306	0	0	246	146	34	1	34	0	0	0	0	0	1	0	0	0	4	0	348	0	0	5	1	364	0	0	0	130	0	40	25	7	0	0	0	3	0	9	5
0	0	0	0	3	3	0	0	0	0	0	0	0	41	3	23	0	0	0	0	0	0	0	0	2	15	0	0	0	0	4	0	0	0	0	0	0	0	0	0	0	0	0	0	0	0	0	0	0	0	0	0	0	0	47	0	0	3	0	0	3	0	0	0	0	0	14	0	0	0	4	0	0	3	2
0	0	0	310	8	3	3	0	0	0	180	6	0	10	2	732	442	0	0	92	26	0	0	0	2	5	0	0	0	33	3	0	82	2	0	0	0	0	0	9	17	0	80	0	0	0	3	8	9	0	0	0	0	0	8	20	0	619	0	8	0	0	28	0	0	0	9	70	0	2	5	0	3	8	215
0	0	0	0	0	0	0	0	0	0	0	0	0	0	0	0	1	0	0	0	0	0	0	0	0	0	0	0	0	0	0	0	5	0	0	0	9	0	0	0	0	0	1	0	0	3	0	0	0	0	0	0	0	0	0	0	0	7	0	2	0	0	1	0	0	0	0	16	0	0	0	0	0	5	0
0	0	0	0	3	0	0	1	0	0	0	0	0	0	0	37	0	0	0	31	0	0	0	0	2	0	0	1	0	0	0	0	0	2	0	0	0	0	0	0	0	0	0	0	0	8	0	0	1	0	0	0	0	0	83	2	0	0	0	0	129	0	0	0	0	0	40	0	0	0	0	0	0	3	0
0	271	2	775	1	4	23	27	0	0	313	0	0	0	0	13	0	0	8	0	0	137	0	0	83	9	0	2	3	0	40	0	1	46	0	0	0	0	2	0	3	0	349	1	0	9	0	1	0	0	0	0	174	73	2	0	85	7	1	6	3	0	0	0	0	5	332	6	0	2	98	1	0	0	121
0	0	0	0	0	0	0	0	0	0	0	0	0	0	0	0	0	0	0	0	0	0	0	0	0	0	0	0	0	0	0	0	0	0	0	0	0	0	0	0	0	0	0	0	0	0	0	0	0	0	0	0	0	0	0	0	0	0	0	0	0	0	0	0	0	0	0	0	0	0	0	0	0	0	0
0	0	0	0	0	0	0	0	0	0	0	0	0	0	0	0	0	3	0	0	3	0	0	0	0	0	0	0	0	0	0	0	0	3	0	9	0	0	0	0	1	0	0	0	0	0	0	0	0	0	0	0	0	0	0	0	0	0	0	0	0	2	0	0	0	0	0	0	0	0	0	2	0	0	0
0	0	0	0	0	0	0	0	0	0	0	0	0	0	0	0	0	0	0	0	0	0	0	0	0	0	0	0	0	0	0	0	0	0	0	0	0	0	0	0	0	0	0	0	0	0	0	0	0	0	0	0	0	0	0	0	0	4	0	0	1	0	0	0	0	0	0	0	0	0	0	0	0	0	0
0	223	39	250	1	2	62	311	0	0	0	0	0	0	0	0	0	3	0	0	4	0	0	0	141	3	0	3	29	0	10	0	0	8	0	0	0	0	0	14	12	0	0	4	0	0	0	0	174	0	0	0	0	86	178	0	0	0	0	11	6	0	0	0	0	0	31	0	0	0	2	0	0	1	17
0	288	1	39	0	2	0	17	0	0	1	0	0	0	0	12	0	9	20	0	6	128	0	0	94	0	0	25	3	0	7	0	0	6	0	0	1	0	2	0	4	0	0	0	0	0	0	0	73	0	0	0	86	0	3	0	72	0	94	0	0	0	0	0	0	2	3	0	0	0	3	0	0	0	0
0	0	17	20	3	6	0	1430	0	0	1	0	16	0	0	5	3	493	341	12	12	15	0	0	161	36	0	840	10	0	1	6	0	401	0	22	0	0	1010	0	78	0	18	348	47	8	0	83	2	0	0	0	178	3	0	0	0	12	54	7	0	0	2	51	0	1290	233	22	0	0	0	1086	5	0	2
0	0	0	14	0	0	0	2	0	0	0	217	0	1	0	280	1	0	2	13	0	0	0	0	2	0	0	0	0	0	0	0	103	0	0	2	0	0	0	0	2	0	109	0	0	20	0	2	0	0	0	0	0	0	0	0	0	801	0	0	1309	0	269	0	0	0	11	7	0	1	0	0	0	0	1
0	155	145	14	0	0	19	0	0	0	0	0	0	0	0	0	0	15	0	0	0	0	0	0	2	0	0	4	2	0	0	0	0	2	0	0	0	0	0	0	0	0	94	0	0	0	0	0	85	0	0	0	0	72	0	0	0	0	0	0	0	0	0	0	0	0	43	0	0	0	0	0	0	0	0
0	2	2	0	6	4	0	20	0	0	0	861	0	8	0	475	2	0	1	0	0	0	0	0	0	5	0	0	0	0	2	0	322	0	0	0	2	0	0	123	6	2	14	5	3	619	7	0	7	0	0	4	0	0	12	801	0	0	0	7	810	57	210	1	0	1	9	37	0	0	0	0	10	9	5
0	295	220	10	0	0	1	2	0	0	0	0	0	0	0	23	0	7	2	1	0	0	0	0	49	8	0	139	3	0	0	0	0	10	0	0	0	0	0	7	6	0	0	1	0	0	0	0	1	0	0	0	0	94	54	0	0	0	0	0	0	0	0	0	0	0	76	16	0	0	0	0	0	0	43
0	0	2	2	4	22	0	73	0	0	0	0	2	3	0	7	2	1	7	0	0	0	0	0	16	21	0	2	0	0	2	0	9	2	0	134	1	0	38	173	175	0	3	364	0	8	2	0	6	0	0	0	11	0	7	0	0	7	0	0	1	0	0	46	0	8	52	21	0	0	1	0	1	2	3
0	0	0	17	0	0	0	0	0	0	0	808	0	0	0	0	0	0	0	0	0	0	0	0	0	0	0	0	0	1	1	0	29	0	0	1	0	0	0	6	0	0	0	0	3	0	0	129	3	0	0	1	6	0	0	1309	0	810	0	1	0	0	870	1	0	0	0	0	0	12	0	0	0	0	0
0	0	0	0	0	0	0	0	0	0	0	0	0	2	0	0	0	262	0	0	4	0	0	0	0	0	0	138	2	0	1	0	0	24	0	0	0	0	0	0	180	0	7	0	0	0	0	0	0	0	2	0	0	0	0	0	0	57	0	0	0	0	0	0	0	0	0	37	0	1	1	0	0	0	6
0	0	0	0	1	0	0	0	0	0	0	0	0	3	0	247	0	0	0	64	0	0	0	0	0	0	0	0	0	4	0	0	0	0	0	0	0	0	0	0	1	0	16	0	0	28	1	0	0	0	0	0	0	0	2	269	0	210	0	0	870	0	0	0	0	0	0	2	0	2	3	0	0	1	1
0	0	0	0	16	0	0	5	0	0	0	0	0	0	0	0	0	0	0	0	0	0	0	0	8	13	0	0	0	7	0	0	0	0	0	0	0	0	0	143	12	0	0	130	0	0	0	0	0	0	0	0	0	0	51	0	0	1	0	46	1	0	0	0	0	0	34	218	0	0	5	0	6	8	5
0	0	0	0	0	0	0	0	0	0	0	0	0	0	0	0	0	0	0	0	0	0	0	0	0	0	0	0	0	0	0	0	0	0	0	0	0	0	0	2	0	0	0	0	0	0	0	0	0	0	0	0	0	0	0	0	0	0	0	0	0	0	0	0	0	0	0	5	0	0	0	0	0	0	0
0	0	3	0	0	1	0	766	0	0	0	0	0	0	0	0	0	8	0	0	0	0	0	0	319	13	0	0	45	0	0	0	0	28	0	0	0	0	0	37	0	0	0	40	0	0	0	0	5	0	0	0	0	2	1290	0	0	1	0	8	0	0	0	0	0	0	106	6	0	0	0	0	0	0	0
0	91	335	267	3	7	43	238	0	0	148	1	25	0	12	52	22	127	8	2	14	5	0	0	28	59	0	86	3	5	4	4	28	224	0	66	9	0	133	43	48	0	881	25	14	9	0	40	332	0	0	0	31	3	233	11	43	9	76	52	0	0	0	34	0	106	0	22	0	4	179	209	26	14	14
0	4	0	0	8	0	0	0	0	1	0	2	0	24	0	16	61	0	2	0	69	0	0	0	1	13	0	0	1	5	4	0	19	2	0	0	29	0	0	17	42	0	116	7	0	70	16	0	6	0	0	0	0	0	22	7	0	37	16	21	0	37	2	218	5	6	22	0	0	4	12	0	27	8	17
0	0	0	0	0	0	0	0	0	0	0	0	0	0	0	0	0	0	0	0	0	0	0	0	0	0	0	0	0	0	0	0	0	0	0	0	0	0	0	0	0	0	0	0	0	0	0	0	0	0	0	0	0	0	0	0	0	0	0	0	0	0	0	0	0	0	0	0	0	0	0	0	0	0	0
0	0	4	0	0	3	0	0	0	0	0	0	0	3	0	0	4	0	0	0	0	1	0	0	3	4	0	0	0	0	1	0	4	0	0	0	1	0	0	0	0	0	0	0	0	2	0	0	2	0	0	0	0	0	0	1	0	0	0	0	12	1	2	0	0	0	4	4	0	0	4	0	3	0	0
0	2	152	260	0	5	4	7	0	0	5	1	0	1	5	263	9	24	2	0	24	0	0	0	3	7	0	0	2	21	9	0	6	13	0	9	8	0	0	15	10	0	558	0	4	5	0	0	98	0	0	0	2	3	0	0	0	0	0	1	0	1	3	5	0	0	179	12	0	4	0	4	8	4	13
0	0	0	0	2	1	0	269	0	0	0	0	0	0	0	0	0	1	0	0	10	0	0	0	14	17	0	7	2	0	0	0	0	30	0	0	0	0	0	31	5	0	13	3	0	0	0	0	1	0	2	0	0	0	1086	0	0	0	0	0	0	0	0	0	0	0	209	0	0	0	4	0	2	2	0
0	0	0	0	0	1	0	0	0	1	0	0	0	8	0	1	8	0	0	0	0	0	0	0	0	18	0	0	0	0	0	0	0	0	0	0	1	0	0	0	19	2	0	0	0	3	0	0	0	0	0	0	0	0	5	0	0	10	0	1	0	0	0	6	0	0	26	27	0	3	8	2	0	0	20
0	0	3	0	0	2	0	0	0	2	0	0	2	2	3	12	1	13	0	0	11	0	0	0	2	16	0	10	0	1	14	0	1	4	0	17	1	0	7	1	14	0	1	9	3	8	5	3	0	0	0	0	1	0	0	0	0	9	0	2	0	0	1	8	0	0	14	8	0	0	4	2	0	0	4
0	0	0	377	0	21	52	22	0	0	386	0	6	0	72	0	18	11	22	2	7	84	0	0	0	1	0	5	0	0	9	1	6	118	0	9	10	0	7	0	213	0	129	5	2	215	0	0	121	0	0	0	17	0	2	1	0	5	43	3	0	6	1	5	0	0	14	17	0	0	13	0	20	4	0
