0	0	0	0	0	0	0	0	0	0	0	0	0	0	0	0	0	0	0	0	0	0	0	0	0	0	0	0	0	0	0	0	0	0	0	0	0	0	0	0	0	0	0	0	0	0	0	0	0	0	0	0	0	0	0	0	0	0	0	0	0	0	0	0	0	0	0	0	0	0	0	0	0	0	0
0	0	139	0	1	0	0	0	0	0	0	0	0	0	85	0	0	6	48	15	0	4	0	0	5	0	0	0	482	0	0	0	0	10	0	0	0	0	0	0	0	0	13	0	0	0	0	0	70	0	0	0	42	162	13	0	636	0	40	1	3	0	0	0	0	4	33	0	0	0	0	0	0	1	4
0	139	0	0	2	0	0	0	0	0	0	0	73	0	57	0	0	0	27	0	0	1	0	0	25	0	0	126	6	0	0	0	0	35	0	0	0	0	2	0	0	0	98	22	0	0	0	0	9	0	0	0	90	0	3	0	116	0	12	5	0	9	0	0	43	60	145	1	0	0	38	3	0	2	2
0	0	0	0	16	0	102	0	0	51	98	4	4	14	50	120	0	0	12	7	2	37	0	0	5	0	0	0	0	0	198	0	0	33	0	0	0	0	5	0	6	0	206	1	0	8	0	0	53	0	0	0	142	16	0	0	1	0	6	8	11	13	0	0	64	2	18	4	0	0	6	0	0	16	470
0	1	2	16	0	0	0	0	0	3	1	3	4	1	1	10	41	11	19	0	55	4	0	0	0	0	0	4	0	0	6	71	18	1	0	0	46	0	52	77	6	56	19	91	8	97	0	0	0	0	0	0	7	0	11	8	0	0	32	94	10	28	1	134	45	1	11	116	0	33	32	45	8	9	15
0	0	0	0	0	0	0	0	0	1	0	0	0	0	0	0	0	0	0	0	0	0	0	0	0	0	0	0	0	0	0	0	0	0	0	0	0	0	0	0	0	0	1	0	0	1	0	0	0	0	0	0	0	0	0	0	0	0	0	0	0	0	0	0	1	0	0	1	0	0	0	0	0	1	0
0	0	0	102	0	0	0	0	0	0	119	0	0	1	190	63	0	0	0	0	0	2	0	0	0	0	0	0	1	0	0	0	0	2	0	0	0	0	0	0	0	0	35	0	0	3	0	0	170	0	0	0	6	0	0	0	0	0	0	10	0	0	1	0	0	0	2	0	0	0	22	0	0	0	188
0	0	0	0	0	0	0	0	0	0	0	0	0	0	0	0	0	0	0	0	0	0	0	0	0	0	0	0	0	0	0	0	0	0	0	0	0	0	0	0	0	0	0	0	0	0	0	0	0	0	0	0	0	0	0	0	0	0	0	0	0	0	0	0	0	0	0	0	0	0	0	0	0	0	0
0	0	0	0	0	0	0	0	0	0	0	0	0	0	0	0	0	0	0	0	0	0	0	0	0	0	0	0	0	0	0	0	0	0	0	0	0	0	0	0	0	0	0	0	0	0	0	0	0	0	0	0	0	0	0	0	0	0	0	0	0	0	0	0	0	0	0	0	0	0	0	0	0	0	0
0	0	0	51	3	1	0	0	0	0	0	9	0	0	0	1	19	2	0	0	0	0	0	0	0	0	0	2	0	0	0	1164	14	1	0	0	7	0	1090	1117	13	1507	8	944	0	150	0	0	0	0	0	0	0	0	1	0	0	0	0	904	6	0	0	862	659	0	10	433	0	11	15	2	305	55	0
0	0	0	98	1	0	119	0	0	0	0	0	0	39	280	682	0	0	62	0	0	0	0	0	64	0	0	0	2	0	0	0	0	30	0	0	0	0	0	0	0	0	320	0	0	0	0	0	206	0	0	0	0	1	0	0	32	0	0	51	9	0	0	0	0	41	134	0	0	0	3	0	0	1	676
0	0	0	4	3	0	0	0	0	9	0	0	0	0	0	1	0	0	0	5	0	0	0	0	1	2	0	0	0	0	0	0	0	0	7	0	0	0	0	0	0	0	0	0	0	0	0	0	0	0	0	0	0	0	0	37	0	0	0	1	786	0	0	0	4	0	3	1	0	17	0	0	0	3	0
0	0	73	4	4	0	0	0	0	0	0	0	0	3	12	3	0	0	4	16	0	0	0	0	2	0	0	27	3	0	0	0	0	6	0	0	0	0	0	0	0	0	4	16	0	0	0	0	0	0	0	0	0	0	0	0	0	0	0	6	0	0	0	0	22	2	12	0	0	0	0	0	0	4	2
0	0	0	14	1	0	1	0	0	0	39	0	3	0	47	123	3	1	3	23	0	0	0	0	0	0	0	0	0	0	0	0	15	0	0	0	35	0	1	32	13	0	8	1	759	124	0	0	2	0	0	0	0	0	10	2	0	0	0	1	2	34	4	5	2	0	0	36	0	4	1	1	0	3	4
0	85	57	50	1	0	190	0	0	0	280	0	12	47	0	203	0	332	1211	0	0	109	0	0	634	0	0	268	99	0	117	1	24	163	0	0	0	0	589	3	275	0	181	7	0	28	0	0	532	0	0	0	179	9	246	0	57	0	135	184	0	4	0	1	0	649	9	3	0	9	115	60	0	4	315
0	0	0	120	10	0	63	0	0	1	682	1	3	123	203	0	189	1	5	223	3	0	0	0	3	1	0	0	0	0	1	0	487	272	2	0	34	0	1	0	6	2	465	2	9	401	0	0	0	0	0	0	0	0	7	378	0	0	17	0	14	17	183	31	38	2	148	107	0	24	530	1	0	33	1
0	0	0	0	41	0	0	0	0	19	0	0	0	3	0	189	0	0	0	57	154	0	0	0	0	1	2	0	0	0	0	0	0	76	0	0	0	0	0	0	0	0	14	2	0	2	0	0	0	0	0	0	0	0	0	0	0	0	0	0	0	0	0	0	260	1	3	1	0	9	0	0	1	41	2
0	6	0	0	11	0	0	0	0	2	0	0	0	1	332	1	0	0	73	4	272	0	0	0	97	1	0	305	63	0	0	0	0	20	0	0	0	0	0	0	0	0	15	66	0	0	0	0	2	0	1	0	0	39	22	0	2	0	0	195	6	0	0	0	2	108	61	10	0	0	0	0	0	10	0
0	48	27	12	19	0	0	0	0	0	62	0	4	3	1211	5	0	73	0	5	43	91	0	0	759	0	0	59	88	0	183	153	6	203	0	0	29	0	708	30	210	0	27	107	0	49	0	0	199	0	0	0	137	6	365	0	0	0	223	290	0	19	4	6	0	1353	2	89	5	8	4	105	0	59	36
0	15	0	7	0	0	0	0	0	0	0	5	16	23	0	223	57	4	5	0	0	0	0	0	0	0	0	1	0	0	6	0	97	43	2	0	5	0	4	0	19	0	36	6	0	33	0	0	0	0	0	0	0	0	3	128	16	0	33	1	0	10	198	2	1	0	1	5	0	3	2	0	0	3	3
0	0	0	2	55	0	0	0	0	0	0	0	0	0	0	3	154	272	43	0	0	8	0	0	1	0	0	249	1	0	428	30	10	296	0	0	22	0	54	0	244	0	90	61	0	0	0	0	0	0	0	0	4	0	12	18	0	0	20	75	0	74	0	0	17	8	115	2	0	7	228	64	0	85	24
0	4	1	37	4	0	2	0	0	0	0	0	0	0	109	0	0	0	91	0	8	0	0	0	131	0	0	39	355	0	0	0	0	24	0	0	0	0	0	0	0	0	0	1	0	0	0	0	156	0	0	0	0	161	1	0	84	0	0	218	0	0	0	0	0	48	45	0	0	0	0	0	0	4	85
0	0	0	0	0	0	0	0	0	0	0	0	0	0	0	0	0	0	0	0	0	0	0	0	0	0	0	0	0	0	0	0	0	0	0	0	0	0	0	0	0	0	0	0	0	0	0	0	0	0	0	0	0	0	0	0	0	0	0	0	0	0	0	0	0	0	0	0	0	0	0	0	0	0	0
0	0	0	0	0	0	0	0	0	0	0	0	0	0	0	0	0	0	0	0	0	0	0	0	0	0	0	0	0	0	0	0	0	0	0	0	0	0	0	0	0	0	0	0	0	0	0	0	0	0	0	0	0	0	0	0	0	0	0	0	0	0	0	0	0	0	0	0	0	0	0	0	0	0	0
0	5	25	5	0	0	0	0	0	0	64	1	2	0	634	3	0	97	759	0	1	131	0	0	0	0	0	70	112	0	196	4	1	170	0	0	0	0	518	5	178	0	25	8	0	1	0	0	143	0	0	0	147	4	591	0	0	0	103	76	1	3	0	0	1	956	6	1	0	0	9	324	0	4	4
0	0	0	0	0	0	0	0	0	0	0	2	0	0	0	1	1	1	0	0	0	0	0	0	0	0	0	1	0	0	0	0	2	1	0	0	0	0	1	0	0	0	16	0	4	0	0	0	0	0	0	0	0	0	0	0	0	0	0	0	0	0	0	0	2	0	0	6	0	0	0	1	0	0	0
0	0	0	0	0	0	0	0	0	0	0	0	0	0	0	0	2	0	0	0	0	0	0	0	0	0	0	0	0	0	0	0	0	0	0	0	0	0	0	0	0	0	0	0	0	6	0	0	0	0	0	0	0	0	0	0	0	0	0	0	0	0	0	4	0	0	48	20	0	0	0	0	0	6	0
0	0	126	0	4	0	0	0	0	2	0	0	27	0	268	0	0	305	59	1	249	39	0	0	70	1	0	0	82	0	178	10	56	467	0	0	0	0	435	2	214	0	21	44	0	0	0	0	38	0	0	0	8	29	202	0	0	0	298	86	2	247	0	0	1	85	23	0	0	0	1	14	0	4	2
0	482	6	0	0	0	1	0	0	0	2	0	3	0	99	0	0	63	88	0	1	355	0	0	112	0	0	82	0	0	60	0	0	4	0	0	0	0	73	3	25	0	3	1	0	0	0	0	50	0	0	0	369	110	72	0	0	0	290	214	1	0	0	0	0	63	1	0	0	0	0	10	0	2	1
0	0	0	0	0	0	0	0	0	0	0	0	0	0	0	0	0	0	0	0	0	0	0	0	0	0	0	0	0	0	0	0	0	0	0	0	0	0	0	0	0	0	0	0	0	0	0	0	0	0	0	0	0	0	0	0	0	0	0	0	0	0	0	0	0	0	0	0	0	0	0	0	0	0	0
0	0	0	198	6	0	0	0	0	0	0	0	0	0	117	1	0	0	183	6	428	0	0	0	196	0	0	178	60	0	0	0	0	36	0	0	0	0	0	0	0	0	9	3	0	0	0	0	14	0	0	0	0	14	1	0	0	0	0	612	10	0	0	0	1	13	123	0	0	0	0	0	0	6	103
0	0	0	0	71	0	0	0	0	1164	0	0	0	0	1	0	0	0	153	0	30	0	0	0	4	0	0	10	0	0	0	0	0	6	0	0	0	0	0	0	0	0	0	580	0	0	0	0	0	0	0	0	0	0	7	0	0	0	0	811	0	0	0	0	0	76	70	0	0	0	0	0	0	55	0
0	0	0	0	18	0	0	0	0	14	0	0	0	15	24	487	0	0	6	97	10	0	0	0	1	2	0	56	0	0	0	0	0	0	7	0	0	0	0	0	0	0	154	4	0	0	0	0	2	0	0	0	0	0	0	20	0	0	0	3	0	0	0	0	201	7	7	13	0	31	3	0	1	18	11
0	10	35	33	1	0	2	0	0	1	30	0	6	0	163	272	76	20	203	43	296	24	0	0	170	1	0	467	4	0	36	6	0	0	0	0	0	0	20	0	22	0	309	132	0	4	0	0	4	0	0	0	2	11	38	6	0	0	130	154	7	6	0	2	4	222	151	0	0	1	10	38	0	1	692
0	0	0	0	0	0	0	0	0	0	0	7	0	0	0	2	0	0	0	2	0	0	0	0	0	0	0	0	0	0	0	0	7	0	0	0	1	0	0	0	0	0	0	0	0	3	0	0	0	0	0	0	0	0	0	16	0	0	0	0	228	0	6	0	0	0	0	0	0	0	0	0	0	0	0
0	0	0	0	0	0	0	0	0	0	0	0	0	0	0	0	0	0	0	0	0	0	0	0	0	0	0	0	0	0	0	0	0	0	0	0	0	0	0	0	0	0	0	0	0	0	0	0	0	0	0	0	0	0	0	0	0	0	0	0	0	0	0	0	0	0	0	0	0	0	0	0	0	0	0
0	0	0	0	46	0	0	0	0	7	0	0	0	35	0	34	0	0	29	5	22	0	0	0	0	0	0	0	0	0	0	0	0	0	1	0	0	0	0	0	0	0	7	3	0	2	0	0	0	0	0	0	0	1	1	0	0	0	0	1	6	0	0	0	601	3	14	43	0	23	1	0	0	46	2
0	0	0	0	0	0	0	0	0	0	0	0	0	0	0	0	0	0	0	0	0	0	0	0	0	0	0	0	0	0	0	0	0	0	0	0	0	0	0	0	0	0	0	0	0	0	0	0	0	0	0	0	0	0	0	0	0	0	0	0	0	0	0	0	0	0	0	0	0	0	0	0	0	0	0
0	0	2	5	52	0	0	0	0	1090	0	0	0	1	589	1	0	0	708	4	54	0	0	0	518	1	0	435	73	0	0	0	0	20	0	0	0	0	0	0	0	0	7	855	0	0	0	0	6	0	2	0	0	3	59	1	0	0	0	2284	0	0	0	0	4	912	221	0	0	1	4	0	0	23	19
0	0	0	0	77	0	0	0	0	1117	0	0	0	32	3	0	0	0	30	0	0	0	0	0	5	0	0	2	3	0	0	0	0	0	0	0	0	0	0	0	0	0	2	305	0	0	0	0	3	0	0	0	0	0	3	0	0	0	0	1039	0	0	0	0	3	42	16	38	0	30	2	0	0	60	0
0	0	0	6	6	0	0	0	0	13	0	0	0	13	275	6	0	0	210	19	244	0	0	0	178	0	0	214	25	0	0	0	0	22	0	0	0	0	0	0	0	0	15	29	0	0	0	0	1	0	0	0	0	16	9	3	0	0	0	973	1	0	0	0	6	158	111	8	0	13	3	0	0	6	308
0	0	0	0	56	0	0	0	0	1507	0	0	0	0	0	2	0	0	0	0	0	0	0	0	0	0	0	0	0	0	0	0	0	0	0	0	0	0	0	0	0	0	0	2	0	0	0	0	0	0	0	0	0	0	0	0	0	0	0	2	0	0	0	0	54	3	0	0	0	0	0	0	0	49	0
0	13	98	206	19	1	35	0	0	8	320	0	4	8	181	465	14	15	27	36	90	0	0	0	25	16	0	21	3	0	9	0	154	309	0	0	7	0	7	2	15	0	0	66	3	114	0	0	78	0	0	0	0	0	8	16	0	0	2	100	0	3	2	2	42	14	214	69	0	22	292	12	1	21	137
0	0	22	1	91	0	0	0	0	944	0	0	16	1	7	2	2	66	107	6	61	1	0	0	8	0	0	44	1	0	3	580	4	132	0	0	3	0	855	305	29	2	66	0	21	3	0	0	3	1	0	0	18	0	578	7	1	0	4	3832	0	7	0	244	5	137	202	5	0	0	72	460	0	153	0
0	0	0	0	8	0	0	0	0	0	0	0	0	759	0	9	0	0	0	0	0	0	0	0	0	4	0	0	0	0	0	0	0	0	0	0	0	0	0	0	0	0	3	21	0	0	0	0	0	0	0	0	0	2	0	0	0	0	0	185	0	0	0	0	9	0	0	0	0	3	0	0	0	8	0
0	0	0	8	97	1	3	0	0	150	0	0	0	124	28	401	2	0	49	33	0	0	0	0	1	0	6	0	0	0	0	0	0	4	3	0	2	0	0	0	0	0	114	3	0	0	0	0	0	0	0	0	0	0	2	2	2	0	0	1	6	0	0	0	444	10	2	158	0	58	4	0	2	97	252
0	0	0	0	0	0	0	0	0	0	0	0	0	0	0	0	0	0	0	0	0	0	0	0	0	0	0	0	0	0	0	0	0	0	0	0	0	0	0	0	0	0	0	0	0	0	0	0	0	0	0	0	0	0	0	0	0	0	0	0	0	0	0	0	0	0	0	0	0	0	0	0	0	0	0
0	0	0	0	0	0	0	0	0	0	0	0	0	0	0	0	0	0	0	0	0	0	0	0	0	0	0	0	0	0	0	0	0	0	0	0	0	0	0	0	0	0	0	0	0	0	0	0	0	0	0	0	0	0	0	0	0	0	0	0	0	0	0	0	0	0	0	0	0	0	0	0	0	0	0
0	70	9	53	0	0	170	0	0	0	206	0	0	2	532	0	0	2	199	0	0	156	0	0	143	0	0	38	50	0	14	0	2	4	0	0	0	0	6	3	1	0	78	3	0	0	0	0	0	0	0	0	181	6	2	0	48	0	14	0	0	2	0	0	2	111	28	2	0	2	2	4	0	0	58
0	0	0	0	0	0	0	0	0	0	0	0	0	0	0	0	0	0	0	0	0	0	0	0	0	0	0	0	0	0	0	0	0	0	0	0	0	0	0	0	0	0	0	1	0	0	0	0	0	0	0	0	0	0	0	0	0	0	0	8	0	0	0	0	0	0	0	0	0	1	0	0	0	0	0
0	0	0	0	0	0	0	0	0	0	0	0	0	0	0	0	0	1	0	0	0	0	0	0	0	0	0	0	0	0	0	0	0	0	0	0	0	0	2	0	0	0	0	0	0	0	0	0	0	0	0	0	0	0	1	0	0	0	0	0	0	0	0	0	0	0	0	0	0	0	0	0	0	0	0
0	0	0	0	0	0	0	0	0	0	0	0	0	0	0	0	0	0	0	0	0	0	0	0	0	0	0	0	0	0	0	0	0	0	0	0	0	0	0	0	0	0	0	0	0	0	0	0	0	0	0	0	0	0	0	0	0	0	0	0	3	0	0	0	0	0	0	0	0	0	0	0	0	0	0
0	42	90	142	7	0	6	0	0	0	0	0	0	0	179	0	0	0	137	0	4	0	0	0	147	0	0	8	369	0	0	0	0	2	0	0	0	0	0	0	0	0	0	18	0	0	0	0	181	0	0	0	0	146	5	0	76	0	0	336	1	0	0	0	0	87	89	0	0	1	0	0	0	7	9
0	162	0	16	0	0	0	0	0	0	1	0	0	0	9	0	0	39	6	0	0	161	0	0	4	0	0	29	110	0	14	0	0	11	0	0	1	0	3	0	16	0	0	0	2	0	0	0	6	0	0	0	146	0	3	0	20	0	137	1	0	0	0	0	0	4	0	0	0	0	0	0	0	0	1
0	13	3	0	11	0	0	0	0	1	0	0	0	10	246	7	0	22	365	3	12	1	0	0	591	0	0	202	72	0	1	7	0	38	0	0	1	0	59	3	9	0	8	578	0	2	0	0	2	0	1	0	5	3	0	1	2	0	5	116	0	6	0	0	5	873	105	9	0	4	1	21	0	5	3
0	0	0	0	8	0	0	0	0	0	0	37	0	2	0	378	0	0	0	128	18	0	0	0	0	0	0	0	0	0	0	0	20	6	16	0	0	0	1	0	3	0	16	7	0	2	0	0	0	0	0	0	0	0	1	0	0	0	0	42	2259	0	62	0	15	0	41	11	0	0	0	1	0	8	2
0	636	116	1	0	0	0	0	0	0	32	0	0	0	57	0	0	2	0	16	0	84	0	0	0	0	0	0	0	0	0	0	0	0	0	0	0	0	0	0	0	0	0	1	0	2	0	0	48	0	0	0	76	20	2	0	0	0	103	6	0	0	0	0	0	0	117	0	0	1	1	0	0	0	0
0	0	0	0	0	0	0	0	0	0	0	0	0	0	0	0	0	0	0	0	0	0	0	0	0	0	0	0	0	0	0	0	0	0	0	0	0	0	0	0	0	0	0	0	0	0	0	0	0	0	0	0	0	0	0	0	0	0	0	0	0	0	0	0	0	0	0	0	0	0	0	0	0	0	0
0	40	12	6	32	0	0	0	0	0	0	0	0	0	135	17	0	0	223	33	20	0	0	0	103	0	0	298	290	0	0	0	0	130	0	0	0	0	0	0	0	0	2	4	0	0	0	0	14	0	0	0	0	137	5	0	103	0	0	39	4	0	0	0	15	129	53	0	0	0	0	0	0	32	496
0	1	5	8	94	0	10	0	0	904	51	1	6	1	184	0	0	195	290	1	75	218	0	0	76	0	0	86	214	0	612	811	3	154	0	0	1	0	2284	1039	973	2	100	3832	185	1	0	0	0	8	0	0	336	1	116	42	6	0	39	0	9	4	0	1871	1	671	291	2	0	4	412	981	0	216	35
0	3	0	11	10	0	0	0	0	6	9	786	0	2	0	14	0	6	0	0	0	0	0	0	1	0	0	2	1	0	10	0	0	7	228	0	6	0	0	0	1	0	0	0	0	6	0	0	0	0	0	3	1	0	0	2259	0	0	4	9	0	10	1511	3	0	2	0	1	0	27	0	1	0	43	1
0	0	9	13	28	0	0	0	0	0	0	0	0	34	4	17	0	0	19	10	74	0	0	0	3	0	0	247	0	0	0	0	0	6	0	0	0	0	0	0	0	0	3	7	0	0	0	0	2	0	0	0	0	0	6	0	0	0	0	4	10	0	0	0	269	4	13	2	0	14	0	0	2	27	0
0	0	0	0	1	0	1	0	0	0	0	0	0	4	0	183	0	0	4	198	0	0	0	0	0	0	0	0	0	0	0	0	0	0	6	0	0	0	0	0	0	0	2	0	0	0	0	0	0	0	0	0	0	0	0	62	0	0	0	0	1511	0	0	0	43	0	1	4	0	7	0	0	0	1	9
0	0	0	0	134	0	0	0	0	862	0	0	0	5	1	31	0	0	6	2	0	0	0	0	0	0	4	0	0	0	0	0	0	2	0	0	0	0	0	0	0	0	2	244	0	0	0	0	0	0	0	0	0	0	0	0	0	0	0	1871	3	0	0	0	38	1	8	83	0	37	1	0	0	116	0
0	0	43	64	45	1	0	0	0	659	0	4	22	2	0	38	260	2	0	1	17	0	0	0	1	2	0	1	0	0	1	0	201	4	0	0	601	0	4	3	6	54	42	5	9	444	0	0	2	0	0	0	0	0	5	15	0	0	15	1	0	269	43	38	0	1	5	1260	0	69	9	1	0	135	0
0	4	60	2	1	0	0	0	0	0	41	0	2	0	649	2	1	108	1353	0	8	48	0	0	956	0	0	85	63	0	13	76	7	222	0	0	3	0	912	42	158	3	14	137	0	10	0	0	111	0	0	0	87	4	873	0	0	0	129	671	2	4	0	1	1	0	24	4	0	0	16	431	0	10	11
0	33	145	18	11	0	2	0	0	10	134	3	12	0	9	148	3	61	2	1	115	45	0	0	6	0	48	23	1	0	123	70	7	151	0	0	14	0	221	16	111	0	214	202	0	2	0	0	28	0	0	0	89	0	105	41	117	0	53	291	0	13	1	8	5	24	0	6	0	2	183	240	2	44	0
0	0	1	4	116	1	0	0	0	433	0	1	0	36	3	107	1	10	89	5	2	0	0	0	1	6	20	0	0	0	0	0	13	0	0	0	43	0	0	38	8	0	69	5	0	158	0	0	2	0	0	0	0	0	9	11	0	0	0	2	1	2	4	83	1260	4	6	0	0	63	27	0	30	134	28
0	0	0	0	0	0	0	0	0	0	0	0	0	0	0	0	0	0	5	0	0	0	0	0	0	0	0	0	0	0	0	0	0	0	0	0	0	0	0	0	0	0	0	0	0	0	0	0	0	0	0	0	0	0	0	0	0	0	0	0	0	0	0	0	0	0	0	0	0	0	0	0	0	0	0
0	0	0	0	33	0	0	0	0	11	0	17	0	4	9	24	9	0	8	3	7	0	0	0	0	0	0	0	0	0	0	0	31	1	0	0	23	0	1	30	13	0	22	0	3	58	0	0	2	1	0	0	1	0	4	0	1	0	0	4	27	14	7	37	69	0	2	63	0	0	2	1	8	85	0
0	0	38	6	32	0	22	0	0	15	3	0	0	1	115	530	0	0	4	2	228	0	0	0	9	0	0	1	0	0	0	0	3	10	0	0	1	0	4	2	3	0	292	72	0	4	0	0	2	0	0	0	0	0	1	0	1	0	0	412	0	0	0	1	9	16	183	27	0	2	0	4	1	22	16
0	0	3	0	45	0	0	0	0	2	0	0	0	1	60	1	0	0	105	0	64	0	0	0	324	1	0	14	10	0	0	0	0	38	0	0	0	0	0	0	0	0	12	460	0	0	0	0	4	0	0	0	0	0	21	1	0	0	0	981	1	0	0	0	1	431	240	0	0	1	4	0	0	38	25
0	0	0	0	8	0	0	0	0	305	0	0	0	0	0	0	1	0	0	0	0	0	0	0	0	0	0	0	0	0	0	0	1	0	0	0	0	0	0	0	0	0	1	0	0	2	0	0	0	0	0	0	0	0	0	0	0	0	0	0	0	2	0	0	0	0	2	30	0	8	1	0	0	10	0
0	1	2	16	9	1	0	0	0	55	1	3	4	3	4	33	41	10	59	3	85	4	0	0	4	0	6	4	2	0	6	55	18	1	0	0	46	0	23	60	6	49	21	153	8	97	0	0	0	0	0	0	7	0	5	8	0	0	32	216	43	27	1	116	135	10	44	134	0	85	22	38	10	0	36
0	4	2	470	15	0	188	0	0	0	676	0	2	4	315	1	2	0	36	3	24	85	0	0	4	0	0	2	1	0	103	0	11	692	0	0	2	0	19	0	308	0	137	0	0	252	0	0	58	0	0	0	9	1	3	2	0	0	496	35	1	0	9	0	0	11	0	28	0	0	16	25	0	36	0
