0	0	0	0	0	0	0	0	0	0	0	0	0	0	0	0	0	0	0	0	0	0	0	0	0	0	0	0	0	0	0	0	0	0	0	0	0	0	0	0	0	0	0	0	0	0	0	0	0	0	0	0	0	0	0	0	0	0	0	0	0	0	0	0	0	0	0	0	0	0	0	0	0	0	0
0	0	64	0	0	0	0	2	0	0	97	0	143	0	0	0	0	5	22	0	0	283	0	0	1	0	0	75	4	0	0	0	0	2	0	0	2	0	0	0	10	2	20	0	0	0	0	0	213	0	0	0	195	266	4	0	163	2	323	0	0	0	0	0	0	0	24	2	0	0	2	0	0	0	0
0	64	0	0	1	0	0	0	0	0	0	0	0	0	0	2	0	0	0	0	22	0	0	0	1	0	0	0	1	0	0	0	0	28	0	0	0	0	0	3	1	0	267	0	0	0	0	0	0	0	0	0	0	0	1	0	0	0	0	0	0	0	0	0	0	0	8	0	0	0	13	0	0	1	0
0	0	0	0	0	0	154	14	6	0	906	0	0	52	0	18	0	2	20	0	0	244	0	0	0	0	0	0	3	0	86	0	0	22	0	0	0	0	2	0	22	0	331	0	0	94	0	0	470	0	0	0	88	4	0	0	8	0	8	0	0	0	0	0	0	0	150	0	0	0	30	0	0	0	265
0	0	1	0	0	0	0	0	0	0	0	0	2	2	0	0	1	13	0	0	11	0	0	0	0	0	0	10	0	0	10	0	1	4	0	18	0	0	7	2	11	0	1	12	0	8	0	3	2	0	0	0	1	0	3	0	0	5	0	1	0	0	1	16	0	0	3	5	0	0	0	2	0	0	0
0	0	0	0	0	0	0	0	0	0	0	0	0	0	0	0	1	0	0	0	0	0	0	0	0	0	0	0	0	0	0	0	0	0	0	0	0	0	0	0	0	0	1	0	0	1	0	0	0	0	0	0	0	0	0	0	0	3	0	0	0	0	0	0	0	0	0	0	0	0	0	0	0	0	0
0	0	0	154	0	0	0	0	0	0	114	0	0	0	0	2	0	0	0	0	0	42	0	0	0	0	0	0	1	0	10	0	0	2	0	0	0	0	0	0	0	0	331	0	0	3	0	0	48	0	0	0	66	0	0	0	19	0	1	0	0	0	0	0	0	0	52	0	0	0	0	0	0	0	52
0	2	0	14	0	0	0	0	1	0	3	0	17	0	0	0	0	81	350	8	12	124	0	0	49	0	0	39	82	0	16	0	3	245	0	0	0	0	73	117	54	0	0	51	0	0	0	1	12	4	0	0	220	2	686	1	0	20	18	58	0	0	0	0	0	707	224	0	0	0	3	292	0	0	20
0	0	0	6	0	0	0	1	0	1	0	0	0	0	0	0	0	0	0	0	0	0	0	0	0	0	0	0	4	0	0	0	0	2	0	0	0	0	0	0	0	0	0	0	0	0	0	0	0	0	0	0	0	0	0	0	0	0	0	0	0	0	0	0	0	0	0	0	0	0	0	0	0	0	0
0	0	0	0	0	0	0	0	1	0	0	0	0	0	0	0	0	0	0	0	0	0	0	0	0	0	0	0	0	0	0	0	0	0	0	0	0	0	0	0	0	2	0	0	0	0	0	0	0	0	0	0	0	0	0	0	0	0	0	0	0	1	0	0	0	0	0	2	0	0	0	0	1	2	0
0	97	0	906	0	0	114	3	0	0	0	0	0	0	0	305	0	0	0	23	0	0	0	0	12	0	0	0	0	2	0	0	0	14	0	0	0	0	0	3	46	0	923	0	0	180	0	0	289	0	0	0	0	0	0	0	0	0	0	0	0	0	0	0	0	0	0	0	0	0	4	0	0	0	166
0	0	0	0	0	0	0	0	0	0	0	0	0	0	0	2	0	0	0	0	0	0	0	0	0	0	0	0	0	0	0	0	0	0	0	0	0	0	0	0	0	0	0	0	0	6	0	0	0	0	0	0	0	0	0	82	0	842	0	0	527	0	0	0	0	0	0	2	0	0	0	0	0	0	0
0	143	0	0	2	0	0	17	0	0	0	0	0	2	0	0	0	0	0	0	0	0	0	0	2	0	0	1	0	0	0	0	0	0	0	0	0	0	0	0	3	0	1	1	0	0	0	0	2	0	0	0	0	0	16	0	0	0	0	1	0	0	0	0	0	0	25	0	0	0	0	0	0	2	6
0	0	0	52	2	0	0	0	0	0	0	0	2	0	0	0	9	0	0	1	0	0	0	0	0	0	11	0	0	0	1	0	2	0	0	4	0	0	0	21	3	0	7	0	68	12	0	0	1	0	0	0	0	0	0	1	0	9	0	3	0	2	1	0	0	0	0	20	0	3	1	1	3	2	0
0	0	0	0	0	0	0	0	0	0	0	0	0	0	0	0	0	0	0	0	0	0	0	0	0	0	0	0	0	0	0	0	0	0	0	0	0	0	0	0	0	0	0	0	0	0	0	0	0	0	0	0	0	0	0	0	0	0	0	0	0	0	0	0	0	0	0	0	0	0	0	0	0	0	0
0	0	2	18	0	0	2	0	0	0	305	2	0	0	0	0	60	10	0	328	0	0	0	0	0	0	0	1	0	4	10	0	144	100	0	0	11	0	2	13	18	0	582	0	0	628	0	37	0	0	0	0	0	12	0	161	0	468	1	0	0	0	177	0	0	0	200	2	0	0	83	0	0	1	0
0	0	0	0	1	1	0	0	0	0	0	0	0	9	0	60	0	1	0	191	10	0	0	0	0	0	0	0	0	5	0	0	0	2	0	1	0	0	0	17	181	0	29	0	0	442	1	0	0	0	0	0	0	0	2	73	0	0	0	1	0	0	0	0	1	0	1	61	0	4	0	0	2	1	0
0	5	0	2	13	0	0	81	0	0	0	0	0	0	0	10	1	0	1	13	132	9	0	0	27	0	0	749	24	0	54	0	0	421	0	0	0	0	0	0	689	0	71	7	0	0	0	0	0	0	3	0	3	5	380	0	15	0	9	1	0	271	0	0	0	8	62	0	0	0	23	1	0	13	7
0	22	0	20	0	0	0	350	0	0	0	0	0	0	0	0	0	1	0	0	0	0	0	0	17	0	0	0	85	0	5	0	0	24	0	0	0	0	0	24	36	0	1	4	0	0	0	0	6	0	0	0	0	25	204	0	0	1	2	0	0	0	0	0	0	0	3	2	0	0	0	1	0	0	14
0	0	0	0	0	0	0	8	0	0	23	0	0	1	0	328	191	13	0	0	20	0	0	0	0	0	0	0	0	3	0	0	52	26	0	1	0	0	21	0	16	0	167	14	0	141	0	31	0	0	0	0	0	0	12	11	0	67	1	0	0	0	233	0	0	0	0	0	0	0	0	0	0	0	0
0	0	22	0	11	0	0	12	0	0	0	0	0	0	0	0	10	132	0	20	0	0	0	0	0	0	0	10	13	0	40	0	0	8	0	50	0	0	0	0	414	0	29	2	0	0	0	0	0	0	3	0	0	0	0	0	0	0	0	0	0	4	0	0	0	0	3	69	0	0	5	10	0	11	1
0	283	0	244	0	0	42	124	0	0	0	0	0	0	0	0	0	9	0	0	0	0	0	0	17	0	0	31	30	0	3	0	0	6	0	0	0	0	0	0	44	0	0	0	0	0	0	0	75	0	0	0	0	149	0	0	0	0	0	0	0	0	0	0	0	0	1	0	0	1	0	0	0	0	6
0	0	0	0	0	0	0	0	0	0	0	0	0	0	0	0	0	0	0	0	0	0	0	0	0	0	0	0	0	0	0	0	0	0	0	0	0	0	0	0	0	0	0	0	0	0	0	0	0	0	0	0	0	0	0	0	0	0	0	0	0	0	0	0	0	0	0	0	0	0	0	0	0	0	0
0	0	0	0	0	0	0	0	0	0	0	0	0	0	0	0	0	0	0	0	0	0	0	0	0	0	0	0	0	0	0	0	0	0	0	0	0	0	0	0	0	0	0	0	0	0	0	0	0	0	0	0	0	0	0	0	0	0	0	0	0	0	0	0	0	0	0	0	0	0	0	0	0	0	0
0	1	1	0	0	0	0	49	0	0	12	0	2	0	0	0	0	27	17	0	0	17	0	0	0	0	0	10	0	0	7	0	0	39	0	16	0	0	24	0	15	0	2	1	0	0	0	2	0	0	0	0	35	3	6	0	0	0	34	0	0	0	0	7	0	53	10	0	0	0	1	5	0	0	0
0	0	0	0	0	0	0	0	0	0	0	0	0	0	0	0	0	0	0	0	0	0	0	0	0	0	0	0	0	0	0	0	0	0	0	0	0	0	0	0	0	0	0	0	0	0	0	0	0	0	0	0	0	0	0	0	0	0	0	0	0	0	0	0	0	0	0	0	0	0	0	0	0	0	0
0	0	0	0	0	0	0	0	0	0	0	0	0	11	0	0	0	0	0	0	0	0	0	0	0	0	0	0	0	0	0	0	0	0	0	0	0	0	0	0	0	0	0	0	0	10	0	0	0	0	0	0	0	0	0	0	0	0	0	0	0	0	0	0	0	0	0	0	0	0	0	0	0	0	0
0	75	0	0	10	0	0	39	0	0	0	0	1	0	0	1	0	749	0	0	10	31	0	0	10	0	0	0	23	0	114	0	0	209	0	0	0	0	16	0	238	0	17	8	0	0	0	1	2	0	0	0	3	23	225	0	4	0	155	2	0	162	0	0	0	0	51	0	0	0	0	9	0	10	4
0	4	1	3	0	0	1	82	4	0	0	0	0	0	0	0	0	24	85	0	13	30	0	0	0	0	0	23	0	0	9	0	0	56	0	8	0	0	4	0	4	0	4	0	0	0	0	0	4	0	0	0	33	3	16	0	2	0	3	0	0	3	0	0	0	56	3	1	0	0	2	4	0	0	0
0	0	0	0	0	0	0	0	0	0	2	0	0	0	0	4	5	0	0	3	0	0	0	0	0	0	0	0	0	0	0	0	1	3	0	5	0	0	0	0	1	0	36	2	0	34	0	0	0	0	0	0	0	0	0	1	0	8	0	0	1	0	4	7	0	0	13	5	0	0	21	21	0	1	0
0	0	0	86	10	0	10	16	0	0	0	0	0	1	0	10	0	54	5	0	40	3	0	0	7	0	0	114	9	0	0	0	0	0	0	1	0	0	0	18	628	0	6	0	0	1	0	0	33	0	0	0	11	5	0	0	0	2	0	2	0	2	0	0	0	0	4	0	0	1	1	0	0	10	2
0	0	0	0	0	0	0	0	0	0	0	0	0	0	0	0	0	0	0	0	0	0	0	0	0	0	0	0	0	0	0	0	0	0	0	0	0	0	0	0	0	0	0	0	0	0	0	0	0	0	0	0	0	0	0	0	0	0	0	0	0	0	0	0	0	0	0	0	0	0	0	0	0	0	0
0	0	0	0	1	0	0	3	0	0	0	0	0	2	0	144	0	0	0	52	0	0	0	0	0	0	0	0	0	1	0	0	0	0	0	0	0	0	0	14	2	0	427	0	0	82	5	0	2	0	0	0	0	0	4	37	0	308	0	9	16	0	0	0	2	0	19	19	0	4	1	0	0	1	1
0	2	28	22	4	0	2	245	2	0	14	0	0	0	0	100	2	421	24	26	8	6	0	0	39	0	0	209	56	3	0	0	0	0	0	21	0	0	10	35	148	0	154	33	0	4	0	2	14	0	3	0	6	7	431	0	4	0	12	2	0	24	4	0	0	28	91	2	0	0	23	36	0	4	16
0	0	0	0	0	0	0	0	0	0	0	0	0	0	0	0	0	0	0	0	0	0	0	0	0	0	0	0	0	0	0	0	0	0	0	0	0	0	0	0	0	0	0	0	0	0	0	0	0	0	0	0	0	0	0	0	0	0	0	0	0	0	0	0	0	0	0	0	0	0	0	0	0	0	0
0	0	0	0	18	0	0	0	0	0	0	0	0	4	0	0	1	0	0	1	50	0	0	0	16	0	0	0	8	5	1	0	0	21	0	0	0	0	0	210	1	1	2	121	0	0	0	0	5	0	9	0	0	0	19	0	0	0	0	8	0	0	0	1	0	0	40	0	0	0	0	2	0	16	2
0	2	0	0	0	0	0	0	0	0	0	0	0	0	0	11	0	0	0	0	0	0	0	0	0	0	0	0	0	0	0	0	0	0	0	0	0	0	0	8	0	0	4	0	0	0	6	0	0	0	0	0	0	1	0	0	0	1	0	0	0	0	0	0	0	0	5	29	0	1	0	0	0	0	10
0	0	0	0	0	0	0	0	0	0	0	0	0	0	0	0	0	0	0	0	0	0	0	0	0	0	0	0	0	0	0	0	0	0	0	0	0	0	0	0	0	0	0	0	0	0	0	0	0	0	0	0	0	0	0	0	0	0	0	0	0	0	0	0	0	0	0	0	0	0	0	0	0	0	0
0	0	0	2	7	0	0	73	0	0	0	0	0	0	0	2	0	0	0	21	0	0	0	0	24	0	0	16	4	0	0	0	0	10	0	0	0	0	0	17	0	0	0	21	0	0	0	0	1	0	0	0	0	0	256	0	0	0	0	1	0	0	0	0	0	0	107	0	0	0	0	0	0	7	6
0	0	3	0	2	0	0	117	0	0	3	0	0	21	0	13	17	0	24	0	0	0	0	0	0	0	0	0	0	0	18	0	14	35	0	210	8	0	17	0	153	0	46	144	0	9	0	0	0	0	0	0	14	0	0	0	0	123	7	172	6	0	0	142	2	36	43	17	0	0	15	31	0	0	0
0	10	1	22	11	0	0	54	0	0	46	0	3	3	0	18	181	689	36	16	414	44	0	0	15	0	0	238	4	1	628	0	2	148	0	1	0	0	0	153	0	0	44	5	0	11	0	0	3	0	9	0	46	4	73	0	1	3	52	189	0	308	1	0	0	0	25	41	0	0	8	22	2	11	34
0	2	0	0	0	0	0	0	0	2	0	0	0	0	0	0	0	0	0	0	0	0	0	0	0	0	0	0	0	0	0	0	0	0	0	1	0	0	0	0	0	0	0	1	0	0	0	0	0	0	0	0	0	0	0	0	0	2	0	0	0	0	0	0	0	0	0	0	0	0	0	0	1	0	0
0	20	267	331	1	1	331	0	0	0	923	0	1	7	0	582	29	71	1	167	29	0	0	0	2	0	0	17	4	36	6	0	427	154	0	2	4	0	0	46	44	0	0	15	0	86	1	0	267	0	1	0	0	0	6	50	94	15	0	1	0	7	18	0	0	1	920	116	0	0	715	16	0	0	89
0	0	0	0	12	0	0	51	0	0	0	0	1	0	0	0	0	7	4	14	2	0	0	0	1	0	0	8	0	2	0	0	0	33	0	121	0	0	21	144	5	1	15	0	0	1	0	0	2	1	0	0	5	0	140	0	0	2	0	87	0	0	0	76	0	4	21	0	0	0	0	8	0	9	1
0	0	0	0	0	0	0	0	0	0	0	0	0	68	0	0	0	0	0	0	0	0	0	0	0	0	0	0	0	0	0	0	0	0	0	0	0	0	0	0	0	0	0	0	0	0	0	0	0	0	0	0	0	0	47	0	0	0	0	0	2	0	0	0	0	0	2	0	0	0	0	0	0	0	0
0	0	0	94	8	1	3	0	0	0	180	6	0	12	0	628	442	0	0	141	0	0	0	0	0	0	10	0	0	34	1	0	82	4	0	0	0	0	0	9	11	0	86	1	0	0	2	8	1	0	0	0	0	0	8	14	0	591	0	7	0	0	28	0	1	0	0	58	0	2	0	0	0	8	28
0	0	0	0	0	0	0	0	0	0	0	0	0	0	0	0	1	0	0	0	0	0	0	0	0	0	0	0	0	0	0	0	5	0	0	0	6	0	0	0	0	0	1	0	0	2	0	0	0	0	0	0	0	0	0	0	0	7	0	0	0	0	1	0	0	0	0	5	0	0	0	0	0	5	0
0	0	0	0	3	0	0	1	0	0	0	0	0	0	0	37	0	0	0	31	0	0	0	0	2	0	0	1	0	0	0	0	0	2	0	0	0	0	0	0	0	0	0	0	0	8	0	0	1	0	0	0	0	0	83	2	0	0	0	0	129	0	0	0	0	0	40	0	0	0	0	0	0	3	0
0	213	0	470	2	0	48	12	0	0	289	0	2	1	0	0	0	0	6	0	0	75	0	0	0	0	0	2	4	0	33	0	2	14	0	5	0	0	1	0	3	0	267	2	0	1	0	1	0	0	0	0	168	72	0	0	77	7	0	4	0	1	0	1	0	6	218	9	0	2	99	6	0	5	76
0	0	0	0	0	0	0	4	0	0	0	0	0	0	0	0	0	0	0	0	0	0	0	0	0	0	0	0	0	0	0	0	0	0	0	0	0	0	0	0	0	0	0	1	0	0	0	0	0	0	0	0	0	0	0	0	0	0	0	0	0	0	0	0	0	0	0	0	0	0	0	0	0	0	0
0	0	0	0	0	0	0	0	0	0	0	0	0	0	0	0	0	3	0	0	3	0	0	0	0	0	0	0	0	0	0	0	0	3	0	9	0	0	0	0	9	0	1	0	0	0	0	0	0	0	0	0	0	0	0	0	0	0	0	0	0	2	0	0	0	0	0	0	0	0	0	2	0	0	0
0	0	0	0	0	0	0	0	0	0	0	0	0	0	0	0	0	0	0	0	0	0	0	0	0	0	0	0	0	0	0	0	0	0	0	0	0	0	0	0	0	0	0	0	0	0	0	0	0	0	0	0	0	0	0	0	0	4	0	0	1	0	0	0	0	0	0	0	0	0	0	0	0	0	0
0	195	0	88	1	0	66	220	0	0	0	0	0	0	0	0	0	3	0	0	0	0	0	0	35	0	0	3	33	0	11	0	0	6	0	0	0	0	0	14	46	0	0	5	0	0	0	0	168	0	0	0	0	88	24	0	0	0	0	3	0	0	0	0	0	0	12	0	0	0	0	0	0	1	16
0	266	0	4	0	0	0	2	0	0	0	0	0	0	0	12	0	5	25	0	0	149	0	0	3	0	0	23	3	0	5	0	0	7	0	0	1	0	0	0	4	0	0	0	0	0	0	0	72	0	0	0	88	0	4	0	83	0	116	0	0	0	0	0	0	1	0	0	0	0	3	0	0	0	0
0	4	1	0	3	0	0	686	0	0	0	0	16	0	0	0	2	380	204	12	0	0	0	0	6	0	0	225	16	0	0	0	4	431	0	19	0	0	256	0	73	0	6	140	47	8	0	83	0	0	0	0	24	4	0	0	0	12	14	2	0	1	2	34	0	400	293	22	0	0	3	664	3	0	2
0	0	0	0	0	0	0	1	0	0	0	82	0	1	0	161	73	0	0	11	0	0	0	0	0	0	0	0	0	1	0	0	37	0	0	0	0	0	0	0	0	0	50	0	0	14	0	2	0	0	0	0	0	0	0	0	0	772	0	0	848	0	222	0	0	0	0	5	0	1	0	0	0	0	1
0	163	0	8	0	0	19	0	0	0	0	0	0	0	0	0	0	15	0	0	0	0	0	0	0	0	0	4	2	0	0	0	0	4	0	0	0	0	0	0	1	0	94	0	0	0	0	0	77	0	0	0	0	83	0	0	0	0	0	0	0	0	0	0	0	0	0	0	0	0	0	0	0	0	0
0	2	0	0	5	3	0	20	0	0	0	842	0	9	0	468	0	0	1	67	0	0	0	0	0	0	0	0	0	8	2	0	308	0	0	0	1	0	0	123	3	2	15	2	0	591	7	0	7	0	0	4	0	0	12	772	0	0	0	6	664	57	187	1	0	1	4	26	0	0	0	0	10	5	1
0	323	0	8	0	0	1	18	0	0	0	0	0	0	0	1	0	9	2	1	0	0	0	0	34	0	0	155	3	0	0	0	0	12	0	0	0	0	0	7	52	0	0	0	0	0	0	0	0	0	0	0	0	116	14	0	0	0	0	0	0	0	0	0	0	0	13	16	0	0	0	2	0	0	25
0	0	0	0	1	0	0	58	0	0	0	0	1	3	0	0	1	1	0	0	0	0	0	0	0	0	0	2	0	0	2	0	9	2	0	8	0	0	1	172	189	0	1	87	0	7	0	0	4	0	0	0	3	0	2	0	0	6	0	0	0	0	0	8	1	0	24	20	0	0	0	0	0	1	2
0	0	0	0	0	0	0	0	0	0	0	527	0	0	0	0	0	0	0	0	0	0	0	0	0	0	0	0	0	1	0	0	16	0	0	0	0	0	0	6	0	0	0	0	2	0	0	129	0	0	0	1	0	0	0	848	0	664	0	0	0	0	586	1	0	0	0	0	0	12	0	0	0	0	0
0	0	0	0	0	0	0	0	0	1	0	0	0	2	0	0	0	271	0	0	4	0	0	0	0	0	0	162	3	0	2	0	0	24	0	0	0	0	0	0	308	0	7	0	0	0	0	0	1	0	2	0	0	0	1	0	0	57	0	0	0	0	0	0	1	0	0	37	0	1	1	0	0	0	6
0	0	0	0	1	0	0	0	0	0	0	0	0	1	0	177	0	0	0	233	0	0	0	0	0	0	0	0	0	4	0	0	0	4	0	0	0	0	0	0	1	0	18	0	0	28	1	0	0	0	0	0	0	0	2	222	0	187	0	0	586	0	0	0	0	0	0	2	0	2	1	0	0	1	0
0	0	0	0	16	0	0	0	0	0	0	0	0	0	0	0	0	0	0	0	0	0	0	0	7	0	0	0	0	7	0	0	0	0	0	1	0	0	0	142	0	0	0	76	0	0	0	0	1	0	0	0	0	0	34	0	0	1	0	8	1	0	0	0	0	0	22	218	0	0	0	0	1	8	2
0	0	0	0	0	0	0	0	0	0	0	0	0	0	0	0	1	0	0	0	0	0	0	0	0	0	0	0	0	0	0	0	2	0	0	0	0	0	0	2	0	0	0	0	0	1	0	0	0	0	0	0	0	0	0	0	0	0	0	1	0	1	0	0	0	0	0	13	0	0	0	0	0	0	0
0	0	0	0	0	0	0	707	0	0	0	0	0	0	0	0	0	8	0	0	0	0	0	0	53	0	0	0	56	0	0	0	0	28	0	0	0	0	0	36	0	0	1	4	0	0	0	0	6	0	0	0	0	1	400	0	0	1	0	0	0	0	0	0	0	0	96	6	0	0	0	0	0	0	0
0	24	8	150	3	0	52	224	0	0	0	0	25	0	0	200	1	62	3	0	3	1	0	0	10	0	0	51	3	13	4	0	19	91	0	40	5	0	107	43	25	0	920	21	2	0	0	40	218	0	0	0	12	0	293	0	0	4	13	24	0	0	0	22	0	96	0	9	0	2	17	166	4	8	13
0	2	0	0	5	0	0	0	0	2	0	2	0	20	0	2	61	0	2	0	69	0	0	0	0	0	0	0	1	5	0	0	19	2	0	0	29	0	0	17	41	0	116	0	0	58	5	0	9	0	0	0	0	0	22	5	0	26	16	20	0	37	2	218	13	6	9	0	0	4	2	0	22	5	5
0	0	0	0	0	0	0	0	0	0	0	0	0	0	0	0	0	0	0	0	0	0	0	0	0	0	0	0	0	0	0	0	0	0	0	0	0	0	0	0	0	0	0	0	0	0	0	0	0	0	0	0	0	0	0	0	0	0	0	0	0	0	0	0	0	0	0	0	0	0	0	0	0	0	0
0	0	0	0	0	0	0	0	0	0	0	0	0	3	0	0	4	0	0	0	0	1	0	0	0	0	0	0	0	0	1	0	4	0	0	0	1	0	0	0	0	0	0	0	0	2	0	0	2	0	0	0	0	0	0	1	0	0	0	0	12	1	2	0	0	0	2	4	0	0	0	0	3	0	0
0	2	13	30	0	0	0	3	0	0	4	0	0	1	0	83	0	23	0	0	5	0	0	0	1	0	0	0	2	21	1	0	1	23	0	0	0	0	0	15	8	0	715	0	0	0	0	0	99	0	0	0	0	3	3	0	0	0	0	0	0	1	1	0	0	0	17	2	0	0	0	4	1	0	10
0	0	0	0	2	0	0	292	0	0	0	0	0	1	0	0	0	1	1	0	10	0	0	0	5	0	0	9	4	21	0	0	0	36	0	2	0	0	0	31	22	0	16	8	0	0	0	0	6	0	2	0	0	0	664	0	0	0	2	0	0	0	0	0	0	0	166	0	0	0	4	0	2	2	0
0	0	0	0	0	0	0	0	0	1	0	0	0	3	0	0	2	0	0	0	0	0	0	0	0	0	0	0	0	0	0	0	0	0	0	0	0	0	0	0	2	1	0	0	0	0	0	0	0	0	0	0	0	0	3	0	0	10	0	0	0	0	0	1	0	0	4	22	0	3	1	2	0	0	0
0	0	1	0	0	0	0	0	0	2	0	0	2	2	0	1	1	13	0	0	11	0	0	0	0	0	0	10	0	1	10	0	1	4	0	16	0	0	7	0	11	0	0	9	0	8	5	3	5	0	0	0	1	0	0	0	0	5	0	1	0	0	1	8	0	0	8	5	0	0	0	2	0	0	0
0	0	0	265	0	0	52	20	0	0	166	0	6	0	0	0	0	7	14	0	1	6	0	0	0	0	0	4	0	0	2	0	1	16	0	2	10	0	6	0	34	0	89	1	0	28	0	0	76	0	0	0	16	0	2	1	0	1	25	2	0	6	0	2	0	0	13	5	0	0	10	0	0	0	0
