0	0	0	0	0	0	0	0	0	0	0	0	0	0	0	0	0	0	0	0	0	0	0	0	0	0	0	0	0	0	0	0	0	0	0	0	0	0	0	0	0	0	0	0	0	0	0	0	0	0	0	0	0	0	0	0	0	0	0	0	0	0	0	0	0	0	0	0	0	0	0	0	0	0	0
0	0	564	0	0	0	0	4	0	0	0	0	0	0	2	0	0	62	15	0	2	290	0	0	5	0	0	0	6	0	0	0	0	10	0	0	0	0	2	2	12	0	2	0	0	0	0	0	94	0	0	0	523	18	17	0	942	0	569	6	0	0	2	0	0	12	303	0	0	0	0	0	0	2	5
0	564	0	0	9	0	0	0	0	2	0	0	0	0	30	0	0	0	17	0	12	0	0	0	33	0	0	1	5	0	0	0	0	10	19	0	0	0	0	0	0	0	83	106	0	0	0	0	0	0	9	0	3	10	34	0	78	0	0	13	0	0	0	0	45	84	460	0	0	0	23	3	0	9	11
0	0	0	0	7	0	319	0	37	80	122	0	0	0	304	76	0	1	67	0	0	44	0	0	36	0	0	0	17	1	74	4	5	38	0	0	5	0	2	36	21	0	278	43	0	96	0	0	185	0	0	0	119	0	1	0	1	0	27	105	0	0	0	0	20	8	61	4	0	0	42	0	0	30	273
0	0	9	7	0	0	0	1	19	1889	0	1	0	15	3	18	0	34	36	3	15	1	0	0	4	4	0	1	7	4	0	57	29	16	4	0	75	0	60	43	17	2	24	844	0	64	0	0	11	0	9	0	5	0	17	3	1	0	2	223	0	0	3	74	8	1	105	43	0	6	15	13	1	29	1
0	0	0	0	0	0	0	0	0	1	0	0	0	0	19	0	0	0	5	0	2	6	0	0	0	0	0	0	12	0	1	0	0	0	0	0	0	0	16	0	2	0	1	0	0	1	0	0	12	0	0	0	3	0	12	0	0	0	8	4	0	0	0	0	1	0	0	1	0	0	27	0	0	4	0
0	0	0	319	0	0	0	0	0	0	81	0	0	0	64	85	0	2	47	0	0	1	0	0	25	0	0	0	31	0	3	5	0	11	0	0	0	0	2	0	0	0	210	29	0	139	0	0	1	0	0	0	27	0	4	0	0	0	12	0	0	0	0	0	0	0	149	0	0	0	26	0	0	11	153
0	4	0	0	1	0	0	0	1	0	0	0	0	0	175	0	0	10	168	0	0	0	0	0	83	0	0	0	85	0	0	0	0	2	0	0	0	0	15	0	0	0	0	45	0	0	0	0	4	0	0	0	0	2	20	0	0	0	0	37	0	0	0	0	0	139	1	0	0	0	0	0	0	1	0
0	0	0	37	19	0	0	1	0	135	0	0	0	19	0	13	0	0	3	0	106	0	0	0	1	1	0	0	0	0	0	0	0	0	0	0	0	0	0	0	0	0	0	1	0	0	0	0	0	0	0	0	0	0	0	0	0	0	0	0	0	0	0	0	131	9	2	19	0	15	0	0	0	19	1
0	0	2	80	1889	1	0	0	135	0	0	0	0	0	0	1	0	0	0	1	2	0	0	0	0	7	0	0	0	0	0	2357	51	3	0	0	3	0	2845	1700	56	3225	100	2965	0	654	0	0	1	10	0	0	0	0	16	1	0	0	0	944	0	0	0	2863	2300	0	14	865	0	18	5	2	714	393	1
0	0	0	122	0	0	81	0	0	0	0	0	0	0	473	369	0	0	200	4	2	0	0	0	148	0	0	0	34	0	0	0	0	198	0	0	0	0	0	0	0	0	316	3	0	700	0	0	0	0	0	0	0	17	1	0	19	0	0	83	0	0	0	0	0	99	467	0	0	0	11	0	0	0	299
0	0	0	0	1	0	0	0	0	0	0	0	0	0	0	0	0	0	2	0	0	0	0	0	1	0	0	0	0	0	0	0	0	0	7	0	0	0	0	0	0	0	0	0	0	0	0	0	0	0	0	0	0	0	0	37	0	0	0	0	0	0	0	0	0	1	0	1	0	16	0	0	0	1	1
0	0	0	0	0	0	0	0	0	0	0	0	0	0	0	0	0	0	0	0	0	0	0	0	1	0	0	0	0	0	0	0	0	0	0	0	0	0	0	0	0	0	0	2	0	0	0	0	0	0	0	0	0	0	0	0	0	0	0	0	0	0	0	0	0	0	1	0	0	0	0	0	0	0	0
0	0	0	0	15	0	0	0	19	0	0	0	0	0	7	10	0	2	4	0	0	0	0	0	0	1	0	0	0	23	0	0	64	0	0	0	47	0	0	5	42	0	26	0	269	280	0	0	4	0	0	0	0	0	3	6	0	0	0	1	0	0	22	21	9	0	10	23	0	70	0	0	7	50	4
0	2	30	304	3	19	64	175	0	0	473	0	0	7	0	87	0	138	628	0	0	72	0	0	375	0	0	42	660	3	128	0	0	150	0	0	1	0	129	5	42	0	224	0	0	878	0	0	31	0	1	0	108	23	246	6	8	0	64	369	0	0	0	1	0	367	178	5	0	5	16	43	0	6	339
0	0	0	76	18	0	85	0	13	1	369	0	0	10	87	0	0	77	9	79	2	6	0	0	6	5	0	0	89	206	0	23	436	236	17	0	59	0	86	30	56	0	699	19	1	1367	0	0	0	0	0	0	21	0	81	409	0	0	18	23	0	0	269	9	25	9	466	94	0	0	380	57	0	39	2
0	0	0	0	0	0	0	0	0	0	0	0	0	0	0	0	0	0	0	0	0	0	0	0	0	0	0	0	0	0	0	0	0	0	0	0	0	0	0	0	0	0	0	0	0	0	0	0	0	0	0	0	0	0	0	0	0	0	0	0	0	0	0	0	0	0	0	0	0	0	0	0	0	0	0
0	62	0	1	34	0	2	10	0	0	0	0	0	2	138	77	0	0	121	0	70	0	0	0	133	9	0	9	250	0	0	0	0	32	0	0	0	0	0	0	0	0	11	131	0	0	0	0	0	0	8	0	0	9	78	0	0	0	0	137	0	0	0	0	0	204	84	13	0	1	4	0	0	34	74
0	15	17	67	36	5	47	168	3	0	200	2	0	4	628	9	0	121	0	1	2	42	0	0	694	2	0	4	775	0	159	239	10	403	1	0	28	0	812	36	113	0	35	178	5	54	0	0	37	0	0	0	224	36	417	2	1	0	200	337	0	0	0	7	0	1330	62	91	0	3	10	24	0	74	81
0	0	0	0	3	0	0	0	0	1	4	0	0	0	0	79	0	0	1	0	2	0	0	0	0	0	0	0	0	68	0	0	90	150	0	0	0	0	0	0	0	0	45	0	0	96	0	0	0	0	0	0	0	0	0	80	0	0	26	0	0	0	33	0	0	19	0	2	0	0	0	0	0	3	0
0	2	12	0	15	2	0	0	106	2	2	0	0	0	0	2	0	70	2	2	0	0	0	0	2	0	0	18	0	0	296	144	0	24	0	0	0	0	4	0	258	0	28	14	0	0	0	0	0	0	5	0	2	0	2	0	0	0	40	61	0	0	0	0	10	2	43	0	0	32	22	46	0	17	1
0	290	0	44	1	6	1	0	0	0	0	0	0	0	72	6	0	0	42	0	0	0	0	0	111	0	0	5	116	0	0	0	0	84	0	0	0	0	0	0	0	0	0	1	0	0	0	0	0	0	0	0	0	22	4	0	19	0	0	210	0	0	0	0	0	45	20	0	0	0	0	0	0	1	77
0	0	0	0	0	0	0	0	0	0	0	0	0	0	0	0	0	0	0	0	0	0	0	0	0	0	0	0	0	0	0	0	0	0	0	0	0	0	0	0	0	0	0	0	0	0	0	0	0	0	0	0	0	0	0	0	0	0	0	0	0	0	0	0	0	0	0	0	0	0	0	0	0	0	0
0	0	0	0	0	0	0	0	0	0	0	0	0	0	0	0	0	0	0	0	0	0	0	0	0	0	0	0	0	0	0	0	0	0	0	0	0	0	0	0	0	0	0	0	0	0	0	0	0	0	0	0	0	0	0	0	0	0	0	0	0	0	0	0	0	0	0	0	0	0	0	0	0	0	0
0	5	33	36	4	0	25	83	1	0	148	1	1	0	375	6	0	133	694	0	2	111	0	0	0	1	0	14	428	0	185	45	7	338	0	0	0	0	592	25	121	0	17	70	0	4	0	0	43	0	1	0	178	6	530	1	0	0	115	179	0	0	0	1	0	903	25	1	0	0	7	265	0	20	11
0	0	0	0	4	0	0	0	1	7	0	0	0	1	0	5	0	9	2	0	0	0	0	0	1	0	0	0	0	0	0	1	0	1	0	0	4	0	4	0	4	1	3	5	2	0	0	0	0	0	0	0	0	4	2	0	0	0	1	1	0	0	0	0	9	0	0	10	0	0	0	0	0	8	0
0	0	0	0	0	0	0	0	0	0	0	0	0	0	0	0	0	0	0	0	0	0	0	0	0	0	0	0	0	0	0	0	0	0	0	0	0	0	0	0	0	0	0	0	0	6	0	0	0	0	0	0	0	0	0	0	0	0	4	0	0	0	0	0	0	0	10	19	0	0	0	0	6	0	0
0	0	1	0	1	0	0	0	0	0	0	0	0	0	42	0	0	9	4	0	18	5	0	0	14	0	0	0	83	0	9	0	0	6	0	0	0	0	5	0	6	0	0	0	0	0	0	0	4	0	0	0	1	0	10	0	0	0	5	147	0	0	0	0	1	10	2	0	0	0	0	0	0	1	0
0	6	5	17	7	12	31	85	0	0	34	0	0	0	660	89	0	250	775	0	0	116	0	0	428	0	0	83	0	0	132	0	0	213	0	0	0	0	232	24	43	0	10	3	0	0	0	0	70	0	0	0	147	17	219	0	1	0	27	587	0	0	0	1	0	349	2	0	0	0	0	9	0	7	3
0	0	0	1	4	0	0	0	0	0	0	0	0	23	3	206	0	0	0	68	0	0	0	0	0	0	0	0	0	0	0	2	13	0	0	0	2	0	3	0	0	0	118	2	0	1265	0	0	0	0	0	0	0	1	1	14	0	0	0	2	0	0	28	12	14	0	115	21	0	0	0	0	1	4	0
0	0	0	74	0	1	3	0	0	0	0	0	0	0	128	0	0	0	159	0	296	0	0	0	185	0	0	9	132	0	0	0	0	14	0	0	0	0	0	0	0	0	0	4	0	2	0	0	0	0	0	0	0	30	0	0	0	0	0	964	0	0	0	0	1	12	9	0	0	0	2	0	0	0	51
0	0	0	4	57	0	5	0	0	2357	0	0	0	0	0	23	0	0	239	0	144	0	0	0	45	1	0	0	0	2	0	0	0	20	0	0	0	0	0	0	0	0	1	752	0	0	0	0	0	0	7	0	0	1	92	0	0	0	0	856	0	0	0	0	0	355	127	0	0	0	1	2	0	53	0
0	0	0	5	29	0	0	0	0	51	0	0	0	64	0	436	0	0	10	90	0	0	0	0	7	0	0	0	0	13	0	0	0	2	14	0	0	0	0	0	0	0	262	4	0	846	0	0	0	0	0	0	0	0	1	43	0	0	0	5	0	0	0	0	353	10	3	109	0	27	12	0	4	29	2
0	10	10	38	16	0	11	2	0	3	198	0	0	0	150	236	0	32	403	150	24	84	0	0	338	1	0	6	213	0	14	20	2	0	0	0	0	0	36	0	144	0	180	143	0	158	0	0	2	0	9	0	2	12	175	0	2	0	192	105	0	0	0	2	0	418	491	1	0	1	27	14	0	14	244
0	0	19	0	4	0	0	0	0	0	0	7	0	0	0	17	0	0	1	0	0	0	0	0	0	0	0	0	0	0	0	0	14	0	0	0	1	0	0	0	0	0	0	0	0	0	0	0	0	0	0	0	24	0	0	113	0	0	0	25	0	0	120	10	1	0	0	0	0	0	0	0	0	23	0
0	0	0	0	0	0	0	0	0	0	0	0	0	0	0	0	0	0	0	0	0	0	0	0	0	0	0	0	0	0	0	0	0	0	0	0	0	0	0	0	0	0	0	0	0	0	0	0	0	0	0	0	0	0	0	0	0	0	0	0	0	0	0	0	0	0	0	0	0	0	0	0	0	0	0
0	0	0	5	75	0	0	0	0	3	0	0	0	47	1	59	0	0	28	0	0	0	0	0	0	4	0	0	0	2	0	0	0	0	1	0	0	0	0	0	0	0	2	1	0	1928	0	0	0	0	0	0	0	0	0	6	0	0	0	2	0	0	0	0	578	7	6	430	0	46	1	1	0	75	1
0	0	0	0	0	0	0	0	0	0	0	0	0	0	0	0	0	0	0	0	0	0	0	0	0	0	0	0	0	0	0	0	0	0	0	0	0	0	0	0	0	0	0	0	0	0	0	0	0	0	0	0	0	0	0	0	0	0	0	0	0	0	0	0	0	0	0	0	0	0	0	0	0	0	0
0	2	0	2	60	16	2	15	0	2845	0	0	0	0	129	86	0	0	812	0	4	0	0	0	592	4	0	5	232	3	0	0	0	36	0	0	0	0	0	0	0	0	10	1199	0	14	0	0	0	0	11	0	0	7	174	0	1	0	0	1409	0	0	0	0	4	1158	160	0	0	1	8	4	0	51	93
0	2	0	36	43	0	0	0	0	1700	0	0	0	5	5	30	0	0	36	0	0	0	0	0	25	0	0	0	24	0	0	0	0	0	0	0	0	0	0	0	0	2	7	678	0	4	0	0	0	0	5	0	0	13	4	0	0	0	0	1579	0	0	0	0	8	47	44	77	0	27	2	2	0	38	3
0	12	0	21	17	2	0	0	0	56	0	0	0	42	42	56	0	0	113	0	258	0	0	0	121	4	0	6	43	0	0	0	0	144	0	0	0	0	0	0	0	0	12	79	0	154	0	0	0	0	0	0	0	5	21	2	0	0	0	1478	0	0	0	0	4	133	85	38	0	14	2	1	1	17	412
0	0	0	0	2	0	0	0	0	3225	0	0	0	0	0	0	0	0	0	0	0	0	0	0	0	1	0	0	0	0	0	0	0	0	0	0	0	0	0	2	0	0	0	1	0	0	0	0	0	0	0	0	0	0	0	0	0	0	0	0	0	0	0	0	116	2	0	21	0	7	0	0	4	0	0
0	2	83	278	24	1	210	0	0	100	316	0	0	26	224	699	0	11	35	45	28	0	0	0	17	3	0	0	10	118	0	1	262	180	0	0	2	0	10	7	12	0	0	139	0	1420	0	0	103	0	4	0	2	0	17	47	4	0	8	297	0	0	5	0	40	29	912	69	0	21	227	6	4	22	284
0	0	106	43	844	0	29	45	1	2965	3	0	2	0	0	19	0	131	178	0	14	1	0	0	70	5	0	0	3	2	4	752	4	143	0	0	1	0	1199	678	79	1	139	0	0	1	0	0	5	21	0	0	43	0	539	0	1	0	36	1657	0	0	1	267	0	205	139	1	0	0	42	489	3	253	37
0	0	0	0	0	0	0	0	0	0	0	0	0	269	0	1	0	0	5	0	0	0	0	0	0	2	0	0	0	0	0	0	0	0	0	0	0	0	0	0	0	0	0	0	0	0	0	0	0	0	0	0	0	0	0	0	0	0	0	0	0	0	0	0	9	0	0	0	0	0	0	0	0	0	0
0	0	0	96	64	1	139	0	0	654	700	0	0	280	878	1367	0	0	54	96	0	0	0	0	4	0	6	0	0	1265	2	0	846	158	0	0	1928	0	14	4	154	0	1420	1	0	0	4	0	0	0	0	0	0	0	10	795	0	0	66	21	0	0	2154	134	492	10	38	703	0	65	21	0	31	64	1028
0	0	0	0	0	0	0	0	0	0	0	0	0	0	0	0	0	0	0	0	0	0	0	0	0	0	0	0	0	0	0	0	0	0	0	0	0	0	0	0	0	0	0	0	0	4	0	0	0	0	0	0	0	0	0	0	0	0	0	0	0	0	0	1	0	0	0	1	0	0	0	0	0	0	0
0	0	0	0	0	0	0	0	0	0	0	0	0	0	0	0	0	0	0	0	0	0	0	0	0	0	0	0	0	0	0	0	0	0	0	0	0	0	0	0	0	0	0	0	0	0	0	0	0	0	0	0	0	0	0	0	0	0	0	0	0	0	0	0	0	0	0	0	0	0	0	0	0	0	0
0	94	0	185	11	12	1	4	0	1	0	0	0	4	31	0	0	0	37	0	0	0	0	0	43	0	0	4	70	0	0	0	0	2	0	0	0	0	0	0	0	0	103	5	0	0	0	0	0	0	0	0	0	3	3	0	11	0	0	13	0	0	0	0	5	61	119	7	0	3	0	0	0	11	84
0	0	0	0	0	0	0	0	0	10	0	0	0	0	0	0	0	0	0	0	0	0	0	0	0	0	0	0	0	0	0	0	0	0	0	0	0	0	0	0	0	0	0	21	0	0	0	0	0	0	0	0	0	0	0	0	0	0	0	0	0	0	0	0	10	0	1	12	0	0	0	0	0	0	0
0	0	9	0	9	0	0	0	0	0	0	0	0	0	1	0	0	8	0	0	5	0	0	0	1	0	0	0	0	0	0	7	0	9	0	0	0	0	11	5	0	0	4	0	0	0	0	0	0	0	0	0	0	0	1	0	0	0	0	0	0	0	0	0	0	0	0	0	0	0	3	5	0	2	0
0	0	0	0	0	0	0	0	0	0	0	0	0	0	0	0	0	0	0	0	0	0	0	0	0	0	0	0	0	0	0	0	0	0	0	0	0	0	0	0	0	0	0	0	0	0	0	0	0	0	0	0	0	0	0	0	0	0	0	0	0	0	0	0	0	0	0	0	0	0	0	0	0	0	0
0	523	3	119	5	3	27	0	0	0	0	0	0	0	108	21	0	0	224	0	2	0	0	0	178	0	0	1	147	0	0	0	0	2	24	0	0	0	0	0	0	0	2	43	0	0	0	0	0	0	0	0	0	29	3	0	56	0	0	91	0	0	0	0	0	63	427	0	0	5	0	0	0	5	5
0	18	10	0	0	0	0	2	0	0	17	0	0	0	23	0	0	9	36	0	0	22	0	0	6	4	0	0	17	1	30	1	0	12	0	0	0	0	7	13	5	0	0	0	0	0	0	0	3	0	0	0	29	0	5	0	1	0	31	19	0	0	0	0	0	25	2	0	0	4	0	2	0	0	2
0	17	34	1	17	12	4	20	0	16	1	0	0	3	246	81	0	78	417	0	2	4	0	0	530	2	0	10	219	1	0	92	1	175	0	0	0	0	174	4	21	0	17	539	0	10	0	0	3	0	1	0	3	5	0	1	2	0	14	198	0	0	0	1	3	926	129	12	0	0	9	59	3	19	111
0	0	0	0	3	0	0	0	0	1	0	37	0	6	6	409	0	0	2	80	0	0	0	0	1	0	0	0	0	14	0	0	43	0	113	0	6	0	0	0	2	0	47	0	0	795	0	0	0	0	0	0	0	0	1	0	0	0	0	0	190	0	254	0	18	1	30	3	0	1	0	0	0	3	0
0	942	78	1	1	0	0	0	0	0	19	0	0	0	8	0	0	0	1	0	0	19	0	0	0	0	0	0	1	0	0	0	0	2	0	0	0	0	1	0	0	0	4	1	0	0	0	0	11	0	0	0	56	1	2	0	0	0	65	2	0	0	0	0	0	2	250	0	0	0	0	0	0	0	0
0	0	0	0	0	0	0	0	0	0	0	0	0	0	0	0	0	0	0	0	0	0	0	0	0	0	0	0	0	0	0	0	0	0	0	0	0	0	0	0	0	0	0	0	0	0	0	0	0	0	0	0	0	0	0	0	0	0	0	0	0	0	0	0	0	0	0	0	0	0	0	0	0	0	0
0	569	0	27	2	8	12	0	0	0	0	0	0	0	64	18	0	0	200	26	40	0	0	0	115	1	4	5	27	0	0	0	0	192	0	0	0	0	0	0	0	0	8	36	0	66	0	0	0	0	0	0	0	31	14	0	65	0	0	113	0	0	0	0	3	111	168	34	0	1	0	0	0	2	398
0	6	13	105	223	4	0	37	0	944	83	0	0	1	369	23	0	137	337	0	61	210	0	0	179	1	0	147	587	2	964	856	5	105	25	0	2	0	1409	1579	1478	0	297	1657	0	21	0	0	13	0	0	0	91	19	198	0	2	0	113	0	0	0	0	343	5	1032	134	3	0	3	31	441	3	136	163
0	0	0	0	0	0	0	0	0	0	0	0	0	0	0	0	0	0	0	0	0	0	0	0	0	0	0	0	0	0	0	0	0	0	0	0	0	0	0	0	0	0	0	0	0	0	0	0	0	0	0	0	0	0	0	190	0	0	0	0	0	0	0	0	0	1	0	0	0	3	0	0	0	0	0
0	0	0	0	0	0	0	0	0	0	0	0	0	0	0	0	0	0	0	0	0	0	0	0	0	0	0	0	0	0	0	0	0	0	0	0	0	0	0	0	0	0	0	0	0	0	0	0	0	0	0	0	0	0	0	0	0	0	0	0	0	0	0	0	0	0	0	0	0	0	0	0	0	0	0
0	2	0	0	3	0	0	0	0	0	0	0	0	22	0	269	0	0	0	33	0	0	0	0	0	0	0	0	0	28	0	0	0	0	120	0	0	0	0	0	0	0	5	1	0	2154	0	0	0	0	0	0	0	0	0	254	0	0	0	0	0	0	0	0	36	0	0	21	0	48	0	0	0	3	20
0	0	0	0	74	0	0	0	0	2863	0	0	0	21	1	9	0	0	7	0	0	0	0	0	1	0	0	0	1	12	0	0	0	2	10	0	0	0	0	0	0	0	0	267	0	134	1	0	0	0	0	0	0	0	1	0	0	0	0	343	0	0	0	0	93	1	3	413	0	84	1	0	13	74	1
0	0	45	20	8	1	0	0	131	2300	0	0	0	9	0	25	0	0	0	0	10	0	0	0	0	9	0	1	0	14	1	0	353	0	1	0	578	0	4	8	4	116	40	0	9	492	0	0	5	10	0	0	0	0	3	18	0	0	3	5	0	0	36	93	0	16	6	1188	0	14	9	1	20	44	1
0	12	84	8	1	0	0	139	9	0	99	1	0	0	367	9	0	204	1330	19	2	45	0	0	903	0	0	10	349	0	12	355	10	418	0	0	7	0	1158	47	133	2	29	205	0	10	0	0	61	0	0	0	63	25	926	1	2	0	111	1032	1	0	0	1	16	0	59	2	0	0	7	378	0	13	101
0	303	460	61	105	0	149	1	2	14	467	0	1	10	178	466	0	84	62	0	43	20	0	0	25	0	10	2	2	115	9	127	3	491	0	0	6	0	160	44	85	0	912	139	0	38	0	0	119	1	0	0	427	2	129	30	250	0	168	134	0	0	0	3	6	59	0	22	0	1	351	122	2	34	34
0	0	0	4	43	1	0	0	19	865	0	1	0	23	5	94	0	13	91	2	0	0	0	0	1	10	19	0	0	21	0	0	109	1	0	0	430	0	0	77	38	21	69	1	0	703	1	0	7	12	0	0	0	0	12	3	0	0	34	3	0	0	21	413	1188	2	22	0	0	61	27	1	140	138	41
0	0	0	0	0	0	0	0	0	0	0	0	0	0	0	0	0	0	0	0	0	0	0	0	0	0	0	0	0	0	0	0	0	0	0	0	0	0	0	0	0	0	0	0	0	0	0	0	0	0	0	0	0	0	0	0	0	0	0	0	0	0	0	0	0	0	0	0	0	0	0	0	0	0	0
0	0	0	0	6	0	0	0	15	18	0	16	0	70	5	0	0	1	3	0	32	0	0	0	0	0	0	0	0	0	0	0	27	1	0	0	46	0	1	27	14	7	21	0	0	65	0	0	3	0	0	0	5	4	0	1	0	0	1	3	3	0	48	84	14	0	1	61	0	0	0	1	29	43	1
0	0	23	42	15	27	26	0	0	5	11	0	0	0	16	380	0	4	10	0	22	0	0	0	7	0	0	0	0	0	2	1	12	27	0	0	1	0	8	2	2	0	227	42	0	21	0	0	0	0	3	0	0	0	9	0	0	0	0	31	0	0	0	1	9	7	351	27	0	0	0	13	3	9	55
0	0	3	0	13	0	0	0	0	2	0	0	0	0	43	57	0	0	24	0	46	0	0	0	265	0	0	0	9	0	0	2	0	14	0	0	1	0	4	2	1	0	6	489	0	0	0	0	0	0	5	0	0	2	59	0	0	0	0	441	0	0	0	0	1	378	122	1	0	1	13	0	2	12	0
0	0	0	0	1	0	0	0	0	714	0	0	0	7	0	0	0	0	0	0	0	0	0	0	0	0	6	0	0	1	0	0	4	0	0	0	0	0	0	0	1	4	4	3	0	31	0	0	0	0	0	0	0	0	3	0	0	0	0	3	0	0	0	13	20	0	2	140	0	29	3	2	0	4	0
0	2	9	30	29	4	11	1	19	393	0	1	0	50	6	39	0	34	74	3	17	1	0	0	20	8	0	1	7	4	0	53	29	14	23	0	75	0	51	38	17	0	22	253	0	64	0	0	11	0	2	0	5	0	19	3	0	0	2	136	0	0	3	74	44	13	34	138	0	43	9	12	4	0	12
0	5	11	273	1	0	153	0	1	1	299	1	0	4	339	2	0	74	81	0	1	77	0	0	11	0	0	0	3	0	51	0	2	244	0	0	1	0	93	3	412	0	284	37	0	1028	0	0	84	0	0	0	5	2	111	0	0	0	398	163	0	0	20	1	1	101	34	41	0	1	55	0	0	12	0
