0	0	0	0	0	0	0	0	0	0	0	0	0	0	0	0	0	0	0	0	0	0	0	0	0	0	0	0	0	0	0	0	0	0	0	0	0	0	0	0	0	0	0	0	0	0	0	0	0	0	0	0	0	0	0	0	0	0	0	0	0	0	0	0	0	0	0	0	0	0	0	0	0	0	0
0	0	10	2	0	0	0	0	0	0	0	0	0	0	0	0	0	0	0	0	0	0	1	0	0	0	0	0	0	0	0	0	0	4	0	0	0	0	0	0	0	0	0	0	0	0	0	0	0	0	0	0	0	4	0	4	0	0	0	0	0	0	0	0	0	0	4	0	0	0	0	0	0	0	0
0	10	0	0	0	1	0	12	0	0	2	0	0	0	1	153	0	0	0	0	0	0	9	0	2	0	0	0	17	0	0	0	0	4	0	0	0	0	0	0	0	0	173	1	0	0	1	15	0	0	0	0	2	0	0	0	0	0	0	0	0	1	0	0	0	2	3	0	0	0	0	0	0	0	0
0	2	0	0	2	0	2	2	0	0	68	0	0	20	70	55	0	0	12	0	0	2	1	0	4	0	0	0	1	0	30	0	0	14	0	0	0	0	0	0	0	0	291	0	0	44	0	0	318	0	0	0	144	24	0	0	4	0	0	0	0	0	0	0	0	0	110	0	0	0	0	0	0	0	0
0	0	0	2	0	154	0	4	0	0	0	0	1	0	0	0	0	9	1	98	0	0	6	0	0	0	0	9	0	0	0	227	0	41	0	0	0	0	179	0	0	0	26	255	0	1	0	0	0	194	1	0	0	0	0	34	0	15	0	1	0	7	0	225	0	12	11	0	0	0	0	0	1	0	0
0	0	1	0	154	0	0	0	0	0	0	0	1	0	0	23	5	12	0	6	0	0	0	0	1	0	0	3	0	17	61	0	0	11	0	0	0	0	0	2	0	0	136	26	0	0	0	233	0	0	3	0	0	0	5	1	0	0	0	0	0	1	0	0	0	0	1	0	0	0	0	0	1	0	0
0	0	0	2	0	0	0	0	0	0	0	0	0	0	0	0	0	0	0	0	0	0	0	0	0	0	0	0	0	0	0	0	0	0	0	0	0	0	0	0	0	0	0	0	0	0	0	0	0	0	0	0	0	0	0	0	0	0	0	0	0	0	0	0	0	0	0	0	0	0	0	0	0	0	0
0	0	12	2	4	0	0	0	2	0	3	0	2	0	0	0	0	15	73	0	0	0	1	0	53	0	0	1	101	0	0	0	1	0	0	0	0	0	54	2	0	0	1	12	0	0	0	11	0	0	0	0	25	0	53	0	0	2	0	2	0	1	0	0	0	471	1	0	0	0	0	0	0	0	0
0	0	0	0	0	0	0	2	0	0	0	0	0	0	0	1	2	0	0	12	0	0	0	0	0	0	0	0	0	0	0	0	0	0	0	0	0	0	0	0	0	0	0	0	0	2	0	0	0	12	0	2	0	0	0	0	0	0	0	0	0	0	1	0	2	1	0	0	0	0	0	0	0	0	0
0	0	0	0	0	0	0	0	0	0	0	0	0	0	0	0	0	0	0	0	0	0	0	0	0	0	0	0	0	0	0	0	0	0	0	0	0	0	0	0	0	0	0	0	0	0	0	1	0	0	0	0	0	0	0	0	0	0	0	1	0	0	0	1	0	0	0	0	0	0	0	0	0	0	0
0	0	2	68	0	0	0	3	0	0	0	0	0	1	0	132	0	0	0	0	0	0	3	0	5	0	0	0	1	0	0	0	0	2	0	0	0	0	0	0	0	0	245	0	0	4	0	0	0	0	0	0	0	0	0	1	0	0	0	0	0	0	0	0	0	6	0	0	0	0	0	0	0	0	0
0	0	0	0	0	0	0	0	0	0	0	0	0	0	0	0	0	0	0	97	0	0	0	0	0	0	0	0	0	2	0	0	0	0	0	0	0	0	0	0	0	0	0	0	3	0	0	0	0	97	0	0	0	0	0	1	0	0	0	0	0	0	0	0	0	0	0	0	0	0	0	0	0	0	0
0	0	0	0	1	1	0	2	0	0	0	0	0	2	0	4	0	0	0	0	0	0	0	0	1	0	0	0	8	0	0	0	0	0	0	0	0	0	0	0	0	0	38	1	0	0	1	34	0	0	0	0	0	0	0	0	0	0	0	0	0	0	0	0	0	1	0	0	0	0	0	0	0	0	0
0	0	0	20	0	0	0	0	0	0	1	0	2	0	0	136	1	1	0	15	0	0	0	0	0	0	0	0	0	0	0	0	0	0	0	0	3	0	1	0	0	0	57	0	212	6	0	0	0	14	0	2	1	0	0	0	0	5	0	0	0	0	0	2	1	0	0	0	0	0	0	0	3	0	0
0	0	1	70	0	0	0	0	0	0	0	0	0	0	0	14	0	0	0	0	0	0	0	0	0	0	0	0	0	0	0	0	0	0	0	0	0	0	0	0	0	0	198	0	0	2	0	0	0	0	0	0	0	0	0	0	0	0	0	0	0	0	0	0	0	0	0	0	0	0	0	0	0	0	0
0	0	153	55	0	23	0	0	1	0	132	0	4	136	14	0	18	2	0	180	0	0	3	0	0	0	0	0	0	0	0	0	145	40	6	0	2	0	0	0	0	0	293	0	0	211	0	0	0	6	0	0	0	0	0	174	0	56	0	0	0	1	18	1	0	0	93	0	0	0	0	0	1	0	0
0	0	0	0	0	5	0	0	2	0	0	0	0	1	0	18	0	1	0	10	0	0	0	0	0	0	0	0	0	0	9	0	2	2	0	0	0	0	0	0	0	0	2	0	0	4	2	0	0	6	0	19	0	0	0	41	0	0	0	0	0	1	43	0	0	2	0	0	0	0	0	0	1	0	0
0	0	0	0	9	12	0	15	0	0	0	0	0	1	0	2	1	0	1	0	0	0	18	0	2	0	0	9	50	0	27	1	0	6	0	0	0	0	8	0	0	0	34	0	0	2	3	44	0	0	2	1	0	0	33	0	0	0	0	0	0	1	0	0	0	17	1	0	0	0	0	0	0	0	0
0	0	0	12	1	0	0	73	0	0	0	0	0	0	0	0	0	1	0	0	0	0	0	0	47	0	0	0	90	0	2	0	0	0	0	0	0	0	0	9	0	0	0	4	0	0	0	3	0	0	0	0	0	0	0	0	0	0	0	1	0	0	0	0	0	277	0	0	0	0	0	0	0	0	0
0	0	0	0	98	6	0	0	12	0	0	97	0	15	0	180	10	0	0	0	0	0	0	0	0	0	0	2	0	0	0	50	3	38	1	0	19	0	15	0	0	0	53	79	126	11	2	0	0	8	0	6	0	0	0	23	0	7	0	0	0	16	17	109	12	0	1	0	0	0	0	0	44	0	0
0	0	0	0	0	0	0	0	0	0	0	0	0	0	0	0	0	0	0	0	0	0	0	0	0	0	0	0	0	0	0	0	0	0	0	0	0	0	0	0	0	0	0	0	0	0	0	0	0	0	0	0	2	0	0	0	0	0	0	0	0	0	0	0	0	0	0	0	0	0	0	0	0	0	0
0	0	0	2	0	0	0	0	0	0	0	0	0	0	0	0	0	0	0	0	0	0	0	0	1	0	0	0	0	0	1	0	0	0	0	0	0	0	0	0	0	0	0	0	0	0	0	0	0	0	0	0	0	16	1	0	0	0	0	0	0	0	0	0	0	2	0	0	0	0	0	0	0	0	0
0	1	9	1	6	0	0	1	0	0	3	0	0	0	0	3	0	18	0	0	0	0	0	0	0	0	0	22	0	0	0	10	0	2	0	0	0	0	27	0	0	0	0	0	0	0	0	1	0	0	6	0	0	0	0	0	0	0	0	0	0	21	0	0	0	0	16	0	0	0	0	0	0	0	0
0	0	0	0	0	0	0	0	0	0	0	0	0	0	0	0	0	0	0	0	0	0	0	0	0	0	0	0	0	0	0	0	0	0	2	0	0	0	0	0	0	0	0	0	4	0	0	0	0	4	0	0	0	0	0	7	0	0	0	0	0	0	0	0	0	0	0	0	0	0	0	0	0	0	0
0	0	2	4	0	1	0	53	0	0	5	0	1	0	0	0	0	2	47	0	0	1	0	0	0	0	0	1	2	0	1	0	0	0	0	0	0	0	30	0	0	0	0	0	0	0	0	0	1	0	0	0	4	0	0	0	0	0	0	1	0	0	0	0	0	39	2	0	0	6	0	0	0	0	0
0	0	0	0	0	0	0	0	0	0	0	0	0	0	0	0	0	0	0	0	0	0	0	0	0	0	0	0	0	0	0	0	0	0	0	0	0	0	0	0	0	0	0	0	0	0	0	0	0	0	0	0	0	0	0	0	0	0	0	0	0	0	0	0	0	0	0	0	0	0	0	0	0	0	0
0	0	0	0	0	0	0	0	0	0	0	0	0	0	0	0	0	0	0	0	0	0	0	0	0	0	0	0	0	0	0	0	0	0	0	0	0	0	0	0	0	0	0	0	0	0	0	0	0	0	0	0	0	0	0	0	0	0	0	0	0	0	0	0	0	0	0	0	0	0	422	616	0	0	0
0	0	0	0	9	3	0	1	0	0	0	0	0	0	0	0	0	9	0	2	0	0	22	0	1	0	0	0	96	0	12	0	0	4	0	0	0	0	1	0	0	0	2	0	0	0	2	6	0	1	0	1	0	0	29	0	0	0	0	0	0	0	0	0	0	13	0	0	0	0	0	0	0	0	0
0	0	17	1	0	0	0	101	0	0	1	0	8	0	0	0	0	50	90	0	0	0	0	0	2	0	0	96	0	0	1	0	0	0	0	0	0	0	84	0	0	0	1	0	0	0	0	0	7	0	0	0	9	0	0	0	0	0	0	0	0	0	0	0	0	48	0	0	0	4	0	0	0	0	0
0	0	0	0	0	17	0	0	0	0	0	2	0	0	0	0	0	0	0	0	0	0	0	0	0	0	0	0	0	0	0	0	44	0	26	0	0	0	0	0	0	0	0	0	0	40	0	0	0	0	0	1	0	0	0	13	0	1	0	0	0	2	0	0	0	0	0	0	0	0	0	0	0	0	0
0	0	0	30	0	61	0	0	0	0	0	0	0	0	0	0	9	27	2	0	0	1	0	0	1	0	0	12	1	0	0	0	0	0	0	0	0	0	0	1	0	0	2	0	0	1	4	7	4	0	0	2	2	5	0	1	0	0	0	1	0	0	1	0	0	0	0	0	0	0	0	0	2	0	0
0	0	0	0	227	0	0	0	0	0	0	0	0	0	0	0	0	1	0	50	0	0	10	0	0	0	0	0	0	0	0	0	0	0	0	0	0	0	0	13	0	0	0	46	0	0	0	195	0	50	0	0	0	0	1	0	0	0	0	1	0	0	0	0	0	0	0	0	0	0	0	0	0	0	0
0	0	0	0	0	0	0	1	0	0	0	0	0	0	0	145	2	0	0	3	0	0	0	0	0	0	0	0	0	44	0	0	0	0	8	0	0	0	0	0	0	0	203	0	0	2	0	0	0	1	0	0	0	0	0	29	0	0	0	0	0	0	6	0	0	1	0	0	0	0	0	0	1	0	0
0	4	4	14	41	11	0	0	0	0	2	0	0	0	0	40	2	6	0	38	0	0	2	0	0	0	0	4	0	0	0	0	0	0	0	0	0	0	0	0	0	0	123	0	0	2	1	2	2	35	0	0	0	0	1	0	0	0	0	0	0	0	0	0	0	0	8	0	0	0	0	0	0	0	0
0	0	0	0	0	0	0	0	0	0	0	0	0	0	0	6	0	0	0	1	0	0	0	2	0	0	0	0	0	26	0	0	8	0	0	0	0	0	0	0	0	0	0	0	0	0	0	0	0	0	0	0	0	0	0	72	0	5	0	0	0	0	6	0	0	0	0	0	0	0	0	0	0	0	0
0	0	0	0	0	0	0	0	0	0	0	0	0	0	0	0	0	0	0	0	0	0	0	0	0	0	0	0	0	0	0	0	0	0	0	0	0	0	0	0	0	0	0	0	0	0	0	0	0	0	0	0	0	0	0	0	0	0	0	0	0	0	0	0	0	0	0	0	0	0	0	0	0	0	0
0	0	0	0	0	0	0	0	0	0	0	0	0	3	0	2	0	0	0	19	0	0	0	0	0	0	0	0	0	0	0	0	0	0	0	0	0	0	0	33	0	0	5	4	0	2	0	0	0	19	0	0	0	0	0	1	0	0	0	0	0	0	0	0	3	0	0	0	0	0	0	0	0	0	0
0	0	0	0	0	0	0	0	0	0	0	0	0	0	0	0	0	0	0	0	0	0	0	0	0	0	0	0	0	0	0	0	0	0	0	0	0	0	0	0	0	0	0	0	0	0	0	0	0	0	0	0	0	0	0	0	0	0	0	0	0	0	0	0	0	0	0	0	0	0	0	0	0	0	0
0	0	0	0	179	0	0	54	0	0	0	0	0	1	0	0	0	8	0	15	0	0	27	0	30	0	0	1	84	0	0	0	0	0	0	0	0	0	0	9	0	0	1	38	0	0	0	168	0	15	0	0	0	0	59	0	0	0	0	0	0	0	0	0	0	308	0	0	0	0	0	0	0	0	0
0	0	0	0	0	2	0	2	0	0	0	0	0	0	0	0	0	0	9	0	0	0	0	0	0	0	0	0	0	0	1	13	0	0	0	0	33	0	9	0	0	0	32	14	0	0	0	5	0	0	0	0	0	0	0	0	0	0	0	4	0	6	0	20	0	0	22	0	0	0	0	0	1	0	0
0	0	0	0	0	0	0	0	0	0	0	0	0	0	0	0	0	0	0	0	0	0	0	0	0	0	0	0	0	0	0	0	0	0	0	0	0	0	0	0	0	0	0	0	0	0	0	0	0	0	0	0	0	0	0	0	0	0	0	0	0	0	0	0	0	0	0	0	0	0	0	0	0	0	0
0	0	0	0	0	0	0	0	0	0	0	0	0	0	0	0	0	0	0	0	0	0	0	0	0	0	0	0	0	0	0	0	0	0	0	0	0	0	0	0	0	0	0	0	0	0	0	0	0	0	0	0	0	0	0	0	0	0	0	0	0	0	0	0	0	0	0	0	0	0	0	0	0	0	0
0	0	173	291	26	136	0	1	0	0	245	0	38	57	198	293	2	34	0	53	0	0	0	0	0	0	0	2	1	0	2	0	203	123	0	0	5	0	1	32	0	0	0	3	0	46	0	21	100	9	5	5	0	0	1	56	10	1	0	0	0	0	0	1	0	2	221	0	0	0	0	0	15	0	0
0	0	1	0	255	26	0	12	0	0	0	0	1	0	0	0	0	0	4	79	0	0	0	0	0	0	0	0	0	0	0	46	0	0	0	0	4	0	38	14	0	0	3	0	0	0	1	167	0	80	3	0	1	0	26	1	0	0	0	12	0	3	0	15	0	88	0	0	0	0	0	0	2	0	0
0	0	0	0	0	0	0	0	0	0	0	3	0	212	0	0	0	0	0	126	0	0	0	4	0	0	0	0	0	0	0	0	0	0	0	0	0	0	0	0	0	0	0	0	0	0	0	0	0	134	0	0	0	0	0	0	0	0	0	0	0	0	0	0	0	0	0	0	0	0	0	0	0	0	0
0	0	0	44	1	0	0	0	2	0	4	0	0	6	2	211	4	2	0	11	0	0	0	0	0	0	0	0	0	40	1	0	2	2	0	0	2	0	0	0	0	0	46	0	0	0	0	0	0	1	0	362	0	0	0	23	0	9	0	1	0	2	30	0	0	0	0	0	0	0	0	0	0	0	0
0	0	1	0	0	0	0	0	0	0	0	0	1	0	0	0	2	3	0	2	0	0	0	0	0	0	0	2	0	0	4	0	0	1	0	0	0	0	0	0	0	0	0	1	0	0	0	2	0	0	3	0	0	0	0	0	0	0	0	0	0	1	0	0	0	0	1	0	0	0	0	0	1	0	0
0	0	15	0	0	233	0	11	0	1	0	0	34	0	0	0	0	44	3	0	0	0	1	0	0	0	0	6	0	0	7	195	0	2	0	0	0	0	168	5	0	0	21	167	0	0	2	0	1	0	212	0	1	0	1	1	0	1	0	1	0	7	1	0	0	4	31	0	0	0	0	0	51	0	0
0	0	0	318	0	0	0	0	0	0	0	0	0	0	0	0	0	0	0	0	0	0	0	0	1	0	0	0	7	0	4	0	0	2	0	0	0	0	0	0	0	0	100	0	0	0	0	1	0	0	0	1	0	0	1	0	0	0	0	0	0	0	0	0	0	0	0	0	0	0	0	0	0	0	0
0	0	0	0	194	0	0	0	12	0	0	97	0	14	0	6	6	0	0	8	0	0	0	4	0	0	0	1	0	0	0	50	1	35	0	0	19	0	15	0	0	0	9	80	134	1	0	0	0	0	0	0	0	0	0	3	0	6	0	0	0	16	10	109	12	0	1	0	0	0	0	0	44	0	0
0	0	0	0	1	3	0	0	0	0	0	0	0	0	0	0	0	2	0	0	0	0	6	0	0	0	0	0	0	0	0	0	0	0	0	0	0	0	0	0	0	0	5	3	0	0	3	212	0	0	0	0	0	0	9	1	0	0	0	0	0	0	0	0	0	1	0	0	0	0	0	0	0	0	0
0	0	0	0	0	0	0	0	2	0	0	0	0	2	0	0	19	1	0	6	0	0	0	0	0	0	0	1	0	1	2	0	0	0	0	0	0	0	0	0	0	0	5	0	0	362	0	0	1	0	0	0	1	0	0	26	0	278	0	1	0	22	43	0	0	0	0	0	0	0	0	0	2	0	0
0	0	2	144	0	0	0	25	0	0	0	0	0	1	0	0	0	0	0	0	2	0	0	0	4	0	0	0	9	0	2	0	0	0	0	0	0	0	0	0	0	0	0	1	0	0	0	1	0	0	0	1	0	0	0	1	0	0	0	0	0	0	0	0	0	11	0	0	0	0	0	0	0	0	0
0	4	0	24	0	0	0	0	0	0	0	0	0	0	0	0	0	0	0	0	0	16	0	0	0	0	0	0	0	0	5	0	0	0	0	0	0	0	0	0	0	0	0	0	0	0	0	0	0	0	0	0	0	0	0	0	0	0	0	0	0	0	1	0	0	0	0	0	0	0	0	0	0	0	0
0	0	0	0	0	5	0	53	0	0	0	0	0	0	0	0	0	33	0	0	0	1	0	0	0	0	0	29	0	0	0	1	0	1	0	0	0	0	59	0	0	0	1	26	0	0	0	1	1	0	9	0	0	0	0	0	0	0	0	1	0	3	0	0	0	53	20	0	0	0	0	0	0	0	0
0	4	0	0	34	1	0	0	0	0	1	1	0	0	0	174	41	0	0	23	0	0	0	7	0	0	0	0	0	13	1	0	29	0	72	0	1	0	0	0	0	0	56	1	0	23	0	1	0	3	1	26	1	0	0	0	0	58	0	1	0	0	110	0	0	0	0	0	0	0	0	0	0	0	0
0	0	0	4	0	0	0	0	0	0	0	0	0	0	0	0	0	0	0	0	0	0	0	0	0	0	0	0	0	0	0	0	0	0	0	0	0	0	0	0	0	0	10	0	0	0	0	0	0	0	0	0	0	0	0	0	0	0	0	0	0	0	0	0	0	1	0	0	0	0	0	0	0	0	0
0	0	0	0	15	0	0	2	0	0	0	0	0	5	0	56	0	0	0	7	0	0	0	0	0	0	0	0	0	1	0	0	0	0	5	0	0	0	0	0	0	0	1	0	0	9	0	1	0	6	0	278	0	0	0	58	0	0	0	0	0	0	18	0	0	0	0	0	0	0	0	0	2	0	0
0	0	0	0	0	0	0	0	0	0	0	0	0	0	0	0	0	0	0	0	0	0	0	0	0	0	0	0	0	0	0	0	0	0	0	0	0	0	0	0	0	0	0	0	0	0	0	0	0	0	0	0	0	0	0	0	0	0	0	0	0	0	0	0	0	0	0	0	0	0	0	0	0	0	0
0	0	0	0	1	0	0	2	0	1	0	0	0	0	0	0	0	0	1	0	0	0	0	0	1	0	0	0	0	0	1	1	0	0	0	0	0	0	0	4	0	0	0	12	0	1	0	1	0	0	0	1	0	0	1	1	0	0	0	0	0	0	0	1	0	97	0	0	0	0	0	0	0	0	0
0	0	0	0	0	0	0	0	0	0	0	0	0	0	0	0	0	0	0	0	0	0	0	0	0	0	0	0	0	0	0	0	0	0	0	0	0	0	0	0	0	0	0	0	0	0	0	0	0	0	0	0	0	0	0	0	0	0	0	0	0	0	0	0	0	0	0	0	0	0	0	0	0	0	0
0	0	1	0	7	1	0	1	0	0	0	0	0	0	0	1	1	1	0	16	0	0	21	0	0	0	0	0	0	2	0	0	0	0	0	0	0	0	0	6	0	0	0	3	0	2	1	7	0	16	0	22	0	0	3	0	0	0	0	0	0	0	1	0	3	3	0	0	0	0	0	0	0	0	0
0	0	0	0	0	0	0	0	1	0	0	0	0	0	0	18	43	0	0	17	0	0	0	0	0	0	0	0	0	0	1	0	6	0	6	0	0	0	0	0	0	0	0	0	0	30	0	1	0	10	0	43	0	1	0	110	0	18	0	0	0	1	0	0	0	0	0	0	0	1	0	0	0	0	0
0	0	0	0	225	0	0	0	0	1	0	0	0	2	0	1	0	0	0	109	0	0	0	0	0	0	0	0	0	0	0	0	0	0	0	0	0	0	0	20	0	0	1	15	0	0	0	0	0	109	0	0	0	0	0	0	0	0	0	1	0	0	0	0	0	0	0	0	0	0	0	0	0	0	0
0	0	0	0	0	0	0	0	2	0	0	0	0	1	0	0	0	0	0	12	0	0	0	0	0	0	0	0	0	0	0	0	0	0	0	0	3	0	0	0	0	0	0	0	0	0	0	0	0	12	0	0	0	0	0	0	0	0	0	0	0	3	0	0	0	0	0	0	0	0	0	0	0	0	0
0	0	2	0	12	0	0	471	1	0	6	0	1	0	0	0	2	17	277	0	0	2	0	0	39	0	0	13	48	0	0	0	1	0	0	0	0	0	308	0	0	0	2	88	0	0	0	4	0	0	1	0	11	0	53	0	1	0	0	97	0	3	0	0	0	0	20	0	0	0	0	0	6	0	0
0	4	3	110	11	1	0	1	0	0	0	0	0	0	0	93	0	1	0	1	0	0	16	0	2	0	0	0	0	0	0	0	0	8	0	0	0	0	0	22	0	0	221	0	0	0	1	31	0	1	0	0	0	0	20	0	0	0	0	0	0	0	0	0	0	20	0	0	0	0	0	0	0	0	0
0	0	0	0	0	0	0	0	0	0	0	0	0	0	0	0	0	0	0	0	0	0	0	0	0	0	0	0	0	0	0	0	0	0	0	0	0	0	0	0	0	0	0	0	0	0	0	0	0	0	0	0	0	0	0	0	0	0	0	0	0	0	0	0	0	0	0	0	0	0	0	0	0	0	0
0	0	0	0	0	0	0	0	0	0	0	0	0	0	0	0	0	0	0	0	0	0	0	0	0	0	0	0	0	0	0	0	0	0	0	0	0	0	0	0	0	0	0	0	0	0	0	0	0	0	0	0	0	0	0	0	0	0	0	0	0	0	0	0	0	0	0	0	0	0	0	0	0	0	0
0	0	0	0	0	0	0	0	0	0	0	0	0	0	0	0	0	0	0	0	0	0	0	0	6	0	0	0	4	0	0	0	0	0	0	0	0	0	0	0	0	0	0	0	0	0	0	0	0	0	0	0	0	0	0	0	0	0	0	0	0	0	1	0	0	0	0	0	0	0	0	0	0	0	0
0	0	0	0	0	0	0	0	0	0	0	0	0	0	0	0	0	0	0	0	0	0	0	0	0	0	422	0	0	0	0	0	0	0	0	0	0	0	0	0	0	0	0	0	0	0	0	0	0	0	0	0	0	0	0	0	0	0	0	0	0	0	0	0	0	0	0	0	0	0	0	1	0	0	0
0	0	0	0	0	0	0	0	0	0	0	0	0	0	0	0	0	0	0	0	0	0	0	0	0	0	616	0	0	0	0	0	0	0	0	0	0	0	0	0	0	0	0	0	0	0	0	0	0	0	0	0	0	0	0	0	0	0	0	0	0	0	0	0	0	0	0	0	0	0	1	0	0	0	0
0	0	0	0	1	1	0	0	0	0	0	0	0	3	0	1	1	0	0	44	0	0	0	0	0	0	0	0	0	0	2	0	1	0	0	0	0	0	0	1	0	0	15	2	0	0	1	51	0	44	0	2	0	0	0	0	0	2	0	0	0	0	0	0	0	6	0	0	0	0	0	0	0	0	0
0	0	0	0	0	0	0	0	0	0	0	0	0	0	0	0	0	0	0	0	0	0	0	0	0	0	0	0	0	0	0	0	0	0	0	0	0	0	0	0	0	0	0	0	0	0	0	0	0	0	0	0	0	0	0	0	0	0	0	0	0	0	0	0	0	0	0	0	0	0	0	0	0	0	0
0	0	0	0	0	0	0	0	0	0	0	0	0	0	0	0	0	0	0	0	0	0	0	0	0	0	0	0	0	0	0	0	0	0	0	0	0	0	0	0	0	0	0	0	0	0	0	0	0	0	0	0	0	0	0	0	0	0	0	0	0	0	0	0	0	0	0	0	0	0	0	0	0	0	0
