0	0	0	0	0	0	0	0	0	0	0	0	0	0	0	0	0	0	0	0	0	0	0	0	0	0	0	0	0	0	0	0	0	0	0	0	0	0	0	0	0	0	0	0	0	0	0	0	0	0	0	0	0	0	0	0	0	0	0	0	0	0	0	0	0	0	0	0	0	0	0	0	0	0	0
0	0	1019	152	0	0	34	0	0	0	516	0	2	0	8	0	2	207	25	2	4	1400	0	0	18	0	0	64	275	0	8	0	0	56	0	0	0	0	42	0	37	2	41	5	0	0	0	0	201	0	11	0	510	169	62	0	1210	7	862	24	0	0	0	0	0	6	48	5	0	4	0	12	0	0	18
0	1019	0	0	0	0	5	0	0	0	1	1	0	4	0	4	0	44	2	0	84	140	0	0	28	0	0	62	95	0	0	2	0	3	0	0	0	0	13	0	57	0	61	5	0	0	0	0	11	0	208	0	111	21	23	0	69	11	11	2	0	0	0	0	1	44	176	0	0	0	10	17	37	0	0
0	152	0	0	2	0	828	0	28	0	560	0	0	6	2	280	3	7	2	24	1	156	0	0	10	0	6	13	15	35	186	0	0	93	6	0	0	0	8	0	10	1	284	1	0	162	0	0	155	0	1	0	263	27	8	0	13	5	95	3	0	0	0	1	15	13	1	46	0	0	12	18	0	19	100
0	0	0	2	0	0	0	0	0	0	0	0	1	0	0	1	9	0	0	0	6	2	0	0	0	0	2	2	0	1	3	12	4	0	0	0	0	0	9	1	5	4	7	8	0	2	0	0	0	2	7	0	0	0	3	5	0	1	2	14	0	0	0	15	8	0	3	4	0	3	2	7	0	0	2
0	0	0	0	0	0	0	0	0	0	0	0	0	0	0	0	0	0	0	0	0	0	0	0	0	0	0	0	0	0	0	0	0	0	0	0	0	0	0	0	0	0	0	0	0	0	0	0	0	0	0	0	0	0	0	0	0	0	0	0	0	0	0	0	0	0	0	5	0	0	0	0	0	0	0
0	34	5	828	0	0	0	0	0	0	339	0	0	20	0	403	0	1	3	1	0	191	0	0	2	1	0	1	1	49	141	1	0	177	0	0	0	0	0	0	36	0	240	0	0	99	0	0	84	0	0	0	180	13	0	0	54	12	106	0	0	0	0	0	0	0	0	0	0	0	3	30	0	3	124
0	0	0	0	0	0	0	0	0	0	0	0	0	0	0	0	0	0	0	0	0	0	0	0	0	0	0	0	0	0	0	0	0	0	0	0	0	0	0	0	0	0	0	0	0	0	0	0	0	0	0	0	0	0	0	0	0	0	0	0	0	0	0	0	0	0	0	0	0	0	0	0	0	0	0
0	0	0	28	0	0	0	0	0	0	0	0	0	6	0	0	59	0	0	4	10	0	0	0	1	0	14	1	0	0	0	0	0	0	13	0	0	0	0	0	0	0	3	0	0	0	0	0	0	0	4	0	0	0	2	0	0	8	0	0	0	0	0	5	10	0	1	60	0	1	0	0	0	0	0
0	0	0	0	0	0	0	0	0	0	0	0	0	0	0	0	0	0	0	0	0	0	0	0	0	0	0	0	0	0	0	0	0	0	0	0	0	0	0	0	0	0	0	0	0	0	0	0	0	0	0	0	0	0	0	0	0	0	0	0	0	0	0	0	0	0	0	0	0	0	0	0	0	0	0
0	516	1	560	0	0	339	0	0	0	0	0	0	44	0	439	0	1	9	13	0	7	0	0	18	0	0	2	16	0	0	0	0	0	0	0	0	0	0	0	50	0	215	0	0	0	0	0	82	0	1	0	10	0	0	0	65	0	0	0	0	0	0	0	0	5	102	0	0	0	1	0	1	0	0
0	0	1	0	0	0	0	0	0	0	0	0	0	0	0	0	0	10	0	0	0	0	0	0	1	0	0	0	0	0	4	0	0	0	0	0	0	0	0	0	0	0	0	0	0	0	0	0	0	0	124	0	0	7	0	1	0	0	0	0	0	0	1	0	0	0	0	1	0	0	0	23	0	0	1
0	2	0	0	1	0	0	0	0	0	0	0	0	1	0	0	0	2	1	0	2	0	0	0	5	0	2	7	16	0	0	0	0	0	0	0	0	0	4	0	37	0	2	4	0	0	0	0	0	0	242	0	1	0	0	0	0	0	0	0	0	0	0	0	11	0	1	3	0	1	0	0	81	0	0
0	0	4	6	0	0	20	0	6	0	44	0	1	0	0	28	2	0	0	22	0	0	0	0	0	1	0	0	0	38	1	0	1	0	0	0	0	0	0	4	3	0	1	0	463	18	0	0	6	0	0	3	0	0	0	0	0	22	0	0	0	0	0	0	1	0	1	20	0	0	0	0	0	4	2
0	8	0	2	0	0	0	0	0	0	0	0	0	0	0	0	0	5	323	13	0	52	0	0	267	0	0	66	413	0	0	0	0	0	0	0	0	0	7	0	0	0	1	1	0	0	0	0	44	0	0	0	3	20	1	0	0	0	0	0	0	0	0	0	0	226	9	0	0	1	0	0	0	0	0
0	0	4	280	1	0	403	0	0	0	439	0	0	28	0	0	154	0	0	721	0	0	0	0	0	0	9	0	0	553	4	0	262	174	6	0	0	0	0	0	16	0	489	1	5	422	0	0	6	0	0	6	0	8	21	169	0	263	0	0	0	0	53	0	10	0	1	58	0	3	5	107	0	28	2
0	2	0	3	9	0	0	0	59	0	0	0	0	2	0	154	0	1	5	470	112	0	0	0	1	0	105	20	1	4	7	0	0	0	2	0	0	0	0	0	18	0	23	7	0	46	0	0	5	0	16	0	0	1	4	0	0	2	0	0	0	0	0	80	71	0	1	370	0	49	0	0	16	0	0
0	207	44	7	0	0	1	0	0	0	1	10	2	0	5	0	1	0	54	18	55	379	0	0	187	0	0	522	796	0	90	1	0	14	2	0	0	0	259	0	267	0	14	66	0	1	0	0	10	10	842	1	6	47	146	0	6	19	2	8	0	0	0	11	0	147	212	17	0	1	0	2	85	0	1
0	25	2	2	0	0	3	0	0	0	9	0	1	0	323	0	5	54	0	18	1	71	0	0	429	0	0	118	863	0	100	175	0	91	0	0	0	0	494	0	39	1	8	317	0	8	0	0	40	1	40	8	143	12	280	1	1	4	12	85	0	0	0	4	0	535	5	1	0	3	0	86	1	10	0
0	2	0	24	0	0	1	0	4	0	13	0	0	22	13	721	470	18	18	0	22	15	0	0	14	0	17	25	33	465	4	4	177	84	4	0	0	0	10	0	290	4	306	11	0	389	0	0	30	18	0	42	4	0	13	157	0	70	0	2	0	0	128	3	65	5	1	19	0	3	60	7	10	9	27
0	4	84	1	6	0	0	0	10	0	0	0	2	0	0	0	112	55	1	22	0	6	0	0	23	0	2	257	4	0	180	10	2	8	5	0	0	0	7	0	255	0	46	54	0	0	0	0	3	0	1141	0	0	1	20	0	0	5	0	4	0	0	0	0	24	11	23	1	0	0	2	12	51	4	0
0	1400	140	156	2	0	191	0	0	0	7	0	0	0	52	0	0	379	71	15	6	0	0	0	267	0	0	269	634	0	495	2	0	33	0	0	0	0	39	0	514	0	9	7	0	0	0	0	83	0	414	0	240	133	64	0	323	5	294	33	0	0	0	0	0	174	26	0	0	1	1	2	60	2	73
0	0	0	0	0	0	0	0	0	0	0	0	0	0	0	0	0	0	0	0	0	0	0	0	0	0	0	0	0	0	0	0	0	0	0	0	0	0	0	0	0	0	0	0	0	0	0	0	0	0	0	0	0	0	0	0	0	0	0	0	0	0	0	0	0	0	0	0	0	0	0	0	0	0	0
0	0	0	0	0	0	0	0	0	0	0	0	0	0	0	0	0	0	0	0	0	0	0	0	0	0	0	0	0	0	0	0	0	0	0	0	0	0	0	0	0	0	0	0	0	0	0	0	0	0	0	0	0	0	0	0	0	0	0	0	0	0	0	0	0	0	0	0	0	0	0	0	0	0	0
0	18	28	10	0	0	2	0	1	0	18	1	5	0	267	0	1	187	429	14	23	267	0	0	0	0	1	140	1152	0	313	34	0	71	0	0	0	0	956	0	140	0	10	10	0	0	0	0	20	1	123	0	91	7	771	0	2	20	5	62	0	0	0	1	1	711	82	47	0	1	3	143	34	7	6
0	0	0	0	0	0	1	0	0	0	0	0	0	1	0	0	0	0	0	0	0	0	0	0	0	0	0	0	0	0	0	0	0	0	0	0	0	0	0	0	0	0	0	0	3	0	0	0	0	0	0	0	0	0	0	0	0	0	0	0	0	0	0	0	0	0	0	0	0	0	0	0	0	0	0
0	0	0	6	2	0	0	0	14	0	0	0	2	0	0	9	105	0	0	17	2	0	0	0	1	0	0	0	1	0	0	1	15	2	0	0	0	0	3	0	3	23	6	4	0	18	0	0	0	29	0	1	4	0	18	0	0	6	0	53	0	0	0	220	139	1	26	636	0	360	3	30	0	45	0
0	64	62	13	2	0	1	0	1	0	2	0	7	0	66	0	20	522	118	25	257	269	0	0	140	0	0	0	625	0	239	65	2	188	3	0	0	0	590	4	301	0	38	168	0	0	0	0	11	0	239	0	25	43	189	0	4	9	203	16	0	0	1	47	0	151	15	3	0	6	3	32	1	6	0
0	275	95	15	0	0	1	0	0	0	16	0	16	0	413	0	1	796	863	33	4	634	0	0	1152	0	1	625	0	0	514	21	1	297	0	0	0	0	1084	1	268	0	29	9	0	0	0	0	102	0	5	0	193	54	705	0	10	34	0	106	0	0	0	0	5	995	99	0	0	1	1	14	154	9	16
0	0	0	35	1	0	49	0	0	0	0	0	0	38	0	553	4	0	0	465	0	0	0	0	0	0	0	0	0	0	0	0	0	0	14	0	0	0	0	0	0	0	205	1	0	0	0	0	0	0	0	0	0	0	1	29	0	238	0	0	0	0	0	0	0	0	0	0	0	0	1	0	0	0	0
0	8	0	186	3	0	141	0	0	0	0	4	0	1	0	4	7	90	100	4	180	495	0	0	313	0	0	239	514	0	0	0	0	0	0	0	0	0	0	0	281	0	11	10	0	0	0	0	57	0	414	0	5	46	9	0	0	0	0	0	0	0	0	0	0	11	1	1	0	1	0	0	101	0	0
0	0	2	0	12	0	1	0	0	0	0	0	0	0	0	0	0	1	175	4	10	2	0	0	34	0	1	65	21	0	0	0	0	0	0	0	0	0	184	0	0	0	4	451	0	0	0	0	2	0	233	0	0	0	14	0	0	1	0	0	0	0	0	77	0	316	102	0	0	0	0	0	0	0	0
0	0	0	0	4	0	0	0	0	0	0	0	0	1	0	262	0	0	0	177	2	0	0	0	0	0	15	2	1	0	0	0	0	0	54	0	0	0	0	0	0	0	67	0	0	0	0	0	1	0	1	0	0	0	1	0	0	85	0	0	0	0	0	1	29	4	0	99	0	1	0	0	0	0	0
0	56	3	93	0	0	177	0	0	0	0	0	0	0	0	174	0	14	91	84	8	33	0	0	71	0	2	188	297	0	0	0	0	0	2	0	0	0	55	0	0	0	97	61	0	0	0	0	23	0	129	0	2	15	0	0	2	1	0	0	0	0	0	14	0	111	13	2	0	0	0	0	0	0	0
0	0	0	6	0	0	0	0	13	0	0	0	0	0	0	6	2	2	0	4	5	0	0	0	0	0	0	3	0	14	0	0	54	2	0	0	0	0	2	0	1	0	0	1	0	4	0	0	1	0	0	0	0	0	1	181	0	344	0	0	0	0	89	10	7	0	0	7	0	1	0	0	0	2	0
0	0	0	0	0	0	0	0	0	0	0	0	0	0	0	0	0	0	0	0	0	0	0	0	0	0	0	0	0	0	0	0	0	0	0	0	0	0	0	0	0	0	0	0	0	0	0	0	0	0	0	0	0	0	0	0	0	0	0	0	0	0	0	0	0	0	0	0	0	0	0	0	0	0	0
0	0	0	0	0	0	0	0	0	0	0	0	0	0	0	0	0	0	0	0	0	0	0	0	0	0	0	0	0	0	0	0	0	0	0	0	0	0	0	0	0	0	0	0	0	0	0	0	0	0	0	0	0	0	0	0	0	0	0	0	0	0	0	0	0	0	0	0	0	0	0	0	0	0	0
0	0	0	0	0	0	0	0	0	0	0	0	0	0	0	0	0	0	0	0	0	0	0	0	0	0	0	0	0	0	0	0	0	0	0	0	0	0	0	0	0	0	0	0	0	0	0	0	0	0	0	0	0	0	0	0	0	0	0	0	0	0	0	0	0	0	0	0	0	0	0	0	0	0	0
0	42	13	8	9	0	0	0	0	0	0	0	4	0	7	0	0	259	494	10	7	39	0	0	956	0	3	590	1084	0	0	184	0	55	2	0	0	0	0	1	101	1	29	810	0	0	0	0	43	2	1118	0	23	17	208	0	0	12	0	65	0	0	0	119	2	672	280	53	0	2	0	88	62	13	0
0	0	0	0	1	0	0	0	0	0	0	0	0	4	0	0	0	0	0	0	0	0	0	0	0	0	0	4	1	0	0	0	0	0	0	0	0	0	1	0	0	0	0	10	0	0	0	0	13	0	5	0	0	0	0	0	0	0	0	0	0	0	0	0	0	1	0	3	0	10	0	0	0	0	0
0	37	57	10	5	0	36	0	0	0	50	0	37	3	0	16	18	267	39	290	255	514	0	0	140	0	3	301	268	0	281	0	0	0	1	0	0	0	101	0	0	0	55	59	0	0	0	0	25	0	804	0	4	10	115	0	1	16	0	74	0	0	0	5	0	134	66	49	0	11	2	0	186	0	247
0	2	0	1	4	0	0	0	0	0	0	0	0	0	0	0	0	0	1	4	0	0	0	0	0	0	23	0	0	0	0	0	0	0	0	0	0	0	1	0	0	0	0	29	0	0	0	0	1	0	82	0	0	0	2	0	0	0	0	0	0	0	0	102	0	0	0	3	0	147	0	0	13	0	0
0	41	61	284	7	0	240	0	3	0	215	0	2	1	1	489	23	14	8	306	46	9	0	0	10	0	6	38	29	205	11	4	67	97	0	0	0	0	29	0	55	0	0	49	0	16	0	0	58	0	31	0	0	0	5	38	50	17	2	3	0	0	4	14	8	8	30	54	0	2	55	62	0	2	77
0	5	5	1	8	0	0	0	0	0	0	0	4	0	1	1	7	66	317	11	54	7	0	0	10	0	4	168	9	1	10	451	0	61	1	0	0	0	810	10	59	29	49	0	0	1	0	0	5	7	593	53	39	13	423	0	0	33	0	274	0	0	0	208	1	157	29	6	0	12	2	149	20	83	6
0	0	0	0	0	0	0	0	0	0	0	0	0	463	0	5	0	0	0	0	0	0	0	0	0	3	0	0	0	0	0	0	0	0	0	0	0	0	0	0	0	0	0	0	0	0	0	0	0	0	0	0	0	5	0	0	0	0	0	0	0	0	0	0	0	0	0	0	0	0	0	0	0	0	0
0	0	0	162	2	0	99	0	0	0	0	0	0	18	0	422	46	1	8	389	0	0	0	0	0	0	18	0	0	0	0	0	0	0	4	0	0	0	0	0	0	0	16	1	0	0	0	0	62	0	0	0	1	0	2	3	0	230	0	0	0	0	2	0	0	0	0	33	0	1	0	0	9	3	0
0	0	0	0	0	0	0	0	0	0	0	0	0	0	0	0	0	0	0	0	0	0	0	0	0	0	0	0	0	0	0	0	0	0	0	0	0	0	0	0	0	0	0	0	0	0	0	0	0	0	0	0	0	0	0	0	0	0	0	0	0	0	0	0	0	0	0	0	0	0	0	0	0	0	0
0	0	0	0	0	0	0	0	0	0	0	0	0	0	0	0	0	0	0	0	0	0	0	0	0	0	0	0	0	0	0	0	0	0	0	0	0	0	0	0	0	0	0	0	0	0	0	0	0	0	0	0	0	0	0	0	0	0	0	0	0	0	0	0	0	0	0	0	0	0	0	0	0	0	0
0	201	11	155	0	0	84	0	0	0	82	0	0	6	44	6	5	10	40	30	3	83	0	0	20	0	0	11	102	0	57	2	1	23	1	0	0	0	43	13	25	1	58	5	0	62	0	0	0	2	25	73	60	2	35	1	14	51	46	11	0	0	0	8	3	44	13	48	0	1	0	7	1	14	12
0	0	0	0	2	0	0	0	0	0	0	0	0	0	0	0	0	10	1	18	0	0	0	0	1	0	29	0	0	0	0	0	0	0	0	0	0	0	2	0	0	0	0	7	0	0	0	0	2	0	0	0	7	0	0	0	0	5	0	0	0	0	0	23	0	0	0	62	0	38	0	0	0	0	0
0	11	208	1	7	0	0	0	4	0	1	124	242	0	0	0	16	842	40	0	1141	414	0	0	123	0	0	239	5	0	414	233	1	129	0	0	0	0	1118	5	804	82	31	593	0	0	0	0	25	0	0	0	42	0	333	0	5	11	103	235	0	0	0	18	3	15	128	0	0	1	6	64	341	104	1
0	0	0	0	0	0	0	0	0	0	0	0	0	3	0	6	0	1	8	42	0	0	0	0	0	0	1	0	0	0	0	0	0	0	0	0	0	0	0	0	0	0	0	53	0	0	0	0	73	0	0	0	0	16	0	0	0	80	0	0	0	0	0	0	2	0	0	0	0	0	0	0	0	0	0
0	510	111	263	0	0	180	0	0	0	10	0	1	0	3	0	0	6	143	4	0	240	0	0	91	0	4	25	193	0	5	0	0	2	0	0	0	0	23	0	4	0	0	39	0	1	0	0	60	7	42	0	0	128	2	0	47	0	10	3	0	0	0	11	0	35	5	0	0	3	0	1	0	0	0
0	169	21	27	0	0	13	0	0	0	0	7	0	0	20	8	1	47	12	0	1	133	0	0	7	0	0	43	54	0	46	0	0	15	0	0	0	0	17	0	10	0	0	13	5	0	0	0	2	0	0	16	128	0	9	0	0	16	99	2	0	0	0	0	0	23	0	0	0	0	0	0	0	8	49
0	62	23	8	3	0	0	0	2	0	0	0	0	0	1	21	4	146	280	13	20	64	0	0	771	0	18	189	705	1	9	14	1	0	1	0	0	0	208	0	115	2	5	423	0	2	0	0	35	0	333	0	2	9	0	0	1	11	0	3	0	0	0	32	0	539	300	121	0	22	2	13	89	6	2
0	0	0	0	5	0	0	0	0	0	0	1	0	0	0	169	0	0	1	157	0	0	0	0	0	0	0	0	0	29	0	0	0	0	181	0	0	0	0	0	0	0	38	0	0	3	0	0	1	0	0	0	0	0	0	0	0	107	0	0	0	0	22	0	1	0	5	2	0	1	0	0	0	1	0
0	1210	69	13	0	0	54	0	0	0	65	0	0	0	0	0	0	6	1	0	0	323	0	0	2	0	0	4	10	0	0	0	0	2	0	0	0	0	0	0	1	0	50	0	0	0	0	0	14	0	5	0	47	0	1	0	0	0	69	0	0	0	0	2	0	0	1	0	0	0	0	0	0	0	1
0	7	11	5	1	0	12	0	8	0	0	0	0	22	0	263	2	19	4	70	5	5	0	0	20	0	6	9	34	238	0	1	85	1	344	0	0	0	12	0	16	0	17	33	0	230	0	0	51	5	11	80	0	16	11	107	0	0	0	1	0	0	28	1	5	47	32	80	0	6	2	3	11	11	7
0	862	11	95	2	0	106	0	0	0	0	0	0	0	0	0	0	2	12	0	0	294	0	0	5	0	0	203	0	0	0	0	0	0	0	0	0	0	0	0	0	0	2	0	0	0	0	0	46	0	103	0	10	99	0	0	69	0	0	0	0	0	0	0	0	1	1	0	0	0	0	0	0	0	0
0	24	2	3	14	0	0	0	0	0	0	0	0	0	0	0	0	8	85	2	4	33	0	0	62	0	53	16	106	0	0	0	0	0	0	0	0	0	65	0	74	0	3	274	0	0	0	0	11	0	235	0	3	2	3	0	0	1	0	0	0	0	0	124	0	219	18	12	0	305	0	0	94	0	0
0	0	0	0	0	0	0	0	0	0	0	0	0	0	0	0	0	0	0	0	0	0	0	0	0	0	0	0	0	0	0	0	0	0	0	0	0	0	0	0	0	0	0	0	0	0	0	0	0	0	0	0	0	0	0	0	0	0	0	0	0	0	0	0	0	0	0	0	0	0	0	0	0	0	0
0	0	0	0	0	0	0	0	0	0	0	0	0	0	0	0	0	0	0	0	0	0	0	0	0	0	0	0	0	0	0	0	0	0	0	0	0	0	0	0	0	0	0	0	0	0	0	0	0	0	0	0	0	0	0	0	0	0	0	0	0	0	0	0	0	0	0	0	0	0	0	0	0	0	0
0	0	0	0	0	0	0	0	0	0	0	1	0	0	0	53	0	0	0	128	0	0	0	0	0	0	0	1	0	0	0	0	0	0	89	0	0	0	0	0	0	0	4	0	0	2	0	0	0	0	0	0	0	0	0	22	0	28	0	0	0	0	0	0	0	0	0	0	0	0	0	0	0	0	0
0	0	0	1	15	0	0	0	5	0	0	0	0	0	0	0	80	11	4	3	0	0	0	0	1	0	220	47	0	0	0	77	1	14	10	0	0	0	119	0	5	102	14	208	0	0	0	0	8	23	18	0	11	0	32	0	2	1	0	124	0	0	0	0	31	18	1	250	0	458	0	8	12	43	1
0	0	1	15	8	0	0	0	10	0	0	0	11	1	0	10	71	0	0	65	24	0	0	0	1	0	139	0	5	0	0	0	29	0	7	0	0	0	2	0	0	0	8	1	0	0	0	0	3	0	3	2	0	0	0	1	0	5	0	0	0	0	0	31	0	0	0	727	0	113	0	0	16	6	0
0	6	44	13	0	0	0	0	0	0	5	0	0	0	226	0	0	147	535	5	11	174	0	0	711	0	1	151	995	0	11	316	4	111	0	0	0	0	672	1	134	0	8	157	0	0	0	0	44	0	15	0	35	23	539	0	0	47	1	219	0	0	0	18	0	0	172	1	0	2	1	215	0	2	9
0	48	176	1	3	0	0	0	1	0	102	0	1	1	9	1	1	212	5	1	23	26	0	0	82	0	26	15	99	0	1	102	0	13	0	0	0	0	280	0	66	0	30	29	0	0	0	0	13	0	128	0	5	0	300	5	1	32	1	18	0	0	0	1	0	172	0	12	0	0	12	179	31	18	2
0	5	0	46	4	5	0	0	60	0	0	1	3	20	0	58	370	17	1	19	1	0	0	0	47	0	636	3	0	0	1	0	99	2	7	0	0	0	53	3	49	3	54	6	0	33	0	0	48	62	0	0	0	0	121	2	0	80	0	12	0	0	0	250	727	1	12	0	0	328	7	7	10	83	13
0	0	0	0	0	0	0	0	0	0	0	0	0	0	0	0	0	0	0	0	0	0	0	0	0	0	0	0	0	0	0	0	0	0	0	0	0	0	0	0	0	0	0	0	0	0	0	0	0	0	0	0	0	0	0	0	0	0	0	0	0	0	0	0	0	0	0	0	0	0	0	0	0	0	0
0	4	0	0	3	0	0	0	1	0	0	0	1	0	1	3	49	1	3	3	0	1	0	0	1	0	360	6	1	0	1	0	1	0	1	0	0	0	2	10	11	147	2	12	0	1	0	0	1	38	1	0	3	0	22	1	0	6	0	305	0	0	0	458	113	2	0	328	0	0	0	0	0	114	1
0	0	10	12	2	0	3	0	0	0	1	0	0	0	0	5	0	0	0	60	2	1	0	0	3	0	3	3	1	1	0	0	0	0	0	0	0	0	0	0	2	0	55	2	0	0	0	0	0	0	6	0	0	0	2	0	0	2	0	0	0	0	0	0	0	1	12	7	0	0	0	2	0	2	0
0	12	17	18	7	0	30	0	0	0	0	23	0	0	0	107	0	2	86	7	12	2	0	0	143	0	30	32	14	0	0	0	0	0	0	0	0	0	88	0	0	0	62	149	0	0	0	0	7	0	64	0	1	0	13	0	0	3	0	0	0	0	0	8	0	215	179	7	0	0	2	0	0	0	0
0	0	37	0	0	0	0	0	0	0	1	0	81	0	0	0	16	85	1	10	51	60	0	0	34	0	0	1	154	0	101	0	0	0	0	0	0	0	62	0	186	13	0	20	0	9	0	0	1	0	341	0	0	0	89	0	0	11	0	94	0	0	0	12	16	0	31	10	0	0	0	0	0	0	0
0	0	0	19	0	0	3	0	0	0	0	0	0	4	0	28	0	0	10	9	4	2	0	0	7	0	45	6	9	0	0	0	0	0	2	0	0	0	13	0	0	0	2	83	0	3	0	0	14	0	104	0	0	8	6	1	0	11	0	0	0	0	0	43	6	2	18	83	0	114	2	0	0	0	0
0	18	0	100	2	0	124	0	0	0	0	1	0	2	0	2	0	1	0	27	0	73	0	0	6	0	0	0	16	0	0	0	0	0	0	0	0	0	0	0	247	0	77	6	0	0	0	0	12	0	1	0	0	49	2	0	1	7	0	0	0	0	0	1	0	9	2	13	0	1	0	0	0	0	0
