0	0	0	0	0	0	0	0	0	0	0	0	0	0	0	0	0	0	0	0	0	0	0	0	0	0	0	0	0	0	0	0	0	0	0	0	0	0	0	0	0	0	0	0	0	0	0	0	0	0	0	0	0	0	0	0	0	0	0	0	0	0	0	0	0	0	0	0	0	0	0	0	0	0	0
0	0	22	2	0	0	0	0	0	0	8	0	12	0	0	0	0	0	0	0	0	101	3	0	0	0	0	0	0	0	0	0	0	4	0	0	0	0	0	0	0	0	0	0	0	0	0	0	4	0	0	0	10	14	0	4	6	0	0	0	0	0	0	0	0	0	16	0	0	0	0	0	0	0	0
0	22	0	0	0	1	0	12	0	0	1	0	3	0	0	147	0	7	0	0	0	0	22	0	2	0	0	0	17	18	0	1	0	4	0	0	0	0	0	0	0	0	189	2	0	0	1	15	0	0	1	0	2	0	0	0	0	0	0	0	0	1	0	0	0	2	7	0	0	0	7	4	0	0	0
0	2	0	0	2	0	94	0	0	0	404	0	0	20	64	74	0	0	14	0	0	91	1	0	1	0	0	0	1	2	345	0	0	136	0	0	0	0	0	1	49	0	482	0	0	120	0	0	652	0	0	0	418	24	0	0	4	0	0	0	0	0	0	0	0	2	124	0	0	0	0	0	0	0	0
0	0	0	2	0	257	0	7	0	0	0	0	15	0	0	0	0	9	1	168	0	0	6	0	0	0	0	9	0	0	0	488	0	95	0	0	0	0	348	0	0	0	32	572	0	1	0	0	0	329	30	0	3	0	0	34	0	21	0	0	0	8	1	521	0	12	19	0	0	0	7	0	2	0	0
0	0	1	0	257	0	0	0	0	0	0	0	1	0	0	22	3	11	0	15	0	3	0	0	1	0	0	2	0	17	72	0	0	17	0	0	0	0	0	1	0	0	154	10	0	0	0	218	0	9	2	0	0	0	5	0	0	0	0	0	0	1	0	0	0	0	1	0	0	0	0	0	1	0	0
0	0	0	94	0	0	0	0	0	0	3	0	1	0	0	1	0	0	0	0	0	12	0	0	0	0	0	0	0	0	2	0	0	0	0	0	1	0	0	0	2	0	26	0	0	1	0	0	2	0	0	0	2	0	0	0	0	0	0	0	0	0	0	0	0	0	0	0	0	0	0	0	0	0	0
0	0	12	0	7	0	0	0	1	0	0	0	2	1	0	1	0	7	49	0	0	1	1	0	88	0	0	1	140	10	0	0	1	0	0	0	0	0	27	20	0	0	2	34	0	0	0	1	0	0	0	0	18	0	56	0	1	2	0	0	0	1	0	0	0	580	1	0	0	0	0	4	0	0	0
0	0	0	0	0	0	0	1	0	0	0	0	0	0	0	2	1	1	0	13	158	0	0	0	1	0	0	0	0	1	0	0	0	0	3	0	0	0	0	0	0	0	0	5	4	2	0	0	0	13	0	2	0	0	0	0	0	1	0	0	0	0	1	0	9	1	0	0	0	0	0	0	0	0	0
0	0	0	0	0	0	0	0	0	0	0	0	0	0	0	0	0	0	0	0	0	0	0	0	0	0	0	0	0	0	0	0	0	0	0	0	0	0	0	0	0	0	0	0	0	0	0	0	0	0	0	0	0	0	0	0	0	0	0	0	0	0	0	0	0	0	0	0	0	0	0	0	0	0	0
0	8	1	404	0	0	3	0	0	0	0	0	0	1	0	201	0	2	0	0	0	0	3	0	1	0	0	0	2	240	0	0	0	8	0	0	0	0	0	0	13	0	296	2	0	6	0	0	0	0	0	0	0	0	0	1	7	0	0	0	0	0	0	0	0	0	0	0	0	0	1	0	0	0	0
0	0	0	0	0	0	0	0	0	0	0	0	0	0	0	3	0	0	0	138	0	0	0	0	0	0	0	0	0	217	0	0	0	0	4	0	0	0	0	0	0	0	0	0	3	0	0	0	0	97	0	0	0	0	0	2	0	7	0	0	0	0	0	0	0	0	0	0	0	0	0	0	0	0	0
0	12	3	0	15	1	1	2	0	0	0	0	0	2	0	4	0	1	0	5	50	0	1	0	1	0	0	0	14	0	0	0	0	2	1	0	0	0	0	0	8	1	39	5	0	0	1	34	0	5	0	0	0	0	0	3	1	0	0	0	0	0	0	0	1	1	0	0	0	0	1	0	0	0	0
0	0	0	20	0	0	0	1	0	0	1	0	2	0	0	140	1	2	0	15	6	1	0	0	2	0	0	0	0	8	2	1	0	0	2	0	7	0	7	2	2	0	65	13	562	12	0	0	0	14	4	3	1	1	0	1	1	10	0	0	0	4	2	3	2	1	0	0	0	1	2	0	17	0	0
0	0	0	64	0	0	0	0	0	0	0	0	0	0	0	4	0	0	0	0	0	0	0	0	0	0	0	0	0	0	0	0	0	0	0	0	0	0	0	0	0	0	105	0	0	2	0	0	0	0	0	0	0	0	0	0	0	0	0	0	0	0	0	0	0	0	0	0	0	0	0	0	0	0	0
0	0	147	74	0	22	1	1	2	0	201	3	4	140	4	0	18	2	0	331	0	0	5	0	0	0	0	0	0	742	1	0	160	57	7	0	3	0	1	26	15	0	465	1	2	244	0	0	0	6	0	0	0	0	0	214	0	115	0	0	0	1	24	0	1	1	108	0	0	0	4	0	3	0	0
0	0	0	0	0	3	0	0	1	0	0	0	0	1	0	18	0	1	0	15	0	0	0	9	0	0	0	0	0	109	9	0	3	2	8	0	1	0	0	0	0	0	1	0	1	4	2	0	0	7	0	19	0	0	0	46	0	16	0	0	0	0	45	0	0	2	0	0	0	0	0	0	1	0	0
0	0	7	0	9	11	0	7	1	0	2	0	1	2	0	2	1	0	1	0	10	59	19	0	4	0	0	94	93	0	91	1	0	42	0	0	0	0	75	0	78	0	52	2	0	4	2	43	0	0	5	1	1	0	33	0	2	0	0	0	0	28	0	0	0	31	2	0	0	1	1	1	1	0	0
0	0	0	14	1	0	0	49	0	0	0	0	0	0	0	0	0	1	0	0	0	2	0	0	87	0	0	0	144	0	4	0	0	2	0	0	0	0	0	0	0	1	0	12	0	0	0	2	0	0	0	0	0	0	2	0	1	0	0	0	0	0	0	0	0	445	0	0	0	0	0	0	0	0	0
0	0	0	0	168	15	0	0	13	0	0	138	5	15	0	331	15	0	0	0	2	0	0	1	0	0	0	2	0	490	0	53	50	96	4	0	24	0	15	0	1	0	225	88	142	122	2	0	0	8	4	16	0	0	0	58	0	8	0	0	0	18	31	187	13	0	1	0	0	0	1	0	69	0	0
0	0	0	0	0	0	0	0	158	0	0	0	50	6	0	0	0	10	0	2	0	1	0	0	5	0	0	122	3	0	166	0	2	92	3	38	0	0	34	0	278	0	17	0	0	0	0	0	0	1	76	0	2	0	0	0	0	0	0	0	0	14	0	0	3	0	0	0	0	0	7	0	2	0	0
0	101	0	91	0	3	12	1	0	0	0	0	0	1	0	0	0	59	2	0	1	0	0	0	24	0	0	25	51	0	83	0	0	1	0	0	0	0	3	0	7	0	2	0	1	0	0	0	7	0	0	0	85	47	2	0	109	0	0	0	0	1	0	0	0	14	0	0	0	0	1	0	0	0	0
0	3	22	1	6	0	0	1	0	0	3	0	1	0	0	5	0	19	0	0	0	0	0	0	0	0	0	24	0	4	0	19	0	3	0	0	0	0	28	0	0	0	0	0	0	0	0	1	0	0	12	0	0	0	0	0	0	0	0	0	0	22	0	0	0	0	20	0	0	0	0	8	0	0	0
0	0	0	0	0	0	0	0	0	0	0	0	0	0	0	0	9	0	0	1	0	0	0	0	0	0	0	0	0	4	0	0	0	0	5	0	0	0	0	0	0	0	0	0	4	1	0	0	0	5	0	0	0	0	0	13	0	4	0	0	0	0	2	0	0	0	0	0	0	0	0	0	0	0	0
0	0	2	1	0	1	0	88	1	0	1	0	1	2	0	0	0	4	87	0	5	24	0	0	0	0	0	0	3	0	4	0	0	0	0	0	0	0	68	3	1	0	3	0	0	0	0	0	2	0	0	0	9	20	2	0	1	0	0	0	0	0	0	0	1	64	2	0	0	12	1	9	3	0	0
0	0	0	0	0	0	0	0	0	0	0	0	0	0	0	0	0	0	0	0	0	0	0	0	0	0	0	0	0	0	0	0	0	0	0	0	0	0	0	0	0	0	0	0	0	0	0	0	0	0	0	0	0	0	0	0	0	0	0	0	0	0	0	0	0	0	0	0	0	0	0	0	0	0	0
0	0	0	0	0	0	0	0	0	0	0	0	0	0	0	0	0	0	0	0	0	0	0	0	0	0	0	0	0	0	0	0	0	0	0	0	0	0	0	0	0	0	0	0	0	0	0	0	0	0	0	0	0	0	0	0	0	0	0	0	0	0	0	0	0	0	0	0	0	0	144	286	0	0	0
0	0	0	0	9	2	0	1	0	0	0	0	0	0	0	0	0	94	0	2	122	25	24	0	0	0	0	0	133	0	32	0	0	10	1	0	0	0	1	0	106	0	5	0	0	0	1	5	0	1	0	1	0	0	31	1	0	0	0	0	0	0	0	0	0	5	0	0	0	0	0	1	0	0	0
0	0	17	1	0	0	0	140	0	0	2	0	14	0	0	0	0	93	144	0	3	51	0	0	3	0	0	133	0	0	19	1	0	4	0	0	0	0	129	0	1	0	2	1	0	0	0	0	7	0	0	0	11	50	0	0	0	0	0	0	0	0	0	0	0	84	1	0	0	5	0	0	0	0	0
0	0	18	2	0	17	0	10	1	0	240	217	0	8	0	742	109	0	0	490	0	0	4	4	0	0	0	0	0	0	0	0	586	64	173	16	0	0	20	15	0	0	397	21	0	408	0	0	0	0	0	1	0	0	0	622	0	479	0	0	0	3	133	1	0	0	21	0	0	6	1	0	11	0	0
0	0	0	345	0	72	2	0	0	0	0	0	0	2	0	1	9	91	4	0	166	83	0	0	4	0	0	32	19	0	0	0	0	6	0	0	0	0	0	3	145	0	6	0	2	10	3	6	5	0	0	2	5	6	0	1	0	0	0	0	0	0	1	0	1	1	0	0	0	0	1	0	3	0	0
0	0	1	0	488	0	0	0	0	0	0	0	0	1	0	0	0	1	0	53	0	0	19	0	0	0	0	0	1	0	0	0	0	0	1	9	0	0	0	0	0	0	0	133	0	0	0	184	0	53	0	0	0	0	1	0	0	0	0	0	0	0	0	0	1	123	0	0	0	0	0	5	0	0	0
0	0	0	0	0	0	0	1	0	0	0	0	0	0	0	160	3	0	0	50	2	0	0	0	0	0	0	0	0	586	0	0	0	0	16	1	0	0	0	0	0	0	269	1	3	2	0	0	0	2	0	0	0	0	0	30	0	6	0	0	0	0	3	0	5	1	0	0	0	0	0	0	1	0	0
0	4	4	136	95	17	0	0	0	0	8	0	2	0	0	57	2	42	2	96	92	1	3	0	0	0	0	10	4	64	6	0	0	0	0	0	0	0	4	0	50	0	233	17	0	4	1	2	2	37	2	0	0	0	2	0	0	0	0	0	0	0	0	0	1	50	12	0	0	0	7	1	0	0	0
0	0	0	0	0	0	0	0	3	0	0	4	1	2	0	7	8	0	0	4	3	0	0	5	0	0	0	1	0	173	0	1	16	0	0	0	0	0	1	0	0	1	0	0	3	1	0	0	0	0	1	0	0	0	0	87	0	18	0	0	0	0	8	0	2	0	0	0	0	0	0	0	1	0	0
0	0	0	0	0	0	0	0	0	0	0	0	0	0	0	0	0	0	0	0	38	0	0	0	0	0	0	0	0	16	0	9	1	0	0	0	2	0	6	35	0	23	0	62	1	0	0	0	4	0	4	0	0	0	0	0	0	0	0	0	0	0	0	19	0	0	1	0	0	0	1	0	31	0	0
0	0	0	0	0	0	1	0	0	0	0	0	0	7	0	3	1	0	0	24	0	0	0	0	0	0	0	0	0	0	0	0	0	0	0	2	0	0	0	4	0	0	5	5	6	2	0	0	0	24	0	0	0	0	0	1	0	1	0	0	0	0	0	0	19	0	0	0	0	0	0	0	0	0	0
0	0	0	0	0	0	0	0	0	0	0	0	0	0	0	0	0	0	0	0	0	0	0	0	0	0	0	0	0	0	0	0	0	0	0	0	0	0	0	0	0	0	0	0	0	0	0	0	0	0	0	0	0	0	0	0	0	0	0	0	0	0	0	0	0	0	0	0	0	0	0	0	0	0	0
0	0	0	0	348	0	0	27	0	0	0	0	0	7	0	1	0	75	0	15	34	3	28	0	68	0	0	1	129	20	0	0	0	4	1	6	0	0	0	29	2	0	4	174	1	0	0	158	0	15	0	0	0	0	61	0	1	0	0	0	0	0	0	0	1	431	0	0	0	0	1	2	0	0	0
0	0	0	1	0	1	0	20	0	0	0	0	0	2	0	26	0	0	0	0	0	0	0	0	3	0	0	0	0	15	3	0	0	0	0	35	4	0	29	0	3	0	5	79	0	0	0	1	0	0	0	0	0	0	0	0	0	0	0	0	0	0	0	0	3	9	4	0	0	0	0	0	28	0	0
0	0	0	49	0	0	2	0	0	0	13	0	8	2	0	15	0	78	0	1	278	7	0	0	1	0	0	106	1	0	145	0	0	50	0	0	0	0	2	3	0	15	5	2	2	81	0	0	0	0	7	0	1	2	0	0	0	1	0	0	0	88	0	0	2	1	0	0	0	0	0	0	0	0	0
0	0	0	0	0	0	0	0	0	0	0	0	1	0	0	0	0	0	1	0	0	0	0	0	0	0	0	0	0	0	0	0	0	0	1	23	0	0	0	0	15	0	1	3	0	0	0	0	0	1	0	0	0	0	4	0	0	0	0	0	0	0	0	1	3	0	0	0	0	0	0	0	1	0	0
0	0	189	482	32	154	26	2	0	0	296	0	39	65	105	465	1	52	0	225	17	2	0	0	3	0	0	5	2	397	6	0	269	233	0	0	5	0	4	5	5	1	0	18	1	70	0	20	95	12	2	2	1	0	1	69	5	8	0	0	0	2	2	1	0	7	379	0	0	0	70	1	16	0	0
0	0	2	0	572	10	0	34	5	0	2	0	5	13	0	1	0	2	12	88	0	0	0	0	0	0	0	0	1	21	0	133	1	17	0	62	5	0	174	79	2	3	18	0	0	0	0	158	4	89	1	1	1	0	27	0	0	14	0	0	0	0	0	26	3	148	2	0	0	1	12	2	68	0	0
0	0	0	0	0	0	0	0	4	0	0	3	0	562	0	2	1	0	0	142	0	1	0	4	0	0	0	0	0	0	2	0	3	0	3	1	6	0	1	0	2	0	1	0	0	18	0	0	0	150	0	0	0	1	0	0	0	11	0	0	0	1	0	2	6	1	0	1	0	0	0	0	26	0	0
0	0	0	120	1	0	1	0	2	0	6	0	0	12	2	244	4	4	0	122	0	0	0	1	0	0	0	0	0	408	10	0	2	4	1	0	2	0	0	0	81	0	70	0	18	0	0	0	0	6	0	260	0	0	0	31	0	28	0	0	0	4	35	0	1	0	0	4	0	0	0	0	2	0	0
0	0	1	0	0	0	0	0	0	0	0	0	1	0	0	0	2	2	0	2	0	0	0	0	0	0	0	1	0	0	3	0	0	1	0	0	0	0	0	0	0	0	0	0	0	0	0	1	0	0	2	0	0	0	0	0	0	0	0	0	0	1	0	0	0	0	1	0	0	0	0	0	1	0	0
0	0	15	0	0	218	0	1	0	0	0	0	34	0	0	0	0	43	2	0	0	0	1	0	0	0	0	5	0	0	6	184	0	2	0	0	0	0	158	1	0	0	20	158	0	0	1	0	1	0	197	0	1	0	0	0	0	1	0	0	0	1	1	0	0	0	26	0	0	0	0	0	48	0	0
0	4	0	652	0	0	2	0	0	0	0	0	0	0	0	0	0	0	0	0	0	7	0	0	2	0	0	0	7	0	5	0	0	2	0	4	0	0	0	0	0	0	95	4	0	0	0	1	0	0	0	0	0	0	1	0	5	0	0	0	0	0	0	0	0	0	0	0	0	0	1	0	0	0	0
0	0	0	0	329	9	0	0	13	0	0	97	5	14	0	6	7	0	0	8	1	0	0	5	0	0	0	1	0	0	0	53	2	37	0	0	24	0	15	0	0	1	12	89	150	6	0	0	0	0	4	0	0	0	0	3	0	6	0	0	0	18	13	187	12	0	1	0	0	0	1	0	68	0	0
0	0	1	0	30	2	0	0	0	0	0	0	0	4	0	0	0	5	0	4	76	0	12	0	0	0	0	0	0	0	0	0	0	2	1	4	0	0	0	0	7	0	2	1	0	0	2	197	0	4	0	0	0	0	8	0	0	0	0	0	0	0	0	0	0	1	0	0	0	0	0	1	0	0	0
0	0	0	0	0	0	0	0	2	0	0	0	0	3	0	0	19	1	0	16	0	0	0	0	0	0	0	1	0	1	2	0	0	0	0	0	0	0	0	0	0	0	2	1	0	260	0	0	0	0	0	0	1	0	0	23	0	208	0	0	0	17	33	0	0	0	0	0	0	0	0	0	0	0	0
0	10	2	418	3	0	2	18	0	0	0	0	0	1	0	0	0	1	0	0	2	85	0	0	9	0	0	0	11	0	5	0	0	0	0	0	0	0	0	0	1	0	1	1	0	0	0	1	0	0	0	1	0	0	0	1	1	0	0	0	0	0	0	0	0	12	0	0	0	0	0	0	0	0	0
0	14	0	24	0	0	0	0	0	0	0	0	0	1	0	0	0	0	0	0	0	47	0	0	20	0	0	0	50	0	6	0	0	0	0	0	0	0	0	0	2	0	0	0	1	0	0	0	0	0	0	0	0	0	0	0	0	0	0	0	0	0	1	0	0	9	0	0	0	0	0	0	0	0	0
0	0	0	0	0	5	0	56	0	0	0	0	0	0	0	0	0	33	2	0	0	2	0	0	2	0	0	31	0	0	0	1	0	2	0	0	0	0	61	0	0	4	1	27	0	0	0	0	1	0	8	0	0	0	0	0	0	0	0	0	0	4	0	0	0	58	20	0	0	0	0	1	0	0	0
0	4	0	0	34	0	0	0	0	0	1	2	3	1	0	214	46	0	0	58	0	0	0	13	0	0	0	1	0	622	1	0	30	0	87	0	1	0	0	0	0	0	69	0	0	31	0	0	0	3	0	23	1	0	0	0	0	84	0	0	0	0	108	0	0	0	0	0	0	0	0	0	0	0	0
0	6	0	4	0	0	0	1	0	0	7	0	1	1	0	0	0	2	1	0	0	109	0	0	1	0	0	0	0	0	0	0	0	0	0	0	0	0	1	0	0	0	5	0	0	0	0	0	5	0	0	0	1	0	0	0	0	0	0	0	0	0	0	0	0	2	16	0	0	0	1	0	0	0	0
0	0	0	0	21	0	0	2	1	0	0	7	0	10	0	115	16	0	0	8	0	0	0	4	0	0	0	0	0	479	0	0	6	0	18	0	1	0	0	0	1	0	8	14	11	28	0	1	0	6	0	208	0	0	0	84	0	0	0	0	0	0	23	0	5	1	0	0	0	0	0	0	1	0	0
0	0	0	0	0	0	0	0	0	0	0	0	0	0	0	0	0	0	0	0	0	0	0	0	0	0	0	0	0	0	0	0	0	0	0	0	0	0	0	0	0	0	0	0	0	0	0	0	0	0	0	0	0	0	0	0	0	0	0	0	0	0	0	0	0	0	0	0	0	0	0	0	0	0	0
0	0	0	0	0	0	0	0	0	0	0	0	0	0	0	0	0	0	0	0	0	0	0	0	0	0	0	0	0	0	0	0	0	0	0	0	0	0	0	0	0	0	0	0	0	0	0	0	0	0	0	0	0	0	0	0	0	0	0	0	0	0	0	0	0	0	0	0	0	0	0	0	0	0	0
0	0	0	0	0	0	0	0	0	0	0	0	0	0	0	0	0	0	0	0	0	0	0	0	0	0	0	0	0	0	0	0	0	0	0	0	0	0	0	0	0	0	0	0	0	0	0	0	0	0	0	0	0	0	0	0	0	0	0	0	0	0	0	0	0	0	0	0	0	0	0	0	0	0	0
0	0	1	0	8	1	0	1	0	0	0	0	0	4	0	1	0	28	0	18	14	1	22	0	0	0	0	0	0	3	0	0	0	0	0	0	0	0	0	0	88	0	2	0	1	4	1	1	0	18	0	17	0	0	4	0	0	0	0	0	0	0	1	0	5	3	0	0	0	0	0	0	0	0	0
0	0	0	0	1	0	0	0	1	0	0	0	0	2	0	24	45	0	0	31	0	0	0	2	0	0	0	0	0	133	1	0	3	0	8	0	0	0	0	0	0	0	2	0	0	35	0	1	0	13	0	33	0	1	0	108	0	23	0	0	0	1	0	0	2	0	0	0	0	0	0	0	0	0	0
0	0	0	0	521	0	0	0	0	0	0	0	0	3	0	0	0	0	0	187	0	0	0	0	0	0	0	0	0	1	0	0	0	0	0	19	0	0	0	0	0	1	1	26	2	0	0	0	0	187	0	0	0	0	0	0	0	0	0	0	0	0	0	0	0	0	0	0	0	0	0	0	0	0	0
0	0	0	0	0	0	0	0	9	0	0	0	1	2	0	1	0	0	0	13	3	0	0	0	1	0	0	0	0	0	1	1	5	1	2	0	19	0	1	3	2	3	0	3	6	1	0	0	0	12	0	0	0	0	0	0	0	5	0	0	0	5	2	0	0	0	0	1	0	0	0	0	2	0	0
0	0	2	2	12	0	0	580	1	0	0	0	1	1	0	1	2	31	445	0	0	14	0	0	64	0	0	5	84	0	1	123	1	50	0	0	0	0	431	9	1	0	7	148	1	0	0	0	0	0	1	0	12	9	58	0	2	1	0	0	0	3	0	0	0	0	23	0	0	0	1	71	6	0	0
0	16	7	124	19	1	0	1	0	0	0	0	0	0	0	108	0	2	0	1	0	0	20	0	2	0	0	0	1	21	0	0	0	12	0	1	0	0	0	4	0	0	379	2	0	0	1	26	0	1	0	0	0	0	20	0	16	0	0	0	0	0	0	0	0	23	0	0	0	0	6	1	0	0	0
0	0	0	0	0	0	0	0	0	0	0	0	0	0	0	0	0	0	0	0	0	0	0	0	0	0	0	0	0	0	0	0	0	0	0	0	0	0	0	0	0	0	0	0	1	4	0	0	0	0	0	0	0	0	0	0	0	0	0	0	0	0	0	0	1	0	0	0	0	0	0	0	0	0	0
0	0	0	0	0	0	0	0	0	0	0	0	0	0	0	0	0	0	0	0	0	0	0	0	0	0	0	0	0	0	0	0	0	0	0	0	0	0	0	0	0	0	0	0	0	0	0	0	0	0	0	0	0	0	0	0	0	0	0	0	0	0	0	0	0	0	0	0	0	0	0	0	0	0	0
0	0	0	0	0	0	0	0	0	0	0	0	0	1	0	0	0	1	0	0	0	0	0	0	12	0	0	0	5	6	0	0	0	0	0	0	0	0	0	0	0	0	0	1	0	0	0	0	0	0	0	0	0	0	0	0	0	0	0	0	0	0	0	0	0	0	0	0	0	0	0	0	0	0	0
0	0	7	0	7	0	0	0	0	0	1	0	1	2	0	4	0	1	0	1	7	1	0	0	1	0	144	0	0	1	1	0	0	7	0	1	0	0	1	0	0	0	70	12	0	0	0	0	1	1	0	0	0	0	0	0	1	0	0	0	0	0	0	0	0	1	6	0	0	0	0	0	0	0	0
0	0	4	0	0	0	0	4	0	0	0	0	0	0	0	0	0	1	0	0	0	0	8	0	9	0	286	1	0	0	0	5	0	1	0	0	0	0	2	0	0	0	1	2	0	0	0	0	0	0	1	0	0	0	1	0	0	0	0	0	0	0	0	0	0	71	1	0	0	0	0	0	0	0	0
0	0	0	0	2	1	0	0	0	0	0	0	0	17	0	3	1	1	0	69	2	0	0	0	3	0	0	0	0	11	3	0	1	0	1	31	0	0	0	28	0	1	16	68	26	2	1	48	0	68	0	0	0	0	0	0	0	1	0	0	0	0	0	0	2	6	0	0	0	0	0	0	0	0	0
0	0	0	0	0	0	0	0	0	0	0	0	0	0	0	0	0	0	0	0	0	0	0	0	0	0	0	0	0	0	0	0	0	0	0	0	0	0	0	0	0	0	0	0	0	0	0	0	0	0	0	0	0	0	0	0	0	0	0	0	0	0	0	0	0	0	0	0	0	0	0	0	0	0	0
0	0	0	0	0	0	0	0	0	0	0	0	0	0	0	0	0	0	0	0	0	0	0	0	0	0	0	0	0	0	0	0	0	0	0	0	0	0	0	0	0	0	0	0	0	0	0	0	0	0	0	0	0	0	0	0	0	0	0	0	0	0	0	0	0	0	0	0	0	0	0	0	0	0	0
