0	0	0	0	0	0	0	0	0	0	0	0	0	0	0	0	0	0	0	0	0	0	0	0	0	0	0	0	0	0	0	0	0	0	0	0	0	0	0	0	0	0	0	0	0	0	0	0	0	0	0	0	0	0	0	0	0	0	0	0	0	0	0	0	0	0	0	0	0	0	0	0	0	0	0
0	0	24	0	0	0	0	1	0	0	8	0	6	0	0	0	0	9	8	0	0	24	0	0	0	0	0	21	1	0	0	0	0	2	0	0	0	0	0	0	6	0	2	0	0	0	0	0	4	0	0	0	36	62	4	0	18	0	96	0	0	0	0	0	0	0	12	0	0	0	0	0	0	0	0
0	24	0	0	0	0	0	0	0	0	0	0	2	0	0	2	0	7	0	0	29	4	0	0	0	0	0	2	1	7	0	0	0	11	0	2	0	0	0	0	4	0	233	0	0	0	0	2	0	0	0	0	0	0	3	0	2	0	0	2	0	2	0	0	0	0	17	0	0	0	173	0	0	0	0
0	0	0	0	0	0	25	15	12	0	750	0	0	0	0	121	0	2	12	0	0	40	0	0	0	0	0	16	3	0	101	0	0	204	0	1	22	0	0	0	2	0	334	0	0	166	0	0	173	0	0	0	226	2	0	0	2	0	30	2	0	0	0	0	0	0	194	0	0	0	8	0	0	0	0
0	0	0	0	0	1	0	0	0	0	0	0	0	0	0	0	0	0	0	0	0	0	0	0	0	0	0	0	0	0	0	0	0	0	0	6	0	0	0	0	1	0	1	6	0	0	0	0	2	0	0	0	0	0	3	0	0	0	0	3	0	0	0	6	0	0	0	0	0	0	0	0	0	0	0
0	0	0	0	1	0	0	0	0	0	0	0	0	0	0	2	0	1	0	0	249	0	0	0	1	0	0	1	0	1	25	0	0	3	0	1	0	0	0	2	115	0	58	2	0	0	0	0	0	0	0	0	1	0	0	0	0	0	0	2	0	1	0	0	0	0	3	0	0	0	0	0	0	0	0
0	0	0	25	0	0	0	0	0	0	19	0	0	0	0	5	0	0	0	0	0	0	0	0	0	0	0	0	1	0	4	0	0	2	0	0	0	0	0	0	1	0	162	0	0	0	0	0	52	0	0	0	10	0	0	0	0	0	0	0	0	0	0	0	0	0	17	0	0	0	5	0	0	0	0
0	1	0	15	0	0	0	0	1	0	0	0	1	0	0	0	0	15	168	0	4	116	0	0	7	0	0	5	30	1	9	0	4	6	0	0	0	0	0	33	70	0	1	54	0	0	0	35	2	4	2	0	35	4	188	1	0	0	16	83	0	2	0	0	0	312	10	0	0	0	0	79	0	0	0
0	0	0	12	0	0	0	1	0	1	0	0	0	0	0	1	0	0	0	0	92	0	0	0	0	0	0	0	4	0	0	0	0	0	0	0	0	0	0	0	0	0	0	0	0	0	0	0	0	0	0	0	0	0	0	0	0	0	0	0	0	0	0	0	0	0	0	0	0	0	1	0	0	0	0
0	0	0	0	0	0	0	0	1	0	0	0	0	0	0	0	0	0	0	0	0	0	0	0	0	0	0	0	0	0	0	0	0	0	0	1	0	0	0	0	0	2	0	0	0	1	0	0	0	0	0	0	0	0	0	0	0	0	0	0	0	1	0	1	1	0	0	2	0	0	1	0	0	0	0
0	8	0	750	0	0	19	0	0	0	0	0	0	0	0	258	0	0	0	7	0	0	0	0	1	0	0	0	7	15	1	0	0	70	0	0	0	0	0	0	158	0	721	0	0	164	0	0	129	0	0	0	0	1	0	0	1	0	0	2	0	0	0	0	0	0	24	0	0	0	88	0	0	0	0
0	0	0	0	0	0	0	0	0	0	0	0	0	0	0	8	0	0	0	50	0	0	0	0	0	0	0	0	0	0	0	0	0	0	0	0	0	0	0	2	1	0	0	0	0	6	0	0	0	0	0	0	0	0	0	3	0	596	0	1	2	0	0	0	0	0	0	0	0	0	0	0	3	0	0
0	6	2	0	0	0	0	1	0	0	0	0	0	2	0	0	0	3	0	0	0	0	0	2	0	0	0	0	0	0	0	0	0	0	0	2	0	0	0	0	4	0	1	1	0	0	0	0	2	0	0	0	0	0	0	0	0	0	1	0	0	0	0	0	1	0	0	0	0	0	0	0	0	0	0
0	0	0	0	0	0	0	0	0	0	0	0	2	0	0	0	1	0	0	0	0	0	0	0	0	0	11	0	0	0	0	0	2	0	0	4	0	0	0	0	5	0	0	0	46	5	0	0	1	0	0	0	0	0	0	0	0	1	0	8	0	1	0	0	1	0	0	2	0	0	0	1	0	0	0
0	0	0	0	0	0	0	0	0	0	0	0	0	0	0	0	0	0	0	0	0	0	0	0	0	0	0	0	0	0	0	0	0	0	0	0	0	0	0	0	0	0	0	0	0	0	0	0	0	0	0	0	0	0	0	0	0	0	0	0	0	0	0	0	0	0	0	0	0	0	0	0	0	0	0
0	0	2	121	0	2	5	0	1	0	258	8	0	0	0	0	25	0	0	505	0	0	0	3	0	0	0	0	0	176	0	0	101	112	0	0	6	0	0	8	14	0	785	0	0	578	0	0	0	0	0	0	0	0	0	126	0	465	0	0	0	0	154	0	0	0	221	3	0	0	177	2	0	0	0
0	0	0	0	0	0	0	0	0	0	0	0	0	1	0	25	0	0	0	220	0	0	0	22	0	0	0	0	0	66	0	0	0	2	0	1	0	0	0	0	89	0	25	0	0	430	0	0	0	0	0	0	0	0	2	108	0	0	0	0	0	0	0	0	1	0	0	0	0	0	0	0	0	0	0
0	9	7	2	0	1	0	15	0	0	0	0	3	0	0	0	0	0	0	0	258	9	0	0	1	0	0	144	12	5	60	0	0	67	0	1	0	0	0	0	662	0	17	7	0	0	1	0	0	0	4	0	0	51	84	0	15	2	11	10	0	24	0	0	0	2	3	5	0	0	11	2	0	0	0
0	8	0	12	0	0	0	168	0	0	0	0	0	0	0	0	0	0	0	1	2	0	0	2	7	0	0	0	36	0	9	0	0	4	0	0	0	0	0	5	45	0	1	8	0	0	0	0	2	0	0	0	0	11	187	0	0	1	1	10	0	0	0	0	0	0	0	0	0	0	0	1	0	0	0
0	0	0	0	0	0	0	0	0	0	7	50	0	0	0	505	220	0	1	0	0	0	0	1	0	0	0	0	0	11	0	0	64	73	0	0	0	0	0	0	3	0	206	0	0	160	0	0	0	0	0	0	0	0	0	108	0	109	0	0	0	4	212	0	1	0	0	1	0	0	0	0	10	0	0
0	0	29	0	0	249	0	4	92	0	0	0	0	0	0	0	0	258	2	0	0	0	2	0	0	0	0	190	18	41	182	0	24	108	0	410	0	0	0	4	754	0	51	4	0	0	1	0	0	0	4	0	0	1	0	0	2	0	0	32	0	56	0	0	0	0	2	0	0	0	29	12	2	0	0
0	24	4	40	0	0	0	116	0	0	0	0	0	0	0	0	0	9	0	0	0	0	0	0	0	0	0	4	37	0	3	0	0	12	0	0	0	0	0	0	140	0	0	0	0	0	0	0	2	0	0	0	0	212	0	0	1	0	0	1	0	0	0	0	0	0	0	0	0	0	0	0	0	0	0
0	0	0	0	0	0	0	0	0	0	0	0	0	0	0	0	0	0	0	0	2	0	0	0	0	0	0	0	0	1	0	0	0	0	0	0	0	0	0	0	0	0	0	0	0	0	0	0	0	0	0	0	0	0	0	0	0	0	0	0	0	0	0	0	0	0	0	0	0	0	0	0	0	0	0
0	0	0	0	0	0	0	0	0	0	0	0	2	0	0	3	22	0	2	1	0	0	0	0	0	0	0	0	0	0	6	0	0	0	0	3	1	0	0	0	1	0	0	0	0	1	0	0	0	0	0	1	4	0	0	22	0	12	0	1	0	0	1	0	0	0	0	0	0	0	0	0	0	0	0
0	0	0	0	0	1	0	7	0	0	1	0	0	0	0	0	0	1	7	0	0	0	0	0	0	0	0	0	0	0	1	0	0	0	0	0	0	0	0	0	1	0	0	0	0	0	0	0	0	0	0	0	3	0	0	0	0	0	0	0	0	0	0	0	0	7	0	0	0	0	0	9	0	0	0
0	0	0	0	0	0	0	0	0	0	0	0	0	0	0	0	0	0	0	0	0	0	0	0	0	0	0	0	0	0	0	0	0	0	0	0	0	0	0	0	0	0	0	0	2	0	0	0	0	0	0	0	0	0	0	0	0	0	0	0	0	0	0	0	0	0	0	0	0	0	0	0	0	0	0
0	0	0	0	0	0	0	0	0	0	0	0	0	11	0	0	0	0	0	0	0	0	0	0	0	0	0	0	0	5	0	0	0	0	0	4	0	0	0	4	0	2	1	1	0	32	0	0	0	24	0	0	0	0	1	0	0	0	0	0	0	2	2	30	0	0	0	32	0	0	1	0	0	0	0
0	21	2	16	0	1	0	5	0	0	0	0	0	0	0	0	0	144	0	0	190	4	0	0	0	0	0	0	6	11	56	0	0	68	0	0	0	0	0	0	342	0	22	0	0	0	1	0	0	0	0	0	0	10	15	0	0	0	16	0	0	24	0	0	0	0	4	0	0	0	0	2	0	0	0
0	1	1	3	0	0	1	30	4	0	7	0	0	0	0	0	0	12	36	0	18	37	0	0	0	0	0	6	0	0	20	0	0	8	0	11	0	0	0	6	8	0	1	2	0	0	0	5	7	0	0	0	40	19	8	0	11	0	12	5	0	2	0	0	0	24	0	0	0	0	1	13	0	0	0
0	0	7	0	0	1	0	1	0	0	15	0	0	0	0	176	66	5	0	11	41	0	1	0	0	0	5	11	0	0	15	0	108	36	0	31	1	0	0	10	5	0	199	30	0	171	0	2	0	0	0	0	2	3	0	129	0	172	0	28	0	3	25	11	0	0	166	12	0	0	2	34	4	0	0
0	0	0	101	0	25	4	9	0	0	1	0	0	0	0	0	0	60	9	0	182	3	0	6	1	0	0	56	20	15	0	0	0	2	0	1	0	0	0	0	882	0	0	0	0	0	1	0	6	0	0	0	21	5	0	0	0	0	1	15	0	1	0	0	0	0	0	0	0	0	0	2	0	0	0
0	0	0	0	0	0	0	0	0	0	0	0	0	0	0	0	0	0	0	0	0	0	0	0	0	0	0	0	0	0	0	0	0	0	0	0	0	0	0	0	0	0	0	0	0	0	0	0	0	0	0	0	0	0	0	0	0	0	0	0	0	0	0	0	0	0	0	0	0	0	0	0	0	0	0
0	0	0	0	0	0	0	4	0	0	0	0	0	2	0	101	0	0	0	64	24	0	0	0	0	0	0	0	0	108	0	0	0	0	0	6	0	0	0	1	2	1	350	0	0	78	0	0	1	0	0	0	0	0	4	27	0	291	0	7	0	0	0	0	8	0	0	0	0	0	12	0	25	0	0
0	2	11	204	0	3	2	6	0	0	70	0	0	0	0	112	2	67	4	73	108	12	0	0	0	0	0	68	8	36	2	0	0	0	0	1	0	0	0	0	302	0	268	4	0	8	1	4	14	0	0	0	0	18	66	0	8	0	18	0	0	6	6	0	0	0	88	2	0	0	142	14	0	0	0
0	0	0	0	0	0	0	0	0	0	0	0	0	0	0	0	0	0	0	0	0	0	0	0	0	0	0	0	0	0	0	0	0	0	0	0	0	0	0	0	0	0	0	0	0	0	0	0	0	0	0	0	0	0	0	0	0	0	0	0	0	0	0	0	0	0	0	0	0	0	0	0	0	0	0
0	0	2	1	6	1	0	0	0	1	0	0	2	4	0	0	1	1	0	0	410	0	0	3	0	0	4	0	11	31	1	0	6	1	0	0	0	0	0	210	41	110	17	335	0	0	1	2	5	3	5	0	0	0	1	0	0	0	0	73	0	0	0	210	1	0	3	1	0	0	2	120	0	0	0
0	0	0	22	0	0	0	0	0	0	0	0	0	0	0	6	0	0	0	0	0	0	0	1	0	0	0	0	0	1	0	0	0	0	0	0	0	0	0	0	3	0	0	0	0	0	0	0	0	0	0	0	0	0	0	0	0	0	0	0	0	0	0	0	21	0	0	0	0	0	0	0	0	0	0
0	0	0	0	0	0	0	0	0	0	0	0	0	0	0	0	0	0	0	0	0	0	0	0	0	0	0	0	0	0	0	0	0	0	0	0	0	0	0	0	0	0	0	0	0	0	0	0	0	0	0	0	0	0	0	0	0	0	0	0	0	0	0	0	0	0	0	0	0	0	0	0	0	0	0
0	0	0	0	0	0	0	0	0	0	0	0	0	0	0	0	0	0	0	0	0	0	0	0	0	0	0	0	0	0	0	0	0	0	0	0	0	0	0	0	0	0	0	0	0	0	0	0	0	0	0	0	0	0	0	0	0	0	0	0	0	0	0	0	0	0	0	0	0	0	0	0	0	0	0
0	0	0	0	0	2	0	33	0	0	0	2	0	0	0	8	0	0	5	0	4	0	0	0	0	0	4	0	6	10	0	0	1	0	0	210	0	0	0	0	116	0	9	74	0	6	1	0	1	1	0	0	3	1	1	0	0	2	0	139	0	0	0	59	0	7	9	3	0	0	0	9	2	0	0
0	6	4	2	1	115	1	70	0	0	158	1	4	5	0	14	89	662	45	3	754	140	0	1	1	0	0	342	8	5	882	0	2	302	0	41	3	0	0	116	0	0	103	10	0	41	1	1	25	0	14	0	90	43	37	0	14	0	73	367	0	291	8	0	16	2	59	55	0	0	1	143	0	0	0
0	0	0	0	0	0	0	0	0	2	0	0	0	0	0	0	0	0	0	0	0	0	0	0	0	0	2	0	0	0	0	0	1	0	0	110	0	0	0	0	0	0	0	2	0	0	0	0	0	0	0	0	0	0	0	0	0	0	0	4	0	0	0	50	2	0	0	0	0	0	0	0	9	0	0
0	2	233	334	1	58	162	1	0	0	721	0	1	0	0	785	25	17	1	206	51	0	0	0	0	0	1	22	1	199	0	0	350	268	0	17	0	0	0	9	103	0	0	8	0	53	0	0	225	0	2	0	0	1	0	102	9	12	0	4	0	0	11	1	1	1	679	3	0	0	743	23	2	0	0
0	0	0	0	6	2	0	54	0	0	0	0	1	0	0	0	0	7	8	0	4	0	0	0	0	0	1	0	2	30	0	0	0	4	0	335	0	0	0	74	10	2	8	0	0	1	1	0	2	3	0	0	5	0	58	0	0	0	0	154	0	1	0	40	0	5	5	1	0	0	1	20	0	0	0
0	0	0	0	0	0	0	0	0	0	0	0	0	46	0	0	0	0	0	0	0	0	0	0	0	2	0	0	0	0	0	0	0	0	0	0	0	0	0	0	0	0	0	0	0	0	0	0	0	0	0	0	0	0	0	0	0	0	0	0	0	0	0	0	0	0	0	0	0	0	0	0	0	0	0
0	0	0	166	0	0	0	0	0	1	164	6	0	5	0	578	430	0	0	160	0	0	0	1	0	0	32	0	0	171	0	0	78	8	0	0	0	0	0	6	41	0	53	1	0	0	0	0	1	0	0	0	0	0	1	5	0	375	1	0	0	0	0	0	5	0	0	0	0	0	0	0	1	0	0
0	0	0	0	0	0	0	0	0	0	0	0	0	0	0	0	0	1	0	0	1	0	0	0	0	0	0	1	0	0	1	0	0	1	0	1	0	0	0	1	1	0	0	1	0	0	0	0	0	0	0	0	1	0	0	0	0	0	0	1	0	1	0	0	0	0	0	0	0	0	0	0	0	0	0
0	0	2	0	0	0	0	35	0	0	0	0	0	0	0	0	0	0	0	0	0	0	0	0	0	0	0	0	5	2	0	0	0	4	0	2	0	0	0	0	1	0	0	0	0	0	0	0	0	0	0	0	0	2	0	0	0	0	0	0	0	0	0	0	0	0	0	0	0	0	0	0	0	0	0
0	4	0	173	2	0	52	2	0	0	129	0	2	1	0	0	0	0	2	0	0	2	0	0	0	0	0	0	7	0	6	0	1	14	0	5	0	0	0	1	25	0	225	2	0	1	0	0	0	0	0	0	108	3	0	0	55	0	0	4	0	1	0	1	0	2	121	3	0	0	70	5	0	5	0
0	0	0	0	0	0	0	4	0	0	0	0	0	0	0	0	0	0	0	0	0	0	0	0	0	0	24	0	0	0	0	0	0	0	0	3	0	0	0	1	0	0	0	3	0	0	0	0	0	0	0	0	0	0	0	0	0	0	0	0	0	0	0	0	0	0	0	0	0	0	0	0	0	0	0
0	0	0	0	0	0	0	2	0	0	0	0	0	0	0	0	0	4	0	0	4	0	0	0	0	0	0	0	0	0	0	0	0	0	0	5	0	0	0	0	14	0	2	0	0	0	0	0	0	0	0	0	0	0	0	0	0	0	0	0	0	0	0	0	0	0	0	0	0	0	2	2	0	0	0
0	0	0	0	0	0	0	0	0	0	0	0	0	0	0	0	0	0	0	0	0	0	0	1	0	0	0	0	0	0	0	0	0	0	0	0	0	0	0	0	0	0	0	0	0	0	0	0	0	0	0	0	0	0	0	0	0	4	0	0	0	0	0	0	0	0	0	0	0	0	0	0	0	0	0
0	36	0	226	0	1	10	35	0	0	0	0	0	0	0	0	0	0	0	0	0	0	0	4	3	0	0	0	40	2	21	0	0	0	0	0	0	0	0	3	90	0	0	5	0	0	1	0	108	0	0	0	0	133	0	0	1	0	0	13	0	0	0	0	0	0	1	0	0	0	0	0	0	0	0
0	62	0	2	0	0	0	4	0	0	1	0	0	0	0	0	0	51	11	0	1	212	0	0	0	0	0	10	19	3	5	0	0	18	0	0	0	0	0	1	43	0	1	0	0	0	0	2	3	0	0	0	133	0	1	0	46	0	163	3	0	0	1	0	0	4	0	0	0	0	0	0	0	0	0
0	4	3	0	3	0	0	188	0	0	0	0	0	0	0	0	2	84	187	0	0	0	0	0	0	0	1	15	8	0	0	0	4	66	0	1	0	0	0	1	37	0	0	58	0	1	0	0	0	0	0	0	0	1	0	0	0	0	4	0	0	1	0	2	0	25	95	2	0	0	3	294	3	0	0
0	0	0	0	0	0	0	1	0	0	0	3	0	0	0	126	108	0	0	108	0	0	0	22	0	0	0	0	0	129	0	0	27	0	0	0	0	0	0	0	0	0	102	0	0	5	0	0	0	0	0	0	0	0	0	0	0	426	0	0	2	0	107	0	0	0	0	1	0	0	0	0	0	0	0
0	18	2	2	0	0	0	0	0	0	1	0	0	0	0	0	0	15	0	0	2	1	0	0	0	0	0	0	11	0	0	0	0	8	0	0	0	0	0	0	14	0	9	0	0	0	0	0	55	0	0	0	1	46	0	0	0	0	0	0	0	0	0	0	0	0	0	0	0	0	0	0	0	0	0
0	0	0	0	0	0	0	0	0	0	0	596	0	1	0	465	0	2	1	109	0	0	0	12	0	0	0	0	0	172	0	0	291	0	0	0	0	0	0	2	0	0	12	0	0	375	0	0	0	0	0	4	0	0	0	426	0	0	0	2	0	56	0	0	0	1	6	0	0	0	4	0	1	0	0
0	96	0	30	0	0	0	16	0	0	0	0	1	0	0	0	0	11	1	0	0	0	0	0	0	0	0	16	12	0	1	0	0	18	0	0	0	0	0	0	73	0	0	0	0	1	0	0	0	0	0	0	0	163	4	0	0	0	0	1	0	0	0	0	0	0	0	0	0	0	0	2	0	0	0
0	0	2	2	3	2	0	83	0	0	2	1	0	8	0	0	0	10	10	0	32	1	0	1	0	0	0	0	5	28	15	0	7	0	0	73	0	0	0	139	367	4	4	154	0	0	1	0	4	0	0	0	13	3	0	0	0	2	1	0	0	0	0	101	1	7	7	11	0	0	1	12	0	0	0
0	0	0	0	0	0	0	0	0	0	0	2	0	0	0	0	0	0	0	0	0	0	0	0	0	0	0	0	0	0	0	0	0	0	0	0	0	0	0	0	0	0	0	0	0	0	0	0	0	0	0	0	0	0	0	2	0	0	0	0	0	0	0	0	0	0	0	0	0	0	0	0	0	0	0
0	0	2	0	0	1	0	2	0	1	0	0	0	1	0	0	0	24	0	4	56	0	0	0	0	0	2	24	2	3	1	0	0	6	0	0	0	0	0	0	291	0	0	1	0	0	1	0	1	0	0	0	0	0	1	0	0	56	0	0	0	0	0	0	3	0	0	0	0	0	5	0	34	0	0
0	0	0	0	0	0	0	0	0	0	0	0	0	0	0	154	0	0	0	212	0	0	0	1	0	0	2	0	0	25	0	0	0	6	0	0	0	0	0	0	8	0	11	0	0	0	0	0	0	0	0	0	0	1	0	107	0	0	0	0	0	0	0	0	9	0	0	0	0	0	1	0	0	0	0
0	0	0	0	6	0	0	0	0	1	0	0	0	0	0	0	0	0	0	0	0	0	0	0	0	0	30	0	0	11	0	0	0	0	0	210	0	0	0	59	0	50	1	40	0	0	0	0	1	0	0	0	0	0	2	0	0	0	0	101	0	0	0	0	0	0	0	0	0	0	0	0	44	0	0
0	0	0	0	0	0	0	0	0	1	0	0	1	1	0	0	1	0	0	1	0	0	0	0	0	0	0	0	0	0	0	0	8	0	0	1	21	0	0	0	16	2	1	0	0	5	0	0	0	0	0	0	0	0	0	0	0	0	0	1	0	3	9	0	0	0	0	32	0	0	3	0	0	0	0
0	0	0	0	0	0	0	312	0	0	0	0	0	0	0	0	0	2	0	0	0	0	0	0	7	0	0	0	24	0	0	0	0	0	0	0	0	0	0	7	2	0	1	5	0	0	0	0	2	0	0	0	0	4	25	0	0	1	0	7	0	0	0	0	0	0	0	0	0	0	0	0	0	0	0
0	12	17	194	0	3	17	10	0	0	24	0	0	0	0	221	0	3	0	0	2	0	0	0	0	0	0	4	0	166	0	0	0	88	0	3	0	0	0	9	59	0	679	5	0	0	0	0	121	0	0	0	1	0	95	0	0	6	0	7	0	0	0	0	0	0	0	0	0	0	172	12	0	0	0
0	0	0	0	0	0	0	0	0	2	0	0	0	2	0	3	0	5	0	1	0	0	0	0	0	0	32	0	0	12	0	0	0	2	0	1	0	0	0	3	55	0	3	1	0	0	0	0	3	0	0	0	0	0	2	1	0	0	0	11	0	0	0	0	32	0	0	0	0	0	10	0	10	0	0
0	0	0	0	0	0	0	0	0	0	0	0	0	0	0	0	0	0	0	0	0	0	0	0	0	0	0	0	0	0	0	0	0	0	0	0	0	0	0	0	0	0	0	0	0	0	0	0	0	0	0	0	0	0	0	0	0	0	0	0	0	0	0	0	0	0	0	0	0	0	0	0	0	0	0
0	0	0	0	0	0	0	0	0	0	0	0	0	0	0	0	0	0	0	0	0	0	0	0	0	0	0	0	0	0	0	0	0	0	0	0	0	0	0	0	0	0	0	0	0	0	0	0	0	0	0	0	0	0	0	0	0	0	0	0	0	0	0	0	0	0	0	0	0	0	0	0	0	0	0
0	0	173	8	0	0	5	0	1	1	88	0	0	0	0	177	0	11	0	0	29	0	0	0	0	0	1	0	1	2	0	0	12	142	0	2	0	0	0	0	1	0	743	1	0	0	0	0	70	0	2	0	0	0	3	0	0	4	0	1	0	5	1	0	3	0	172	10	0	0	0	0	11	0	0
0	0	0	0	0	0	0	79	0	0	0	0	0	1	0	2	0	2	1	0	12	0	0	0	9	0	0	2	13	34	2	0	0	14	0	120	0	0	0	9	143	0	23	20	0	0	0	0	5	0	2	0	0	0	294	0	0	0	2	12	0	0	0	0	0	0	12	0	0	0	0	0	0	0	0
0	0	0	0	0	0	0	0	0	0	0	3	0	0	0	0	0	0	0	10	2	0	0	0	0	0	0	0	0	4	0	0	25	0	0	0	0	0	0	2	0	9	2	0	0	1	0	0	0	0	0	0	0	0	3	0	0	1	0	0	0	34	0	44	0	0	0	10	0	0	11	0	0	0	0
0	0	0	0	0	0	0	0	0	0	0	0	0	0	0	0	0	0	0	0	0	0	0	0	0	0	0	0	0	0	0	0	0	0	0	0	0	0	0	0	0	0	0	0	0	0	0	0	5	0	0	0	0	0	0	0	0	0	0	0	0	0	0	0	0	0	0	0	0	0	0	0	0	0	0
0	0	0	0	0	0	0	0	0	0	0	0	0	0	0	0	0	0	0	0	0	0	0	0	0	0	0	0	0	0	0	0	0	0	0	0	0	0	0	0	0	0	0	0	0	0	0	0	0	0	0	0	0	0	0	0	0	0	0	0	0	0	0	0	0	0	0	0	0	0	0	0	0	0	0
