0	0	0	0	0	0	0	0	0	0	0	0	0	0	0	0	0	0	0	0	0	0	0	0	0	0	0	0	0	0	0	0	0	0	0	0	0	0	0	0	0	0	0	0	0	0	0	0	0	0	0	0	0	0	0	0	0	0	0	0	0	0	0	0	0	0	0	0	0	0	0	0	0	0	0
0	0	56	2	0	0	0	0	0	0	30	0	12	0	0	0	0	0	0	0	0	32	1	0	0	0	0	0	2	0	0	0	0	0	0	0	0	0	0	0	0	0	0	0	0	0	0	0	15	0	0	0	38	39	0	0	12	0	0	0	0	0	0	0	0	0	25	0	0	0	0	0	0	0	0
0	56	0	0	0	9	0	0	0	0	0	0	2	0	0	0	0	1	0	0	2	36	2	0	1	0	0	0	3	0	0	0	0	12	0	13	0	0	0	0	0	0	3	3	0	0	9	0	0	0	1	0	0	0	0	0	2	0	0	0	0	1	0	0	0	30	18	0	0	0	49	3	0	0	0
0	2	0	0	0	0	183	1	0	0	490	0	0	0	0	43	0	0	2	0	0	219	4	0	1	0	0	0	0	6	412	0	0	156	0	0	0	0	0	1	47	0	416	0	0	164	0	0	582	0	0	0	380	2	0	0	43	0	0	0	0	0	0	0	0	3	160	0	0	0	0	0	0	0	0
0	0	0	0	0	0	0	0	0	0	0	0	0	0	0	0	0	0	0	0	0	0	0	0	0	0	0	0	0	0	0	0	0	0	0	0	0	0	0	0	0	0	0	0	0	0	0	0	0	0	0	0	0	0	0	0	0	0	0	0	0	0	0	0	0	0	0	0	0	0	0	0	0	0	0
0	0	9	0	0	0	0	0	20	0	0	0	0	3	0	10	0	32	0	1	244	0	0	0	2	0	14	31	0	18	77	0	2	519	0	2	0	0	29	93	56	0	115	10	0	1	0	0	0	0	59	0	0	0	1	0	0	0	0	4	0	31	0	0	0	0	24	0	0	50	2	6	24	0	0
0	0	0	183	0	0	0	0	0	0	10	0	1	0	0	3	0	0	0	0	0	3	0	0	0	0	0	0	0	0	2	0	0	0	0	0	1	0	0	0	2	0	27	0	0	3	0	0	9	0	0	0	8	0	0	0	0	0	0	0	0	0	0	0	0	0	1	0	0	0	0	0	0	0	0
0	0	0	1	0	0	0	0	0	0	0	0	0	1	0	2	0	1	40	0	0	1	0	0	52	0	0	0	40	12	0	7	0	8	0	0	0	0	0	38	1	0	0	58	0	0	0	0	0	0	0	0	0	44	62	0	1	0	0	21	0	0	0	0	0	803	12	0	0	0	0	109	0	0	0
0	0	0	0	0	20	0	0	0	0	0	0	0	0	0	14	0	1	0	0	218	0	0	0	1	0	0	0	0	2	0	0	0	2	5	1	0	0	0	2	0	0	1	5	4	0	20	0	0	0	0	0	0	0	0	0	0	1	0	0	0	0	0	0	4	1	0	1	0	0	0	0	0	0	0
0	0	0	0	0	0	0	0	0	0	0	0	0	0	0	0	0	0	0	0	0	0	0	0	0	0	0	0	0	0	0	0	0	0	0	0	0	0	0	0	0	0	0	0	0	0	0	0	0	0	0	0	0	0	0	0	0	0	0	0	0	0	0	0	0	0	0	0	0	0	0	0	0	0	0
0	30	0	490	0	0	10	0	0	0	0	0	0	0	0	364	0	0	0	0	0	15	38	0	2	0	0	0	0	241	0	0	0	328	0	0	0	0	0	0	11	0	216	2	0	6	0	0	0	0	0	0	0	0	0	0	13	0	0	1	0	0	0	0	0	0	4	0	0	0	1	0	0	0	0
0	0	0	0	0	0	0	0	0	0	0	0	0	0	0	22	2	0	0	42	0	0	0	0	0	0	0	0	0	370	0	0	0	0	21	0	0	0	0	0	0	0	0	0	0	0	0	0	0	0	0	0	0	0	0	3	0	11	0	0	0	0	0	0	0	0	0	0	0	0	0	0	0	0	0
0	12	2	0	0	0	1	0	0	0	0	0	0	1	0	0	0	0	0	1	0	0	1	0	0	0	0	0	6	0	0	0	0	4	0	1	0	0	0	9	0	1	0	2	0	0	0	0	0	0	0	0	0	0	4	0	1	0	0	0	0	0	0	0	1	6	13	1	0	0	1	2	0	0	0
0	0	0	0	0	3	0	1	0	0	0	0	1	0	0	6	1	1	0	0	6	1	0	1	2	1	6	0	0	21	2	1	1	0	2	0	2	0	6	3	4	0	3	13	187	7	0	0	0	0	5	2	0	1	0	1	1	7	0	0	0	2	2	3	1	1	0	5	0	2	1	0	18	0	0
0	0	0	0	0	0	0	0	0	0	0	0	0	0	0	0	0	0	0	0	0	0	0	0	0	0	0	0	0	0	0	0	0	0	0	0	0	0	0	0	0	0	0	0	0	0	0	0	0	0	0	0	0	0	0	0	0	0	0	0	0	0	0	0	0	0	0	0	0	0	0	0	0	0	0
0	0	0	43	0	10	3	2	14	0	364	22	0	6	0	0	115	0	0	184	0	0	48	0	0	0	6	0	0	1306	1	0	275	223	0	0	4	0	1	27	19	7	436	1	0	324	0	0	13	0	1	0	0	0	0	333	0	412	0	1	0	1	317	0	0	1	151	2	0	0	99	1	2	0	0
0	0	0	0	0	0	0	0	0	0	0	2	0	1	0	115	0	1	1	3	0	0	0	27	0	0	128	0	0	227	0	0	17	0	21	0	14	0	0	0	12	5	1	1	1	0	0	0	0	0	0	1	0	0	0	37	0	40	0	0	0	0	9	1	13	0	0	34	0	0	0	0	9	0	0
0	0	1	0	0	32	0	1	1	0	0	0	0	1	0	0	1	0	0	2	17	43	2	0	10	2	29	9	46	0	17	0	0	20	0	2	0	0	4	14	60	0	0	32	0	2	29	0	0	0	0	0	0	1	14	0	1	0	0	5	0	4	0	0	0	52	4	1	0	1	0	12	1	0	0
0	0	0	2	0	0	0	40	0	0	0	0	0	0	0	0	1	0	0	0	0	4	0	0	64	0	0	0	64	0	1	0	0	2	0	0	0	0	0	3	0	0	1	2	0	0	0	0	0	0	0	0	0	0	3	0	1	0	0	11	0	0	0	0	0	581	0	3	0	0	0	6	0	0	0
0	0	0	0	0	1	0	0	0	0	0	42	1	0	0	184	3	2	0	0	1	0	0	1	0	0	0	0	0	495	0	0	46	70	3	0	2	0	0	3	1	0	128	0	1	114	0	0	0	0	0	10	0	0	0	34	0	1	0	0	0	1	16	2	0	0	1	2	0	0	0	0	2	0	0
0	0	2	0	0	244	0	0	218	0	0	0	0	6	0	0	0	17	0	1	0	0	12	0	5	0	0	102	0	0	215	6	2	446	4	255	0	0	38	18	346	0	69	0	0	18	66	0	0	0	172	0	0	0	1	0	0	0	0	3	0	20	0	0	3	0	1	0	0	4	55	111	6	0	0
0	32	36	219	0	0	3	1	0	0	15	0	0	1	0	0	0	43	4	0	0	0	0	0	34	0	0	41	403	0	105	0	0	211	1	0	0	0	1	2	43	0	3	0	1	0	0	0	69	0	13	0	128	155	3	0	173	0	0	0	0	0	0	0	0	100	2	0	0	0	1	19	0	0	0
0	1	2	4	0	0	0	0	0	0	38	0	1	0	0	48	0	2	0	0	12	0	0	0	0	0	0	3	0	51	0	1	17	47	0	2	0	0	0	0	0	0	6	0	0	0	0	0	0	0	2	0	0	0	0	0	0	0	0	0	0	0	0	0	0	0	3	0	0	0	52	0	0	0	0
0	0	0	0	0	0	0	0	0	0	0	0	0	1	0	0	27	0	0	1	0	0	0	0	0	0	0	0	0	15	0	0	2	0	19	0	0	0	0	0	1	0	1	0	0	0	0	0	0	0	0	6	0	0	0	27	0	8	0	0	0	0	27	0	0	0	0	1	0	0	0	0	0	0	0
0	0	1	1	0	2	0	52	1	0	2	0	0	2	0	0	0	10	64	0	5	34	0	0	0	0	0	6	0	0	12	0	0	2	2	3	0	0	41	3	7	0	4	0	0	0	0	0	2	0	0	0	9	22	7	0	1	0	0	1	0	0	0	0	1	60	6	0	0	4	2	5	4	0	0
0	0	0	0	0	0	0	0	0	0	0	0	0	1	0	0	0	2	0	0	0	0	0	0	0	0	0	0	0	0	0	0	0	0	0	0	0	0	0	0	0	0	0	0	0	0	0	0	0	0	0	0	0	0	0	0	0	0	0	0	0	0	0	0	0	0	0	0	0	0	0	0	0	0	0
0	0	0	0	0	14	0	0	0	0	0	0	0	6	0	6	128	29	0	0	0	0	0	0	0	0	0	0	0	1	0	0	6	0	2	31	478	0	0	0	2	381	14	0	0	4	0	0	0	2	0	0	0	0	0	2	0	0	0	34	0	4	4	654	262	3	0	418	0	0	0	2	124	0	0
0	0	0	0	0	31	0	0	0	0	0	0	0	0	0	0	0	9	0	0	102	41	3	0	6	0	0	0	44	0	19	0	0	50	1	0	0	0	0	2	95	0	1	6	0	0	31	0	0	0	0	0	0	0	6	0	0	5	0	0	0	0	0	0	0	3	5	0	0	0	0	4	0	0	0
0	2	3	0	0	0	0	40	0	0	0	0	6	0	0	0	0	46	64	0	0	403	0	0	0	0	0	44	0	0	21	0	0	0	0	0	0	0	45	0	0	0	0	0	0	0	0	0	44	0	0	0	232	222	0	0	0	0	0	0	0	1	0	0	0	35	0	0	0	0	0	0	0	0	0
0	0	0	6	0	18	0	12	2	0	241	370	0	21	0	1306	227	0	0	495	0	0	51	15	0	0	1	0	0	0	0	0	583	441	149	27	5	0	29	19	0	0	499	31	0	829	0	0	1	1	0	0	0	0	0	895	0	481	0	0	0	4	709	2	0	0	98	2	0	6	3	0	11	0	0
0	0	0	412	0	77	2	0	0	0	0	0	0	2	0	1	0	17	1	0	215	105	0	0	12	0	0	19	21	0	0	0	0	2	0	0	0	0	0	101	130	0	8	0	3	2	66	0	0	0	0	0	2	1	0	0	0	0	0	2	0	0	0	0	0	1	0	0	0	1	0	2	2	0	0
0	0	0	0	0	0	0	7	0	0	0	0	0	1	0	0	0	0	0	0	6	0	1	0	0	0	0	0	0	0	0	0	0	0	1	85	0	0	0	29	0	40	0	203	0	0	0	0	0	0	0	0	0	0	9	0	0	0	0	1	0	0	0	0	0	92	0	0	0	0	1	0	0	0	0
0	0	0	0	0	2	0	0	0	0	0	0	0	1	0	275	17	0	0	46	2	0	17	2	0	0	6	0	0	583	0	0	0	0	8	4	0	0	0	2	0	2	105	1	3	2	2	0	0	0	0	0	0	0	0	4	0	11	0	0	0	0	0	0	14	3	0	18	0	0	0	0	1	0	0
0	0	12	156	0	519	0	8	2	0	328	0	4	0	0	223	0	20	2	70	446	211	47	0	2	0	0	50	0	441	2	0	0	0	0	2	0	0	6	43	48	0	383	9	0	32	59	0	14	0	10	0	4	18	1	0	1	0	0	0	0	4	4	0	0	56	234	0	0	38	299	2	14	0	0
0	0	0	0	0	0	0	0	5	0	0	21	0	2	0	0	21	0	0	3	4	1	0	19	2	0	2	1	0	149	0	1	8	0	0	0	0	0	1	0	0	2	0	0	3	2	0	0	0	0	1	0	0	0	2	27	0	14	0	0	0	1	6	0	4	1	0	1	0	0	0	0	3	0	0
0	0	13	0	0	2	0	0	1	0	0	0	1	0	0	0	0	2	0	0	255	0	2	0	3	0	31	0	0	27	0	85	4	2	0	0	2	0	31	254	0	537	5	407	7	0	0	0	4	0	118	0	0	0	23	0	0	0	0	57	0	1	0	170	4	4	2	22	0	6	3	17	55	0	0
0	0	0	0	0	0	1	0	0	0	0	0	0	2	0	4	14	0	0	2	0	0	0	0	0	0	478	0	0	5	0	0	0	0	0	2	0	0	0	6	1	0	1	9	12	2	0	0	0	0	0	0	0	0	0	0	0	2	0	2	0	0	0	0	44	1	0	255	0	0	0	0	1	0	0
0	0	0	0	0	0	0	0	0	0	0	0	0	0	0	0	0	0	0	0	0	0	0	0	0	0	0	0	0	0	0	0	0	0	0	0	0	0	0	0	0	0	0	0	0	0	0	0	0	0	0	0	0	0	0	0	0	0	0	0	0	0	0	0	0	0	0	0	0	0	0	0	0	0	0
0	0	0	0	0	29	0	0	0	0	0	0	0	6	0	1	0	4	0	0	38	1	0	0	41	0	0	0	45	29	0	0	0	6	1	31	0	0	0	59	0	0	0	151	1	0	29	0	0	0	0	0	0	0	2	0	1	0	0	14	0	0	0	0	0	441	0	0	0	0	0	0	0	0	0
0	0	0	1	0	93	0	38	2	0	0	0	9	3	0	27	0	14	3	3	18	2	0	0	3	0	0	2	0	19	101	29	2	43	0	254	6	0	59	0	104	56	21	257	2	22	0	0	0	0	77	0	0	0	1	0	0	7	0	262	0	3	0	54	4	57	1	2	0	0	13	93	32	0	0
0	0	0	47	0	56	2	1	0	0	11	0	0	4	0	19	12	60	0	1	346	43	0	1	7	0	2	95	0	0	130	0	0	48	0	0	1	0	0	104	0	15	12	10	4	78	56	0	0	0	0	0	0	2	3	0	0	4	0	51	0	86	0	0	0	9	1	3	0	0	0	3	0	0	0
0	0	0	0	0	0	0	0	0	0	0	0	1	0	0	7	5	0	0	0	0	0	0	0	0	0	381	0	0	0	0	40	2	0	2	537	0	0	0	56	15	0	1	154	0	0	0	0	0	2	0	0	0	0	0	0	0	0	0	33	0	0	0	375	4	0	0	13	0	0	0	0	8	0	0
0	0	3	416	0	115	27	0	1	0	216	0	0	3	0	436	1	0	1	128	69	3	6	1	4	0	14	1	0	499	8	0	105	383	0	5	1	0	0	21	12	1	0	37	0	48	21	0	64	0	0	0	0	0	8	18	2	4	0	1	0	2	8	2	0	6	211	35	0	0	126	3	8	0	0
0	0	3	0	0	10	0	58	5	0	2	0	2	13	0	1	1	32	2	0	0	0	0	0	0	0	0	6	0	31	0	203	1	9	0	407	9	0	151	257	10	154	37	0	0	0	1	0	4	0	61	2	0	0	27	12	0	14	0	189	0	1	0	68	4	143	10	1	0	1	22	127	66	0	0
0	0	0	0	0	0	0	0	4	0	0	0	0	187	0	0	1	0	0	1	0	1	0	0	0	0	0	0	0	0	3	0	3	0	3	7	12	0	1	2	4	0	0	0	0	15	0	0	0	0	0	1	0	1	0	4	0	4	0	0	0	2	1	2	9	2	0	52	0	0	1	0	0	0	0
0	0	0	164	0	1	3	0	0	0	6	0	0	7	0	324	0	2	0	114	18	0	0	0	0	0	4	0	0	829	2	0	2	32	2	0	2	0	0	22	78	0	48	0	15	0	1	0	0	0	0	16	0	0	0	6	1	20	0	1	0	0	8	0	4	0	0	84	0	0	0	0	0	0	0
0	0	9	0	0	0	0	0	20	0	0	0	0	0	0	0	0	29	0	0	66	0	0	0	0	0	0	31	0	0	66	0	2	59	0	0	0	0	29	0	56	0	21	1	0	1	0	0	0	0	59	0	0	0	0	0	0	0	0	0	0	31	0	0	0	0	21	0	0	50	0	3	24	0	0
0	0	0	0	0	0	0	0	0	0	0	0	0	0	0	0	0	0	0	0	0	0	0	0	0	0	0	0	0	0	0	0	0	0	0	0	0	0	0	0	0	0	0	0	0	0	0	0	0	0	0	0	0	0	0	0	0	0	0	0	0	0	0	0	0	0	0	0	0	0	0	0	0	0	0
0	15	0	582	0	0	9	0	0	0	0	0	0	0	0	13	0	0	0	0	0	69	0	0	2	0	0	0	44	1	0	0	0	14	0	4	0	0	0	0	0	0	64	4	0	0	0	0	0	0	0	0	0	0	0	0	20	0	0	0	0	0	0	0	0	3	2	0	0	0	1	0	0	0	0
0	0	0	0	0	0	0	0	0	0	0	0	0	0	0	0	0	0	0	0	0	0	0	0	0	0	2	0	0	1	0	0	0	0	0	0	0	0	0	0	0	2	0	0	0	0	0	0	0	0	0	0	0	0	0	0	0	0	0	0	0	0	0	0	0	0	0	0	0	0	0	0	0	0	0
0	0	1	0	0	59	0	0	0	0	0	0	0	5	0	1	0	0	0	0	172	13	2	0	0	0	0	0	0	0	0	0	0	10	1	118	0	0	0	77	0	0	0	61	0	0	59	0	0	0	0	0	0	0	5	0	0	0	0	0	0	0	0	0	0	3	3	0	0	0	2	43	0	0	0
0	0	0	0	0	0	0	0	0	0	0	0	0	2	0	0	1	0	0	10	0	0	0	6	0	0	0	0	0	0	0	0	0	0	0	0	0	0	0	0	0	0	0	2	1	16	0	0	0	0	0	0	0	0	0	1	0	8	0	0	0	0	0	0	0	0	0	0	0	0	0	0	0	0	0
0	38	0	380	0	0	8	0	0	0	0	0	0	0	0	0	0	0	0	0	0	128	0	0	9	0	0	0	232	0	2	0	0	4	0	0	0	0	0	0	0	0	0	0	0	0	0	0	0	0	0	0	0	0	1	0	49	0	0	1	0	0	0	0	0	19	5	0	0	0	0	0	0	0	0
0	39	0	2	0	0	0	44	0	0	0	0	0	1	0	0	0	1	0	0	0	155	0	0	22	0	0	0	222	0	1	0	0	18	0	0	0	0	0	0	2	0	0	0	1	0	0	0	0	0	0	0	0	0	7	0	55	0	0	0	0	0	0	0	0	9	1	0	0	0	0	0	0	0	0
0	0	0	0	0	1	0	62	0	0	0	0	4	0	0	0	0	14	3	0	1	3	0	0	7	0	0	6	0	0	0	9	0	1	2	23	0	0	2	1	3	0	8	27	0	0	0	0	0	0	5	0	1	7	0	0	0	0	0	18	0	5	0	0	0	174	4	0	0	0	0	113	0	0	0
0	0	0	0	0	0	0	0	0	0	0	3	0	1	0	333	37	0	0	34	0	0	0	27	0	0	2	0	0	895	0	0	4	0	27	0	0	0	0	0	0	0	18	12	4	6	0	0	0	0	0	1	0	0	0	0	0	78	0	3	0	0	31	0	2	1	0	9	0	0	0	0	0	0	0
0	12	2	43	0	0	0	1	0	0	13	0	1	1	0	0	0	1	1	0	0	173	0	0	1	0	0	0	0	0	0	0	0	1	0	0	0	0	1	0	0	0	2	0	0	1	0	0	20	0	0	0	49	55	0	0	0	1	0	0	0	0	0	0	0	5	78	0	0	0	26	0	0	0	0
0	0	0	0	0	0	0	0	1	0	0	11	0	7	0	412	40	0	0	1	0	0	0	8	0	0	0	5	0	481	0	0	11	0	14	0	2	0	0	7	4	0	4	14	4	20	0	0	0	0	0	8	0	0	0	78	1	0	0	0	0	0	8	0	8	5	0	10	0	0	0	0	2	0	0
0	0	0	0	0	0	0	0	0	0	0	0	0	0	0	0	0	0	0	0	0	0	0	0	0	0	0	0	0	0	0	0	0	0	0	0	0	0	0	0	0	0	0	0	0	0	0	0	0	0	0	0	0	0	0	0	0	0	0	0	0	0	0	0	0	0	0	0	0	0	0	0	0	0	0
0	0	0	0	0	4	0	21	0	0	1	0	0	0	0	1	0	5	11	0	3	0	0	0	1	0	34	0	0	0	2	1	0	0	0	57	2	0	14	262	51	33	1	189	0	1	0	0	0	0	0	0	1	0	18	3	0	0	0	0	0	0	0	47	1	256	1	0	0	0	0	2	1	0	0
0	0	0	0	0	0	0	0	0	0	0	0	0	0	0	0	0	0	0	0	0	0	0	0	0	0	0	0	0	0	0	0	0	0	0	0	0	0	0	0	0	0	0	0	0	0	0	0	0	0	0	0	0	0	0	0	0	0	0	0	0	0	0	0	0	0	0	0	0	0	0	0	0	0	0
0	0	1	0	0	31	0	0	0	0	0	0	0	2	0	1	0	4	0	1	20	0	0	0	0	0	4	0	1	4	0	0	0	4	1	1	0	0	0	3	86	0	2	1	2	0	31	0	0	0	0	0	0	0	5	0	0	0	0	0	0	0	0	0	10	1	0	47	0	0	0	16	0	0	0
0	0	0	0	0	0	0	0	0	0	0	0	0	2	0	317	9	0	0	16	0	0	0	27	0	0	4	0	0	709	0	0	0	4	6	0	0	0	0	0	0	0	8	0	1	8	0	0	0	0	0	0	0	0	0	31	0	8	0	0	0	0	0	0	0	0	0	4	0	0	0	0	1	0	0
0	0	0	0	0	0	0	0	0	0	0	0	0	3	0	0	1	0	0	2	0	0	0	0	0	0	654	0	0	2	0	0	0	0	0	170	0	0	0	54	0	375	2	68	2	0	0	0	0	0	0	0	0	0	0	0	0	0	0	47	0	0	0	0	0	1	0	139	0	0	0	0	1	0	0
0	0	0	0	0	0	0	0	4	0	0	0	1	1	0	0	13	0	0	0	3	0	0	0	1	0	262	0	0	0	0	0	14	0	4	4	44	0	0	4	0	4	0	4	9	4	0	0	0	0	0	0	0	0	0	2	0	8	0	1	0	10	0	0	0	0	0	276	0	0	0	0	4	0	0
0	0	30	3	0	0	0	803	1	0	0	0	6	1	0	1	0	52	581	0	0	100	0	0	60	0	3	3	35	0	1	92	3	56	1	4	1	0	441	57	9	0	6	143	2	0	0	0	3	0	3	0	19	9	174	1	5	5	0	256	0	1	0	1	0	0	84	1	0	0	5	196	1	0	0
0	25	18	160	0	24	1	12	0	0	4	0	13	0	0	151	0	4	0	1	1	2	3	0	6	0	0	5	0	98	0	0	0	234	0	2	0	0	0	1	1	0	211	10	0	0	21	0	2	0	3	0	5	1	4	0	78	0	0	1	0	0	0	0	0	84	0	1	0	0	10	8	1	0	0
0	0	0	0	0	0	0	0	1	0	0	0	1	5	0	2	34	1	3	2	0	0	0	1	0	0	418	0	0	2	0	0	18	0	1	22	255	0	0	2	3	13	35	1	52	84	0	0	0	0	0	0	0	0	0	9	0	10	0	0	0	47	4	139	276	1	1	0	0	0	0	0	22	0	0
0	0	0	0	0	0	0	0	0	0	0	0	0	0	0	0	0	0	0	0	0	0	0	0	0	0	0	0	0	0	0	0	0	0	0	0	0	0	0	0	0	0	0	0	0	0	0	0	0	0	0	0	0	0	0	0	0	0	0	0	0	0	0	0	0	0	0	0	0	0	0	0	0	0	0
0	0	0	0	0	50	0	0	0	0	0	0	0	2	0	0	0	1	0	0	4	0	0	0	4	0	0	0	0	6	1	0	0	38	0	6	0	0	0	0	0	0	0	1	0	0	50	0	0	0	0	0	0	0	0	0	0	0	0	0	0	0	0	0	0	0	0	0	0	0	0	0	0	0	0
0	0	49	0	0	2	0	0	0	0	1	0	1	1	0	99	0	0	0	0	55	1	52	0	2	0	0	0	0	3	0	1	0	299	0	3	0	0	0	13	0	0	126	22	1	0	0	0	1	0	2	0	0	0	0	0	26	0	0	0	0	0	0	0	0	5	10	0	0	0	0	15	0	0	0
0	0	3	0	0	6	0	109	0	0	0	0	2	0	0	1	0	12	6	0	111	19	0	0	5	0	2	4	0	0	2	0	0	2	0	17	0	0	0	93	3	0	3	127	0	0	3	0	0	0	43	0	0	0	113	0	0	0	0	2	0	16	0	0	0	196	8	0	0	0	15	0	0	0	0
0	0	0	0	0	24	0	0	0	0	0	0	0	18	0	2	9	1	0	2	6	0	0	0	4	0	124	0	0	11	2	0	1	14	3	55	1	0	0	32	0	8	8	66	0	0	24	0	0	0	0	0	0	0	0	0	0	2	0	1	0	0	1	1	4	1	1	22	0	0	0	0	0	0	0
0	0	0	0	0	0	0	0	0	0	0	0	0	0	0	0	0	0	0	0	0	0	0	0	0	0	0	0	0	0	0	0	0	0	0	0	0	0	0	0	0	0	0	0	0	0	0	0	0	0	0	0	0	0	0	0	0	0	0	0	0	0	0	0	0	0	0	0	0	0	0	0	0	0	0
0	0	0	0	0	0	0	0	0	0	0	0	0	0	0	0	0	0	0	0	0	0	0	0	0	0	0	0	0	0	0	0	0	0	0	0	0	0	0	0	0	0	0	0	0	0	0	0	0	0	0	0	0	0	0	0	0	0	0	0	0	0	0	0	0	0	0	0	0	0	0	0	0	0	0
