0	0	0	0	0	0	0	0	0	0	0	0	0	0	0	0	0	0	0	0	0	0	0	0	0	0	0	0	0	0	0	0	0	0	0	0	0	0	0	0	0	0	0	0	0	0	0	0	0	0	0	0	0	0	0	0	0	0	0	0	0	0	0	0	0	0	0	0	0	0	0	0	0	0	0
0	0	58	2	0	0	0	0	0	0	30	0	12	0	0	0	0	0	0	0	0	125	2	0	0	0	0	0	2	0	0	0	0	0	0	0	0	0	0	0	0	0	0	0	0	0	0	0	15	0	0	0	40	39	0	0	14	0	0	0	0	0	0	0	0	0	25	0	0	0	0	0	0	0	0
0	58	0	0	0	9	0	0	0	0	0	0	3	0	0	3	0	7	0	0	2	4	14	0	1	0	0	0	3	18	0	1	0	8	0	11	0	0	0	0	0	0	112	2	0	0	9	0	0	0	2	0	0	0	0	0	2	0	0	0	0	1	0	0	0	30	4	0	0	0	54	5	0	0	0
0	2	0	0	0	0	195	0	0	0	364	0	0	0	0	28	0	0	2	0	0	100	2	0	1	0	0	0	0	2	326	0	0	122	0	0	0	0	0	1	49	0	371	0	0	82	0	0	360	0	0	0	290	2	0	0	1	0	0	0	0	0	0	0	0	3	16	0	0	0	0	0	0	0	0
0	0	0	0	0	103	0	3	0	0	0	0	14	0	0	0	0	0	0	70	0	0	0	0	0	0	0	0	0	0	0	261	0	54	0	0	0	0	169	0	0	0	6	317	0	0	0	0	0	135	29	0	3	0	0	0	0	6	0	0	0	1	1	296	0	0	8	0	0	0	7	0	1	0	0
0	0	9	0	103	0	0	0	20	0	0	0	0	2	0	5	0	31	0	9	84	3	0	0	2	0	0	31	0	17	86	0	2	500	0	2	0	0	29	5	55	0	169	4	0	0	0	0	0	9	57	0	0	0	0	0	0	0	0	4	0	31	0	0	0	0	20	0	0	50	2	2	24	0	0
0	0	0	195	0	0	0	0	0	0	10	0	1	0	0	2	0	0	0	0	0	14	0	0	0	0	0	0	0	0	3	0	0	0	0	0	1	0	0	0	3	0	26	0	0	2	0	0	8	0	0	0	8	0	0	0	0	0	0	0	0	0	0	0	0	0	0	0	0	0	0	0	0	0	0
0	0	0	0	3	0	0	0	0	0	0	0	0	1	0	1	0	7	3	0	0	1	0	0	79	0	0	0	45	12	0	0	0	6	0	0	0	0	2	24	0	0	1	30	0	0	0	0	0	0	0	0	0	0	27	0	1	0	0	18	0	0	0	0	0	745	0	0	0	0	0	113	0	0	0
0	0	0	0	0	20	0	0	0	0	0	0	0	0	0	14	0	1	0	1	168	0	0	0	1	0	0	0	0	1	0	0	0	2	3	1	0	0	0	2	0	0	0	5	4	0	20	0	0	1	0	0	0	0	0	0	0	1	0	0	0	0	0	0	8	1	0	1	0	0	0	0	0	0	0
0	0	0	0	0	0	0	0	0	0	0	0	0	0	0	0	0	0	0	0	0	0	0	0	0	0	0	0	0	0	0	0	0	0	0	0	0	0	0	0	0	0	0	0	0	0	0	0	0	0	0	0	0	0	0	0	0	0	0	0	0	0	0	0	0	0	0	0	0	0	0	0	0	0	0
0	30	0	364	0	0	10	0	0	0	0	0	0	0	0	338	0	2	0	0	0	6	38	0	2	0	0	0	1	264	0	0	0	322	0	0	0	0	0	0	13	0	275	2	0	6	0	0	0	0	0	0	0	0	0	0	13	0	0	1	0	0	0	0	0	0	0	0	0	0	1	0	0	0	0
0	0	0	0	0	0	0	0	0	0	0	0	0	0	0	20	2	0	0	41	0	0	0	0	0	0	0	0	0	305	0	0	0	0	16	0	0	0	0	0	0	0	0	0	0	0	0	0	0	0	0	0	0	0	0	4	0	12	0	0	0	0	0	0	0	0	0	0	0	0	0	0	0	0	0
0	12	3	0	14	0	1	0	0	0	0	0	0	1	0	0	0	1	0	5	50	0	1	0	0	0	0	0	6	0	0	0	0	2	1	0	0	0	0	0	8	1	1	4	0	0	0	0	0	5	0	0	0	0	0	3	1	0	0	0	0	0	0	0	1	1	0	1	0	0	1	0	0	0	0
0	0	0	0	0	2	0	1	0	0	0	0	1	0	0	4	1	1	0	0	7	1	0	1	2	1	0	0	0	8	2	1	1	0	2	0	4	0	6	3	3	0	9	13	443	7	0	0	0	0	5	2	0	1	0	1	1	9	0	0	0	4	3	3	2	1	0	5	0	2	2	0	18	0	0
0	0	0	0	0	0	0	0	0	0	0	0	0	0	0	0	0	0	0	0	0	0	0	0	0	0	0	0	0	0	0	0	0	0	0	0	0	0	0	0	0	0	0	0	0	0	0	0	0	0	0	0	0	0	0	0	0	0	0	0	0	0	0	0	0	0	0	0	0	0	0	0	0	0	0
0	0	3	28	0	5	2	1	14	0	338	20	0	4	0	0	115	0	0	151	0	0	49	0	0	0	0	0	0	1494	1	0	240	158	1	0	3	0	1	26	27	7	516	1	2	240	0	0	4	0	0	0	0	0	0	303	0	462	0	0	0	2	252	0	1	1	94	0	0	0	89	0	2	0	0
0	0	0	0	0	0	0	0	0	0	0	2	0	1	0	115	0	0	1	5	0	0	0	13	0	0	0	0	0	272	0	0	17	0	24	0	15	0	0	0	2	1	1	0	1	1	0	0	0	1	0	1	0	0	0	37	0	26	0	0	0	0	8	1	11	0	0	34	0	0	0	0	9	0	0
0	0	7	0	0	31	0	7	1	0	2	0	1	1	0	0	0	0	1	0	12	82	3	0	10	0	0	92	49	0	68	0	0	50	0	1	0	0	71	3	79	0	19	13	0	2	29	0	0	0	4	0	1	0	12	0	2	0	0	4	0	29	0	0	0	65	1	0	0	1	1	12	1	0	0
0	0	0	2	0	0	0	3	0	0	0	0	0	0	0	0	1	1	0	0	0	3	0	0	89	0	0	0	67	0	3	0	0	4	0	0	0	0	0	3	0	1	1	10	0	0	0	0	0	0	0	0	0	0	2	0	1	0	0	8	0	0	0	0	0	598	0	3	0	0	0	6	0	0	0
0	0	0	0	70	9	0	0	1	0	0	41	5	0	0	151	5	0	0	0	2	0	0	1	0	0	0	0	0	495	0	3	47	58	3	0	5	0	0	0	1	0	172	9	16	111	0	0	0	0	4	10	0	0	0	35	0	1	0	0	0	2	14	78	1	0	0	0	0	0	1	0	25	0	0
0	0	2	0	0	84	0	0	168	0	0	0	50	7	0	0	0	12	0	2	0	1	12	0	7	0	0	122	3	0	185	0	4	432	4	125	0	0	38	2	292	0	18	0	0	0	64	0	0	1	94	0	0	0	0	0	0	0	0	3	0	16	0	0	5	0	0	0	0	4	9	4	6	0	0
0	125	4	100	0	3	14	1	0	0	6	0	0	1	0	0	0	82	3	0	1	0	0	0	36	0	0	33	275	0	98	0	0	148	1	0	0	0	3	0	9	0	5	0	1	0	0	0	27	0	13	0	120	72	1	0	172	0	0	0	0	1	0	0	0	102	0	0	0	0	1	3	0	0	0
0	2	14	2	0	0	0	0	0	0	38	0	1	0	0	49	0	3	0	0	12	0	0	0	0	0	0	5	0	50	0	10	17	48	0	1	0	0	1	0	0	0	6	0	0	0	0	0	0	0	8	0	0	0	0	0	0	0	0	0	0	1	0	0	0	0	5	0	0	0	52	8	0	0	0
0	0	0	0	0	0	0	0	0	0	0	0	0	1	0	0	13	0	0	1	0	0	0	0	0	0	0	0	0	5	0	0	1	0	5	0	0	0	0	0	1	0	1	0	0	1	0	0	0	1	0	0	0	0	0	9	0	8	0	0	0	0	6	0	0	0	0	1	0	0	0	0	0	0	0
0	0	1	1	0	2	0	79	1	0	2	0	0	2	0	0	0	10	89	0	7	36	0	0	0	0	0	5	1	0	10	0	0	2	2	2	0	0	67	3	5	0	5	0	0	0	0	0	2	0	0	0	12	21	7	0	1	0	0	1	0	0	0	0	1	78	5	0	0	9	2	13	4	0	0
0	0	0	0	0	0	0	0	0	0	0	0	0	1	0	0	0	0	0	0	0	0	0	0	0	0	0	0	0	0	0	0	0	0	0	0	0	0	0	0	0	0	0	0	0	0	0	0	0	0	0	0	0	0	0	0	0	0	0	0	0	0	0	0	0	0	0	0	0	0	0	0	0	0	0
0	0	0	0	0	0	0	0	0	0	0	0	0	0	0	0	0	0	0	0	0	0	0	0	0	0	0	0	0	0	0	0	0	0	0	0	0	0	0	0	0	0	0	0	0	0	0	0	0	0	0	0	0	0	0	0	0	0	0	0	0	0	0	0	0	0	0	0	0	0	0	0	0	0	0
0	0	0	0	0	31	0	0	0	0	0	0	0	0	0	0	0	92	0	0	122	33	5	0	5	0	0	0	48	0	24	0	0	44	1	0	0	0	0	2	106	0	3	2	0	0	31	0	0	0	0	0	0	0	2	1	0	0	0	0	0	0	0	0	0	6	0	0	0	0	0	4	0	0	0
0	2	3	0	0	0	0	45	0	0	1	0	6	0	0	0	0	49	67	0	3	275	0	0	1	0	0	48	0	0	23	1	0	4	0	0	0	0	52	0	1	0	1	1	0	0	0	0	44	0	0	0	123	101	0	0	0	0	0	0	0	1	0	0	0	41	1	0	0	1	0	0	0	0	0
0	0	18	2	0	17	0	12	1	0	264	305	0	8	0	1494	272	0	0	495	0	0	50	5	0	0	0	0	0	0	0	0	778	388	156	27	4	0	29	19	0	0	729	30	0	777	0	0	1	0	0	0	0	0	0	1060	0	760	0	0	0	5	561	1	0	0	86	0	0	6	3	0	11	0	0
0	0	0	326	0	86	3	0	0	0	0	0	0	2	0	1	0	68	3	0	185	98	0	0	10	0	0	24	23	0	0	0	0	8	0	0	0	0	0	9	150	0	5	0	3	9	63	0	1	0	0	0	5	1	0	0	0	0	0	2	0	0	0	0	1	2	0	0	0	1	1	2	2	0	0
0	0	1	0	261	0	0	0	0	0	0	0	0	1	0	0	0	0	0	3	0	0	10	0	0	0	0	0	1	0	0	0	0	0	1	13	0	0	0	0	0	0	0	111	0	0	0	0	0	3	0	0	0	0	0	0	0	0	0	0	0	0	0	0	1	123	0	0	0	0	1	5	0	0	0
0	0	0	0	0	2	0	0	0	0	0	0	0	1	0	240	17	0	0	47	4	0	17	1	0	0	0	0	0	778	0	0	0	0	9	3	0	0	0	1	0	1	149	1	3	2	2	0	0	1	0	0	0	0	0	5	0	9	0	0	0	0	0	0	8	3	0	18	0	0	0	0	1	0	0
0	0	8	122	54	500	0	6	2	0	322	0	2	0	0	158	0	50	4	58	432	148	48	0	2	0	0	44	4	388	8	0	0	0	0	2	0	0	10	0	64	0	389	23	0	32	56	0	14	2	12	0	2	10	1	0	1	0	0	0	0	2	4	0	1	106	214	0	0	38	297	1	14	0	0
0	0	0	0	0	0	0	0	3	0	0	16	1	2	0	1	24	0	0	3	4	1	0	5	2	0	0	1	0	156	0	1	9	0	0	0	0	0	1	0	0	1	0	0	3	1	0	0	0	0	1	0	0	0	2	31	0	17	0	0	0	0	3	0	2	1	0	1	0	0	0	0	2	0	0
0	0	11	0	0	2	0	0	1	0	0	0	0	0	0	0	0	1	0	0	125	0	1	0	2	0	0	0	0	27	0	13	3	2	0	0	2	0	31	186	0	195	4	206	7	0	0	0	4	0	77	0	0	0	2	0	0	0	0	55	0	1	0	103	4	4	2	22	0	6	3	7	55	0	0
0	0	0	0	0	0	1	0	0	0	0	0	0	4	0	3	15	0	0	5	0	0	0	0	0	0	0	0	0	4	0	0	0	0	0	2	0	0	0	5	0	0	3	5	13	2	0	0	0	5	0	0	0	0	0	0	0	1	0	2	0	0	0	0	27	1	0	255	0	0	0	0	1	0	0
0	0	0	0	0	0	0	0	0	0	0	0	0	0	0	0	0	0	0	0	0	0	0	0	0	0	0	0	0	0	0	0	0	0	0	0	0	0	0	0	0	0	0	0	0	0	0	0	0	0	0	0	0	0	0	0	0	0	0	0	0	0	0	0	0	0	0	0	0	0	0	0	0	0	0
0	0	0	0	169	29	0	2	0	0	0	0	0	6	0	1	0	71	0	0	38	3	1	0	67	0	0	0	52	29	0	0	0	10	1	31	0	0	0	59	2	0	3	172	1	0	29	0	0	0	0	0	0	0	4	0	1	0	0	14	0	0	0	0	1	612	0	0	0	0	1	2	0	0	0
0	0	0	1	0	5	0	24	2	0	0	0	0	3	0	26	0	3	3	0	2	0	0	0	3	0	0	2	0	19	9	0	1	0	0	186	5	0	59	0	15	0	1	210	2	1	0	0	0	0	0	0	0	0	1	0	0	0	0	175	0	2	0	52	3	53	0	2	0	0	0	0	32	0	0
0	0	0	49	0	55	3	0	0	0	13	0	8	3	0	27	2	79	0	1	292	9	0	1	5	0	0	106	1	0	150	0	0	64	0	0	0	0	2	15	0	15	6	9	4	81	55	0	0	0	7	0	1	2	0	0	0	1	0	49	0	88	0	0	2	10	0	3	0	0	0	2	0	0	0
0	0	0	0	0	0	0	0	0	0	0	0	1	0	0	7	1	0	1	0	0	0	0	0	0	0	0	0	0	0	0	0	1	0	1	195	0	0	0	0	15	0	1	24	0	0	0	0	0	1	0	0	0	0	4	0	0	0	0	14	0	0	0	62	4	0	0	13	0	0	0	0	1	0	0
0	0	112	371	6	169	26	1	0	0	275	0	1	9	0	516	1	19	1	172	18	5	6	1	5	0	0	3	1	729	5	0	149	389	0	4	3	0	3	1	6	1	0	18	1	69	21	0	67	3	1	0	1	0	4	13	1	7	0	1	0	2	2	0	0	8	270	35	0	0	196	4	7	0	0
0	0	2	0	317	4	0	30	5	0	2	0	4	13	0	1	0	13	10	9	0	0	0	0	0	0	0	2	1	30	0	111	1	23	0	206	5	0	172	210	9	24	18	0	0	0	1	0	4	9	18	1	0	0	15	12	0	14	0	126	0	1	0	38	4	177	3	0	0	1	16	17	68	0	0
0	0	0	0	0	0	0	0	4	0	0	0	0	443	0	2	1	0	0	16	0	1	0	0	0	0	0	0	0	0	3	0	3	0	3	7	13	0	1	2	4	0	1	0	0	33	0	0	0	16	0	1	0	1	0	4	0	12	0	0	0	3	1	4	9	2	0	52	0	0	1	0	26	0	0
0	0	0	82	0	0	2	0	0	0	6	0	0	7	0	240	1	2	0	111	0	0	0	1	0	0	0	0	0	777	9	0	2	32	1	0	2	0	0	1	81	0	69	0	33	0	0	0	0	5	0	16	0	0	0	10	0	22	0	1	0	2	10	0	2	0	0	84	0	0	0	0	2	0	0
0	0	9	0	0	0	0	0	20	0	0	0	0	0	0	0	0	29	0	0	64	0	0	0	0	0	0	31	0	0	63	0	2	56	0	0	0	0	29	0	55	0	21	1	0	0	0	0	0	0	57	0	0	0	0	0	0	0	0	0	0	31	0	0	0	0	20	0	0	50	0	1	24	0	0
0	0	0	0	0	0	0	0	0	0	0	0	0	0	0	0	0	0	0	0	0	0	0	0	0	0	0	0	0	0	0	0	0	0	0	0	0	0	0	0	0	0	0	0	0	0	0	0	0	0	0	0	0	0	0	0	0	0	0	0	0	0	0	0	0	0	0	0	0	0	0	0	0	0	0
0	15	0	360	0	0	8	0	0	0	0	0	0	0	0	4	0	0	0	0	0	27	0	0	2	0	0	0	44	1	1	0	0	14	0	4	0	0	0	0	0	0	67	4	0	0	0	0	0	0	0	0	0	0	0	0	19	0	0	0	0	0	0	0	0	3	0	0	0	0	1	0	0	0	0
0	0	0	0	135	9	0	0	1	0	0	0	5	0	0	0	1	0	0	0	1	0	0	1	0	0	0	0	0	0	0	3	1	2	0	0	5	0	0	0	0	1	3	9	16	5	0	0	0	0	4	0	0	0	0	0	0	0	0	0	0	2	3	78	0	0	0	0	0	0	1	0	24	0	0
0	0	2	0	29	57	0	0	0	0	0	0	0	5	0	0	0	4	0	4	94	13	8	0	0	0	0	0	0	0	0	0	0	12	1	77	0	0	0	0	7	0	1	18	0	0	57	0	0	4	0	0	0	0	3	0	0	0	0	0	0	0	0	0	0	3	0	0	0	0	2	42	0	0	0
0	0	0	0	0	0	0	0	0	0	0	0	0	2	0	0	1	0	0	10	0	0	0	0	0	0	0	0	0	0	0	0	0	0	0	0	0	0	0	0	0	0	0	1	1	16	0	0	0	0	0	0	0	0	0	1	0	10	0	0	0	0	0	0	0	0	0	0	0	0	0	0	0	0	0
0	40	0	290	3	0	8	0	0	0	0	0	0	0	0	0	0	1	0	0	0	120	0	0	12	0	0	0	123	0	5	0	0	2	0	0	0	0	0	0	1	0	1	0	0	0	0	0	0	0	0	0	0	0	0	0	47	0	0	0	0	0	0	0	0	16	0	0	0	0	0	0	0	0	0
0	39	0	2	0	0	0	0	0	0	0	0	0	1	0	0	0	0	0	0	0	72	0	0	21	0	0	0	101	0	1	0	0	10	0	0	0	0	0	0	2	0	0	0	1	0	0	0	0	0	0	0	0	0	0	0	52	0	0	0	0	0	0	0	0	9	0	0	0	0	0	0	0	0	0
0	0	0	0	0	0	0	27	0	0	0	0	0	0	0	0	0	12	2	0	0	1	0	0	7	0	0	2	0	0	0	0	0	1	2	2	0	0	4	1	0	4	4	15	0	0	0	0	0	0	3	0	0	0	0	0	0	0	0	18	0	1	0	0	0	133	0	0	0	0	0	101	0	0	0
0	0	0	0	0	0	0	0	0	0	0	4	3	1	0	303	37	0	0	35	0	0	0	9	0	0	0	1	0	1060	0	0	5	0	31	0	0	0	0	0	0	0	13	12	4	10	0	0	0	0	0	1	0	0	0	0	0	91	0	3	0	0	33	0	2	0	0	9	0	0	0	0	0	0	0
0	14	2	1	0	0	0	1	0	0	13	0	1	1	0	0	0	2	1	0	0	172	0	0	1	0	0	0	0	0	0	0	0	1	0	0	0	0	1	0	0	0	1	0	0	0	0	0	19	0	0	0	47	52	0	0	0	0	0	0	0	0	0	0	0	6	76	0	0	0	26	0	0	0	0
0	0	0	0	6	0	0	0	1	0	0	12	0	9	0	462	26	0	0	1	0	0	0	8	0	0	0	0	0	760	0	0	9	0	17	0	1	0	0	0	1	0	7	14	12	22	0	0	0	0	0	10	0	0	0	91	0	0	0	0	0	0	8	0	5	1	0	0	0	0	0	0	2	0	0
0	0	0	0	0	0	0	0	0	0	0	0	0	0	0	0	0	0	0	0	0	0	0	0	0	0	0	0	0	0	0	0	0	0	0	0	0	0	0	0	0	0	0	0	0	0	0	0	0	0	0	0	0	0	0	0	0	0	0	0	0	0	0	0	0	0	0	0	0	0	0	0	0	0	0
0	0	0	0	0	4	0	18	0	0	1	0	0	0	0	0	0	4	8	0	3	0	0	0	1	0	0	0	0	0	2	0	0	0	0	55	2	0	14	175	49	14	1	126	0	1	0	0	0	0	0	0	0	0	18	3	0	0	0	0	0	0	0	47	1	136	0	0	0	0	0	0	1	0	0
0	0	0	0	0	0	0	0	0	0	0	0	0	0	0	0	0	0	0	0	0	0	0	0	0	0	0	0	0	0	0	0	0	0	0	0	0	0	0	0	0	0	0	0	0	0	0	0	0	0	0	0	0	0	0	0	0	0	0	0	0	0	0	0	0	0	0	0	0	0	0	0	0	0	0
0	0	1	0	1	31	0	0	0	0	0	0	0	4	0	2	0	29	0	2	16	1	1	0	0	0	0	0	1	5	0	0	0	2	0	1	0	0	0	2	88	0	2	1	3	2	31	0	0	2	0	0	0	0	1	0	0	0	0	0	0	0	0	0	4	1	0	47	0	0	0	16	0	0	0
0	0	0	0	1	0	0	0	0	0	0	0	0	3	0	252	8	0	0	14	0	0	0	6	0	0	0	0	0	561	0	0	0	4	3	0	0	0	0	0	0	0	2	0	1	10	0	0	0	3	0	0	0	0	0	33	0	8	0	0	0	0	0	0	2	0	0	4	0	0	0	0	1	0	0
0	0	0	0	296	0	0	0	0	0	0	0	0	3	0	0	1	0	0	78	0	0	0	0	0	0	0	0	0	1	0	0	0	0	0	103	0	0	0	52	0	62	0	38	4	0	0	0	0	78	0	0	0	0	0	0	0	0	0	47	0	0	0	0	0	0	0	139	0	0	0	0	1	0	0
0	0	0	0	0	0	0	0	8	0	0	0	1	2	0	1	11	0	0	1	5	0	0	0	1	0	0	0	0	0	1	1	8	1	2	4	27	0	1	3	2	4	0	4	9	2	0	0	0	0	0	0	0	0	0	2	0	5	0	1	0	4	2	0	0	0	0	256	0	0	0	0	4	0	0
0	0	30	3	0	0	0	745	1	0	0	0	1	1	0	1	0	65	598	0	0	102	0	0	78	0	0	6	41	0	2	123	3	106	1	4	1	0	612	53	10	0	8	177	2	0	0	0	3	0	3	0	16	9	133	0	6	1	0	136	0	1	0	0	0	0	82	1	0	0	4	205	1	0	0
0	25	4	16	8	20	0	0	0	0	0	0	0	0	0	94	0	1	0	0	0	0	5	0	5	0	0	0	1	86	0	0	0	214	0	2	0	0	0	0	0	0	270	3	0	0	20	0	0	0	0	0	0	0	0	0	76	0	0	0	0	0	0	0	0	82	0	1	0	0	7	4	1	0	0
0	0	0	0	0	0	0	0	1	0	0	0	1	5	0	0	34	0	3	0	0	0	0	1	0	0	0	0	0	0	0	0	18	0	1	22	255	0	0	2	3	13	35	0	52	84	0	0	0	0	0	0	0	0	0	9	0	0	0	0	0	47	4	139	256	1	1	0	0	0	0	0	22	0	0
0	0	0	0	0	0	0	0	0	0	0	0	0	0	0	0	0	0	0	0	0	0	0	0	0	0	0	0	0	0	0	0	0	0	0	0	0	0	0	0	0	0	0	0	0	0	0	0	0	0	0	0	0	0	0	0	0	0	0	0	0	0	0	0	0	0	0	0	0	0	0	0	0	0	0
0	0	0	0	0	50	0	0	0	0	0	0	0	2	0	0	0	1	0	0	4	0	0	0	9	0	0	0	1	6	1	0	0	38	0	6	0	0	0	0	0	0	0	1	0	0	50	0	0	0	0	0	0	0	0	0	0	0	0	0	0	0	0	0	0	0	0	0	0	0	0	0	0	0	0
0	0	54	0	7	2	0	0	0	0	1	0	1	2	0	89	0	1	0	1	9	1	52	0	2	0	0	0	0	3	1	1	0	297	0	3	0	0	1	0	0	0	196	16	1	0	0	0	1	1	2	0	0	0	0	0	26	0	0	0	0	0	0	0	0	4	7	0	0	0	0	15	0	0	0
0	0	5	0	0	2	0	113	0	0	0	0	0	0	0	0	0	12	6	0	4	3	8	0	13	0	0	4	0	0	2	5	0	1	0	7	0	0	2	0	2	0	4	17	0	0	1	0	0	0	42	0	0	0	101	0	0	0	0	0	0	16	0	0	0	205	4	0	0	0	15	0	0	0	0
0	0	0	0	1	24	0	0	0	0	0	0	0	18	0	2	9	1	0	25	6	0	0	0	4	0	0	0	0	11	2	0	1	14	2	55	1	0	0	32	0	1	7	68	26	2	24	0	0	24	0	0	0	0	0	0	0	2	0	1	0	0	1	1	4	1	1	22	0	0	0	0	0	0	0
0	0	0	0	0	0	0	0	0	0	0	0	0	0	0	0	0	0	0	0	0	0	0	0	0	0	0	0	0	0	0	0	0	0	0	0	0	0	0	0	0	0	0	0	0	0	0	0	0	0	0	0	0	0	0	0	0	0	0	0	0	0	0	0	0	0	0	0	0	0	0	0	0	0	0
0	0	0	0	0	0	0	0	0	0	0	0	0	0	0	0	0	0	0	0	0	0	0	0	0	0	0	0	0	0	0	0	0	0	0	0	0	0	0	0	0	0	0	0	0	0	0	0	0	0	0	0	0	0	0	0	0	0	0	0	0	0	0	0	0	0	0	0	0	0	0	0	0	0	0
