0	0	0	0	0	0	0	0	0	0	0	0	0	0	0	0	0	0	0	0	0	0	0	0	0	0	0	0	0	0	0	0	0	0	0	0	0	0	0	0	0	0	0	0	0	0	0	0	0	0	0	0	0	0	0	0	0	0	0	0	0	0	0	0	0	0	0	0	0	0	0	0	0	0	0
0	0	548	0	0	0	0	4	0	0	0	0	0	0	83	0	0	42	37	15	2	258	0	0	3	0	0	0	368	0	0	0	0	10	0	0	0	0	2	2	10	0	15	0	0	0	0	0	144	0	0	0	455	32	15	0	1129	0	521	7	0	0	0	0	0	12	297	0	0	0	0	0	0	0	4
0	548	0	0	2	0	0	0	0	2	0	0	17	0	30	0	0	0	16	0	2	0	0	0	15	0	0	1	7	0	0	0	0	18	0	0	0	0	0	0	0	0	113	9	0	0	0	0	9	0	0	0	29	0	6	0	170	0	1	16	0	2	0	0	46	34	361	1	0	0	23	2	0	2	1
0	0	0	0	14	0	163	0	0	80	4	0	0	5	96	36	0	0	11	0	2	1	0	0	4	0	0	0	6	0	4	2	0	24	0	0	0	0	0	0	2	0	84	1	0	0	0	0	50	0	0	0	0	15	0	0	1	0	0	57	0	0	0	0	72	1	38	4	0	0	1	0	0	14	158
0	0	2	14	0	0	0	1	16	1889	0	4	0	14	3	14	36	29	43	3	51	3	0	0	0	3	0	3	7	1	3	47	43	0	0	0	65	0	75	54	13	6	19	280	1	105	0	0	11	0	0	0	3	0	8	2	0	0	32	217	1	16	1	82	25	2	50	102	0	21	21	13	0	26	15
0	0	0	0	0	0	0	0	0	1	0	0	0	0	7	0	0	0	0	0	0	6	0	0	0	0	0	0	12	0	1	0	0	0	0	0	0	0	12	0	0	0	1	0	0	1	0	0	0	0	0	0	0	0	12	0	0	0	0	4	0	0	0	0	1	0	0	1	0	0	0	0	0	4	0
0	0	0	163	0	0	0	0	0	0	119	0	0	1	190	59	0	0	1	0	0	2	0	0	0	0	0	0	1	0	0	0	0	0	0	0	0	0	0	0	0	0	38	0	0	3	0	0	170	0	0	0	6	0	0	0	0	0	0	5	0	0	1	0	0	0	4	0	0	0	22	0	0	0	193
0	4	0	0	1	0	0	0	1	0	0	0	0	0	175	0	0	10	168	0	0	0	0	0	82	0	0	0	85	0	0	0	0	2	0	0	0	0	15	0	0	0	0	45	0	0	0	0	4	0	0	0	0	2	20	0	0	0	0	37	0	0	0	0	0	139	1	0	0	0	0	0	0	1	0
0	0	0	0	16	0	0	1	0	135	0	0	0	12	0	9	0	0	3	0	102	0	0	0	1	1	0	0	0	0	0	0	0	0	0	0	0	0	0	0	0	0	0	1	0	0	0	0	0	0	0	0	0	0	0	0	0	0	0	0	0	0	0	0	103	9	1	11	0	0	0	0	0	16	1
0	0	2	80	1889	1	0	0	135	0	0	6	0	0	0	1	0	0	0	1	2	0	0	0	0	7	0	0	0	0	0	2357	52	3	0	0	9	0	2845	1700	56	3225	100	2966	0	668	0	0	1	10	0	0	0	0	16	1	0	0	0	945	6	0	0	2865	2308	0	14	865	0	18	11	2	714	407	1
0	0	0	4	0	0	119	0	0	0	0	0	0	39	491	641	0	0	180	4	2	0	0	0	140	0	0	0	13	0	0	0	0	198	0	0	0	0	0	0	0	0	331	3	0	0	0	0	206	0	0	0	0	16	0	0	42	0	0	83	0	0	0	0	0	99	329	0	0	0	12	0	0	0	715
0	0	0	0	4	0	0	0	0	6	0	0	0	0	0	1	0	0	2	0	0	0	0	0	1	2	0	0	0	0	0	0	0	0	0	0	0	0	0	0	0	0	0	0	0	0	0	0	0	0	0	0	0	0	0	38	0	0	0	0	0	0	0	0	2	1	0	1	0	17	0	0	0	4	0
0	0	17	0	0	0	0	0	0	0	0	0	0	0	0	0	0	0	0	0	0	0	0	0	0	0	0	0	3	0	0	0	0	4	0	0	0	0	0	0	0	0	0	0	0	0	0	0	0	0	0	0	0	0	0	0	0	0	0	0	0	0	0	0	0	0	0	0	0	0	0	0	0	0	0
0	0	0	5	14	0	1	0	12	0	39	0	0	0	47	103	2	2	4	0	0	0	0	0	0	0	0	0	0	0	0	0	34	0	0	0	34	0	0	33	31	0	20	0	310	102	0	0	0	0	0	0	0	0	3	1	0	0	0	0	0	14	5	1	0	0	7	30	0	0	1	1	0	46	4
0	83	30	96	3	7	190	175	0	0	491	0	0	47	0	204	0	199	890	0	0	90	0	0	572	0	0	54	660	0	204	0	0	173	0	0	1	0	228	5	239	0	175	0	0	28	0	0	338	0	0	0	159	23	294	6	61	0	79	391	0	0	0	1	0	514	24	5	0	9	107	6	0	6	334
0	0	0	36	14	0	59	0	9	1	641	1	0	103	204	0	186	15	5	79	1	0	0	0	6	4	0	0	18	1	1	6	520	188	0	0	56	0	21	23	39	0	646	1	10	335	0	0	0	0	0	0	12	0	20	423	0	0	1	23	0	0	219	0	5	5	272	91	0	0	591	12	0	38	1
0	0	0	0	36	0	0	0	0	0	0	0	0	2	0	186	0	0	0	0	148	0	0	0	0	1	2	0	0	0	0	0	0	0	0	0	0	0	0	0	0	0	13	1	0	0	0	0	0	0	0	0	0	0	0	0	0	0	0	0	0	0	0	0	29	0	2	1	0	1	0	0	0	36	0
0	42	0	0	29	0	0	10	0	0	0	0	0	2	199	15	0	0	79	0	320	0	0	0	90	1	0	17	167	0	0	0	0	22	0	0	0	0	0	0	0	0	10	29	0	0	0	0	2	0	1	0	0	9	25	0	2	0	0	168	0	0	0	0	2	113	76	23	0	0	0	0	0	29	0
0	37	16	11	43	0	1	168	3	0	180	2	0	4	890	5	0	79	0	1	41	96	0	0	735	2	0	37	522	0	178	41	7	241	0	0	28	0	725	34	163	0	35	69	0	54	0	0	40	0	0	0	186	37	400	1	1	0	148	355	0	17	0	6	0	1245	58	92	5	3	2	47	0	101	26
0	15	0	0	3	0	0	0	0	1	4	0	0	0	0	79	0	0	1	0	2	0	0	0	0	0	0	0	0	68	0	0	91	166	0	0	0	0	0	0	0	0	45	2	0	113	0	0	0	0	0	0	0	0	0	80	16	0	36	0	0	0	33	0	1	19	0	2	0	0	2	0	0	3	0
0	2	2	2	51	0	0	0	102	2	2	0	0	0	0	1	148	320	41	2	0	8	0	0	3	0	0	238	1	0	644	170	10	172	0	0	22	0	58	0	484	0	92	28	0	0	0	0	0	0	0	0	6	0	12	0	0	0	60	107	0	74	0	0	17	9	135	2	0	7	228	42	0	77	25
0	258	0	1	3	6	2	0	0	0	0	0	0	0	90	0	0	0	96	0	8	0	0	0	137	0	0	5	309	0	0	0	0	86	0	0	0	0	0	0	0	0	0	0	0	0	0	0	156	0	0	0	0	51	4	0	103	0	0	319	0	0	0	0	0	66	46	0	0	0	0	0	0	3	107
0	0	0	0	0	0	0	0	0	0	0	0	0	0	0	0	0	0	0	0	0	0	0	0	0	0	0	0	0	0	0	0	0	0	0	0	0	0	0	0	0	0	0	0	0	0	0	0	0	0	0	0	0	0	0	0	0	0	0	0	0	0	0	0	0	0	0	0	0	0	0	0	0	0	0
0	0	0	0	0	0	0	0	0	0	0	0	0	0	0	0	0	0	0	0	0	0	0	0	0	0	0	0	0	0	0	0	0	0	0	0	0	0	0	0	0	0	0	0	0	0	0	0	0	0	0	0	0	0	0	0	0	0	0	0	0	0	0	0	0	0	0	0	0	0	0	0	0	0	0
0	3	15	4	0	0	0	82	1	0	140	1	0	0	572	6	0	90	735	0	3	137	0	0	0	0	0	64	319	0	179	8	0	235	0	0	0	0	398	6	182	0	12	11	0	0	0	0	23	0	0	0	197	6	577	0	0	0	80	124	0	1	0	0	0	895	9	0	0	0	2	195	0	4	8
0	0	0	0	3	0	0	0	1	7	0	2	0	0	0	4	1	1	2	0	0	0	0	0	0	0	0	1	0	0	0	1	2	2	0	0	4	0	5	0	0	1	19	5	3	0	0	0	0	0	0	0	0	4	2	0	0	0	1	1	0	0	0	0	10	0	0	16	0	0	0	1	0	7	0
0	0	0	0	0	0	0	0	0	0	0	0	0	0	0	0	2	0	0	0	0	0	0	0	0	0	0	0	0	0	0	0	0	0	0	0	0	0	0	0	0	0	0	0	0	6	0	0	0	0	0	0	0	0	0	0	0	0	0	0	0	0	0	4	0	0	10	20	0	0	0	0	0	0	0
0	0	1	0	3	0	0	0	0	0	0	0	0	0	54	0	0	17	37	0	238	5	0	0	64	1	0	0	99	0	11	0	0	37	0	0	0	0	20	0	13	0	18	17	0	0	0	0	9	0	0	0	1	3	31	0	0	0	8	191	0	1	0	0	1	51	22	0	0	0	1	2	0	3	0
0	368	7	6	7	12	1	85	0	0	13	0	3	0	660	18	0	167	522	0	1	309	0	0	319	0	0	99	0	0	143	0	0	43	0	0	0	0	206	24	41	0	11	3	0	0	0	0	92	0	0	0	280	15	191	0	1	0	152	588	0	0	0	0	0	334	2	0	0	0	0	10	0	7	2
0	0	0	0	1	0	0	0	0	0	0	0	0	0	0	1	0	0	0	68	0	0	0	0	0	0	0	0	0	0	0	0	3	0	0	0	2	0	0	0	0	0	5	0	0	5	0	0	0	0	0	0	0	0	0	1	0	0	0	0	0	0	12	1	8	0	1	5	0	0	0	0	1	4	0
0	0	0	4	3	1	0	0	0	0	0	0	0	0	204	1	0	0	178	0	644	0	0	0	179	0	0	11	143	0	0	0	0	14	0	0	0	0	0	0	0	0	7	6	0	0	0	0	14	0	0	0	0	13	1	0	0	0	0	1170	0	0	0	0	1	21	126	0	0	0	0	0	0	3	102
0	0	0	2	47	0	0	0	0	2357	0	0	0	0	0	6	0	0	41	0	170	0	0	0	8	1	0	0	0	0	0	0	0	10	0	0	0	0	0	0	0	0	0	486	0	0	0	0	0	0	0	0	0	1	14	0	0	0	0	961	0	0	0	0	0	80	4	0	0	0	0	2	0	37	0
0	0	0	0	43	0	0	0	0	52	0	0	0	34	0	520	0	0	7	91	10	0	0	0	0	2	0	0	0	3	0	0	0	0	0	0	0	0	0	0	0	0	187	1	0	0	0	0	2	0	0	0	0	0	0	57	0	0	0	5	0	0	0	0	292	8	8	106	0	29	12	0	0	43	4
0	10	18	24	0	0	0	2	0	3	198	0	4	0	173	188	0	22	241	166	172	86	0	0	235	2	0	37	43	0	14	10	0	0	0	0	0	0	26	0	134	0	228	94	0	156	0	0	6	0	0	0	2	11	72	1	2	0	176	167	0	6	0	2	2	313	470	1	0	1	21	22	0	0	419
0	0	0	0	0	0	0	0	0	0	0	0	0	0	0	0	0	0	0	0	0	0	0	0	0	0	0	0	0	0	0	0	0	0	0	0	0	0	0	0	0	0	0	0	0	0	0	0	0	0	0	0	0	0	0	0	0	0	0	0	22	0	0	0	0	0	0	0	0	0	0	0	0	0	0
0	0	0	0	0	0	0	0	0	0	0	0	0	0	0	0	0	0	0	0	0	0	0	0	0	0	0	0	0	0	0	0	0	0	0	0	0	0	0	0	0	0	0	0	0	0	0	0	0	0	0	0	0	0	0	0	0	0	0	0	0	0	0	0	0	0	0	0	0	0	0	0	0	0	0
0	0	0	0	65	0	0	0	0	9	0	0	0	34	1	56	0	0	28	0	22	0	0	0	0	4	0	0	0	2	0	0	0	0	0	0	0	0	0	0	0	0	0	1	0	0	0	0	0	0	0	0	0	1	1	6	0	0	0	2	0	0	0	0	481	8	3	310	0	11	1	1	0	65	0
0	0	0	0	0	0	0	0	0	0	0	0	0	0	0	0	0	0	0	0	0	0	0	0	0	0	0	0	0	0	0	0	0	0	0	0	0	0	0	0	0	0	0	0	0	0	0	0	0	0	0	0	0	0	0	0	0	0	0	0	0	0	0	0	0	0	0	0	0	0	0	0	0	0	0
0	2	0	0	75	12	0	15	0	2845	0	0	0	0	228	21	0	0	725	0	58	0	0	0	398	5	0	20	206	0	0	0	0	26	0	0	0	0	0	0	0	0	4	1115	0	0	0	0	6	0	2	0	0	10	91	1	0	0	0	3093	0	0	0	0	3	957	188	0	0	1	4	2	0	52	24
0	2	0	0	54	0	0	0	0	1700	0	0	0	33	5	23	0	0	34	0	0	0	0	0	6	0	0	0	24	0	0	0	0	0	0	0	0	0	0	0	0	0	0	432	0	0	0	0	3	0	0	0	0	0	6	0	0	0	0	2099	0	0	0	0	4	23	44	40	0	25	2	0	0	38	1
0	10	0	2	13	0	0	0	0	56	0	0	0	31	239	39	0	0	163	0	484	0	0	0	182	0	0	13	41	0	0	0	0	134	0	0	0	0	0	0	0	0	14	22	0	0	0	0	1	0	0	0	0	3	11	3	0	0	0	1756	0	0	0	0	4	169	161	42	0	9	3	0	0	13	308
0	0	0	0	6	0	0	0	0	3225	0	0	0	0	0	0	0	0	0	0	0	0	0	0	0	1	0	0	0	0	0	0	0	0	0	0	0	0	0	0	0	0	0	0	0	0	0	0	0	0	0	0	0	0	0	0	0	0	0	2	0	0	0	0	118	2	0	21	0	0	0	0	0	4	0
0	15	113	84	19	1	38	0	0	100	331	0	0	20	175	646	13	10	35	45	92	0	0	0	12	19	0	18	11	5	7	0	187	228	0	0	0	0	4	0	14	0	0	125	0	69	0	0	108	0	0	0	0	0	5	18	4	0	1	308	0	3	3	0	38	21	500	85	0	19	351	9	4	21	163
0	0	9	1	280	0	0	45	1	2966	3	0	0	0	0	1	1	29	69	2	28	0	0	0	11	5	0	17	3	0	6	486	1	94	0	0	1	0	1115	432	22	0	125	0	21	1	0	0	3	1	0	0	18	0	503	7	1	0	1	3900	0	1	1	247	0	113	247	3	0	0	53	302	0	120	34
0	0	0	0	1	0	0	0	0	0	0	0	0	310	0	10	0	0	0	0	0	0	0	0	0	3	0	0	0	0	0	0	0	0	0	0	0	0	0	0	0	0	0	21	0	0	0	0	0	0	0	0	0	0	0	0	0	0	0	185	0	0	0	0	9	0	0	0	0	0	0	0	0	1	0
0	0	0	0	105	1	3	0	0	668	0	0	0	102	28	335	0	0	54	113	0	0	0	0	0	0	6	0	0	5	0	0	0	156	0	0	0	0	0	0	0	0	69	1	0	0	0	0	0	0	0	0	0	0	4	3	2	0	0	14	0	0	0	0	402	17	37	614	0	50	4	0	3	105	243
0	0	0	0	0	0	0	0	0	0	0	0	0	0	0	0	0	0	0	0	0	0	0	0	0	0	0	0	0	0	0	0	0	0	0	0	0	0	0	0	0	0	0	0	0	0	0	0	0	0	0	0	0	0	0	0	0	0	0	0	0	0	0	0	0	0	0	0	0	0	0	0	0	0	0
0	0	0	0	0	0	0	0	0	0	0	0	0	0	0	0	0	0	0	0	0	0	0	0	0	0	0	0	0	0	0	0	0	0	0	0	0	0	0	0	0	0	0	0	0	0	0	0	0	0	0	0	0	0	0	0	0	0	0	0	0	0	0	0	0	0	0	0	0	0	0	0	0	0	0
0	144	9	50	11	0	170	4	0	1	206	0	0	0	338	0	0	2	40	0	0	156	0	0	23	0	0	9	92	0	14	0	2	6	0	0	0	0	6	3	1	0	108	3	0	0	0	0	0	0	0	0	181	6	3	0	55	0	14	13	0	2	0	0	2	51	127	3	0	2	2	4	0	11	49
0	0	0	0	0	0	0	0	0	10	0	0	0	0	0	0	0	0	0	0	0	0	0	0	0	0	0	0	0	0	0	0	0	0	0	0	0	0	0	0	0	0	0	1	0	0	0	0	0	0	0	0	0	0	0	0	0	0	0	8	0	0	0	0	0	0	0	0	0	0	0	0	0	0	0
0	0	0	0	0	0	0	0	0	0	0	0	0	0	0	0	0	1	0	0	0	0	0	0	0	0	0	0	0	0	0	0	0	0	0	0	0	0	2	0	0	0	0	0	0	0	0	0	0	0	0	0	0	0	1	0	0	0	0	0	0	0	0	0	0	0	0	0	0	0	0	0	0	0	0
0	0	0	0	0	0	0	0	0	0	0	0	0	0	0	0	0	0	0	0	0	0	0	0	0	0	0	0	0	0	0	0	0	0	0	0	0	0	0	0	0	0	0	0	0	0	0	0	0	0	0	0	0	0	0	0	0	0	0	0	0	0	0	0	0	0	0	0	0	0	0	0	0	0	0
0	455	29	0	3	0	6	0	0	0	0	0	0	0	159	12	0	0	186	0	6	0	0	0	197	0	0	1	280	0	0	0	0	2	0	0	0	0	0	0	0	0	0	18	0	0	0	0	181	0	0	0	0	24	3	0	117	0	0	371	0	0	0	0	0	94	301	0	0	5	0	0	0	3	4
0	32	0	15	0	0	0	2	0	0	16	0	0	0	23	0	0	9	37	0	0	51	0	0	6	4	0	3	15	0	13	1	0	11	0	0	1	0	10	0	3	0	0	0	0	0	0	0	6	0	0	0	24	0	7	0	20	0	54	19	0	0	0	0	0	28	0	0	0	0	0	0	0	0	1
0	15	6	0	8	12	0	20	0	16	0	0	0	3	294	20	0	25	400	0	12	4	0	0	577	2	0	31	191	0	1	14	0	72	0	0	1	0	91	6	11	0	5	503	0	4	0	0	3	0	1	0	3	7	0	1	2	0	8	255	0	6	0	1	3	840	54	17	0	0	1	45	3	5	2
0	0	0	0	2	0	0	0	0	1	0	38	0	1	6	423	0	0	1	80	0	0	0	0	0	0	0	0	0	1	0	0	57	1	0	0	6	0	1	0	3	0	18	7	0	3	0	0	0	0	0	0	0	0	1	0	0	0	0	42	251	0	190	0	18	0	35	3	0	1	0	1	0	2	1
0	1129	170	1	0	0	0	0	0	0	42	0	0	0	61	0	0	2	1	16	0	103	0	0	0	0	0	0	1	0	0	0	0	2	0	0	0	0	0	0	0	0	4	1	0	2	0	0	55	0	0	0	117	20	2	0	0	0	151	7	0	0	0	0	0	2	278	0	0	1	1	0	0	0	0
0	0	0	0	0	0	0	0	0	0	0	0	0	0	0	0	0	0	0	0	0	0	0	0	0	0	0	0	0	0	0	0	0	0	0	0	0	0	0	0	0	0	0	0	0	0	0	0	0	0	0	0	0	0	0	0	0	0	0	0	0	0	0	0	0	0	0	0	0	0	0	0	0	0	0
0	521	1	0	32	0	0	0	0	0	0	0	0	0	79	1	0	0	148	36	60	0	0	0	80	1	0	8	152	0	0	0	0	176	0	0	0	0	0	0	0	0	1	1	0	0	0	0	14	0	0	0	0	54	8	0	151	0	0	122	0	0	0	0	0	101	142	34	0	1	0	0	0	32	433
0	7	16	57	217	4	5	37	0	945	83	0	0	0	391	23	0	168	355	0	107	319	0	0	124	1	0	191	588	0	1170	961	5	167	0	0	2	0	3093	2099	1756	2	308	3900	185	14	0	0	13	8	0	0	371	19	255	42	7	0	122	0	0	1	0	1772	6	1033	363	5	0	5	384	972	3	169	156
0	0	0	0	1	0	0	0	0	6	0	0	0	0	0	0	0	0	0	0	0	0	0	0	0	0	0	0	0	0	0	0	0	0	22	0	0	0	0	0	0	0	0	0	0	0	0	0	0	0	0	0	0	0	0	251	0	0	0	0	0	0	0	0	0	1	0	0	0	3	0	0	0	1	0
0	0	2	0	16	0	0	0	0	0	0	0	0	14	0	0	0	0	17	0	74	0	0	0	1	0	0	1	0	0	0	0	0	6	0	0	0	0	0	0	0	0	3	1	0	0	0	0	2	0	0	0	0	0	6	0	0	0	0	1	0	0	0	0	96	2	0	2	0	1	0	0	0	15	0
0	0	0	0	1	0	1	0	0	0	0	0	0	5	0	219	0	0	0	33	0	0	0	0	0	0	0	0	0	12	0	0	0	0	0	0	0	0	0	0	0	0	3	1	0	0	0	0	0	0	0	0	0	0	0	190	0	0	0	0	0	0	0	0	4	0	1	18	0	30	0	0	0	1	18
0	0	0	0	82	0	0	0	0	2865	0	0	0	1	1	0	0	0	6	0	0	0	0	0	0	0	4	0	0	1	0	0	0	2	0	0	0	0	0	0	0	0	0	247	0	0	0	0	0	0	0	0	0	0	1	0	0	0	0	1772	0	0	0	0	91	0	4	355	0	34	1	0	3	72	0
0	0	46	72	25	1	0	0	103	2308	0	2	0	0	0	5	29	2	0	1	17	0	0	0	0	10	0	1	0	8	1	0	292	2	0	0	481	0	3	4	4	118	38	0	9	402	0	0	2	0	0	0	0	0	3	18	0	0	0	6	0	96	4	91	0	17	5	1355	0	44	9	1	0	73	0
0	12	34	1	2	0	0	139	9	0	99	1	0	0	514	5	0	113	1245	19	9	66	0	0	895	0	0	51	334	0	21	80	8	313	0	0	8	0	957	23	169	2	21	113	0	17	0	0	51	0	0	0	94	28	840	0	2	0	101	1033	1	2	0	0	17	0	9	3	0	0	9	262	0	7	2
0	297	361	38	50	0	4	1	1	14	329	0	0	7	24	272	2	76	58	0	135	46	0	0	9	0	10	22	2	1	126	4	8	470	0	0	3	0	188	44	161	0	500	247	0	37	0	0	127	0	0	0	301	0	54	35	278	0	142	363	0	0	1	4	5	9	0	22	0	1	319	152	1	43	1
0	0	1	4	102	1	0	0	11	865	0	1	0	30	5	91	1	23	92	2	2	0	0	0	0	16	20	0	0	5	0	0	106	1	0	0	310	0	0	40	42	21	85	3	0	614	0	0	3	0	0	0	0	0	17	3	0	0	34	5	0	2	18	355	1355	3	22	0	0	63	27	1	94	167	19
0	0	0	0	0	0	0	0	0	0	0	0	0	0	0	0	0	0	5	0	0	0	0	0	0	0	0	0	0	0	0	0	0	0	0	0	0	0	0	0	0	0	0	0	0	0	0	0	0	0	0	0	0	0	0	0	0	0	0	0	0	0	0	0	0	0	0	0	0	0	0	0	0	0	0
0	0	0	0	21	0	0	0	0	18	0	17	0	0	9	0	1	0	3	0	7	0	0	0	0	0	0	0	0	0	0	0	29	1	0	0	11	0	1	25	9	0	19	0	0	50	0	0	2	0	0	0	5	0	0	1	1	0	1	5	3	1	30	34	44	0	1	63	0	0	2	1	11	67	0
0	0	23	1	21	0	22	0	0	11	12	0	0	1	107	591	0	0	2	2	228	0	0	0	2	0	0	1	0	0	0	0	12	21	0	0	1	0	4	2	3	0	351	53	0	4	0	0	2	0	0	0	0	0	1	0	1	0	0	384	0	0	0	1	9	9	319	27	0	2	0	4	1	20	9
0	0	2	0	13	0	0	0	0	2	0	0	0	1	6	12	0	0	47	0	42	0	0	0	195	1	0	2	10	0	0	2	0	22	0	0	1	0	2	0	0	0	9	302	0	0	0	0	4	0	0	0	0	0	45	1	0	0	0	972	0	0	0	0	1	262	152	1	0	1	4	0	0	12	0
0	0	0	0	0	0	0	0	0	714	0	0	0	0	0	0	0	0	0	0	0	0	0	0	0	0	0	0	0	1	0	0	0	0	0	0	0	0	0	0	0	0	4	0	0	3	0	0	0	0	0	0	0	0	3	0	0	0	0	3	0	0	0	3	0	0	1	94	0	11	1	0	0	3	0
0	0	2	14	26	4	0	1	16	407	0	4	0	46	6	38	36	29	101	3	77	3	0	0	4	7	0	3	7	4	3	37	43	0	0	0	65	0	52	38	13	4	21	120	1	105	0	0	11	0	0	0	3	0	5	2	0	0	32	169	1	15	1	72	73	7	43	167	0	67	20	12	3	0	36
0	4	1	158	15	0	193	0	1	1	715	0	0	4	334	1	0	0	26	0	25	107	0	0	8	0	0	0	2	0	102	0	4	419	0	0	0	0	24	1	308	0	163	34	0	243	0	0	49	0	0	0	4	1	2	1	0	0	433	156	0	0	18	0	0	2	1	19	0	0	9	0	0	36	0
