0	0	0	0	0	0	0	0	0	0	0	0	0	0	0	0	0	0	0	0	0	0	0	0	0	0	0	0	0	0	0	0	0	0	0	0	0	0	0	0	0	0	0	0	0	0	0	0	0	0	0	0	0	0	0	0	0	0	0	0	0	0	0	0	0	0	0	0	0	0	0	0	0	0	0
0	0	304	0	0	0	0	4	0	0	0	0	0	0	2	0	0	54	6	0	2	162	0	0	4	0	0	0	14	0	0	0	0	0	0	0	0	0	2	2	12	0	43	0	0	0	0	0	84	0	0	0	282	149	2	0	803	0	338	4	0	0	2	0	0	10	199	1	0	0	0	0	0	2	2
0	304	0	0	9	0	0	0	0	2	0	0	0	0	22	0	0	0	17	0	32	0	0	0	35	0	0	0	31	0	0	0	0	10	19	0	0	0	0	0	0	0	65	120	0	0	0	0	0	0	9	0	0	10	34	0	66	0	0	11	0	0	0	0	32	114	249	0	0	0	9	3	0	9	10
0	0	0	0	7	0	306	0	38	0	122	0	0	0	302	68	1	1	64	0	0	44	0	0	36	0	0	0	12	1	74	4	5	38	0	0	5	0	2	36	21	0	255	43	0	96	0	0	185	0	0	0	119	0	1	0	0	0	27	58	0	0	1	1	1	7	46	2	0	0	41	0	0	30	246
0	0	9	7	0	0	0	1	18	1891	0	7	0	15	1	9	2	35	36	3	18	1	0	0	4	1	1	0	6	9	4	52	19	31	4	0	71	0	50	41	17	62	23	1142	0	49	0	0	11	1	17	0	6	0	18	5	1	0	1	227	0	0	7	57	10	2	105	35	0	4	15	16	12	33	2
0	0	0	0	0	0	0	0	0	0	0	0	0	0	12	0	0	0	5	0	2	0	0	0	0	0	0	0	0	0	0	0	0	0	0	0	0	0	4	0	2	0	0	0	0	0	0	0	12	0	0	0	3	0	0	0	0	0	8	0	0	0	0	0	0	0	0	0	0	0	27	0	0	0	0
0	0	0	306	0	0	0	0	0	0	82	0	0	0	64	134	0	2	47	0	0	1	0	0	25	0	0	0	31	0	3	5	0	11	0	0	0	0	2	1	0	0	268	29	0	139	0	0	1	0	0	0	27	0	4	0	0	0	12	0	0	0	1	0	0	3	147	0	0	0	26	0	0	11	227
0	4	0	0	1	0	0	0	1	0	0	0	0	0	175	0	0	10	168	0	0	0	0	0	83	0	0	0	85	0	0	0	0	2	0	0	0	0	15	0	0	0	0	45	0	0	0	0	4	0	0	0	0	2	20	0	0	0	0	37	0	0	0	0	0	139	1	0	0	0	0	0	0	1	0
0	0	0	38	18	0	0	1	0	86	0	0	0	19	0	8	0	0	3	0	146	0	0	0	1	0	0	0	0	0	0	0	0	0	9	0	0	0	0	0	0	20	0	1	0	0	0	0	0	0	0	0	0	0	0	0	0	0	0	0	0	0	0	0	219	9	2	37	0	15	0	0	0	18	1
0	0	2	0	1891	0	0	0	86	0	0	0	0	0	0	0	0	0	0	1	2	0	0	0	0	0	0	0	0	0	0	1026	6	2	0	0	1	0	569	944	14	639	40	1270	0	506	0	0	0	9	0	0	0	0	15	0	0	0	0	342	0	0	0	1965	1233	0	6	433	0	0	0	0	228	333	0
0	0	0	122	0	0	82	0	0	0	0	0	0	11	468	544	0	0	189	44	2	0	0	0	172	0	0	0	52	0	0	0	0	194	0	0	0	0	0	0	0	0	360	3	0	704	0	0	0	0	0	0	0	7	1	0	51	0	0	23	0	0	0	0	0	103	275	0	0	0	1	0	0	0	397
0	0	0	0	7	0	0	0	0	0	0	0	0	0	0	3	0	0	2	0	0	0	0	0	0	0	0	0	0	0	0	0	0	0	37	0	0	0	0	0	0	0	0	0	0	0	0	0	0	0	0	0	0	0	0	49	0	0	0	0	0	0	0	0	0	1	0	0	0	0	0	0	0	7	1
0	0	0	0	0	0	0	0	0	0	0	0	0	0	0	0	0	0	0	0	0	0	0	0	1	0	0	0	0	0	0	0	0	0	0	0	0	0	0	0	0	0	0	2	0	0	0	0	0	0	0	0	0	0	0	0	0	0	0	0	0	0	0	0	0	0	1	0	0	0	0	0	0	0	0
0	0	0	0	15	0	0	0	19	0	11	0	0	0	20	43	0	2	4	0	0	0	0	0	0	1	0	0	0	23	0	0	64	0	0	0	47	0	0	5	42	0	26	0	327	296	0	0	4	0	0	0	0	0	3	12	0	0	0	1	0	0	22	21	9	0	10	23	0	70	0	0	7	50	4
0	2	22	302	1	12	64	175	0	0	468	0	0	20	0	351	0	118	347	14	0	21	0	0	237	0	0	0	205	3	50	0	0	150	0	0	0	0	42	0	17	0	343	0	0	876	0	0	8	0	1	0	82	9	131	0	76	0	48	111	0	0	0	0	0	146	176	0	0	1	16	38	0	2	468
0	0	0	68	9	0	134	0	8	0	544	3	0	43	351	0	108	77	9	299	3	6	0	0	6	3	0	0	89	408	0	23	461	133	52	0	22	0	86	25	34	0	773	19	1	1730	0	0	0	0	0	0	21	0	81	437	0	0	18	24	0	0	391	16	24	10	297	39	0	0	257	67	0	16	2
0	0	0	1	2	0	0	0	0	0	0	0	0	0	0	108	0	0	0	130	76	0	0	0	0	0	14	0	0	1	0	0	0	2	0	0	0	0	0	0	0	0	0	0	0	17	0	0	0	0	0	0	0	0	0	6	0	0	0	0	0	0	0	1	60	1	0	3	0	0	0	0	0	2	0
0	54	0	1	35	0	2	10	0	0	0	0	0	2	118	77	0	0	115	0	132	0	0	0	140	9	0	0	343	0	0	0	0	44	0	0	0	0	0	0	0	0	22	138	0	0	0	0	0	0	9	0	0	59	99	0	2	0	2	28	0	0	0	0	1	254	87	13	0	1	4	0	0	35	96
0	6	17	64	36	5	47	168	3	0	189	2	0	4	347	9	0	115	0	1	2	19	0	0	582	2	0	0	499	0	107	239	9	401	1	0	16	0	669	20	98	0	12	176	5	7	0	0	22	0	0	0	156	10	373	2	0	0	177	132	0	0	0	1	0	1139	59	4	0	0	10	24	0	72	73
0	0	0	0	3	0	0	0	0	1	44	0	0	0	14	299	130	0	1	0	8	0	0	0	0	0	0	0	0	161	0	0	132	149	0	0	0	0	0	0	25	0	90	0	0	227	0	0	0	0	0	0	0	0	0	100	0	0	26	0	0	0	157	0	0	19	0	2	0	0	30	0	0	4	1
0	2	32	0	18	2	0	0	146	2	2	0	0	0	0	3	76	132	2	8	0	0	0	0	3	0	0	0	0	0	474	144	4	170	0	0	0	0	16	0	262	0	14	12	0	0	0	0	0	0	227	0	2	0	2	0	0	0	46	41	0	0	0	0	2	2	43	0	0	32	22	70	0	30	1
0	162	0	44	1	0	1	0	0	0	0	0	0	0	21	6	0	0	19	0	0	0	0	0	104	0	0	0	134	0	0	0	0	88	0	0	0	0	0	0	0	0	0	1	0	0	0	0	0	0	2	0	0	86	1	0	0	0	2	12	0	0	0	0	0	18	19	0	0	0	0	0	0	1	139
0	0	0	0	0	0	0	0	0	0	0	0	0	0	0	0	0	0	0	0	0	0	0	0	0	0	0	0	0	0	0	0	0	0	0	0	0	0	0	0	0	0	0	0	0	0	0	0	0	0	0	0	0	0	0	0	0	0	0	0	0	0	0	0	0	0	0	0	0	0	0	0	0	0	0
0	0	0	0	0	0	0	0	0	0	0	0	0	0	0	0	0	0	0	0	0	0	0	0	0	0	0	0	0	0	0	0	0	0	0	0	0	0	0	0	0	0	0	0	0	0	0	0	0	0	0	0	0	0	0	0	0	0	0	0	0	0	0	0	0	0	0	0	0	0	0	0	0	0	0
0	4	35	36	4	0	25	83	1	0	172	0	1	0	237	6	0	140	582	0	3	104	0	0	0	1	0	0	418	0	181	48	8	379	0	0	1	0	615	25	95	0	20	71	0	4	0	0	35	0	2	0	158	6	580	2	1	0	112	167	0	0	0	1	0	945	86	21	0	0	7	346	0	22	13
0	0	0	0	1	0	0	0	0	0	0	0	0	1	0	3	0	9	2	0	0	0	0	0	1	0	0	0	0	0	0	0	0	0	0	0	0	0	0	0	4	0	0	0	1	0	0	0	0	0	0	0	0	0	0	0	0	0	0	0	0	0	0	0	1	0	0	0	0	0	0	0	1	1	0
0	0	0	0	1	0	0	0	0	0	0	0	0	0	0	0	14	0	0	0	0	0	0	0	0	0	0	0	0	0	0	0	0	0	0	0	4	0	0	0	0	0	0	0	0	0	0	0	0	0	0	0	0	0	0	8	0	0	4	0	0	0	0	0	0	0	0	17	0	0	10	114	6	55	0
0	0	0	0	0	0	0	0	0	0	0	0	0	0	0	0	0	0	0	0	0	0	0	0	0	0	0	0	0	0	0	0	0	0	0	0	0	0	0	0	0	0	0	0	0	0	0	0	0	0	0	0	0	0	0	0	0	0	0	0	0	0	0	0	0	0	0	0	0	0	0	0	0	0	0
0	14	31	12	6	0	31	85	0	0	52	0	0	0	205	89	0	343	499	0	0	134	0	0	418	0	0	0	0	0	84	1	0	281	0	0	3	0	265	11	10	0	18	2	0	0	0	0	29	1	0	0	154	11	204	0	3	0	16	157	0	0	0	1	0	524	5	0	0	0	9	5	0	4	47
0	0	0	1	9	0	0	0	0	0	0	0	0	23	3	408	1	0	0	161	0	0	0	0	0	0	0	0	0	0	0	2	12	0	3	0	0	0	3	0	0	0	173	2	0	1272	0	0	0	0	0	0	0	1	1	62	0	0	0	2	0	0	28	11	41	0	116	113	0	0	0	0	0	6	0
0	0	0	74	4	0	3	0	0	0	0	0	0	0	50	0	0	0	107	0	474	0	0	0	181	0	0	0	84	0	0	0	0	22	0	0	0	0	0	0	0	0	0	5	0	2	0	0	0	0	0	0	0	54	0	0	0	0	0	96	0	0	0	0	0	9	7	0	0	0	2	0	0	4	96
0	0	0	4	52	0	5	0	0	1026	0	0	0	0	0	23	0	0	239	0	144	0	0	0	48	0	0	0	1	2	0	0	0	20	0	0	0	0	0	0	0	70	4	851	0	0	0	0	0	0	11	0	0	0	94	0	0	0	0	168	0	0	0	0	0	453	222	0	0	0	2	2	0	52	0
0	0	0	5	19	0	0	0	0	6	0	0	0	64	0	461	0	0	9	132	4	0	0	0	8	0	0	0	0	12	0	0	0	2	32	0	0	0	0	0	0	10	296	4	0	846	0	0	0	0	0	0	0	0	1	4	0	0	0	0	0	0	0	0	324	10	3	112	0	12	0	0	4	19	2
0	0	10	38	31	0	11	2	0	2	194	0	0	0	150	133	2	44	401	149	170	88	0	0	379	0	0	0	281	0	22	20	2	0	0	0	0	0	46	0	150	0	165	303	0	158	0	0	2	0	23	0	2	17	195	0	5	0	194	33	0	0	0	0	0	494	292	1	0	0	10	20	0	17	187
0	0	19	0	4	0	0	0	9	0	0	37	0	0	0	52	0	0	1	0	0	0	0	0	0	0	0	0	0	3	0	0	32	0	0	0	13	0	0	0	0	0	1	0	0	1	0	0	0	0	0	0	24	0	0	151	0	0	0	25	0	0	157	10	6	0	0	6	0	0	0	0	4	27	0
0	0	0	0	0	0	0	0	0	0	0	0	0	0	0	0	0	0	0	0	0	0	0	0	0	0	0	0	0	0	0	0	0	0	0	0	0	0	0	0	0	0	0	0	0	0	0	0	0	0	0	0	0	0	0	0	0	0	0	0	0	0	0	0	0	0	0	0	0	0	0	0	0	0	0
0	0	0	5	71	0	0	0	0	1	0	0	0	47	0	22	0	0	16	0	0	0	0	0	1	0	4	0	3	0	0	0	0	0	13	0	0	0	0	0	0	0	4	1	0	1928	0	0	0	0	0	0	0	0	0	0	0	0	0	0	0	0	0	0	590	8	6	466	0	42	0	1	0	71	1
0	0	0	0	0	0	0	0	0	0	0	0	0	0	0	0	0	0	0	0	0	0	0	0	0	0	0	0	0	0	0	0	0	0	0	0	0	0	0	0	0	0	0	0	0	0	0	0	0	0	0	0	0	0	0	0	0	0	0	0	0	0	0	0	0	0	0	0	0	0	0	0	0	0	0
0	2	0	2	50	4	2	15	0	569	0	0	0	0	42	86	0	0	669	0	16	0	0	0	615	0	0	0	265	3	0	0	0	46	0	0	0	0	0	0	0	0	35	1245	0	14	0	0	0	0	13	0	0	0	199	0	1	0	0	208	0	0	0	0	2	1223	264	0	0	0	9	4	0	47	95
0	2	0	36	41	0	1	0	0	944	0	0	0	5	0	25	0	0	20	0	0	0	0	0	25	0	0	0	11	0	0	0	0	0	0	0	0	0	0	0	0	3	7	718	0	4	0	0	0	0	5	0	0	13	1	0	0	0	0	505	0	0	0	0	6	71	19	90	0	2	0	2	0	38	4
0	12	0	21	17	2	0	0	0	14	0	0	0	42	17	34	0	0	98	25	262	0	0	0	95	4	0	0	10	0	0	0	0	150	0	0	0	0	0	0	0	0	17	82	0	154	0	0	0	0	0	0	0	6	24	0	0	0	0	223	0	0	0	0	4	122	59	34	0	5	2	1	1	30	443
0	0	0	0	62	0	0	0	20	639	0	0	0	0	0	0	0	0	0	0	0	0	0	0	0	0	0	0	0	0	0	70	10	0	0	0	0	0	0	3	0	0	0	9	0	0	0	0	0	16	3	0	0	0	0	0	0	0	0	4	0	0	0	86	83	0	0	18	0	7	0	18	21	1	0
0	43	65	255	23	0	268	0	0	40	360	0	0	26	343	773	0	22	12	90	14	0	0	0	20	0	0	0	18	173	0	4	296	165	1	0	4	0	35	7	17	0	0	125	0	1504	0	0	100	0	4	0	7	0	20	93	42	0	9	42	0	0	14	0	25	27	630	45	0	2	190	7	0	19	429
0	0	120	43	1142	0	29	45	1	1270	3	0	2	0	0	19	0	138	176	0	12	1	0	0	71	0	0	0	2	2	5	851	4	303	0	0	1	0	1245	718	82	9	125	0	0	0	0	0	5	40	172	0	47	0	573	0	1	0	36	951	0	0	1	337	0	211	137	2	0	0	68	589	3	261	3
0	0	0	0	0	0	0	0	0	0	0	0	0	327	0	1	0	0	5	0	0	0	0	0	0	1	0	0	0	0	0	0	0	0	0	0	0	0	0	0	0	0	0	0	0	0	0	0	0	0	0	0	0	0	0	0	0	0	0	0	0	0	0	0	0	0	0	0	0	1	0	0	0	0	0
0	0	0	96	49	0	139	0	0	506	704	0	0	296	876	1730	17	0	7	227	0	0	0	0	4	0	0	0	0	1272	2	0	846	158	1	0	1928	0	14	4	154	0	1504	0	0	0	4	0	0	0	0	0	0	0	10	816	0	0	66	11	0	0	2160	134	294	10	37	399	0	50	18	0	28	49	1029
0	0	0	0	0	0	0	0	0	0	0	0	0	0	0	0	0	0	0	0	0	0	0	0	0	0	0	0	0	0	0	0	0	0	0	0	0	0	0	0	0	0	0	0	0	4	0	0	0	0	0	0	0	0	0	0	0	0	0	0	0	0	0	1	0	0	0	1	0	0	0	0	0	0	0
0	0	0	0	0	0	0	0	0	0	0	0	0	0	0	0	0	0	0	0	0	0	0	0	0	0	0	0	0	0	0	0	0	0	0	0	0	0	0	0	0	0	0	0	0	0	0	0	0	0	0	0	0	0	0	0	0	0	0	0	0	0	0	0	0	0	0	0	0	0	0	0	0	0	0
0	84	0	185	11	12	1	4	0	0	0	0	0	4	8	0	0	0	22	0	0	0	0	0	35	0	0	0	29	0	0	0	0	2	0	0	0	0	0	0	0	0	100	5	0	0	0	0	0	0	0	0	0	4	3	0	3	0	0	12	0	0	0	0	5	49	104	7	0	1	0	0	0	11	86
0	0	0	0	1	0	0	0	0	9	0	0	0	0	0	0	0	0	0	0	0	0	0	0	0	0	0	0	1	0	0	0	0	0	0	0	0	0	0	0	0	16	0	40	0	0	0	0	0	0	0	0	0	0	0	0	0	0	0	3	0	0	0	0	12	0	1	29	0	0	0	0	0	1	1
0	0	9	0	17	0	0	0	0	0	0	0	0	0	1	0	0	9	0	0	227	2	0	0	2	0	0	0	0	0	0	11	0	23	0	0	0	0	13	5	0	3	4	172	0	0	0	0	0	0	0	0	2	0	2	0	0	0	0	5	0	0	0	0	0	0	0	0	0	0	5	7	0	8	1
0	0	0	0	0	0	0	0	0	0	0	0	0	0	0	0	0	0	0	0	0	0	0	0	0	0	0	0	0	0	0	0	0	0	0	0	0	0	0	0	0	0	0	0	0	0	0	0	0	0	0	0	0	0	0	0	0	0	0	0	0	0	0	0	0	0	0	0	0	0	0	0	0	0	0
0	282	0	119	6	3	27	0	0	0	0	0	0	0	82	21	0	0	156	0	2	0	0	0	158	0	0	0	154	0	0	0	0	2	24	0	0	0	0	0	0	0	7	47	0	0	0	0	0	0	2	0	0	153	4	0	106	0	0	62	0	0	0	0	1	62	277	0	0	4	0	0	0	6	6
0	149	10	0	0	0	0	2	0	0	7	0	0	0	9	0	0	59	10	0	0	86	0	0	6	0	0	0	11	1	54	0	0	17	0	0	0	0	0	13	6	0	0	0	0	0	0	0	4	0	0	0	153	0	3	0	40	0	151	4	0	0	0	0	0	2	2	0	0	4	0	2	0	0	1
0	2	34	1	18	0	4	20	0	15	1	0	0	3	131	81	0	99	373	0	2	1	0	0	580	0	0	0	204	1	0	94	1	195	0	0	0	0	199	1	24	0	20	573	0	10	0	0	3	0	2	0	4	3	0	1	1	0	10	35	0	0	0	0	3	952	160	14	0	0	10	60	3	20	135
0	0	0	0	5	0	0	0	0	0	0	49	0	12	0	437	6	0	2	100	0	0	0	0	2	0	8	0	0	62	0	0	4	0	151	0	0	0	0	0	0	0	93	0	0	816	0	0	0	0	0	0	0	0	1	0	0	0	0	0	1	0	106	0	15	1	11	1	0	0	0	0	0	5	0
0	803	66	0	1	0	0	0	0	0	51	0	0	0	76	0	0	2	0	0	0	0	0	0	1	0	0	0	3	0	0	0	0	5	0	0	0	0	1	0	0	0	42	1	0	0	0	0	3	0	0	0	106	40	1	0	0	0	113	0	0	0	0	0	0	3	63	0	0	0	0	0	0	0	1
0	0	0	0	0	0	0	0	0	0	0	0	0	0	0	0	0	0	0	0	0	0	0	0	0	0	0	0	0	0	0	0	0	0	0	0	0	0	0	0	0	0	0	0	0	0	0	0	0	0	0	0	0	0	0	0	0	0	0	0	0	0	0	0	0	0	0	0	0	0	0	0	0	0	0
0	338	0	27	1	8	12	0	0	0	0	0	0	0	48	18	0	2	177	26	46	2	0	0	112	0	4	0	16	0	0	0	0	194	0	0	0	0	0	0	0	0	9	36	0	66	0	0	0	0	0	0	0	151	10	0	113	0	0	41	0	0	0	0	4	103	59	0	0	1	0	0	0	1	456
0	4	11	58	227	0	0	37	0	342	23	0	0	1	111	24	0	28	132	0	41	12	0	0	167	0	0	0	157	2	96	168	0	33	25	0	0	0	208	505	223	4	42	951	0	11	0	0	12	3	5	0	62	4	35	0	0	0	41	0	0	0	1	113	0	427	57	7	0	2	3	11	0	127	13
0	0	0	0	0	0	0	0	0	0	0	0	0	0	0	0	0	0	0	0	0	0	0	0	0	0	0	0	0	0	0	0	0	0	0	0	0	0	0	0	0	0	0	0	0	0	0	0	0	0	0	0	0	0	0	1	0	0	0	0	0	0	0	0	0	1	0	0	0	0	0	0	0	0	0
0	0	0	0	0	0	0	0	0	0	0	0	0	0	0	0	0	0	0	0	0	0	0	0	0	0	0	0	0	0	0	0	0	0	0	0	0	0	0	0	0	0	0	0	0	0	0	0	0	0	0	0	0	0	0	0	0	0	0	0	0	0	0	0	0	0	0	0	0	0	0	0	0	0	0
0	2	0	1	7	0	1	0	0	0	0	0	0	22	0	391	0	0	0	157	0	0	0	0	0	0	0	0	0	28	0	0	0	0	157	0	0	0	0	0	0	0	14	1	0	2160	0	0	0	0	0	0	0	0	0	106	0	0	0	1	0	0	0	0	59	17	0	43	0	41	0	0	0	7	18
0	0	0	1	57	0	0	0	0	1965	0	0	0	21	0	16	1	0	1	0	0	0	0	0	1	0	0	0	1	11	0	0	0	0	10	0	0	0	0	0	0	86	0	337	0	134	1	0	0	0	0	0	0	0	0	0	0	0	0	113	0	0	0	0	102	1	3	533	0	50	0	0	13	57	1
0	0	32	1	10	0	0	0	219	1233	0	0	0	9	0	24	60	1	0	0	2	0	0	0	0	1	0	0	0	41	0	0	324	0	6	0	590	0	2	6	4	83	25	0	0	294	0	0	5	12	0	0	1	0	3	15	0	0	4	0	0	0	59	102	0	29	6	1149	0	4	19	0	67	66	1
0	10	114	7	2	0	3	139	9	0	103	1	0	0	146	10	1	254	1139	19	2	18	0	0	945	0	0	0	524	0	9	453	10	494	0	0	8	0	1223	71	122	0	27	211	0	10	0	0	49	0	0	0	62	2	952	1	3	0	103	427	1	0	17	1	29	0	238	26	0	1	8	489	0	11	135
0	199	249	46	105	0	147	1	2	6	275	0	1	10	176	297	0	87	59	0	43	19	0	0	86	0	0	0	5	116	7	222	3	292	0	0	6	0	264	19	59	0	630	137	0	37	0	0	104	1	0	0	277	2	160	11	63	0	59	57	0	0	0	3	6	238	0	20	0	1	135	259	2	42	41
0	1	0	2	35	0	0	0	37	433	0	0	0	23	0	39	3	13	4	2	0	0	0	0	21	0	17	0	0	113	0	0	112	1	6	0	466	0	0	90	34	18	45	2	0	399	1	0	7	29	0	0	0	0	14	1	0	0	0	7	0	0	43	533	1149	26	20	0	0	2	0	1	147	156	60
0	0	0	0	0	0	0	0	0	0	0	0	0	0	0	0	0	0	0	0	0	0	0	0	0	0	0	0	0	0	0	0	0	0	0	0	0	0	0	0	0	0	0	0	0	0	0	0	0	0	0	0	0	0	0	0	0	0	0	0	0	0	0	0	0	0	0	0	0	0	0	0	0	0	0
0	0	0	0	4	0	0	0	15	0	0	0	0	70	1	0	0	1	0	0	32	0	0	0	0	0	0	0	0	0	0	0	12	0	0	0	42	0	0	2	5	7	2	0	1	50	0	0	1	0	0	0	4	4	0	0	0	0	1	2	0	0	41	50	4	1	1	2	0	0	0	0	18	26	1
0	0	9	41	15	27	26	0	0	0	1	0	0	0	16	257	0	4	10	30	22	0	0	0	7	0	10	0	9	0	2	2	0	10	0	0	0	0	9	0	2	0	190	68	0	18	0	0	0	0	5	0	0	0	10	0	0	0	0	3	0	0	0	0	19	8	135	0	0	0	0	13	2	9	62
0	0	3	0	16	0	0	0	0	0	0	0	0	0	38	67	0	0	24	0	70	0	0	0	346	0	114	0	5	0	0	2	0	20	0	0	1	0	4	2	1	18	7	589	0	0	0	0	0	0	7	0	0	2	60	0	0	0	0	11	0	0	0	0	0	489	259	1	0	0	13	0	2	17	2
0	0	0	0	12	0	0	0	0	228	0	0	0	7	0	0	0	0	0	0	0	0	0	0	0	1	6	0	0	0	0	0	4	0	4	0	0	0	0	0	1	21	0	3	0	28	0	0	0	0	0	0	0	0	3	0	0	0	0	0	0	0	0	13	67	0	2	147	0	18	2	2	0	12	0
0	2	9	30	33	0	11	1	18	333	0	7	0	50	2	16	2	35	72	4	30	1	0	0	22	1	55	0	4	6	4	52	19	17	27	0	71	0	47	38	30	1	19	261	0	49	0	0	11	1	8	0	6	0	20	5	0	0	1	127	0	0	7	57	66	11	42	156	0	26	9	17	12	0	12
0	2	10	246	2	0	227	0	1	0	397	1	0	4	468	2	0	96	73	1	1	139	0	0	13	0	0	0	47	0	96	0	2	187	0	0	1	0	95	4	443	0	429	3	0	1029	0	0	86	1	1	0	6	1	135	0	1	0	456	13	0	0	18	1	1	135	41	60	0	1	62	2	0	12	0
