0	0	0	0	0	0	0	0	0	0	0	0	0	0	0	0	0	0	0	0	0	0	0	0	0	0	0	0	0	0	0	0	0	0	0	0	0	0	0	0	0	0	0	0	0	0	0	0	0	0	0	0	0	0	0	0	0	0	0	0	0	0	0	0	0	0	0	0	0	0	0	0	0	0	0
0	0	70	0	0	0	0	0	0	0	0	0	0	0	0	0	0	7	0	0	0	12	0	0	0	0	0	11	31	0	0	0	0	0	0	0	0	0	0	0	2	0	0	0	0	0	0	0	2	0	0	0	14	8	0	0	370	0	40	0	0	0	0	0	0	0	16	0	0	0	0	0	0	0	0
0	70	0	0	0	0	0	0	0	0	0	0	0	0	0	0	0	30	1	0	6	33	0	0	0	0	0	7	0	8	0	0	0	65	0	4	0	0	0	0	3	0	275	1	0	0	0	2	0	0	0	0	90	0	3	0	301	0	0	2	0	2	0	0	0	0	236	0	0	0	182	2	0	0	0
0	0	0	0	0	0	100	2	6	0	228	0	0	0	0	25	0	0	6	0	0	315	4	0	0	0	0	18	0	9	141	0	0	42	0	1	26	0	0	0	9	0	420	0	0	102	0	0	250	0	0	0	114	2	0	0	45	4	0	8	0	0	0	0	0	0	177	0	0	0	0	0	0	0	0
0	0	0	0	0	1	0	0	0	0	0	0	0	0	0	0	0	0	0	0	0	0	0	0	0	0	0	0	0	0	0	0	0	0	0	4	0	0	0	0	1	0	0	1	0	0	0	0	0	0	0	0	0	0	0	0	0	0	0	3	0	0	0	0	0	0	0	0	0	0	0	0	0	0	0
0	0	0	0	1	0	0	0	0	0	0	0	0	1	0	12	0	181	0	4	431	0	0	0	3	0	14	2	0	53	48	0	0	158	0	1	0	0	0	91	371	0	257	17	0	1	0	0	0	0	4	0	1	1	1	0	0	0	0	3	0	1	0	0	1	0	17	0	0	0	0	4	0	0	0
0	0	0	100	0	0	0	0	0	0	10	0	0	0	0	5	0	1	0	0	0	1	0	0	0	0	0	0	0	0	3	0	0	8	0	0	2	0	0	0	1	0	40	0	0	1	0	0	6	0	0	0	4	0	0	0	0	0	0	0	0	0	0	0	0	0	8	0	0	0	5	0	0	0	0
0	0	0	2	0	0	0	0	0	0	0	0	0	0	0	1	0	8	421	0	0	8	0	0	28	0	0	31	7	6	2	7	0	222	0	0	0	0	0	52	71	0	0	62	0	0	0	35	0	0	0	0	18	80	334	0	9	0	0	159	0	2	4	0	0	918	15	0	0	0	0	511	0	0	0
0	0	0	6	0	0	0	0	0	0	0	0	0	0	0	2	0	0	0	0	206	0	0	0	0	0	0	0	0	8	0	0	0	6	2	0	0	0	0	0	0	0	1	0	0	0	0	0	0	0	0	0	0	0	0	0	0	0	0	0	0	0	0	0	1	0	0	4	0	0	1	0	0	0	0
0	0	0	0	0	0	0	0	0	0	0	0	0	0	0	0	0	0	0	0	0	0	0	0	0	0	0	0	0	0	0	0	0	0	0	1	0	0	0	0	0	1	0	0	0	1	0	0	0	0	0	0	0	0	0	0	0	0	0	0	0	0	0	1	1	0	0	1	0	0	1	0	0	0	0
0	0	0	228	0	0	10	0	0	0	0	0	0	0	0	147	0	1	0	7	0	9	0	0	1	0	0	0	6	40	2	0	0	124	0	0	0	0	0	0	126	0	444	0	0	0	0	0	0	0	0	0	0	1	0	0	147	4	0	0	0	0	0	0	0	0	55	0	0	0	95	0	0	0	0
0	0	0	0	0	0	0	0	0	0	0	0	0	0	0	2	0	0	0	51	0	0	0	0	0	0	0	0	0	130	0	0	0	0	8	0	0	0	0	0	1	0	0	0	0	0	0	0	0	0	0	0	0	0	0	0	0	4	0	1	0	0	0	0	0	0	0	0	0	0	0	0	3	0	0
0	0	0	0	0	0	0	0	0	0	0	0	0	0	0	0	0	0	0	1	0	0	0	0	0	0	0	0	0	0	0	0	0	4	0	1	0	0	0	9	0	0	0	2	0	0	0	0	0	0	0	0	0	0	4	0	0	0	0	0	0	0	0	0	1	5	13	0	0	0	0	2	0	0	0
0	0	0	0	0	1	0	0	0	0	0	0	0	0	0	10	4	0	0	0	0	0	0	0	0	0	6	0	0	48	0	0	0	0	0	0	1	0	0	0	2	0	1	0	18	7	0	0	0	0	0	0	0	0	1	0	0	2	0	8	0	2	0	1	1	0	0	2	0	0	0	0	5	0	0
0	0	0	0	0	0	0	0	0	0	0	0	0	0	0	0	0	0	0	0	0	0	0	0	0	0	0	0	0	0	0	0	0	0	0	0	0	0	0	0	0	0	0	0	0	0	0	0	0	0	0	0	0	0	0	0	0	0	0	0	0	0	0	0	0	0	0	0	0	0	0	0	0	0	0
0	0	0	25	0	12	5	1	2	0	147	2	0	10	0	0	3	0	0	325	0	1	4	1	0	0	6	0	0	430	0	0	74	144	0	0	1	0	0	1	10	0	448	0	0	171	1	0	9	0	1	0	0	0	0	93	0	40	0	1	0	0	104	0	0	0	101	16	0	0	120	3	1	0	0
0	0	0	0	0	0	0	0	0	0	0	0	0	4	0	3	0	1	0	81	0	0	0	35	0	0	128	0	0	164	0	0	0	2	10	0	0	0	0	0	11	4	1	1	0	0	0	0	0	0	0	0	0	0	3	35	0	19	0	0	0	0	1	0	2	0	0	0	0	0	0	0	0	0	0
0	7	30	0	0	181	1	8	0	0	1	0	0	0	0	0	1	0	5	2	204	148	3	0	5	2	29	282	7	15	172	0	11	132	4	1	0	0	0	11	719	0	24	25	0	2	3	0	0	0	4	0	0	36	28	0	8	2	0	5	0	1	0	0	1	3	8	6	0	0	2	24	0	0	0
0	0	1	6	0	0	0	421	0	0	0	0	0	0	0	0	0	5	0	1	2	2	0	0	21	0	0	0	11	3	8	0	0	0	0	0	0	0	0	23	54	0	1	7	0	0	0	0	0	0	0	0	0	5	7	0	3	0	1	23	0	0	0	0	1	153	0	0	0	0	0	0	0	0	0
0	0	0	0	0	4	0	0	0	0	7	51	1	0	0	325	81	2	1	0	1	0	0	1	0	0	0	0	0	254	0	0	14	67	0	0	2	0	0	3	2	0	153	0	1	75	0	0	0	0	0	0	0	0	0	97	0	39	0	0	0	5	10	2	1	0	3	3	0	0	0	0	11	0	0
0	0	6	0	0	431	0	0	206	0	0	0	0	0	0	0	0	204	2	1	0	0	2	0	1	0	0	211	6	85	276	6	24	196	0	477	0	0	0	20	780	0	102	2	0	18	5	0	0	0	174	0	0	1	1	0	2	0	0	32	0	60	0	0	0	0	3	0	0	0	76	113	2	0	0
0	12	33	315	0	0	1	8	0	0	9	0	0	0	0	1	0	148	2	0	0	0	0	0	7	0	0	72	274	6	127	0	0	82	0	0	1	0	0	2	258	0	0	0	0	0	0	0	49	0	5	0	193	195	2	0	353	0	0	2	0	0	0	0	0	0	2	0	0	0	0	32	0	0	0
0	0	0	4	0	0	0	0	0	0	0	0	0	0	0	4	0	3	0	0	2	0	0	0	0	0	0	0	0	10	0	0	0	30	0	1	0	0	0	0	0	0	12	0	0	0	0	0	0	0	0	0	0	0	0	0	0	0	0	0	0	0	0	0	0	0	2	0	0	0	0	0	0	0	0
0	0	0	0	0	0	0	0	0	0	0	0	0	0	0	1	35	0	0	1	0	0	0	0	0	0	0	0	0	12	0	0	2	0	16	0	0	0	0	0	0	0	0	0	0	1	0	0	0	0	0	7	0	0	0	36	0	9	0	0	0	0	22	0	0	0	0	0	0	0	0	0	0	0	0
0	0	0	0	0	3	0	28	0	0	1	0	0	0	0	0	0	5	21	0	1	7	0	0	0	0	0	5	0	2	8	0	0	2	1	1	0	0	0	0	5	0	0	0	0	0	0	0	2	0	0	0	7	10	6	0	1	0	0	0	0	0	0	0	0	26	1	0	0	0	0	10	0	0	0
0	0	0	0	0	0	0	0	0	0	0	0	0	0	0	0	0	2	0	0	0	0	0	0	0	0	0	0	0	1	0	0	0	0	0	0	0	0	0	0	0	0	0	0	0	0	0	0	0	0	0	0	0	0	0	0	0	0	0	0	0	0	0	0	0	0	0	1	0	0	0	0	1	0	0
0	0	0	0	0	14	0	0	0	0	0	0	0	6	0	6	128	29	0	0	0	0	0	0	0	0	0	0	0	6	0	0	8	0	2	31	478	0	0	0	2	381	14	0	0	4	0	0	0	2	0	0	0	0	0	2	0	0	0	34	0	8	4	654	262	3	0	422	0	0	6	2	126	0	0
0	11	7	18	0	2	0	31	0	0	0	0	0	0	0	0	0	282	0	0	211	72	0	0	5	0	0	0	0	24	13	0	0	38	0	0	0	0	0	0	414	0	20	7	0	0	2	0	0	0	0	0	0	12	18	0	3	5	0	0	0	0	0	0	0	0	9	0	0	0	0	1	0	0	0
0	31	0	0	0	0	0	7	0	0	6	0	0	0	0	0	0	7	11	0	6	274	0	0	0	0	0	0	0	0	5	0	0	0	0	0	0	0	0	0	3	0	0	0	0	0	0	5	8	0	0	0	289	144	0	0	69	0	11	0	0	0	0	0	0	7	1	0	0	0	0	4	0	0	0
0	0	8	9	0	53	0	6	8	0	40	130	0	48	0	430	164	15	3	254	85	6	10	12	2	1	6	24	0	0	30	0	225	126	86	81	33	0	0	19	20	2	429	82	3	540	1	3	14	1	42	3	19	4	10	390	0	320	0	59	0	3	226	43	31	7	194	115	0	0	3	39	74	0	0
0	0	0	141	0	48	3	2	0	0	2	0	0	0	0	0	0	172	8	0	276	127	0	0	8	0	0	13	5	30	0	0	0	2	0	1	0	0	0	92	646	0	7	0	0	0	6	0	12	0	0	0	28	14	0	0	0	0	0	15	0	0	0	0	0	0	0	0	0	0	0	1	0	0	0
0	0	0	0	0	0	0	7	0	0	0	0	0	0	0	0	0	0	0	0	6	0	0	0	0	0	0	0	0	0	0	0	0	0	0	72	0	0	0	29	0	40	0	115	0	0	0	0	0	0	0	0	0	0	9	0	0	0	0	1	0	0	0	0	0	38	0	0	0	0	0	0	0	0	0
0	0	0	0	0	0	0	0	0	0	0	0	0	0	0	74	0	11	0	14	24	0	0	2	0	0	8	0	0	225	0	0	0	0	1	6	0	0	0	2	0	3	198	0	0	0	0	0	0	0	0	0	0	0	0	0	0	9	0	7	0	0	0	0	21	0	0	0	0	0	18	0	25	0	0
0	0	65	42	0	158	8	222	6	0	124	0	4	0	0	144	2	132	0	67	196	82	30	0	2	0	0	38	0	126	2	0	0	0	0	2	0	0	0	44	323	0	369	19	0	124	4	4	4	0	2	0	4	21	7	0	11	0	0	0	0	2	0	0	0	4	179	2	0	0	166	48	0	0	0
0	0	0	0	0	0	0	0	2	0	0	8	0	0	0	0	10	4	0	0	0	0	0	16	1	0	2	0	0	86	0	0	1	0	0	0	0	0	0	0	0	1	0	0	0	2	0	0	0	0	0	0	0	0	0	12	3	1	0	0	0	1	3	0	2	0	0	1	0	0	0	0	1	0	0
0	0	4	1	4	1	0	0	0	1	0	0	1	0	0	0	0	1	0	0	477	0	1	0	1	0	31	0	0	81	1	72	6	2	0	0	0	0	0	263	28	499	17	436	0	0	1	3	0	0	56	0	0	0	21	0	0	0	0	201	0	0	0	213	1	0	2	0	0	0	1	60	0	0	0
0	0	0	26	0	0	2	0	0	0	0	0	0	1	0	1	0	0	0	2	0	1	0	0	0	0	478	0	0	33	0	0	0	0	0	0	0	0	0	1	4	0	0	4	0	2	0	0	0	0	0	0	0	0	0	0	0	3	0	0	0	0	0	0	58	0	0	35	0	0	0	0	0	0	0
0	0	0	0	0	0	0	0	0	0	0	0	0	0	0	0	0	0	0	0	0	0	0	0	0	0	0	0	0	0	0	0	0	0	0	0	0	0	0	0	0	0	0	0	0	0	0	0	0	0	0	0	0	0	0	0	0	0	0	0	0	0	0	0	0	0	0	0	0	0	0	0	0	0	0
0	0	0	0	0	0	0	0	0	0	0	0	0	0	0	0	0	0	0	0	0	0	0	0	0	0	0	0	0	0	0	0	0	0	0	0	0	0	0	0	0	0	0	0	0	0	0	0	0	0	0	0	0	0	0	0	0	0	0	0	0	0	0	0	0	0	0	0	0	0	0	0	0	0	0
0	0	0	0	0	91	0	52	0	0	0	0	9	0	0	1	0	11	23	3	20	2	0	0	0	0	0	0	0	19	92	29	2	44	0	263	1	0	0	0	307	80	31	190	0	22	1	0	1	0	77	0	2	1	0	0	0	12	0	470	0	1	0	106	1	15	10	3	0	0	13	101	2	0	0
0	2	3	9	1	371	1	71	0	0	126	1	0	2	0	10	11	719	54	2	780	258	0	0	5	0	2	414	3	20	646	0	0	323	0	28	4	0	0	307	0	0	88	7	0	142	2	2	24	0	83	0	49	65	5	0	18	3	22	334	0	158	7	0	16	4	60	54	0	0	0	145	0	0	0
0	0	0	0	0	0	0	0	0	1	0	0	0	0	0	0	4	0	0	0	0	0	0	0	0	0	381	0	0	2	0	40	3	0	1	499	0	0	0	80	0	0	0	137	0	0	0	0	0	1	0	0	0	0	0	0	0	0	0	28	0	0	0	406	2	1	0	0	0	0	0	0	43	0	0
0	0	275	420	0	257	40	0	1	0	444	0	0	1	0	448	1	24	1	153	102	0	12	0	0	0	14	20	0	429	7	0	198	369	0	17	0	0	0	31	88	0	0	26	0	137	0	0	114	0	5	0	0	1	9	76	11	25	0	4	0	2	16	3	1	1	405	14	0	0	313	12	5	0	0
0	0	1	0	1	17	0	62	0	0	0	0	2	0	0	0	1	25	7	0	2	0	0	0	0	0	0	7	0	82	0	115	0	19	0	436	4	0	0	190	7	137	26	0	0	0	1	0	0	1	49	1	1	0	26	0	0	0	0	406	0	1	0	91	0	1	11	2	0	0	8	136	0	0	0
0	0	0	0	0	0	0	0	0	0	0	0	0	18	0	0	0	0	0	1	0	0	0	0	0	0	0	0	0	3	0	0	0	0	0	0	0	0	0	0	0	0	0	0	0	0	0	0	0	0	0	0	0	0	0	0	0	0	0	0	0	0	0	0	0	0	0	2	0	0	0	0	0	0	0
0	0	0	102	0	1	1	0	0	1	0	0	0	7	0	171	0	2	0	75	18	0	0	1	0	0	4	0	0	540	0	0	0	124	2	0	2	0	0	22	142	0	137	0	0	0	1	0	0	0	0	0	0	0	0	0	1	24	0	0	0	0	0	0	7	0	0	0	0	0	0	0	1	0	0
0	0	0	0	0	0	0	0	0	0	0	0	0	0	0	1	0	3	0	0	5	0	0	0	0	0	0	2	0	1	6	0	0	4	0	1	0	0	0	1	2	0	0	1	0	1	0	0	0	0	3	0	1	0	0	0	0	0	0	1	0	1	0	0	0	0	1	0	0	0	0	2	0	0	0
0	0	2	0	0	0	0	35	0	0	0	0	0	0	0	0	0	0	0	0	0	0	0	0	0	0	0	0	5	3	0	0	0	4	0	3	0	0	0	0	2	0	0	0	0	0	0	0	0	0	0	0	0	2	0	0	0	0	0	0	0	0	0	0	0	0	0	0	0	0	0	0	0	0	0
0	2	0	250	0	0	6	0	0	0	0	0	0	0	0	9	0	0	0	0	0	49	0	0	2	0	0	0	8	14	12	0	0	4	0	0	0	0	0	1	24	0	114	0	0	0	0	0	0	0	0	0	0	8	0	0	266	0	0	2	0	0	0	0	0	0	32	0	0	0	5	0	0	0	0
0	0	0	0	0	0	0	0	0	0	0	0	0	0	0	0	0	0	0	0	0	0	0	0	0	0	2	0	0	1	0	0	0	0	0	0	0	0	0	0	0	1	0	1	0	0	0	0	0	0	0	0	0	0	0	0	0	0	0	0	0	0	0	0	0	0	0	0	0	0	0	0	0	0	0
0	0	0	0	0	4	0	0	0	0	0	0	0	0	0	1	0	4	0	0	174	5	0	0	0	0	0	0	0	42	0	0	0	2	0	56	0	0	0	77	83	0	5	49	0	0	3	0	0	0	0	0	0	0	4	0	0	0	0	0	0	0	0	0	0	0	3	0	0	0	2	3	2	0	0
0	0	0	0	0	0	0	0	0	0	0	0	0	0	0	0	0	0	0	0	0	0	0	7	0	0	0	0	0	3	0	0	0	0	0	0	0	0	0	0	0	0	0	1	0	0	0	0	0	0	0	0	0	0	0	0	0	3	0	0	0	0	0	0	0	0	0	0	0	0	0	0	0	0	0
0	14	90	114	0	1	4	18	0	0	0	0	0	0	0	0	0	0	0	0	0	193	0	0	7	0	0	0	289	19	28	0	0	4	0	0	0	0	0	2	49	0	0	1	0	0	1	0	0	0	0	0	0	48	2	0	259	0	0	13	0	0	0	0	0	3	19	0	0	0	0	0	0	0	0
0	8	0	2	0	1	0	80	0	0	1	0	0	0	0	0	0	36	5	0	1	195	0	0	10	0	0	12	144	4	14	0	0	21	0	0	0	0	0	1	65	0	1	0	0	0	0	2	8	0	0	0	48	0	7	0	248	0	5	9	0	0	1	0	0	3	1	0	0	0	0	0	0	0	0
0	0	3	0	0	1	0	334	0	0	0	0	4	1	0	0	3	28	7	0	1	2	0	0	6	0	0	18	0	10	0	9	0	7	0	21	0	0	0	0	5	0	9	26	0	0	0	0	0	0	4	0	2	7	0	0	3	0	0	0	0	5	0	7	0	49	4	3	0	0	0	18	4	0	0
0	0	0	0	0	0	0	0	0	0	0	0	0	0	0	93	35	0	0	97	0	0	0	36	0	0	2	0	0	390	0	0	0	0	12	0	0	0	0	0	0	0	76	0	0	0	0	0	0	0	0	0	0	0	0	0	0	4	0	0	0	0	11	0	0	1	0	0	0	0	0	0	0	0	0
0	370	301	45	0	0	0	9	0	0	147	0	0	0	0	0	0	8	3	0	2	353	0	0	1	0	0	3	69	0	0	0	0	11	3	0	0	0	0	0	18	0	11	0	0	1	0	0	266	0	0	0	259	248	3	0	0	1	0	0	0	0	0	0	0	3	393	0	0	0	8	0	0	0	0
0	0	0	4	0	0	0	0	0	0	4	4	0	2	0	40	19	2	0	39	0	0	0	9	0	0	0	5	0	320	0	0	9	0	1	0	3	0	0	12	3	0	25	0	0	24	0	0	0	0	0	3	0	0	0	4	1	0	0	2	0	0	0	0	3	4	6	26	0	0	4	13	3	0	0
0	40	0	0	0	0	0	0	0	0	0	0	0	0	0	0	0	0	1	0	0	0	0	0	0	0	0	0	11	0	0	0	0	0	0	0	0	0	0	0	22	0	0	0	0	0	0	0	0	0	0	0	0	5	0	0	0	0	0	1	0	0	0	0	0	0	0	0	0	0	0	0	0	0	0
0	0	2	8	3	3	0	159	0	0	0	1	0	8	0	1	0	5	23	0	32	2	0	0	0	0	34	0	0	59	15	1	7	0	0	201	0	0	0	470	334	28	4	406	0	0	1	0	2	0	0	0	13	9	0	0	0	2	1	0	0	0	0	259	0	124	4	11	0	0	1	26	0	0	0
0	0	0	0	0	0	0	0	0	0	0	0	0	0	0	0	0	0	0	0	0	0	0	0	0	0	0	0	0	0	0	0	0	0	0	0	0	0	0	0	0	0	0	0	0	0	0	0	0	0	0	0	0	0	0	0	0	0	0	0	0	0	0	0	0	0	0	0	0	0	0	0	0	0	0
0	0	2	0	0	1	0	2	0	0	0	0	0	2	0	0	0	1	0	5	60	0	0	0	0	0	8	0	0	3	0	0	0	2	1	0	0	0	0	1	158	0	2	1	0	0	1	0	0	0	0	0	0	0	5	0	0	0	0	0	0	0	0	0	10	0	0	0	0	0	9	0	34	0	0
0	0	0	0	0	0	0	4	0	0	0	0	0	0	0	104	1	0	0	10	0	0	0	22	0	0	4	0	0	226	0	0	0	0	3	0	0	0	0	0	7	0	16	0	0	0	0	0	0	0	0	0	0	1	0	11	0	0	0	0	0	0	0	0	10	0	0	2	0	0	0	0	0	0	0
0	0	0	0	0	0	0	0	0	1	0	0	0	1	0	0	0	0	0	2	0	0	0	0	0	0	654	0	0	43	0	0	0	0	0	213	0	0	0	106	0	406	3	91	0	0	0	0	0	0	0	0	0	0	7	0	0	0	0	259	0	0	0	0	0	1	0	12	0	0	0	0	44	0	0
0	0	0	0	0	1	0	0	1	1	0	0	1	1	0	0	2	1	1	1	0	0	0	0	0	0	262	0	0	31	0	0	21	0	2	1	58	0	0	1	16	2	1	0	0	7	0	0	0	0	0	0	0	0	0	0	0	3	0	0	0	10	10	0	0	1	0	53	0	0	4	1	0	0	0
0	0	0	0	0	0	0	918	0	0	0	0	5	0	0	0	0	3	153	0	0	0	0	0	26	0	3	0	7	7	0	38	0	4	0	0	0	0	0	15	4	1	1	1	0	0	0	0	0	0	0	0	3	3	49	1	3	4	0	124	0	0	0	1	1	0	3	0	0	0	2	62	0	0	0
0	16	236	177	0	17	8	15	0	0	55	0	13	0	0	101	0	8	0	3	3	2	2	0	1	0	0	9	1	194	0	0	0	179	0	2	0	0	0	10	60	0	405	11	0	0	1	0	32	0	3	0	19	1	4	0	393	6	0	4	0	0	0	0	0	3	0	0	0	0	196	20	0	0	0
0	0	0	0	0	0	0	0	4	1	0	0	0	2	0	16	0	6	0	3	0	0	0	0	0	1	422	0	0	115	0	0	0	2	1	0	35	0	0	3	54	0	14	2	2	0	0	0	0	0	0	0	0	0	3	0	0	26	0	11	0	0	2	12	53	0	0	0	0	0	18	0	10	0	0
0	0	0	0	0	0	0	0	0	0	0	0	0	0	0	0	0	0	0	0	0	0	0	0	0	0	0	0	0	0	0	0	0	0	0	0	0	0	0	0	0	0	0	0	0	0	0	0	0	0	0	0	0	0	0	0	0	0	0	0	0	0	0	0	0	0	0	0	0	0	0	0	0	0	0
0	0	0	0	0	0	0	0	0	0	0	0	0	0	0	0	0	0	0	0	0	0	0	0	0	0	0	0	0	0	0	0	0	0	0	0	0	0	0	0	0	0	0	0	0	0	0	0	0	0	0	0	0	0	0	0	0	0	0	0	0	0	0	0	0	0	0	0	0	0	0	0	0	0	0
0	0	182	0	0	0	5	0	1	1	95	0	0	0	0	120	0	2	0	0	76	0	0	0	0	0	6	0	0	3	0	0	18	166	0	1	0	0	0	13	0	0	313	8	0	0	0	0	5	0	2	0	0	0	0	0	8	4	0	1	0	9	0	0	4	2	196	18	0	0	0	0	15	0	0
0	0	2	0	0	4	0	511	0	0	0	0	2	0	0	3	0	24	0	0	113	32	0	0	10	0	2	1	4	39	1	0	0	48	0	60	0	0	0	101	145	0	12	136	0	0	2	0	0	0	3	0	0	0	18	0	0	13	0	26	0	0	0	0	1	62	20	0	0	0	0	0	0	0	0
0	0	0	0	0	0	0	0	0	0	0	3	0	5	0	1	0	0	0	11	2	0	0	0	0	1	126	0	0	74	0	0	25	0	1	0	0	0	0	2	0	43	5	0	0	1	0	0	0	0	2	0	0	0	4	0	0	3	0	0	0	34	0	44	0	0	0	10	0	0	15	0	0	0	0
0	0	0	0	0	0	0	0	0	0	0	0	0	0	0	0	0	0	0	0	0	0	0	0	0	0	0	0	0	0	0	0	0	0	0	0	0	0	0	0	0	0	0	0	0	0	0	0	0	0	0	0	0	0	0	0	0	0	0	0	0	0	0	0	0	0	0	0	0	0	0	0	0	0	0
0	0	0	0	0	0	0	0	0	0	0	0	0	0	0	0	0	0	0	0	0	0	0	0	0	0	0	0	0	0	0	0	0	0	0	0	0	0	0	0	0	0	0	0	0	0	0	0	0	0	0	0	0	0	0	0	0	0	0	0	0	0	0	0	0	0	0	0	0	0	0	0	0	0	0
