0	0	0	0	0	0	0	0	0	0	0	0	0	0	0	0	0	0	0	0	0	0	0	0	0	0	0	0	0	0	0	0	0	0	0	0	0	0	0	0	0	0	0	0	0	0	0	0	0	0	0	0	0	0	0	0	0	0	0	0	0	0	0	0	0	0	0	0	0	0	0	0	0	0	0
0	0	123	6	1	0	0	0	0	0	0	0	0	0	6	0	0	0	28	0	0	0	0	0	2	0	0	0	215	0	0	0	0	0	0	0	0	0	0	0	0	0	0	0	0	0	0	0	0	0	0	0	0	132	0	0	46	0	0	0	3	0	0	0	0	2	0	0	0	0	0	0	0	1	0
0	123	0	0	8	0	0	0	0	0	0	0	56	0	54	0	0	3	29	0	0	6	0	0	20	0	0	128	62	0	0	0	0	50	0	0	0	0	6	0	1	0	222	24	0	0	0	0	0	0	0	0	104	0	8	0	9	0	26	0	0	12	0	0	33	69	294	0	0	0	55	10	0	8	2
0	6	0	0	2	0	447	0	0	0	98	4	4	9	5	281	0	0	17	7	0	325	0	0	4	0	0	2	1	0	328	0	0	125	0	0	0	0	9	76	86	2	522	0	0	372	0	0	230	0	0	0	364	1	0	0	14	0	14	5	11	13	0	0	0	5	182	0	0	0	62	0	0	2	941
0	1	8	2	0	0	0	0	0	3	2	0	11	4	0	11	190	13	2	0	17	2	0	0	0	0	0	10	0	0	5	81	63	4	0	0	90	0	91	55	40	88	34	152	7	51	0	0	3	13	0	0	5	0	43	8	1	0	9	147	10	30	11	277	29	0	17	217	0	54	21	75	10	9	1
0	0	0	0	0	0	0	0	0	0	0	0	0	0	0	0	0	0	0	0	0	0	0	0	0	0	0	0	0	0	0	0	0	0	0	0	0	0	0	0	0	0	0	0	0	0	0	0	0	0	0	0	0	0	0	0	0	0	0	0	0	0	0	0	0	0	0	0	0	0	0	0	0	0	0
0	0	0	447	0	0	0	0	0	0	0	0	0	0	0	59	0	0	1	0	0	25	0	0	0	0	0	0	0	0	19	0	0	2	0	0	0	0	0	1	1	0	0	0	0	58	0	0	27	0	0	0	24	0	0	0	4	0	0	5	0	0	0	0	0	1	3	0	0	0	1	0	0	1	186
0	0	0	0	0	0	0	0	0	0	0	0	0	0	0	0	0	0	0	0	0	0	0	0	0	0	0	0	0	0	0	0	0	0	0	0	0	0	0	0	0	0	0	0	0	0	0	0	0	0	0	0	0	0	0	0	0	0	0	0	0	0	0	0	0	0	0	0	0	0	0	0	0	0	0
0	0	0	0	0	0	0	0	0	0	0	0	0	0	0	0	0	0	0	0	0	0	0	0	0	0	0	0	0	0	0	0	0	0	0	0	0	0	0	0	0	0	0	0	0	0	0	0	0	0	0	0	0	0	0	0	0	0	0	0	0	0	0	0	0	0	0	0	0	0	0	0	0	0	0
0	0	0	0	3	0	0	0	0	0	0	3	0	0	0	0	19	2	0	0	0	0	0	0	0	0	0	2	0	0	0	141	7	0	0	0	0	0	0	484	0	378	0	158	0	0	0	0	0	0	0	0	0	0	1	0	0	0	0	563	0	0	0	6	7	0	2	248	0	4	4	0	174	0	0
0	0	0	98	2	0	0	0	0	0	0	0	0	16	84	234	0	0	61	0	0	0	0	0	57	0	0	0	0	0	0	0	0	32	0	0	0	0	0	0	0	0	211	0	0	428	0	0	0	0	0	0	0	3	0	0	0	0	0	0	9	0	0	0	0	41	64	0	0	0	6	0	0	2	311
0	0	0	4	0	0	0	0	0	3	0	0	0	2	0	0	0	0	1	5	0	0	0	0	0	0	0	0	0	5	0	0	0	0	7	0	0	0	0	0	0	0	0	0	0	0	0	0	0	0	0	0	0	0	0	2	0	0	0	1	1358	0	0	0	2	0	3	0	0	7	0	0	0	0	0
0	0	56	4	11	0	0	0	0	0	0	0	0	3	12	3	0	0	4	16	0	0	0	0	2	0	0	27	0	0	0	0	0	2	0	0	0	0	0	0	0	0	8	18	0	0	0	0	0	0	0	0	0	0	0	0	0	0	0	13	0	0	0	0	22	2	44	0	0	0	0	0	0	4	2
0	0	0	9	4	0	0	0	0	0	16	2	3	0	0	100	2	0	6	23	0	0	0	0	0	0	6	0	0	5	0	0	33	0	0	0	43	0	3	3	15	1	6	1	714	129	0	0	2	0	0	0	0	0	12	23	0	0	0	4	4	30	10	19	3	0	0	54	0	37	1	1	11	14	2
0	6	54	5	0	0	0	0	0	0	84	0	12	0	0	0	2	334	1080	0	0	81	0	0	530	0	0	331	0	0	24	1	28	192	0	0	0	0	541	0	56	0	19	7	0	0	0	0	293	0	0	0	138	8	190	0	0	0	198	104	0	5	0	0	0	654	3	0	0	0	22	56	0	3	36
0	0	0	281	11	0	59	0	0	0	234	0	3	100	0	0	178	0	3	439	3	0	0	0	1	0	9	0	0	19	1	0	531	211	3	0	19	0	2	0	5	3	688	2	0	1077	0	0	0	0	0	0	0	1	10	418	0	0	16	0	14	17	202	31	44	2	248	88	0	26	388	37	0	31	2
0	0	0	0	190	0	0	0	0	19	0	0	0	2	2	178	0	0	0	312	228	0	0	0	0	0	22	0	0	3	0	0	0	78	0	0	0	0	0	0	40	0	29	2	0	326	0	0	0	0	0	0	0	0	4	0	0	0	0	1	0	0	0	0	257	4	52	0	0	11	2	0	1	190	2
0	0	3	0	13	0	0	0	0	2	0	0	0	0	334	0	0	0	80	4	10	0	0	0	90	0	0	295	171	0	0	0	0	12	0	0	0	0	0	0	2	0	11	67	0	0	0	0	0	0	0	0	0	39	22	0	0	0	0	105	6	0	0	0	0	126	19	0	0	2	0	0	0	12	1
0	28	29	17	2	0	1	0	0	0	61	1	4	6	1080	3	0	80	0	5	8	86	0	0	898	0	0	165	327	0	379	292	8	113	0	0	18	0	897	1	84	0	18	241	0	4	0	0	305	0	0	0	255	9	445	0	10	0	597	301	0	14	4	0	0	1606	2	2	0	5	12	61	0	10	36
0	0	0	7	0	0	0	0	0	0	0	5	16	23	0	439	312	4	5	0	0	0	0	0	0	0	0	1	0	3	6	0	116	30	2	0	5	0	4	0	20	0	168	4	0	659	0	0	0	1	0	0	0	0	4	138	0	0	23	1	0	10	336	2	1	0	2	5	0	3	6	0	0	3	3
0	0	0	0	17	0	0	0	0	0	0	0	0	0	0	3	228	10	8	0	0	0	0	0	3	0	0	21	0	0	288	50	0	134	0	0	0	0	2	0	8	0	40	89	0	4	0	0	0	0	0	0	0	0	4	18	0	0	0	2	0	60	0	0	3	20	1	0	0	1	146	22	0	27	7
0	0	6	325	2	0	25	0	0	0	0	0	0	0	81	0	0	0	86	0	0	0	0	0	75	0	0	36	361	0	0	0	0	28	0	0	0	0	0	0	0	0	10	1	0	0	0	0	0	0	0	0	0	251	4	0	0	0	0	11	0	0	0	0	0	97	1	0	0	1	0	0	0	2	80
0	0	0	0	0	0	0	0	0	0	0	0	0	0	0	0	0	0	0	0	0	0	0	0	0	0	0	0	0	0	0	0	0	0	0	0	0	0	0	0	0	0	0	0	0	0	0	0	0	0	0	0	0	0	0	0	0	0	0	0	0	0	0	0	0	0	0	0	0	0	0	0	0	0	0
0	0	0	0	0	0	0	0	0	0	0	0	0	0	0	0	0	0	0	0	0	0	0	0	0	0	0	0	0	0	0	0	0	0	0	0	0	0	0	0	0	0	0	0	0	0	0	0	0	0	0	0	0	0	0	0	0	0	0	0	0	0	0	0	0	0	0	0	0	0	0	0	0	0	0
0	2	20	4	0	0	0	0	0	0	57	0	2	0	530	1	0	90	898	0	3	75	0	0	0	0	0	178	180	0	306	2	10	66	0	0	0	0	713	1	35	0	24	3	0	1	0	0	265	1	0	0	213	3	656	0	14	0	368	58	1	2	0	0	1	950	67	1	0	8	14	286	0	3	2
0	0	0	0	0	0	0	0	0	0	0	0	0	0	0	0	0	0	0	0	0	0	0	0	0	0	0	1	0	0	0	0	0	0	0	0	0	0	0	0	0	0	0	0	3	0	0	0	0	0	0	0	0	0	0	0	0	0	0	0	0	0	0	0	0	0	0	0	0	0	0	0	0	0	0
0	0	0	0	0	0	0	0	0	0	0	0	0	6	0	9	22	0	0	0	0	0	0	0	0	0	0	0	0	0	0	0	0	0	0	0	32	0	0	0	0	18	0	1	0	0	0	0	0	0	0	0	0	0	0	0	0	0	0	0	0	0	0	0	16	0	48	0	0	24	0	0	0	24	0
0	0	128	2	10	0	0	0	0	2	0	0	27	0	331	0	0	295	165	1	21	36	0	0	178	1	0	0	138	0	171	10	56	441	0	0	0	0	423	2	204	0	18	104	0	0	0	0	29	0	0	0	8	27	194	0	0	0	293	21	2	246	0	0	0	150	19	0	0	2	0	14	0	9	3
0	215	62	1	0	0	0	0	0	0	0	0	0	0	0	0	0	171	327	0	0	361	0	0	180	0	0	138	0	0	213	1	13	0	0	0	0	0	193	0	93	0	0	0	0	0	0	0	1	0	0	0	280	106	92	0	43	0	347	19	1	0	0	0	0	355	2	0	0	0	0	50	0	4	0
0	0	0	0	0	0	0	0	0	0	0	5	0	5	0	19	3	0	0	3	0	0	0	0	0	0	0	0	0	0	0	0	28	0	0	0	2	0	0	0	0	2	18	0	0	32	0	0	0	0	0	0	0	0	7	31	0	0	0	0	0	0	16	0	0	0	0	7	0	0	12	0	0	3	0
0	0	0	328	5	0	19	0	0	0	0	0	0	0	24	1	0	0	379	6	288	0	0	0	306	0	0	171	213	0	0	0	0	34	0	0	0	0	0	0	2	0	15	1	0	4	0	0	0	0	0	0	0	85	4	0	0	0	0	57	10	0	0	0	0	6	9	0	0	1	0	0	0	5	45
0	0	0	0	81	0	0	0	0	141	0	0	0	0	1	0	0	0	292	0	50	0	0	0	2	0	0	10	1	0	0	0	0	2	0	0	0	0	0	0	0	0	0	638	0	0	0	0	0	0	0	0	0	0	8	0	0	0	0	38	0	0	0	0	0	165	176	0	0	0	0	0	0	61	0
0	0	0	0	63	0	0	0	0	7	0	0	0	33	28	531	0	0	8	116	0	0	0	0	10	0	0	56	13	28	0	0	0	0	8	0	0	0	0	0	7	0	230	9	0	8	0	0	0	0	0	0	0	0	0	3	0	0	0	1	9	0	0	0	242	11	13	0	0	24	4	0	1	63	7
0	0	50	125	4	0	2	0	0	0	32	0	2	0	192	211	78	12	113	30	134	28	0	0	66	0	0	441	0	0	34	2	0	0	0	0	0	0	8	0	22	0	434	107	0	92	0	0	8	0	0	0	0	16	16	5	0	0	134	73	7	2	0	0	2	51	249	0	0	0	22	30	0	4	677
0	0	0	0	0	0	0	0	0	0	0	7	0	0	0	3	0	0	0	2	0	0	0	0	0	0	0	0	0	0	0	0	8	0	0	0	1	0	0	0	0	0	1	0	0	3	0	0	0	0	0	0	0	0	0	16	0	0	0	0	550	0	6	0	0	0	0	0	0	0	0	0	0	0	0
0	0	0	0	0	0	0	0	0	0	0	0	0	0	0	0	0	0	0	0	0	0	0	0	0	0	0	0	0	0	0	0	0	0	0	0	0	0	0	0	0	0	0	0	0	0	0	0	0	0	0	0	0	0	0	0	0	0	0	0	0	0	0	0	0	0	0	0	0	0	0	0	0	0	0
0	0	0	0	90	0	0	0	0	0	0	0	0	43	0	19	0	0	18	5	0	0	0	0	0	0	32	0	0	2	0	0	0	0	1	0	0	0	0	0	129	0	8	6	0	2	0	0	0	0	0	0	0	5	5	0	0	0	0	1	12	0	0	0	1061	16	29	0	0	47	0	0	0	90	3
0	0	0	0	0	0	0	0	0	0	0	0	0	0	0	0	0	0	0	0	0	0	0	0	0	0	0	0	0	0	0	0	0	0	0	0	0	0	0	0	0	0	0	0	0	0	0	0	0	0	0	0	0	0	0	0	0	0	0	0	0	0	0	0	0	0	0	0	0	0	0	0	0	0	0
0	0	6	9	91	0	0	0	0	0	0	0	0	3	541	2	0	0	897	4	2	0	0	0	713	0	0	423	193	0	0	0	0	8	0	0	0	0	0	0	0	0	8	831	0	0	0	0	0	0	0	0	0	0	29	0	0	0	0	271	0	0	0	0	3	833	205	0	0	8	0	246	0	44	18
0	0	0	76	55	0	1	0	0	484	0	0	0	3	0	0	0	0	1	0	0	0	0	0	1	0	0	2	0	0	0	0	0	0	0	0	0	0	0	0	0	0	2	313	0	0	0	0	0	0	0	0	0	0	0	0	0	0	0	378	0	0	0	0	0	20	4	0	0	6	0	0	0	51	0
0	0	1	86	40	0	1	0	0	0	0	0	0	15	56	5	40	2	84	20	8	0	0	0	35	0	0	204	93	0	2	0	7	22	0	0	129	0	0	0	0	0	4	73	0	1	0	0	0	0	0	0	0	14	1	0	0	0	0	330	1	35	0	0	190	35	38	0	0	14	8	0	0	44	271
0	0	0	2	88	0	0	0	0	378	0	0	0	1	0	3	0	0	0	0	0	0	0	0	0	0	18	0	0	2	0	0	0	0	0	0	0	0	0	0	0	0	0	10	0	0	0	0	0	0	0	0	0	0	0	0	0	0	0	0	0	0	0	0	70	2	3	0	0	1	0	0	0	82	0
0	0	222	522	34	0	0	0	0	0	211	0	8	6	19	688	29	11	18	168	40	10	0	0	24	0	0	18	0	18	15	0	230	434	1	0	8	0	8	2	4	0	0	88	3	287	0	0	108	1	0	0	9	0	16	61	36	0	2	31	11	4	2	2	9	21	471	11	0	6	302	12	0	41	276
0	0	24	0	152	0	0	0	0	158	0	0	18	1	7	2	2	67	241	4	89	1	0	0	3	0	1	104	0	0	1	638	9	107	0	0	6	0	831	313	73	10	88	0	0	2	0	0	1	7	0	0	21	0	630	0	2	0	22	1557	0	13	0	94	6	130	19	4	0	5	71	357	0	273	1
0	0	0	0	7	0	0	0	0	0	0	0	0	714	0	0	0	0	0	0	0	0	0	0	0	3	0	0	0	0	0	0	0	0	0	0	0	0	0	0	0	0	3	0	0	0	0	0	0	0	0	0	0	2	0	0	0	0	0	0	0	0	0	0	0	0	0	0	0	3	0	0	0	7	0
0	0	0	372	51	0	58	0	0	0	428	0	0	129	0	1077	326	0	4	659	4	0	0	0	1	0	0	0	0	32	4	0	8	92	3	0	2	0	0	0	1	0	287	2	0	0	0	0	0	0	0	0	0	0	4	48	0	0	0	7	16	6	112	2	311	3	0	4	0	17	92	0	1	51	700
0	0	0	0	0	0	0	0	0	0	0	0	0	0	0	0	0	0	0	0	0	0	0	0	0	0	0	0	0	0	0	0	0	0	0	0	0	0	0	0	0	0	0	0	0	0	0	0	0	0	0	0	0	0	0	0	0	0	0	0	0	0	0	0	0	0	0	0	0	0	0	0	0	0	0
0	0	0	0	0	0	0	0	0	0	0	0	0	0	0	0	0	0	0	0	0	0	0	0	0	0	0	0	0	0	0	0	0	0	0	0	0	0	0	0	0	0	0	0	0	0	0	0	0	0	0	0	0	0	0	0	0	0	0	0	0	0	0	0	0	0	0	0	0	0	0	0	0	0	0
0	0	0	230	3	0	27	0	0	0	0	0	0	2	293	0	0	0	305	0	0	0	0	0	265	0	0	29	1	0	0	0	0	8	0	0	0	0	0	0	0	0	108	1	0	0	0	0	0	0	0	0	0	31	2	0	0	0	0	3	0	0	0	0	0	230	308	0	0	1	0	0	0	3	64
0	0	0	0	13	0	0	0	0	0	0	0	0	0	0	0	0	0	0	1	0	0	0	0	1	0	0	0	0	0	0	0	0	0	0	0	0	0	0	0	0	0	1	7	0	0	0	0	0	0	0	0	0	0	0	0	0	0	0	0	0	0	0	0	0	13	4	0	0	4	0	0	0	13	0
0	0	0	0	0	0	0	0	0	0	0	0	0	0	0	0	0	0	0	0	0	0	0	0	0	0	0	0	0	0	0	0	0	0	0	0	0	0	0	0	0	0	0	0	0	0	0	0	0	0	0	0	0	0	0	0	0	0	0	0	0	0	0	0	0	0	0	0	0	0	0	0	0	0	0
0	0	0	0	0	0	0	0	0	0	0	0	0	0	0	0	0	0	0	0	0	0	0	0	0	0	0	0	0	0	0	0	0	0	0	0	0	0	0	0	0	0	0	0	0	0	0	0	0	0	0	0	0	0	0	0	0	0	0	0	3	0	0	0	0	0	0	0	0	0	0	0	0	0	0
0	0	104	364	5	0	24	0	0	0	0	0	0	0	138	0	0	0	255	0	0	0	0	0	213	0	0	8	280	0	0	0	0	0	0	0	0	0	0	0	0	0	9	21	0	0	0	0	0	0	0	0	0	201	4	0	0	0	0	125	1	0	0	0	0	137	136	0	0	0	0	0	0	5	10
0	132	0	1	0	0	0	0	0	0	3	0	0	0	8	1	0	39	9	0	0	251	0	0	3	0	0	27	106	0	85	0	0	16	0	0	5	0	0	0	14	0	0	0	2	0	0	0	31	0	0	0	201	0	2	0	80	0	172	7	0	1	0	0	0	9	0	0	0	0	1	0	0	0	5
0	0	8	0	43	0	0	0	0	1	0	0	0	12	190	10	4	22	445	4	4	4	0	0	656	0	0	194	92	7	4	8	0	16	0	0	5	0	29	0	1	0	16	630	0	4	0	0	2	0	0	0	4	2	0	1	2	0	14	12	0	16	0	0	4	705	185	2	0	4	1	195	0	18	3
0	0	0	0	8	0	0	0	0	0	0	2	0	23	0	418	0	0	0	138	18	0	0	0	0	0	0	0	0	31	0	0	3	5	16	0	0	0	0	0	0	0	61	0	0	48	0	0	0	0	0	0	0	0	1	0	0	0	0	0	3844	0	5	0	22	0	29	11	0	0	0	0	0	8	1
0	46	9	14	1	0	4	0	0	0	0	0	0	0	0	0	0	0	10	0	0	0	0	0	14	0	0	0	43	0	0	0	0	0	0	0	0	0	0	0	0	0	36	2	0	0	0	0	0	0	0	0	0	80	2	0	0	0	0	2	0	0	0	0	0	0	2	0	0	0	0	0	0	1	1
0	0	0	0	0	0	0	0	0	0	0	0	0	0	0	0	0	0	0	0	0	0	0	0	0	0	0	0	0	0	0	0	0	0	0	0	0	0	0	0	0	0	0	0	0	0	0	0	0	0	0	0	0	0	0	0	0	0	0	0	0	0	0	0	0	0	0	0	0	0	0	0	0	0	0
0	0	26	14	9	0	0	0	0	0	0	0	0	0	198	16	0	0	597	23	0	0	0	0	368	0	0	293	347	0	0	0	0	134	0	0	0	0	0	0	0	0	2	22	0	0	0	0	0	0	0	0	0	172	14	0	0	0	0	83	4	0	0	0	15	449	35	0	0	2	0	2	0	9	318
0	0	0	5	147	0	5	0	0	563	0	1	13	4	104	0	1	105	301	1	2	11	0	0	58	0	0	21	19	0	57	38	1	73	0	0	1	0	271	378	330	0	31	1557	0	7	0	0	3	0	0	0	125	7	12	0	2	0	83	0	10	6	0	240	16	266	57	4	0	16	33	119	0	214	7
0	3	0	11	10	0	0	0	0	0	9	1358	0	4	0	14	0	6	0	0	0	0	0	0	1	0	0	2	1	0	10	0	9	7	550	0	12	0	0	0	1	0	11	0	0	16	0	0	0	0	0	3	1	0	0	3844	0	0	4	10	0	10	2790	91	0	2	0	1	0	150	0	1	0	61	1
0	0	12	13	30	0	0	0	0	0	0	0	0	30	5	17	0	0	14	10	60	0	0	0	2	0	0	246	0	0	0	0	0	2	0	0	0	0	0	0	35	0	4	13	0	6	0	0	0	0	0	0	0	1	16	0	0	0	0	6	10	0	0	0	259	3	20	0	0	30	1	72	2	30	0
0	0	0	0	11	0	0	0	0	0	0	0	0	10	0	202	0	0	4	336	0	0	0	0	0	0	0	0	0	16	0	0	0	0	6	0	0	0	0	0	0	0	2	0	0	112	0	0	0	0	0	0	0	0	0	5	0	0	0	0	2790	0	0	0	43	1	0	0	0	8	0	0	0	11	21
0	0	0	0	277	0	0	0	0	6	0	0	0	19	0	31	0	0	0	2	0	0	0	0	0	0	0	0	0	0	0	0	0	0	0	0	0	0	0	0	0	0	2	94	0	2	0	0	0	0	0	0	0	0	0	0	0	0	0	240	91	0	0	0	55	1	14	0	0	41	0	1	0	268	0
0	0	33	0	29	0	0	0	0	7	0	2	22	3	0	44	257	0	0	1	3	0	0	0	1	0	16	0	0	0	0	0	242	2	0	0	1061	0	3	0	190	70	9	6	0	311	0	0	0	0	0	0	0	0	4	22	0	0	15	16	0	259	43	55	0	0	5	1079	0	41	15	0	0	111	0
0	2	69	5	0	0	1	0	0	0	41	0	2	0	654	2	4	126	1606	0	20	97	0	0	950	0	0	150	355	0	6	165	11	51	0	0	16	0	833	20	35	2	21	130	0	3	0	0	230	13	0	0	137	9	705	0	0	0	449	266	2	3	1	1	0	0	141	17	0	1	18	460	0	5	9
0	0	294	182	17	0	3	0	0	2	64	3	44	0	3	248	52	19	2	2	1	1	0	0	67	0	48	19	2	0	9	176	13	249	0	0	29	0	205	4	38	3	471	19	0	0	0	0	308	4	0	0	136	0	185	29	2	0	35	57	0	20	0	14	5	141	0	22	0	6	400	329	2	49	73
0	0	0	0	217	0	0	0	0	248	0	0	0	54	0	88	0	0	2	5	0	0	0	0	1	0	0	0	0	7	0	0	0	0	0	0	0	0	0	0	0	0	11	4	0	4	0	0	0	0	0	0	0	0	2	11	0	0	0	4	1	0	0	0	1079	17	22	0	0	90	0	0	3	217	28
0	0	0	0	0	0	0	0	0	0	0	0	0	0	0	0	0	0	0	0	0	0	0	0	0	0	0	0	0	0	0	0	0	0	0	0	0	0	0	0	0	0	0	0	0	0	0	0	0	0	0	0	0	0	0	0	0	0	0	0	0	0	0	0	0	0	0	0	0	0	0	0	0	0	0
0	0	0	0	54	0	0	0	0	4	0	7	0	37	0	26	11	2	5	3	1	1	0	0	8	0	24	2	0	0	1	0	24	0	0	0	47	0	8	6	14	1	6	5	3	17	0	0	1	4	0	0	0	0	4	0	0	0	2	16	150	30	8	41	41	1	6	90	0	0	0	9	9	80	0
0	0	55	62	21	0	1	0	0	4	6	0	0	1	22	388	2	0	12	6	146	0	0	0	14	0	0	0	0	12	0	0	4	22	0	0	0	0	0	0	8	0	302	71	0	92	0	0	0	0	0	0	0	1	1	0	0	0	0	33	0	1	0	0	15	18	400	0	0	0	0	2	0	5	10
0	0	10	0	75	0	0	0	0	0	0	0	0	1	56	37	0	0	61	0	22	0	0	0	286	0	0	14	50	0	0	0	0	30	0	0	0	0	246	0	0	0	12	357	0	0	0	0	0	0	0	0	0	0	195	0	0	0	2	119	1	72	0	1	0	460	329	0	0	9	2	0	0	191	25
0	0	0	0	10	0	0	0	0	174	0	0	0	11	0	0	1	0	0	0	0	0	0	0	0	0	0	0	0	0	0	0	1	0	0	0	0	0	0	0	0	0	0	0	0	1	0	0	0	0	0	0	0	0	0	0	0	0	0	0	0	2	0	0	0	0	2	3	0	9	0	0	0	11	0
0	1	8	2	9	0	1	0	0	0	2	0	4	14	3	31	190	12	10	3	27	2	0	0	3	0	24	9	4	3	5	61	63	4	0	0	90	0	44	51	44	82	41	273	7	51	0	0	3	13	0	0	5	0	18	8	1	0	9	214	61	30	11	268	111	5	49	217	0	80	5	191	11	0	5
0	0	2	941	1	0	186	0	0	0	311	0	2	2	36	2	2	1	36	3	7	80	0	0	2	0	0	3	0	0	45	0	7	677	0	0	3	0	18	0	271	0	276	1	0	700	0	0	64	0	0	0	10	5	3	1	1	0	318	7	1	0	21	0	0	9	73	28	0	0	10	25	0	5	0
