0	0	0	0	0	0	0	0	0	0	0	0	0	0	0	0	0	0	0	0	0	0	0	0	0	0	0	0	0	0	0	0	0	0	0	0	0	0	0	0	0	0	0	0	0	0	0	0	0	0	0	0	0	0	0	0	0	0	0	0	0	0	0	0	0	0	0	0	0	0	0	0	0	0	0
0	0	21	6	0	0	0	0	0	0	0	0	0	0	2	0	0	0	6	0	0	0	0	0	0	0	0	0	95	0	0	0	0	0	0	0	0	0	0	0	0	0	0	0	0	0	0	0	0	0	0	0	0	0	0	0	46	0	0	0	0	0	0	0	0	1	0	0	0	0	0	0	0	0	0
0	21	0	0	7	0	0	0	0	0	0	0	1	0	3	0	0	3	15	0	0	5	0	0	27	0	0	4	62	0	0	1	0	34	0	0	3	0	4	7	2	0	268	8	0	2	0	0	6	0	0	0	44	0	7	0	9	3	16	0	2	5	0	0	49	31	494	3	0	0	40	7	0	8	0
0	6	0	0	0	0	676	0	0	0	512	0	0	0	0	216	0	0	105	3	0	344	0	0	4	0	0	4	1	0	240	0	0	96	0	0	0	0	4	118	171	2	609	0	0	580	0	0	234	0	0	0	454	4	10	0	14	0	20	15	0	0	0	0	0	15	270	0	0	0	200	0	0	0	796
0	0	7	0	0	0	0	0	0	0	1	0	7	10	0	2	185	10	4	0	3	1	0	0	0	0	0	12	0	0	3	25	59	5	0	0	64	0	76	2	41	38	28	76	0	14	0	0	3	13	0	0	1	0	40	2	1	0	8	77	1	26	10	179	11	0	11	169	0	41	12	41	2	0	1
0	0	0	0	0	0	0	0	0	0	0	0	0	0	0	0	0	0	0	0	0	0	0	0	0	0	0	0	0	0	0	0	0	0	0	0	0	0	0	0	0	0	0	0	0	0	0	0	0	0	0	0	0	0	0	0	0	0	0	0	0	0	0	0	0	0	0	0	0	0	0	0	0	0	0
0	0	0	676	0	0	0	0	0	0	0	0	0	0	0	57	0	0	1	0	0	25	0	0	0	0	0	0	0	1	19	0	0	0	0	0	0	0	0	1	1	0	0	0	0	58	0	0	27	0	0	0	24	0	0	0	4	0	0	0	0	0	0	0	0	1	15	0	0	0	1	0	0	1	191
0	0	0	0	0	0	0	0	0	0	0	0	0	0	0	0	0	0	0	0	0	0	0	0	0	0	0	0	0	0	0	0	0	0	0	0	0	0	0	0	0	0	0	0	0	0	0	0	0	0	0	0	0	0	0	0	0	0	0	0	0	0	0	0	0	0	0	0	0	0	0	0	0	0	0
0	0	0	0	0	0	0	0	0	0	0	0	0	0	0	0	0	0	0	0	0	0	0	0	0	0	0	0	0	0	0	0	0	0	0	0	0	0	0	0	0	0	0	0	0	0	0	0	0	0	0	0	0	0	0	0	0	0	0	0	0	0	0	0	0	0	0	0	0	0	0	0	0	0	0
0	0	0	0	0	0	0	0	0	0	0	0	0	0	0	0	0	0	0	0	2	0	0	0	0	0	0	0	0	0	0	37	24	0	0	0	0	0	0	0	0	82	0	0	0	0	0	0	0	0	0	0	0	0	0	0	0	0	0	29	0	0	0	82	43	0	0	30	0	0	0	0	0	0	0
0	0	0	512	1	0	0	0	0	0	0	0	0	16	0	510	0	1	10	0	0	0	0	0	5	0	0	0	0	28	0	0	0	10	0	0	0	0	0	1	53	0	367	0	0	736	0	0	0	0	0	0	0	2	3	0	0	0	0	0	0	0	0	0	0	0	313	0	0	0	6	0	0	1	656
0	0	0	0	0	0	0	0	0	0	0	0	0	2	0	5	0	0	1	1	0	0	0	0	0	0	0	0	0	5	0	0	0	0	0	0	0	0	0	0	0	0	0	0	0	0	0	0	0	0	0	0	0	0	0	83	0	0	0	3	572	0	0	0	0	0	0	0	0	7	0	0	0	0	0
0	0	1	0	7	0	0	0	0	0	0	0	0	0	0	1	0	0	0	0	0	0	0	0	0	0	0	0	0	0	0	0	0	0	0	0	0	0	0	6	0	0	4	4	0	0	0	0	0	0	0	0	0	0	0	0	0	0	0	7	0	0	0	0	0	0	32	0	0	0	0	0	0	0	2
0	0	0	0	10	0	0	0	0	0	16	2	0	0	0	108	1	0	10	7	0	0	0	0	0	1	6	0	0	17	0	0	19	0	0	0	10	0	2	15	6	1	1	3	265	74	0	0	0	0	0	0	0	0	2	22	0	0	0	5	2	10	9	15	20	0	2	30	0	33	1	1	11	18	3
0	2	3	0	0	0	0	0	0	0	0	0	0	0	0	0	2	75	182	0	0	24	0	0	133	0	0	92	0	0	3	0	4	52	0	0	0	0	74	0	5	0	0	0	0	0	0	0	86	0	0	0	24	0	20	0	0	0	80	31	0	1	0	0	0	179	1	0	0	0	14	1	0	0	1
0	0	0	216	2	0	57	0	0	0	510	5	1	108	0	0	273	4	7	476	39	0	0	0	1	0	9	4	0	78	9	1	615	211	1	0	48	0	1	27	29	1	931	2	5	1519	0	0	13	0	0	0	10	10	7	497	0	121	12	14	7	1	188	3	23	0	320	43	0	2	591	64	0	22	1
0	0	0	0	185	0	0	0	0	0	0	0	0	1	2	273	0	0	4	351	238	0	0	0	1	0	22	0	0	3	0	0	0	2	0	0	0	0	0	1	142	0	29	5	0	376	0	0	0	0	0	0	0	0	4	0	0	0	0	1	0	0	0	0	32	3	52	0	0	3	2	0	5	185	0
0	0	3	0	10	0	0	0	0	0	1	0	0	0	75	4	0	0	56	1	16	0	0	0	63	0	0	413	171	1	0	0	0	17	0	0	0	0	0	38	154	0	16	24	0	0	0	0	0	0	0	0	0	5	24	0	0	0	0	10	0	0	0	0	2	82	30	0	0	2	1	0	0	10	5
0	6	15	105	4	0	1	0	0	0	10	1	0	10	182	7	4	56	0	2	6	122	0	0	742	0	0	170	312	0	378	202	3	106	0	0	18	0	547	29	143	0	13	200	0	2	0	0	143	0	0	0	246	9	449	7	35	7	632	231	0	14	0	0	1	1071	17	2	0	0	12	24	0	31	21
0	0	0	3	0	0	0	0	0	0	0	1	0	7	0	476	351	1	2	0	29	0	0	0	0	0	0	4	0	6	2	1	57	89	0	0	2	0	0	0	3	0	183	2	0	1093	0	0	0	1	0	0	2	0	3	55	0	0	23	0	0	0	164	1	2	1	1	1	0	0	55	1	0	0	1
0	0	0	0	3	0	0	0	0	2	0	0	0	0	0	39	238	16	6	29	0	0	0	0	3	0	0	162	0	1	392	62	0	68	0	0	14	0	2	10	182	0	145	53	0	10	0	0	0	0	3	0	2	0	15	0	0	0	0	6	0	66	0	2	15	22	13	10	0	0	208	7	0	19	7
0	0	5	344	1	0	25	0	0	0	0	0	0	0	24	0	0	0	122	0	0	0	0	0	88	0	0	76	275	0	0	0	0	8	0	0	0	0	0	0	57	0	10	0	0	2	0	0	0	0	0	0	0	256	5	0	0	0	0	4	0	0	0	0	0	95	3	0	0	1	0	0	0	1	78
0	0	0	0	0	0	0	0	0	0	0	0	0	0	0	0	0	0	0	0	0	0	0	0	0	0	0	0	0	0	0	0	0	0	0	0	0	0	0	0	0	0	0	0	0	0	0	0	0	0	0	0	0	0	0	0	0	0	0	0	0	0	0	0	0	0	0	0	0	0	0	0	0	0	0
0	0	0	0	0	0	0	0	0	0	0	0	0	0	0	0	0	0	0	0	0	0	0	0	0	0	0	0	0	0	0	0	0	0	0	0	0	0	0	0	0	0	0	0	0	0	0	0	0	0	0	0	0	0	0	0	0	0	0	0	0	0	0	0	0	0	0	0	0	0	0	0	0	0	0
0	0	27	4	0	0	0	0	0	0	5	0	0	0	133	1	1	63	742	0	3	88	0	0	0	0	0	205	180	4	309	17	9	93	0	0	0	0	466	1	24	0	10	12	0	1	0	0	193	1	0	0	245	8	653	0	15	0	383	61	0	0	0	0	0	968	103	0	0	8	15	176	0	3	1
0	0	0	0	0	0	0	0	0	0	0	0	0	1	0	0	0	0	0	0	0	0	0	0	0	0	0	14	0	0	0	0	0	17	0	0	0	0	0	0	0	0	0	12	4	0	0	0	0	0	0	0	0	0	0	0	0	0	0	0	0	0	0	0	0	0	0	0	0	0	0	0	0	0	0
0	0	0	0	0	0	0	0	0	0	0	0	0	6	0	9	22	0	0	0	0	0	0	0	0	0	0	0	0	0	0	0	0	0	0	0	38	0	0	0	0	18	0	1	0	0	0	0	0	0	0	0	0	0	0	0	0	0	0	0	0	0	0	4	16	0	0	18	0	24	0	0	0	22	0
0	0	4	4	12	0	0	0	0	0	0	0	0	0	92	4	0	413	170	4	162	76	0	0	205	14	0	0	138	0	351	10	0	172	0	0	0	0	6	1	423	0	15	89	0	14	0	0	35	0	0	0	0	220	284	0	0	0	261	13	0	0	0	0	4	116	26	0	0	2	0	14	0	11	27
0	95	62	1	0	0	0	0	0	0	0	0	0	0	0	0	0	171	312	0	0	275	0	0	180	0	0	138	0	0	213	1	13	0	0	0	0	0	193	0	93	0	0	0	0	0	0	0	0	0	0	0	130	0	92	0	43	0	196	19	0	0	0	0	0	355	2	0	0	0	0	50	0	3	0
0	0	0	0	0	0	1	0	0	0	28	5	0	17	0	78	3	1	0	6	1	0	0	0	4	0	0	0	0	0	1	0	52	5	0	0	2	0	0	6	0	2	50	9	0	117	0	0	0	0	0	0	0	0	7	60	0	29	0	0	9	0	34	7	1	0	18	7	0	0	53	0	0	3	0
0	0	0	240	3	0	19	0	0	0	0	0	0	0	3	9	0	0	378	2	392	0	0	0	309	0	0	351	213	1	0	0	0	18	0	0	0	0	0	44	176	0	14	3	0	4	0	0	0	0	0	0	0	78	4	0	0	0	0	34	0	0	0	0	0	6	17	0	0	1	1	1	0	3	63
0	0	1	0	25	0	0	0	0	37	0	0	0	0	0	1	0	0	202	1	62	0	0	0	17	0	0	10	1	0	0	0	0	2	0	0	0	0	0	3	3	0	0	572	0	0	0	0	0	0	0	0	0	0	26	0	0	0	0	326	0	0	0	0	3	92	171	0	0	0	0	3	0	15	0
0	0	0	0	59	0	0	0	0	24	0	0	0	19	4	615	0	0	3	57	0	0	0	0	9	0	0	0	13	52	0	0	0	2	1	0	0	0	0	52	8	0	265	6	0	8	0	0	0	0	0	0	0	0	0	26	0	0	0	1	9	0	0	0	353	5	15	0	0	20	4	0	5	59	0
0	0	34	96	5	0	0	0	0	0	10	0	0	0	52	211	2	17	106	89	68	8	0	0	93	17	0	172	0	5	18	2	2	0	0	0	0	0	4	67	170	0	420	233	0	98	0	0	8	0	0	0	0	9	22	0	0	0	12	263	0	2	0	0	1	12	325	0	0	0	24	10	0	5	545
0	0	0	0	0	0	0	0	0	0	0	0	0	0	0	1	0	0	0	0	0	0	0	0	0	0	0	0	0	0	0	0	1	0	0	0	0	0	0	0	0	0	1	0	0	0	0	0	0	0	0	0	0	0	0	0	0	0	0	0	344	0	0	0	0	0	0	0	0	0	0	0	0	0	0
0	0	0	0	0	0	0	0	0	0	0	0	0	0	0	0	0	0	0	0	0	0	0	0	0	0	0	0	0	0	0	0	0	0	0	0	0	0	0	0	0	0	0	0	0	0	0	0	0	0	0	0	0	0	0	0	0	0	0	0	0	0	0	0	0	0	0	0	0	0	0	0	0	0	0
0	0	3	0	64	0	0	0	0	0	0	0	0	10	0	48	0	0	18	2	14	0	0	0	0	0	38	0	0	2	0	0	0	0	0	0	0	0	0	111	162	0	5	7	0	0	0	0	0	0	0	0	0	5	5	0	0	0	0	11	6	0	0	0	1139	14	37	0	0	33	0	1	0	64	6
0	0	0	0	0	0	0	0	0	0	0	0	0	0	0	0	0	0	0	0	0	0	0	0	0	0	0	0	0	0	0	0	0	0	0	0	0	0	0	0	0	0	0	0	0	0	0	0	0	0	0	0	0	0	0	0	0	0	0	0	0	0	0	0	0	0	0	0	0	0	0	0	0	0	0
0	0	4	4	76	0	0	0	0	0	0	0	0	2	74	1	0	0	547	0	2	0	0	0	466	0	0	6	193	0	0	0	0	4	0	0	0	0	0	0	0	0	5	600	0	0	0	0	0	0	0	0	0	0	20	0	0	0	0	191	0	0	0	0	2	455	118	0	0	8	0	246	0	43	0
0	0	7	118	2	0	1	0	0	0	1	0	6	15	0	27	1	38	29	0	10	0	0	0	1	0	0	1	0	6	44	3	52	67	0	0	111	0	0	0	123	0	0	294	16	9	0	0	60	2	0	0	14	1	1	14	1	4	13	766	0	0	1	34	43	6	46	107	0	2	0	9	0	19	3
0	0	2	171	41	0	1	0	0	0	53	0	0	6	5	29	142	154	143	3	182	57	0	0	24	0	0	423	93	0	176	3	8	170	0	0	162	0	0	123	0	0	2	61	3	134	0	0	4	0	4	0	6	6	16	3	0	4	80	632	0	44	1	2	195	35	51	17	0	10	12	52	1	53	261
0	0	0	2	38	0	0	0	0	82	0	0	0	1	0	1	0	0	0	0	0	0	0	0	0	0	18	0	0	2	0	0	0	0	0	0	0	0	0	0	0	0	1	22	0	0	0	0	0	0	0	0	0	0	0	0	0	0	0	1	0	0	0	0	90	0	3	0	0	1	0	0	3	37	0
0	0	268	609	28	0	0	0	0	0	367	0	4	1	0	931	29	16	13	183	145	10	0	0	10	0	0	15	0	50	14	0	265	420	1	0	5	0	5	0	2	1	0	72	0	319	0	0	108	1	2	0	10	0	15	122	47	6	1	22	11	4	12	0	0	18	643	7	0	2	457	15	0	38	362
0	0	8	0	76	0	0	0	0	0	0	0	4	3	0	2	5	24	200	2	53	0	0	0	12	12	1	89	0	9	3	572	6	233	0	0	7	0	600	294	61	22	72	0	0	1	0	0	4	7	0	0	16	0	738	0	2	32	21	1669	0	9	0	93	3	134	40	5	0	5	86	209	0	268	16
0	0	0	0	0	0	0	0	0	0	0	0	0	265	0	5	0	0	0	0	0	0	0	0	0	4	0	0	0	0	0	0	0	0	0	0	0	0	0	16	3	0	0	0	0	0	0	0	0	0	0	0	0	2	0	0	0	0	0	0	0	0	0	0	4	0	0	0	0	0	0	0	0	0	2
0	0	2	580	14	0	58	0	0	0	736	0	0	74	0	1519	376	0	2	1093	10	2	0	0	1	0	0	14	0	117	4	0	8	98	0	0	0	0	0	9	134	0	319	1	0	0	0	0	0	0	0	0	0	0	4	60	0	0	0	14	10	6	170	2	9	0	2	2	0	6	92	0	1	20	873
0	0	0	0	0	0	0	0	0	0	0	0	0	0	0	0	0	0	0	0	0	0	0	0	0	0	0	0	0	0	0	0	0	0	0	0	0	0	0	0	0	0	0	0	0	0	0	0	0	0	0	0	0	0	0	0	0	0	0	0	0	0	0	0	0	0	0	0	0	0	0	0	0	0	0
0	0	0	0	0	0	0	0	0	0	0	0	0	0	0	0	0	0	0	0	0	0	0	0	0	0	0	0	0	0	0	0	0	0	0	0	0	0	0	0	0	0	0	0	0	0	0	0	0	0	0	0	0	0	0	0	0	0	0	0	0	0	0	0	0	0	0	0	0	0	0	0	0	0	0
0	0	6	234	3	0	27	0	0	0	0	0	0	0	86	13	0	0	143	0	0	0	0	0	193	0	0	35	0	0	0	0	0	8	0	0	0	0	0	60	4	0	108	4	0	0	0	0	0	0	0	0	0	30	3	0	0	0	0	3	0	0	0	0	0	132	342	0	0	1	0	0	0	3	57
0	0	0	0	13	0	0	0	0	0	0	0	0	0	0	0	0	0	0	1	0	0	0	0	1	0	0	0	0	0	0	0	0	0	0	0	0	0	0	2	0	0	1	7	0	0	0	0	0	0	0	0	0	0	0	0	0	0	0	0	0	0	0	0	0	13	4	0	0	3	0	0	0	13	0
0	0	0	0	0	0	0	0	0	0	0	0	0	0	0	0	0	0	0	0	3	0	0	0	0	0	0	0	0	0	0	0	0	0	0	0	0	0	0	0	4	0	2	0	0	0	0	0	0	0	0	0	0	0	0	0	0	0	0	0	0	0	0	0	1	0	0	0	0	0	0	0	0	0	0
0	0	0	0	0	0	0	0	0	0	0	0	0	0	0	0	0	0	0	0	0	0	0	0	0	0	0	0	0	0	0	0	0	0	0	0	0	0	0	0	0	0	0	0	0	0	0	0	0	0	0	0	0	0	0	0	0	0	0	0	0	0	0	0	0	0	0	0	0	0	0	0	0	0	0
0	0	44	454	1	0	24	0	0	0	0	0	0	0	24	10	0	0	246	2	2	0	0	0	245	0	0	0	130	0	0	0	0	0	0	0	0	0	0	14	6	0	10	16	0	0	0	0	0	0	0	0	0	178	4	0	0	0	0	98	0	0	0	0	1	93	319	0	0	0	0	0	0	1	4
0	0	0	4	0	0	0	0	0	0	2	0	0	0	0	10	0	5	9	0	0	256	0	0	8	0	0	220	0	0	78	0	0	9	0	0	5	0	0	1	6	0	0	0	2	0	0	0	30	0	0	0	178	0	4	0	80	2	178	9	0	1	0	0	2	9	0	0	0	0	1	0	0	0	7
0	0	7	10	40	0	0	0	0	0	3	0	0	2	20	7	4	24	449	3	15	5	0	0	653	0	0	284	92	7	4	26	0	22	0	0	5	0	20	1	16	0	15	738	0	4	0	0	3	0	0	0	4	4	0	0	2	0	15	10	0	18	0	2	9	370	176	2	0	0	4	195	0	20	4
0	0	0	0	2	0	0	0	0	0	0	83	0	22	0	497	0	0	7	55	0	0	0	0	0	0	0	0	0	60	0	0	26	0	0	0	0	0	0	14	3	0	122	0	0	60	0	0	0	0	0	0	0	0	0	0	0	87	0	3	1789	0	59	0	16	0	32	0	0	0	0	0	0	2	0
0	46	9	14	1	0	4	0	0	0	0	0	0	0	0	0	0	0	35	0	0	0	0	0	15	0	0	0	43	0	0	0	0	0	0	0	0	0	0	1	0	0	47	2	0	0	0	0	0	0	0	0	0	80	2	0	0	0	0	2	0	0	0	0	2	0	83	0	0	0	0	0	0	1	1
0	0	3	0	0	0	0	0	0	0	0	0	0	0	0	121	0	0	7	0	0	0	0	0	0	0	0	0	0	29	0	0	0	0	0	0	0	0	0	4	4	0	6	32	0	0	0	0	0	0	0	0	0	2	0	87	0	0	0	10	0	0	0	0	0	0	4	0	0	0	0	0	0	0	0
0	0	16	20	8	0	0	0	0	0	0	0	0	0	80	12	0	0	632	23	0	0	0	0	383	0	0	261	196	0	0	0	0	12	0	0	0	0	0	13	80	0	1	21	0	0	0	0	0	0	0	0	0	178	15	0	0	0	0	85	0	0	0	0	1	363	80	0	0	2	0	2	0	8	144
0	0	0	15	77	0	0	0	0	29	0	3	7	5	31	14	1	10	231	0	6	4	0	0	61	0	0	13	19	0	34	326	1	263	0	0	11	0	191	766	632	1	22	1669	0	14	0	0	3	0	0	0	98	9	10	3	2	10	85	0	4	3	0	95	35	460	61	11	0	16	5	124	2	61	7
0	0	2	0	1	0	0	0	0	0	0	572	0	2	0	7	0	0	0	0	0	0	0	0	0	0	0	0	0	9	0	0	9	0	344	0	6	0	0	0	0	0	11	0	0	10	0	0	0	0	0	0	0	0	0	1789	0	0	0	4	0	0	1279	88	0	0	0	0	0	126	0	0	0	19	0
0	0	5	0	26	0	0	0	0	0	0	0	0	10	1	1	0	0	14	0	66	0	0	0	0	0	0	0	0	0	0	0	0	2	0	0	0	0	0	0	44	0	4	9	0	6	0	0	0	0	0	0	0	1	18	0	0	0	0	3	0	0	0	0	139	1	7	0	0	17	1	72	0	26	0
0	0	0	0	10	0	0	0	0	0	0	0	0	9	0	188	0	0	0	164	0	0	0	0	0	0	0	0	0	34	0	0	0	0	0	0	0	0	0	1	1	0	12	0	0	170	0	0	0	0	0	0	0	0	0	59	0	0	0	0	1279	0	0	0	4	1	0	0	0	3	0	0	0	10	13
0	0	0	0	179	0	0	0	0	82	0	0	0	15	0	3	0	0	0	1	2	0	0	0	0	0	4	0	0	7	0	0	0	0	0	0	0	0	0	34	2	0	0	93	0	2	0	0	0	0	0	0	0	0	2	0	0	0	0	95	88	0	0	0	130	0	10	0	0	36	0	1	0	178	0
0	0	49	0	11	0	0	0	0	43	0	0	0	20	0	23	32	2	1	2	15	0	0	0	0	0	16	4	0	1	0	3	353	1	0	0	1139	0	2	43	195	90	0	3	4	9	0	0	0	0	1	0	1	2	9	16	2	0	1	35	0	139	4	130	0	3	1	924	0	24	20	0	2	149	1
0	1	31	15	0	0	1	0	0	0	0	0	0	0	179	0	3	82	1071	1	22	95	0	0	968	0	0	116	355	0	6	92	5	12	0	0	14	0	455	6	35	0	18	134	0	0	0	0	132	13	0	0	93	9	370	0	0	0	363	460	0	1	1	0	3	0	155	14	0	1	11	195	0	0	3
0	0	494	270	11	0	15	0	0	0	313	0	32	2	1	320	52	30	17	1	13	3	0	0	103	0	0	26	2	18	17	171	15	325	0	0	37	0	118	46	51	3	643	40	0	2	0	0	342	4	0	0	319	0	176	32	83	4	80	61	0	7	0	10	1	155	0	53	0	5	493	400	0	54	88
0	0	3	0	169	0	0	0	0	30	0	0	0	30	0	43	0	0	2	1	10	0	0	0	0	0	18	0	0	7	0	0	0	0	0	0	0	0	0	107	17	0	7	5	0	2	0	0	0	0	0	0	0	0	2	0	0	0	0	11	0	0	0	0	924	14	53	0	0	77	0	0	3	169	19
0	0	0	0	0	0	0	0	0	0	0	0	0	0	0	0	0	0	0	0	0	0	0	0	0	0	0	0	0	0	0	0	0	0	0	0	0	0	0	0	0	0	0	0	0	0	0	0	0	0	0	0	0	0	0	0	0	0	0	0	0	0	0	0	0	0	0	0	0	0	0	0	0	0	0
0	0	0	0	41	0	0	0	0	0	0	7	0	33	0	2	3	2	0	0	0	1	0	0	8	0	24	2	0	0	1	0	20	0	0	0	33	0	8	2	10	1	2	5	0	6	0	0	1	3	0	0	0	0	0	0	0	0	2	16	126	17	3	36	24	1	5	77	0	0	0	9	1	54	0
0	0	40	200	12	0	1	0	0	0	6	0	0	1	14	591	2	1	12	55	208	0	0	0	15	0	0	0	0	53	1	0	4	24	0	0	0	0	0	0	12	0	457	86	0	92	0	0	0	0	0	0	0	1	4	0	0	0	0	5	0	1	0	0	20	11	493	0	0	0	0	2	0	5	36
0	0	7	0	41	0	0	0	0	0	0	0	0	1	1	64	0	0	24	1	7	0	0	0	176	0	0	14	50	0	1	3	0	10	0	0	1	0	246	9	52	0	15	209	0	0	0	0	0	0	0	0	0	0	195	0	0	0	2	124	0	72	0	1	0	195	400	0	0	9	2	0	0	162	1
0	0	0	0	2	0	0	0	0	0	0	0	0	11	0	0	5	0	0	0	0	0	0	0	0	0	0	0	0	0	0	0	5	0	0	0	0	0	0	0	1	3	0	0	0	1	0	0	0	0	0	0	0	0	0	0	0	0	0	2	0	0	0	0	2	0	0	3	0	1	0	0	0	2	0
0	0	8	0	0	0	1	0	0	0	1	0	0	18	0	22	185	10	31	0	19	1	0	0	3	0	22	11	3	3	3	15	59	5	0	0	64	0	43	19	53	37	38	268	0	20	0	0	3	13	0	0	1	0	20	2	1	0	8	61	19	26	10	178	149	0	54	169	0	54	5	162	2	0	10
0	0	0	796	1	0	191	0	0	0	656	0	2	3	1	1	0	5	21	1	7	78	0	0	1	0	0	27	0	0	63	0	0	545	0	0	6	0	0	3	261	0	362	16	2	873	0	0	57	0	0	0	4	7	4	0	1	0	144	7	0	0	13	0	1	3	88	19	0	0	36	1	0	10	0
