0	0	0	0	0	0	0	0	0	0	0	0	0	0	0	0	0	0	0	0	0	0	0	0	0	0	0	0	0	0	0	0	0	0	0	0	0	0	0	0	0	0	0	0	0	0	0	0	0	0	0	0	0	0	0	0	0	0	0	0	0	0	0	0	0	0	0	0	0	0	0	0	0	0	0
0	0	292	0	0	0	0	2	0	0	89	0	139	0	42	0	0	2	2	0	0	275	0	0	9	0	0	61	3	0	0	0	0	0	0	0	2	0	0	0	17	2	20	0	0	0	0	0	272	0	0	0	257	303	2	0	169	2	265	57	0	0	0	0	0	2	121	4	0	0	0	0	0	0	0
0	292	0	0	1	1	0	0	0	0	0	0	0	0	0	0	0	5	0	0	28	10	0	0	21	48	0	7	0	0	0	3	1	189	0	3	2	0	2	0	5	0	107	5	0	0	0	0	2	0	0	0	106	1	35	0	146	2	228	3	0	0	0	0	0	3	483	0	0	4	150	1	0	3	7
0	0	0	0	0	24	288	2	0	0	1056	0	0	54	623	39	0	6	60	0	0	384	0	0	45	0	0	14	0	0	282	0	0	97	0	2	2	0	2	0	67	0	533	2	0	328	0	0	800	0	0	0	418	49	24	14	14	8	24	4	22	0	0	0	0	4	248	2	0	0	260	33	0	0	498
0	0	1	0	0	3	0	0	0	0	0	0	2	2	0	0	1	17	0	0	16	2	0	0	0	1	0	16	0	0	10	2	1	4	0	18	1	0	7	0	14	0	1	10	3	8	0	3	1	0	0	0	3	0	5	0	0	6	0	4	0	0	1	11	0	0	3	8	0	0	0	2	0	0	0
0	0	1	24	3	0	0	1	0	0	0	0	2	0	1	40	3	8	0	21	172	0	0	0	41	43	0	8	0	0	4	1	0	19	0	1	1	0	1	57	488	0	13	383	3	2	0	0	4	0	2	0	2	2	14	2	0	1	0	214	0	0	0	0	0	1	85	0	0	3	5	6	1	2	49
0	0	0	288	0	0	0	0	0	0	163	0	0	0	100	25	0	0	0	0	0	42	0	0	4	0	0	0	0	0	10	0	0	0	0	0	0	0	0	0	9	0	255	0	0	6	0	0	22	0	0	0	71	0	0	0	19	0	0	40	0	0	0	9	0	8	60	0	0	0	44	0	0	0	54
0	2	0	2	0	1	0	0	0	0	0	0	16	0	0	0	0	38	265	8	0	27	0	0	357	5	0	24	16	0	2	0	0	76	0	0	0	0	152	31	57	0	0	126	0	0	0	1	22	0	0	0	187	17	1341	2	0	20	2	29	0	0	0	5	0	395	180	0	0	0	4	94	0	0	22
0	0	0	0	0	0	0	0	0	0	0	0	0	0	0	0	0	0	0	0	0	0	0	0	0	0	0	0	0	0	0	0	0	0	0	0	0	0	0	0	0	0	0	0	0	0	0	0	0	0	0	0	0	0	0	0	0	0	0	0	0	0	0	0	0	0	0	0	0	0	0	0	0	0	0
0	0	0	0	0	0	0	0	0	0	0	0	0	0	0	0	0	0	0	0	0	0	0	0	0	0	0	0	0	0	0	0	0	0	0	0	0	0	0	0	0	1	0	0	0	0	0	0	0	0	0	0	0	0	0	0	0	0	0	0	0	0	0	0	0	0	0	1	0	0	0	0	1	2	0
0	89	0	1056	0	0	163	0	0	0	0	0	0	1	3	716	0	0	0	34	0	0	0	0	208	0	0	0	0	8	0	0	0	8	0	0	0	0	0	55	61	0	155	0	0	12	0	0	127	0	0	0	0	4	25	0	0	0	0	2	0	0	0	0	0	0	226	0	0	0	7	0	0	0	548
0	0	0	0	0	0	0	0	0	0	0	0	0	0	0	21	0	0	0	0	0	0	0	0	1	1	0	0	0	5	1	0	0	0	0	0	0	0	0	0	0	0	0	0	0	8	0	0	0	0	0	0	0	0	0	205	0	250	0	0	812	0	0	0	0	0	1	0	0	0	1	0	0	0	1
0	139	0	0	2	2	0	16	0	0	0	0	0	0	0	0	0	2	0	0	64	0	0	0	15	15	0	1	0	0	0	0	0	2	0	0	0	0	0	33	55	0	0	41	0	0	0	0	0	0	0	0	0	0	16	0	0	0	0	42	0	0	0	0	2	0	40	0	0	0	0	0	0	2	9
0	0	0	54	2	0	0	0	0	0	1	0	0	0	1	21	12	1	0	1	0	0	0	0	0	2	0	0	0	0	0	0	2	0	0	2	2	0	0	1	1	0	2	0	39	11	0	0	0	0	0	0	0	0	0	3	0	7	0	8	0	0	3	0	0	0	0	9	0	0	0	0	10	2	0
0	42	0	623	0	1	100	0	0	0	3	0	0	1	0	639	0	0	0	9	0	0	0	0	0	7	0	0	0	6	0	0	0	7	0	0	0	0	0	26	144	0	3	0	3	2	0	0	0	0	0	0	0	0	0	0	0	0	0	12	0	0	0	0	0	0	189	0	0	0	7	0	0	3	351
0	0	0	39	0	40	25	0	0	0	716	21	0	21	639	0	342	2	0	161	1	0	0	0	0	10	0	0	0	35	10	0	465	221	0	0	28	0	3	1	53	0	617	2	36	595	0	37	16	0	0	0	0	24	6	576	0	139	23	7	0	0	331	0	0	1	215	21	0	0	331	0	4	12	0
0	0	0	0	1	3	0	0	0	0	0	0	0	12	0	342	0	0	0	128	96	0	0	0	0	31	0	2	0	17	0	0	0	3	0	0	0	0	0	6	280	0	2	1	0	4	0	0	0	0	0	0	0	0	6	2	0	2	0	14	0	0	0	0	59	0	39	0	0	3	9	0	9	1	19
0	2	5	6	17	8	0	38	0	0	0	0	2	1	0	2	0	0	0	13	75	3	0	0	104	32	0	264	4	0	11	2	0	32	0	4	0	0	20	9	306	0	5	42	0	0	0	0	0	0	1	0	1	49	228	0	0	0	0	5	0	0	0	0	1	0	126	1	0	0	2	2	0	13	14
0	2	0	60	0	0	0	265	0	0	0	0	0	0	0	0	0	0	0	0	2	0	0	0	512	8	0	0	27	0	2	0	0	12	0	0	0	0	0	2	54	0	0	68	0	0	0	0	4	0	0	0	0	3	345	2	0	0	0	55	0	0	0	0	0	0	15	0	0	0	2	0	0	0	34
0	0	0	0	0	21	0	8	0	0	34	0	0	1	9	161	128	13	0	0	20	0	0	0	0	0	0	0	0	2	0	0	36	19	0	1	0	0	21	0	15	0	129	14	0	131	0	31	0	0	0	0	0	0	12	13	0	0	27	0	0	0	61	0	5	0	2	9	0	0	0	0	0	0	2
0	0	28	0	16	172	0	0	0	0	0	0	64	0	0	1	96	75	2	20	0	0	0	0	6	136	0	112	0	0	77	12	0	66	0	54	0	0	0	0	254	0	29	42	0	26	0	0	0	0	3	0	4	8	17	0	0	0	0	2	0	0	0	0	0	0	44	0	0	0	56	47	0	11	8
0	275	10	384	2	0	42	27	0	0	0	0	0	0	0	0	0	3	0	0	0	0	0	0	231	7	0	14	9	0	2	0	0	10	0	0	0	0	0	29	114	0	3	3	0	0	0	0	85	0	0	0	0	158	20	0	0	0	0	7	0	0	0	0	0	0	10	0	0	1	0	0	0	0	94
0	0	0	0	0	0	0	0	0	0	0	0	0	0	0	0	0	0	0	0	0	0	0	0	0	0	0	0	0	0	0	0	0	0	0	0	0	0	0	0	0	0	0	0	0	0	0	0	0	0	0	0	0	0	0	0	0	0	0	0	0	0	0	0	0	0	0	0	0	0	0	0	0	0	0
0	0	0	0	0	0	0	0	0	0	0	0	0	0	0	0	0	0	0	0	0	0	0	0	0	0	0	0	0	0	0	0	0	0	0	0	0	0	0	0	0	0	0	0	0	0	0	0	0	0	0	0	0	0	0	0	0	0	0	0	0	0	0	0	0	0	0	0	0	0	0	0	0	0	0
0	9	21	45	0	41	4	357	0	0	208	1	15	0	0	0	0	104	512	0	6	231	0	0	0	13	0	60	0	0	79	42	5	81	0	39	2	0	206	17	52	0	30	5	2	2	0	2	110	0	0	0	267	110	373	10	2	34	64	35	1	1	1	8	0	661	36	1	0	3	3	45	0	2	1
0	0	48	0	1	43	0	5	0	0	0	1	15	2	7	10	31	32	8	0	136	7	0	0	13	0	0	14	0	0	6	31	16	33	0	67	6	0	3	1	81	7	23	37	16	6	0	0	9	0	0	0	6	0	50	0	0	7	8	53	3	0	0	18	1	18	96	23	0	4	7	43	47	16	1
0	0	0	0	0	0	0	0	0	0	0	0	0	0	0	0	0	0	0	0	0	0	0	0	0	0	0	0	0	0	0	0	0	0	0	0	0	0	0	0	0	0	0	0	0	0	0	0	0	0	0	0	0	0	0	0	0	0	0	0	0	2	0	4	1	0	0	4	0	0	0	0	4	0	0
0	61	7	14	16	8	0	24	0	0	0	0	1	0	0	0	2	264	0	0	112	14	0	0	60	14	0	0	6	0	58	0	0	103	0	1	0	0	16	115	404	0	5	175	0	0	0	1	2	0	0	0	2	25	874	1	4	0	96	808	1	114	0	0	0	0	154	0	0	0	0	13	0	10	16
0	3	0	0	0	0	0	16	0	0	0	0	0	0	0	0	0	4	27	0	0	9	0	0	0	0	0	6	0	0	0	0	0	23	0	0	0	0	4	0	0	0	0	0	0	0	0	0	1	0	0	0	2	3	0	0	2	0	2	0	0	0	0	0	0	16	0	0	0	0	0	0	0	0	0
0	0	0	0	0	0	0	0	0	0	8	5	0	0	6	35	17	0	0	2	0	0	0	0	0	0	0	0	0	0	0	0	23	0	0	4	0	0	0	0	1	0	22	2	0	22	0	0	0	0	0	0	0	0	0	39	0	49	0	0	1	0	9	3	0	0	16	0	0	0	28	0	1	1	0
0	0	0	282	10	4	10	2	0	0	0	1	0	0	0	10	0	11	2	0	77	2	0	0	79	6	0	58	0	0	0	0	0	2	0	2	1	0	0	56	417	0	3	1	4	3	0	0	12	0	0	0	2	7	1	0	0	0	0	46	1	0	0	0	0	0	13	4	0	0	8	2	0	14	17
0	0	3	0	2	1	0	0	0	0	0	0	0	0	0	0	0	2	0	0	12	0	0	0	42	31	0	0	0	0	0	0	0	2	0	0	0	0	0	14	37	0	0	526	0	0	0	0	0	0	1	0	0	0	23	0	0	0	0	209	0	0	0	0	0	0	33	0	0	0	0	2	0	0	1
0	0	1	0	1	0	0	0	0	0	0	0	0	2	0	465	0	0	0	36	0	0	0	0	5	16	0	0	0	23	0	0	0	0	0	0	0	0	0	16	4	0	44	5	0	0	5	0	1	0	0	0	0	0	0	103	0	23	0	14	18	0	0	0	8	0	30	0	0	4	7	0	1	1	6
0	0	189	97	4	19	0	76	0	0	8	0	2	0	7	221	3	32	12	19	66	10	0	0	81	33	0	103	23	0	2	2	0	0	0	6	0	0	10	47	266	0	27	150	0	4	0	2	46	0	0	0	4	6	404	3	2	2	12	102	0	8	0	0	0	14	324	2	0	2	11	16	0	4	235
0	0	0	0	0	0	0	0	0	0	0	0	0	0	0	0	0	0	0	0	0	0	0	0	0	0	0	0	0	0	0	0	0	0	0	0	0	0	0	0	0	0	0	0	0	0	0	0	0	0	0	0	0	0	0	0	0	0	0	0	0	0	0	0	0	0	0	0	0	0	0	0	0	0	0
0	0	3	2	18	1	0	0	0	0	0	0	0	2	0	0	0	4	0	1	54	0	0	0	39	67	0	1	0	4	2	0	0	6	0	0	0	0	0	150	38	0	0	543	0	4	0	0	0	0	0	0	0	0	27	3	0	0	0	1039	1	0	0	0	70	0	90	0	0	0	9	0	0	17	21
0	2	2	2	1	1	0	0	0	0	0	0	0	2	0	28	0	0	0	0	0	0	0	0	2	6	0	0	0	0	1	0	0	0	0	0	0	0	0	23	16	0	0	2	0	2	8	0	0	0	0	0	0	1	0	0	0	2	0	78	0	0	0	0	173	0	9	0	0	0	8	0	1	1	17
0	0	0	0	0	0	0	0	0	0	0	0	0	0	0	0	0	0	0	0	0	0	0	0	0	0	0	0	0	0	0	0	0	0	0	0	0	0	0	0	0	0	0	0	0	0	0	0	0	0	0	0	0	0	0	0	0	0	0	0	0	0	0	0	0	0	0	0	0	0	0	0	0	0	0
0	0	2	2	7	1	0	152	0	0	0	0	0	0	0	3	0	20	0	21	0	0	0	0	206	3	0	16	4	0	0	0	0	10	0	0	0	0	0	18	0	0	0	246	0	0	0	0	2	0	0	0	0	2	1010	0	0	0	0	38	0	0	0	0	0	0	133	0	0	0	0	0	0	7	7
0	0	0	0	0	57	0	31	0	0	55	0	33	1	26	1	6	9	2	0	0	29	0	0	17	1	0	115	0	0	56	14	16	47	0	150	23	0	18	0	206	0	22	419	0	8	0	0	10	2	0	0	67	0	30	15	0	32	1	1182	6	0	0	140	1	49	18	21	0	10	0	90	0	1	1
0	17	5	67	14	488	9	57	0	0	61	0	55	1	144	53	280	306	54	15	254	114	0	0	52	81	0	404	0	1	417	37	4	266	0	38	16	0	0	206	0	0	87	139	0	47	0	0	23	0	2	0	70	42	171	20	0	41	103	779	0	83	0	17	5	20	81	31	0	3	2	206	33	14	553
0	2	0	0	0	0	0	0	0	1	0	0	0	0	0	0	0	0	0	0	0	0	0	0	0	7	0	0	0	0	0	0	0	0	0	0	0	0	0	0	0	0	0	1	0	0	0	0	0	0	0	0	0	0	0	0	0	0	0	0	0	0	0	0	29	0	0	0	0	0	0	0	2	0	1
0	20	107	533	1	13	255	0	0	0	155	0	0	2	3	617	2	5	0	129	29	3	0	0	30	23	0	5	0	22	3	0	44	27	0	0	0	0	0	22	87	0	0	62	0	69	0	0	83	0	2	0	0	0	35	64	94	3	0	43	1	0	1	0	1	0	502	6	0	0	12	0	0	1	171
0	0	5	2	10	383	0	126	0	0	0	0	41	0	0	2	1	42	68	14	42	3	0	0	5	37	0	175	0	2	1	526	5	150	0	543	2	0	246	419	139	1	62	0	0	0	0	0	6	1	1	0	6	0	635	25	0	3	1	1781	0	0	0	331	1	74	43	11	0	5	0	233	0	9	5
0	0	0	0	3	3	0	0	0	0	0	0	0	39	3	36	0	0	0	0	0	0	0	0	2	16	0	0	0	0	4	0	0	0	0	0	0	0	0	0	0	0	0	0	0	0	0	0	0	0	0	0	0	1	47	0	0	3	0	0	1	0	0	0	0	0	14	0	0	0	4	0	0	3	2
0	0	0	328	8	2	6	0	0	0	12	8	0	11	2	595	4	0	0	131	26	0	0	0	2	6	0	0	0	22	3	0	0	4	0	4	2	0	0	8	47	0	69	0	0	0	2	8	9	0	0	0	0	0	7	10	0	215	0	56	0	0	10	0	128	0	11	16	0	0	5	0	4	8	334
0	0	0	0	0	0	0	0	0	0	0	0	0	0	0	0	0	0	0	0	0	0	0	0	0	0	0	0	0	0	0	0	5	0	0	0	8	0	0	0	0	0	0	0	0	2	0	0	0	0	0	0	0	0	0	0	0	5	0	2	0	0	0	0	0	0	0	16	0	0	0	0	0	5	0
0	0	0	0	3	0	0	1	0	0	0	0	0	0	0	37	0	0	0	31	0	0	0	0	2	0	0	1	0	0	0	0	0	2	0	0	0	0	0	0	0	0	0	0	0	8	0	0	1	0	0	0	0	0	83	2	0	0	0	0	129	0	0	0	0	0	40	0	0	0	0	0	0	3	0
0	272	2	800	1	4	22	22	0	0	127	0	0	0	0	16	0	0	4	0	0	85	0	0	110	9	0	2	1	0	12	0	1	46	0	0	0	0	2	10	23	0	83	6	0	9	0	1	0	0	0	0	69	9	2	0	63	6	1	137	5	0	0	0	0	3	284	1	0	2	48	1	0	0	117
0	0	0	0	0	0	0	0	0	0	0	0	0	0	0	0	0	0	0	0	0	0	0	0	0	0	0	0	0	0	0	0	0	0	0	0	0	0	0	2	0	0	0	1	0	0	0	0	0	0	0	0	0	0	0	0	0	0	0	1	0	0	0	0	0	0	0	0	0	0	0	0	0	0	0
0	0	0	0	0	2	0	0	0	0	0	0	0	0	0	0	0	1	0	0	3	0	0	0	0	0	0	0	0	0	0	1	0	0	0	0	0	0	0	0	2	0	2	1	0	0	0	0	0	0	0	0	0	0	1	0	0	0	0	0	0	0	0	0	0	0	0	0	0	0	0	1	0	0	0
0	0	0	0	0	0	0	0	0	0	0	0	0	0	0	0	0	0	0	0	0	0	0	0	0	0	0	0	0	0	0	0	0	0	0	0	0	0	0	0	0	0	0	0	0	0	0	0	0	0	0	0	0	0	0	0	0	0	0	0	1	0	0	0	0	0	0	0	0	0	0	0	0	0	0
0	257	106	418	3	2	71	187	0	0	0	0	0	0	0	0	0	1	0	0	4	0	0	0	267	6	0	2	2	0	2	0	0	4	0	0	0	0	0	67	70	0	0	6	0	0	0	0	69	0	0	0	0	85	203	0	0	0	0	253	18	0	0	0	0	0	110	0	0	0	3	4	0	1	23
0	303	1	49	0	2	0	17	0	0	4	0	0	0	0	24	0	49	3	0	8	158	0	0	110	0	0	25	3	0	7	0	0	6	0	0	1	0	2	0	42	0	0	0	1	0	0	0	9	0	0	0	85	0	3	0	4	0	20	0	0	0	0	0	0	2	4	0	0	0	0	0	0	0	0
0	2	35	24	5	14	0	1341	0	0	25	0	16	0	0	6	6	228	345	12	17	20	0	0	373	50	0	874	0	0	1	23	0	404	0	27	0	0	1010	30	171	0	35	635	47	7	0	83	2	0	1	0	203	3	0	2	0	9	57	174	0	0	2	56	10	1290	267	16	0	0	0	1112	2	0	49
0	0	0	14	0	2	0	2	0	0	0	205	0	3	0	576	2	0	2	13	0	0	0	0	10	0	0	1	0	39	0	0	103	3	0	3	0	0	0	15	20	0	64	25	0	10	0	2	0	0	0	0	0	0	2	0	0	460	0	35	1504	0	313	0	1	0	18	2	0	0	0	1	0	0	13
0	169	146	14	0	0	19	0	0	0	0	0	0	0	0	0	0	0	0	0	0	0	0	0	2	0	0	4	2	0	0	0	0	2	0	0	0	0	0	0	0	0	94	0	0	0	0	0	63	0	0	0	0	4	0	0	0	0	0	0	0	0	0	0	0	0	44	0	0	0	0	0	0	0	0
0	2	2	8	6	1	0	20	0	0	0	250	0	7	0	139	2	0	0	0	0	0	0	0	34	7	0	0	0	49	0	0	23	2	0	0	2	0	0	32	41	0	3	3	3	215	5	0	6	0	0	0	0	0	9	460	0	0	0	16	974	0	188	0	1	0	14	11	0	0	0	0	5	9	34
0	265	228	24	0	0	0	2	0	0	0	0	0	0	0	23	0	0	0	27	0	0	0	0	64	8	0	96	2	0	0	0	0	12	0	0	0	0	0	1	103	0	0	1	0	0	0	0	1	0	0	0	0	20	57	0	0	0	0	33	0	0	0	0	0	0	94	0	0	0	0	0	0	0	144
0	57	3	4	4	214	40	29	0	0	2	0	42	8	12	7	14	5	55	0	2	7	0	0	35	53	0	808	0	0	46	209	14	102	0	1039	78	0	38	1182	779	0	43	1781	0	56	2	0	137	1	0	0	253	0	174	35	0	16	33	0	1	58	0	926	38	73	92	86	0	12	1	451	57	2	7
0	0	0	22	0	0	0	0	0	0	0	812	0	0	0	0	0	0	0	0	0	0	0	0	1	3	0	1	0	1	1	0	18	0	0	1	0	0	0	6	0	0	1	0	1	0	0	129	5	0	0	1	18	0	0	1504	0	974	0	1	0	0	781	0	0	1	0	0	0	0	0	0	0	0	0
0	0	0	0	0	0	0	0	0	0	0	0	0	0	0	0	0	0	0	0	0	0	0	0	1	0	2	114	0	0	0	0	0	8	0	0	0	0	0	0	83	0	0	0	0	0	0	0	0	0	0	0	0	0	0	0	0	0	0	58	0	0	0	0	26	0	6	0	0	0	0	0	0	0	0
0	0	0	0	1	0	0	0	0	0	0	0	0	3	0	331	0	0	0	61	0	0	0	0	1	0	0	0	0	9	0	0	0	0	0	0	0	0	0	0	0	0	1	0	0	10	0	0	0	0	0	0	0	0	2	313	0	188	0	0	781	0	0	0	0	0	0	0	0	0	2	0	0	1	3
0	0	0	0	11	0	9	5	0	0	0	0	0	0	0	0	0	0	0	0	0	0	0	0	8	18	4	0	0	3	0	0	0	0	0	0	0	0	0	140	17	0	0	331	0	0	0	0	0	0	0	0	0	0	56	0	0	0	0	926	0	0	0	0	64	0	37	0	0	0	5	0	7	8	8
0	0	0	0	0	0	0	0	0	0	0	0	2	0	0	0	59	1	0	5	0	0	0	0	0	1	1	0	0	0	0	0	8	0	0	70	173	0	0	1	5	29	1	1	0	128	0	0	0	0	0	0	0	0	10	1	0	1	0	38	0	26	0	64	0	0	1	241	0	23	0	1	0	0	0
0	2	3	4	0	1	8	395	0	0	0	0	0	0	0	1	0	0	0	0	0	0	0	0	661	18	0	0	16	0	0	0	0	14	0	0	0	0	0	49	20	0	0	74	0	0	0	0	3	0	0	0	0	2	1290	0	0	0	0	73	1	0	0	0	0	0	117	0	0	0	0	0	0	0	8
0	121	483	248	3	85	60	180	0	0	226	1	40	0	189	215	39	126	15	2	44	10	0	0	36	96	0	154	0	16	13	33	30	324	0	90	9	0	133	18	81	0	502	43	14	11	0	40	284	0	0	0	110	4	267	18	44	14	94	92	0	6	0	37	1	117	0	22	0	3	280	258	29	14	12
0	4	0	2	8	0	0	0	0	1	0	0	0	9	0	21	0	1	0	9	0	0	0	0	1	23	4	0	0	0	4	0	0	2	0	0	0	0	0	21	31	0	6	11	0	16	16	0	1	0	0	0	0	0	16	2	0	11	0	86	0	0	0	0	241	0	22	0	0	1	10	0	8	8	41
0	0	0	0	0	0	0	0	0	0	0	0	0	0	0	0	0	0	0	0	0	0	0	0	0	0	0	0	0	0	0	0	0	0	0	0	0	0	0	0	0	0	0	0	0	0	0	0	0	0	0	0	0	0	0	0	0	0	0	0	0	0	0	0	0	0	0	0	0	0	0	0	0	0	0
0	0	4	0	0	3	0	0	0	0	0	0	0	0	0	0	3	0	0	0	0	1	0	0	3	4	0	0	0	0	0	0	4	2	0	0	0	0	0	10	3	0	0	5	0	0	0	0	2	0	0	0	0	0	0	0	0	0	0	12	0	0	0	0	23	0	3	1	0	0	4	0	3	0	1
0	0	150	260	0	5	44	4	0	0	7	1	0	0	7	331	9	2	2	0	56	0	0	0	3	7	0	0	0	28	8	0	7	11	0	9	8	0	0	0	2	0	12	0	4	5	0	0	48	0	0	0	3	0	0	0	0	0	0	1	0	0	2	5	0	0	280	10	0	4	0	7	7	4	13
0	0	1	33	2	6	0	94	0	0	0	0	0	0	0	0	0	2	0	0	47	0	0	0	45	43	0	13	0	0	2	2	0	16	0	0	0	0	0	90	206	0	0	233	0	0	0	0	1	0	1	0	4	0	1112	1	0	0	0	451	0	0	0	0	1	0	258	0	0	0	7	0	3	2	3
0	0	0	0	0	1	0	0	0	1	0	0	0	10	0	4	9	0	0	0	0	0	0	0	0	47	4	0	0	1	0	0	1	0	0	0	1	0	0	0	33	2	0	0	0	4	0	0	0	0	0	0	0	0	2	0	0	5	0	57	0	0	0	7	0	0	29	8	0	3	7	3	0	0	20
0	0	3	0	0	2	0	0	0	2	0	0	2	2	3	12	1	13	0	0	11	0	0	0	2	16	0	10	0	1	14	0	1	4	0	17	1	0	7	1	14	0	1	9	3	8	5	3	0	0	0	0	1	0	0	0	0	9	0	2	0	0	1	8	0	0	14	8	0	0	4	2	0	0	4
0	0	7	498	0	49	54	22	0	0	548	1	9	0	351	0	19	14	34	2	8	94	0	0	1	1	0	16	0	0	17	1	6	235	0	21	17	0	7	1	553	1	171	5	2	334	0	0	117	0	0	0	23	0	49	13	0	34	144	7	0	0	3	8	0	8	12	41	0	1	13	3	20	4	0
