0	0	0	0	0	0	0	0	0	0	0	0	0	0	0	0	0	0	0	0	0	0	0	0	0	0	0	0	0	0	0	0	0	0	0	0	0	0	0	0	0	0	0	0	0	0	0	0	0	0	0	0	0	0	0	0	0	0	0	0	0	0	0	0	0	0	0	0	0	0	0	0	0	0	0
0	0	1005	39	0	0	34	0	0	0	544	0	0	0	4	0	2	184	15	2	4	1688	0	0	16	0	0	15	309	0	10	0	0	6	0	0	0	0	36	0	35	2	41	3	0	0	0	0	200	0	9	0	490	169	50	0	1218	7	738	0	0	0	0	0	0	5	52	5	0	0	0	0	0	0	16
0	1005	0	0	0	0	3	0	0	0	1	1	0	4	0	0	0	41	0	0	82	122	0	0	28	0	0	5	93	0	0	0	0	1	0	0	0	0	11	0	57	0	17	5	0	0	0	0	3	0	114	0	111	2	23	0	69	9	2	2	0	0	0	0	0	35	176	0	0	0	10	0	37	0	0
0	39	0	0	0	0	704	0	0	0	335	0	0	0	1	222	0	6	1	24	0	118	0	0	10	0	0	13	14	19	128	0	0	86	0	0	0	0	7	0	9	0	161	0	0	66	0	0	75	0	0	0	187	27	5	0	13	4	78	2	0	0	0	1	0	13	0	0	0	0	12	0	0	0	56
0	0	0	0	0	0	0	0	0	0	0	0	0	0	0	1	9	0	0	0	1	0	0	0	0	0	1	2	0	1	0	9	4	0	0	0	0	0	4	0	5	2	7	6	0	2	0	0	0	2	2	0	0	0	3	5	0	1	0	12	0	0	0	13	6	0	3	4	0	2	2	7	0	0	0
0	0	0	0	0	0	0	0	0	0	0	0	0	0	0	0	0	0	0	0	0	0	0	0	0	0	0	0	0	0	0	0	0	0	0	0	0	0	0	0	0	0	0	0	0	0	0	0	0	0	0	0	0	0	0	0	0	0	0	0	0	0	0	0	0	0	0	5	0	0	0	0	0	0	0
0	34	3	704	0	0	0	0	0	0	242	0	0	0	0	303	0	1	0	1	0	135	0	0	1	1	0	1	1	46	109	1	0	173	0	0	0	0	0	0	32	0	167	0	0	74	0	0	65	0	0	0	125	10	0	0	54	12	99	0	0	0	0	0	0	0	0	0	0	0	3	0	0	1	65
0	0	0	0	0	0	0	0	0	0	0	0	0	0	0	0	0	0	0	0	0	0	0	0	0	0	0	0	0	0	0	0	0	0	0	0	0	0	0	0	0	0	0	0	0	0	0	0	0	0	0	0	0	0	0	0	0	0	0	0	0	0	0	0	0	0	0	0	0	0	0	0	0	0	0
0	0	0	0	0	0	0	0	0	0	0	0	0	4	0	0	59	0	0	4	8	0	0	0	1	0	6	1	0	0	0	0	0	0	13	0	0	0	0	0	0	0	0	0	0	0	0	0	0	0	4	0	0	0	2	0	0	7	0	0	0	0	0	5	0	0	1	35	0	0	0	0	0	0	0
0	0	0	0	0	0	0	0	0	0	0	0	0	0	0	0	0	0	0	0	0	0	0	0	0	0	0	0	0	0	0	0	0	0	0	0	0	0	0	0	0	0	0	0	0	0	0	0	0	0	0	0	0	0	0	0	0	0	0	0	0	0	0	0	0	0	0	0	0	0	0	0	0	0	0
0	544	1	335	0	0	242	0	0	0	0	0	0	38	0	331	0	1	8	11	0	18	0	0	18	0	0	2	15	0	0	0	0	0	0	0	0	0	0	0	63	0	160	0	0	0	0	0	56	0	1	0	8	0	0	0	66	12	0	0	0	0	0	0	0	5	102	0	0	0	1	0	1	0	0
0	0	1	0	0	0	0	0	0	0	0	0	0	0	0	0	0	10	0	0	0	0	0	0	1	0	0	0	0	0	4	0	0	0	0	0	0	0	0	0	0	0	0	0	0	0	0	0	0	0	124	0	0	7	0	5	0	0	0	0	0	0	1	0	0	0	0	9	0	0	0	0	0	0	0
0	0	0	0	0	0	0	0	0	0	0	0	0	0	0	0	0	2	0	0	0	0	0	0	5	0	0	0	11	0	0	0	0	0	0	0	0	0	0	0	37	0	0	0	0	0	0	0	0	0	150	0	0	0	0	0	0	0	0	0	0	0	0	0	0	0	1	0	0	0	0	0	81	0	0
0	0	4	0	0	0	0	0	4	0	38	0	0	0	0	0	0	0	0	0	0	0	0	0	0	1	0	0	0	26	1	0	0	0	0	0	0	0	0	0	3	0	0	0	441	0	0	0	0	0	0	0	0	0	0	0	0	17	0	0	0	0	0	0	1	0	1	18	0	0	0	0	0	0	0
0	4	0	1	0	0	0	0	0	0	0	0	0	0	0	0	0	0	158	13	0	42	0	0	130	0	0	37	192	0	0	0	0	0	0	0	0	0	0	0	0	0	0	0	0	0	0	0	13	0	0	0	1	0	1	0	0	0	0	0	0	0	0	0	0	134	1	0	0	1	0	0	0	0	0
0	0	0	222	1	0	303	0	0	0	331	0	0	0	0	0	69	0	0	500	0	0	0	0	0	0	9	0	0	420	0	0	163	167	6	0	0	0	0	0	2	0	344	1	0	292	0	0	4	0	0	0	0	0	18	154	0	121	0	0	0	0	49	0	2	0	1	40	0	1	5	0	0	25	2
0	2	0	0	9	0	0	0	59	0	0	0	0	0	0	69	0	1	0	286	102	0	0	0	0	0	49	18	1	4	7	0	0	0	2	0	0	0	0	0	36	0	20	7	0	46	0	0	1	0	26	0	0	1	3	0	0	2	0	0	0	0	0	80	0	0	1	313	0	35	0	0	16	0	0
0	184	41	6	0	0	1	0	0	0	1	10	2	0	0	0	1	0	35	18	60	495	0	0	179	0	0	392	718	0	91	1	0	3	2	0	0	0	227	0	303	0	12	55	0	1	0	0	7	0	821	1	1	4	152	0	8	19	0	8	0	0	0	11	0	157	216	17	0	1	0	2	85	0	1
0	15	0	1	0	0	0	0	0	0	8	0	0	0	158	0	0	35	0	18	0	47	0	0	274	0	0	104	551	0	47	109	0	46	0	0	0	0	322	0	28	0	5	227	0	1	0	0	12	0	1	1	56	1	215	1	1	4	10	26	0	0	0	4	0	356	1	0	0	1	0	84	1	1	0
0	2	0	24	0	0	1	0	4	0	11	0	0	0	13	500	286	18	18	0	22	15	0	0	14	0	17	24	33	297	4	4	95	67	4	0	0	0	10	0	489	4	223	11	0	201	0	0	30	18	0	12	4	0	13	124	0	45	0	2	0	0	86	3	55	5	1	18	0	3	60	5	10	7	26
0	4	82	0	1	0	0	0	8	0	0	0	0	0	0	0	102	60	0	22	0	6	0	0	24	0	2	142	5	0	162	8	0	8	5	0	0	0	7	0	300	0	41	69	0	0	0	0	0	0	1142	0	0	0	22	0	0	5	0	4	0	0	0	0	6	2	23	1	0	0	2	10	51	0	0
0	1688	122	118	0	0	135	0	0	0	18	0	0	0	42	0	0	495	47	15	6	0	0	0	277	0	0	203	544	0	576	2	0	26	0	0	0	0	53	0	542	0	7	15	0	0	0	0	46	0	465	0	211	32	81	0	416	5	250	6	0	0	0	0	0	193	25	0	0	1	1	2	60	1	63
0	0	0	0	0	0	0	0	0	0	0	0	0	0	0	0	0	0	0	0	0	0	0	0	0	0	0	0	0	0	0	0	0	0	0	0	0	0	0	0	0	0	0	0	0	0	0	0	0	0	0	0	0	0	0	0	0	0	0	0	0	0	0	0	0	0	0	0	0	0	0	0	0	0	0
0	0	0	0	0	0	0	0	0	0	0	0	0	0	0	0	0	0	0	0	0	0	0	0	0	0	0	0	0	0	0	0	0	0	0	0	0	0	0	0	0	0	0	0	0	0	0	0	0	0	0	0	0	0	0	0	0	0	0	0	0	0	0	0	0	0	0	0	0	0	0	0	0	0	0
0	16	28	10	0	0	1	0	1	0	18	1	5	0	130	0	0	179	274	14	24	277	0	0	0	0	0	135	1093	0	355	34	0	43	0	0	0	0	895	0	162	0	9	13	0	0	0	0	12	0	148	1	59	7	768	1	2	20	3	62	0	0	0	0	1	594	78	27	0	1	3	143	34	2	6
0	0	0	0	0	0	1	0	0	0	0	0	0	1	0	0	0	0	0	0	0	0	0	0	0	0	0	0	0	0	0	0	0	0	0	0	0	0	0	0	0	0	0	0	3	0	0	0	0	0	0	0	0	0	0	0	0	0	0	0	0	0	0	0	0	0	0	0	0	0	0	0	0	0	0
0	0	0	0	1	0	0	0	6	0	0	0	0	0	0	9	49	0	0	17	2	0	0	0	0	0	0	0	1	0	0	1	15	2	0	0	0	0	1	0	3	13	4	3	0	18	0	0	0	25	0	1	4	0	0	0	0	6	0	13	0	0	0	176	125	1	0	452	0	195	3	0	0	13	0
0	15	5	13	2	0	1	0	1	0	2	0	0	0	37	0	18	392	104	24	142	203	0	0	135	0	0	0	440	0	137	56	2	59	3	0	0	0	439	0	232	0	31	132	0	0	0	0	9	0	57	0	12	20	172	0	4	9	92	1	0	0	1	38	0	141	8	3	0	0	3	28	1	5	0
0	309	93	14	0	0	1	0	0	0	15	0	11	0	192	0	1	718	551	33	5	544	0	0	1093	0	1	440	0	0	425	21	1	127	0	0	0	0	920	0	261	0	22	7	0	0	0	0	50	0	12	0	107	28	670	0	10	34	0	71	0	0	0	0	4	868	79	0	0	1	1	13	154	4	16
0	0	0	19	1	0	46	0	0	0	0	0	0	26	0	420	4	0	0	297	0	0	0	0	0	0	0	0	0	0	0	0	0	0	13	0	0	0	0	0	0	0	156	1	0	0	0	0	0	0	0	0	0	0	1	10	0	149	0	0	0	0	0	0	0	0	0	0	0	0	1	0	0	0	0
0	10	0	128	0	0	109	0	0	0	0	4	0	1	0	0	7	91	47	4	162	576	0	0	355	0	0	137	425	0	0	0	0	0	0	0	0	0	0	0	325	0	9	8	0	0	0	0	11	0	390	0	2	9	9	0	1	0	0	0	0	0	0	0	0	5	1	1	0	1	0	0	101	0	0
0	0	0	0	9	0	1	0	0	0	0	0	0	0	0	0	0	1	109	4	8	2	0	0	34	0	1	56	21	0	0	0	0	0	0	0	0	0	153	0	0	0	4	372	0	0	0	0	2	0	129	0	0	0	14	0	0	1	0	0	0	0	0	77	0	272	98	0	0	0	0	0	0	0	0
0	0	0	0	4	0	0	0	0	0	0	0	0	0	0	163	0	0	0	95	0	0	0	0	0	0	15	2	1	0	0	0	0	0	25	0	0	0	0	0	0	0	33	0	0	0	0	0	1	0	0	0	0	0	1	0	0	21	0	0	0	0	0	1	0	4	0	71	0	1	0	0	0	0	0
0	6	1	86	0	0	173	0	0	0	0	0	0	0	0	167	0	3	46	67	8	26	0	0	43	0	2	59	127	0	0	0	0	0	2	0	0	0	25	0	0	0	88	36	0	0	0	0	19	0	0	0	1	0	0	0	2	1	0	0	0	0	0	14	0	53	1	1	0	0	0	0	0	0	0
0	0	0	0	0	0	0	0	13	0	0	0	0	0	0	6	2	2	0	4	5	0	0	0	0	0	0	3	0	13	0	0	25	2	0	0	0	0	2	0	1	0	0	1	0	4	0	0	1	0	0	0	0	0	1	181	0	145	0	0	0	0	89	10	7	0	0	7	0	0	0	0	0	1	0
0	0	0	0	0	0	0	0	0	0	0	0	0	0	0	0	0	0	0	0	0	0	0	0	0	0	0	0	0	0	0	0	0	0	0	0	0	0	0	0	0	0	0	0	0	0	0	0	0	0	0	0	0	0	0	0	0	0	0	0	0	0	0	0	0	0	0	0	0	0	0	0	0	0	0
0	0	0	0	0	0	0	0	0	0	0	0	0	0	0	0	0	0	0	0	0	0	0	0	0	0	0	0	0	0	0	0	0	0	0	0	0	0	0	0	0	0	0	0	0	0	0	0	0	0	0	0	0	0	0	0	0	0	0	0	0	0	0	0	0	0	0	0	0	0	0	0	0	0	0
0	0	0	0	0	0	0	0	0	0	0	0	0	0	0	0	0	0	0	0	0	0	0	0	0	0	0	0	0	0	0	0	0	0	0	0	0	0	0	0	0	0	0	0	0	0	0	0	0	0	0	0	0	0	0	0	0	0	0	0	0	0	0	0	0	0	0	0	0	0	0	0	0	0	0
0	36	11	7	4	0	0	0	0	0	0	0	0	0	0	0	0	227	322	10	7	53	0	0	895	0	1	439	920	0	0	153	0	25	2	0	0	0	0	0	117	1	27	822	0	0	0	0	15	2	1049	0	2	0	209	0	0	12	0	34	0	0	0	118	1	565	260	53	0	2	0	88	62	8	0
0	0	0	0	0	0	0	0	0	0	0	0	0	0	0	0	0	0	0	0	0	0	0	0	0	0	0	0	0	0	0	0	0	0	0	0	0	0	0	0	0	0	0	7	0	0	0	0	0	0	0	0	0	0	0	0	0	0	0	0	0	0	0	0	0	1	0	0	0	10	0	0	0	0	0
0	35	57	9	5	0	32	0	0	0	63	0	37	3	0	2	36	303	28	489	300	542	0	0	162	0	3	232	261	0	325	0	0	0	1	0	0	0	117	0	0	0	42	96	0	0	0	0	18	0	802	0	4	2	128	1	1	16	0	74	0	0	0	5	0	152	52	47	0	11	2	0	186	0	293
0	2	0	0	2	0	0	0	0	0	0	0	0	0	0	0	0	0	0	4	0	0	0	0	0	0	13	0	0	0	0	0	0	0	0	0	0	0	1	0	0	0	0	56	0	0	0	0	1	0	72	0	0	0	1	0	0	0	0	0	0	0	0	102	0	0	0	2	0	78	0	0	13	0	0
0	41	17	161	7	0	167	0	0	0	160	0	0	0	0	344	20	12	5	223	41	7	0	0	9	0	4	31	22	156	9	4	33	88	0	0	0	0	27	0	42	0	0	44	0	11	0	0	48	0	20	0	0	0	3	38	50	17	0	1	0	0	4	14	1	7	19	11	0	2	55	4	0	2	38
0	3	5	0	6	0	0	0	0	0	0	0	0	0	0	1	7	55	227	11	69	15	0	0	13	0	3	132	7	1	8	372	0	36	1	0	0	0	822	7	96	56	44	0	0	1	0	0	1	7	881	53	26	13	549	0	0	33	0	180	0	0	0	156	1	168	24	7	0	3	2	149	20	11	7
0	0	0	0	0	0	0	0	0	0	0	0	0	441	0	0	0	0	0	0	0	0	0	0	0	3	0	0	0	0	0	0	0	0	0	0	0	0	0	0	0	0	0	0	0	0	0	0	0	0	0	0	0	0	0	0	0	0	0	0	0	0	0	0	0	0	0	0	0	0	0	0	0	0	0
0	0	0	66	2	0	74	0	0	0	0	0	0	0	0	292	46	1	1	201	0	0	0	0	0	0	18	0	0	0	0	0	0	0	4	0	0	0	0	0	0	0	11	1	0	0	0	0	2	0	0	0	0	0	2	1	0	125	0	0	0	0	0	0	0	0	0	33	0	1	0	0	9	3	0
0	0	0	0	0	0	0	0	0	0	0	0	0	0	0	0	0	0	0	0	0	0	0	0	0	0	0	0	0	0	0	0	0	0	0	0	0	0	0	0	0	0	0	0	0	0	0	0	0	0	0	0	0	0	0	0	0	0	0	0	0	0	0	0	0	0	0	0	0	0	0	0	0	0	0
0	0	0	0	0	0	0	0	0	0	0	0	0	0	0	0	0	0	0	0	0	0	0	0	0	0	0	0	0	0	0	0	0	0	0	0	0	0	0	0	0	0	0	0	0	0	0	0	0	0	0	0	0	0	0	0	0	0	0	0	0	0	0	0	0	0	0	0	0	0	0	0	0	0	0
0	200	3	75	0	0	65	0	0	0	56	0	0	0	13	4	1	7	12	30	0	46	0	0	12	0	0	9	50	0	11	2	1	19	1	0	0	0	15	0	18	1	48	1	0	2	0	0	0	1	0	0	41	1	1	1	14	35	26	0	0	0	0	5	2	19	0	20	0	0	0	5	1	0	9
0	0	0	0	2	0	0	0	0	0	0	0	0	0	0	0	0	0	0	18	0	0	0	0	0	0	25	0	0	0	0	0	0	0	0	0	0	0	2	0	0	0	0	7	0	0	0	0	1	0	0	0	0	0	0	0	0	5	0	0	0	0	0	23	0	0	0	39	0	26	0	0	0	0	0
0	9	114	0	2	0	0	0	4	0	1	124	150	0	0	0	26	821	1	0	1142	465	0	0	148	0	0	57	12	0	390	129	0	0	0	0	0	0	1049	0	802	72	20	881	0	0	0	0	0	0	0	0	10	0	409	0	6	11	0	130	0	0	0	1	0	0	108	0	0	1	6	53	341	11	4
0	0	0	0	0	0	0	0	0	0	0	0	0	0	0	0	0	1	1	12	0	0	0	0	1	0	1	0	0	0	0	0	0	0	0	0	0	0	0	0	0	0	0	53	0	0	0	0	0	0	0	0	0	0	0	0	0	12	0	0	0	0	0	0	0	0	0	1	0	0	0	0	0	0	0
0	490	111	187	0	0	125	0	0	0	8	0	0	0	1	0	0	1	56	4	0	211	0	0	59	0	4	12	107	0	2	0	0	1	0	0	0	0	2	0	4	0	0	26	0	0	0	0	41	0	10	0	0	58	2	0	47	0	7	0	0	0	0	11	0	30	1	0	0	0	0	0	0	0	0
0	169	2	27	0	0	10	0	0	0	0	7	0	0	0	0	1	4	1	0	0	32	0	0	7	0	0	20	28	0	9	0	0	0	0	0	0	0	0	0	2	0	0	13	0	0	0	0	1	0	0	0	58	0	0	0	0	16	7	0	0	0	0	0	0	8	0	0	0	0	0	0	0	7	27
0	50	23	5	3	0	0	0	2	0	0	0	0	0	1	18	3	152	215	13	22	81	0	0	768	0	0	172	670	1	9	14	1	0	1	0	0	0	209	0	128	1	3	549	0	2	0	0	1	0	409	0	2	0	0	0	1	11	0	3	0	0	0	32	0	566	310	58	0	3	2	13	89	5	2
0	0	0	0	5	0	0	0	0	0	0	5	0	0	0	154	0	0	1	124	0	0	0	0	1	0	0	0	0	10	0	0	0	0	181	0	0	0	0	0	1	0	38	0	0	1	0	0	1	0	0	0	0	0	0	0	0	287	0	0	0	0	2	0	1	0	5	43	0	1	0	0	0	1	0
0	1218	69	13	0	0	54	0	0	0	66	0	0	0	0	0	0	8	1	0	0	416	0	0	2	0	0	4	10	0	1	0	0	2	0	0	0	0	0	0	1	0	50	0	0	0	0	0	14	0	6	0	47	0	1	0	0	0	69	0	0	0	0	2	0	0	1	0	0	0	0	0	0	0	1
0	7	9	4	1	0	12	0	7	0	12	0	0	17	0	121	2	19	4	45	5	5	0	0	20	0	6	9	34	149	0	1	21	1	145	0	0	0	12	0	16	0	17	33	0	125	0	0	35	5	11	12	0	16	11	287	0	0	0	1	0	0	28	1	5	34	31	86	0	6	2	3	11	10	7
0	738	2	78	0	0	99	0	0	0	0	0	0	0	0	0	0	0	10	0	0	250	0	0	3	0	0	92	0	0	0	0	0	0	0	0	0	0	0	0	0	0	0	0	0	0	0	0	26	0	0	0	7	7	0	0	69	0	0	0	0	0	0	0	0	0	0	0	0	0	0	0	0	0	0
0	0	2	2	12	0	0	0	0	0	0	0	0	0	0	0	0	8	26	2	4	6	0	0	62	0	13	1	71	0	0	0	0	0	0	0	0	0	34	0	74	0	1	180	0	0	0	0	0	0	130	0	0	0	3	0	0	1	0	0	0	0	0	124	0	186	7	9	0	198	0	0	94	0	0
0	0	0	0	0	0	0	0	0	0	0	0	0	0	0	0	0	0	0	0	0	0	0	0	0	0	0	0	0	0	0	0	0	0	0	0	0	0	0	0	0	0	0	0	0	0	0	0	0	0	0	0	0	0	0	0	0	0	0	0	0	0	0	0	0	0	0	0	0	0	0	0	0	0	0
0	0	0	0	0	0	0	0	0	0	0	0	0	0	0	0	0	0	0	0	0	0	0	0	0	0	0	0	0	0	0	0	0	0	0	0	0	0	0	0	0	0	0	0	0	0	0	0	0	0	0	0	0	0	0	0	0	0	0	0	0	0	0	0	0	0	0	0	0	0	0	0	0	0	0
0	0	0	0	0	0	0	0	0	0	0	1	0	0	0	49	0	0	0	86	0	0	0	0	0	0	0	1	0	0	0	0	0	0	89	0	0	0	0	0	0	0	4	0	0	0	0	0	0	0	0	0	0	0	0	2	0	28	0	0	0	0	0	0	0	0	0	0	0	0	0	0	0	0	0
0	0	0	1	13	0	0	0	5	0	0	0	0	0	0	0	80	11	4	3	0	0	0	0	0	0	176	38	0	0	0	77	1	14	10	0	0	0	118	0	5	102	14	156	0	0	0	0	5	23	1	0	11	0	32	0	2	1	0	124	0	0	0	0	31	15	0	161	0	348	0	8	12	43	1
0	0	0	0	6	0	0	0	0	0	0	0	0	1	0	2	0	0	0	55	6	0	0	0	1	0	125	0	4	0	0	0	0	0	7	0	0	0	1	0	0	0	1	1	0	0	0	0	2	0	0	0	0	0	0	1	0	5	0	0	0	0	0	31	0	0	0	419	0	113	0	0	16	0	0
0	5	35	13	0	0	0	0	0	0	5	0	0	0	134	0	0	157	356	5	2	193	0	0	594	0	1	141	868	0	5	272	4	53	0	0	0	0	565	1	152	0	7	168	0	0	0	0	19	0	0	0	30	8	566	0	0	34	0	186	0	0	0	15	0	0	164	1	0	2	1	215	0	0	9
0	52	176	0	3	0	0	0	1	0	102	0	1	1	1	1	1	216	1	1	23	25	0	0	78	0	0	8	79	0	1	98	0	1	0	0	0	0	260	0	52	0	19	24	0	0	0	0	0	0	108	0	1	0	310	5	1	31	0	7	0	0	0	0	0	164	0	12	0	0	12	218	31	15	2
0	5	0	0	4	5	0	0	35	0	0	9	0	18	0	40	313	17	0	18	1	0	0	0	27	0	452	3	0	0	1	0	71	1	7	0	0	0	53	0	47	2	11	7	0	33	0	0	20	39	0	1	0	0	58	43	0	86	0	9	0	0	0	161	419	1	12	0	0	165	7	7	10	23	13
0	0	0	0	0	0	0	0	0	0	0	0	0	0	0	0	0	0	0	0	0	0	0	0	0	0	0	0	0	0	0	0	0	0	0	0	0	0	0	0	0	0	0	0	0	0	0	0	0	0	0	0	0	0	0	0	0	0	0	0	0	0	0	0	0	0	0	0	0	0	0	0	0	0	0
0	0	0	0	2	0	0	0	0	0	0	0	0	0	1	1	35	1	1	3	0	1	0	0	1	0	195	0	1	0	1	0	1	0	0	0	0	0	2	10	11	78	2	3	0	1	0	0	0	26	1	0	0	0	3	1	0	6	0	198	0	0	0	348	113	2	0	165	0	0	0	0	0	24	1
0	0	10	12	2	0	3	0	0	0	1	0	0	0	0	5	0	0	0	60	2	1	0	0	3	0	3	3	1	1	0	0	0	0	0	0	0	0	0	0	2	0	55	2	0	0	0	0	0	0	6	0	0	0	2	0	0	2	0	0	0	0	0	0	0	1	12	7	0	0	0	2	0	2	0
0	0	0	0	7	0	0	0	0	0	0	0	0	0	0	0	0	2	84	5	10	2	0	0	143	0	0	28	13	0	0	0	0	0	0	0	0	0	88	0	0	0	4	149	0	0	0	0	5	0	53	0	0	0	13	0	0	3	0	0	0	0	0	8	0	215	218	7	0	0	2	0	0	0	0
0	0	37	0	0	0	0	0	0	0	1	0	81	0	0	0	16	85	1	10	51	60	0	0	34	0	0	1	154	0	101	0	0	0	0	0	0	0	62	0	186	13	0	20	0	9	0	0	1	0	341	0	0	0	89	0	0	11	0	94	0	0	0	12	16	0	31	10	0	0	0	0	0	0	0
0	0	0	0	0	0	1	0	0	0	0	0	0	0	0	25	0	0	1	7	0	1	0	0	2	0	13	5	4	0	0	0	0	0	1	0	0	0	8	0	0	0	2	11	0	3	0	0	0	0	11	0	0	7	5	1	0	10	0	0	0	0	0	43	0	0	15	23	0	24	2	0	0	0	0
0	16	0	56	0	0	65	0	0	0	0	0	0	0	0	2	0	1	0	26	0	63	0	0	6	0	0	0	16	0	0	0	0	0	0	0	0	0	0	0	293	0	38	7	0	0	0	0	9	0	4	0	0	27	2	0	1	7	0	0	0	0	0	1	0	9	2	13	0	1	0	0	0	0	0
