0	0	0	0	0	0	0	0	0	0	0	0	0	0	0	0	0	0	0	0	0	0	0	0	0	0	0	0	0	0	0	0	0	0	0	0	0	0	0	0	0	0	0	0	0	0	0	0	0	0	0	0	0	0	0	0	0	0	0	0	0	0	0	0	0	0	0	0	0	0	0	0	0	0	0
0	0	235	0	0	0	0	2	0	0	89	0	139	0	0	0	0	0	14	0	0	271	0	0	7	0	0	69	3	0	0	0	0	0	0	0	2	0	0	0	6	2	20	0	0	0	0	0	271	0	0	0	223	302	0	0	147	2	295	2	0	0	0	0	0	0	91	4	0	0	2	0	0	0	0
0	235	0	0	1	1	0	0	0	0	0	0	0	0	0	0	0	5	0	0	26	7	0	0	21	48	0	7	0	0	0	2	1	160	0	3	2	0	2	3	2	0	255	3	0	0	0	0	2	0	0	0	40	1	20	0	145	2	220	2	0	0	0	0	0	3	335	0	0	4	152	1	0	3	0
0	0	0	0	0	4	149	2	0	0	1114	0	0	54	187	15	0	0	56	0	0	286	0	0	38	0	0	0	0	0	152	0	0	8	0	2	0	0	2	0	36	0	377	0	0	310	0	0	628	0	0	0	244	39	20	14	14	0	10	2	22	0	0	0	0	0	169	0	0	0	260	2	0	0	377
0	0	1	0	0	1	0	0	0	0	0	0	2	2	0	0	1	17	0	0	16	2	0	0	0	1	0	16	0	0	10	2	1	4	0	18	1	0	7	2	14	0	1	7	3	8	0	3	1	0	0	0	3	0	5	0	0	6	0	4	0	0	1	13	0	0	3	8	0	0	0	2	0	0	0
0	0	1	4	1	0	0	1	0	0	0	0	2	0	1	38	4	8	0	19	118	0	0	0	15	40	0	6	0	0	4	1	0	10	0	1	1	0	1	0	183	0	6	217	3	3	0	0	4	0	2	0	2	2	8	1	0	4	0	42	0	0	0	0	0	1	40	0	0	3	5	1	1	2	28
0	0	0	149	0	0	0	0	0	0	198	0	0	0	100	25	0	0	0	0	0	42	0	0	4	0	0	0	0	0	10	0	0	0	0	0	0	0	0	0	9	0	255	0	0	8	0	0	22	0	0	0	71	0	0	0	19	0	1	40	0	0	0	9	0	0	60	0	0	0	44	0	0	0	54
0	2	0	2	0	1	0	0	0	0	3	0	16	0	0	0	0	117	390	8	8	27	0	0	357	5	0	55	59	0	9	0	0	250	0	0	0	0	152	117	70	0	0	139	0	0	0	1	27	0	0	0	311	17	1421	2	0	20	2	70	0	0	0	5	0	724	238	0	0	0	7	253	0	0	22
0	0	0	0	0	0	0	0	0	0	0	0	0	0	0	0	0	0	0	0	0	0	0	0	0	0	0	0	0	0	0	0	0	2	0	0	0	0	0	0	0	0	0	0	0	0	0	0	0	0	0	0	0	0	0	0	0	0	0	0	0	0	0	0	0	0	0	0	0	0	0	0	0	0	0
0	0	0	0	0	0	0	0	0	0	0	0	0	0	0	0	0	0	0	0	0	0	0	0	0	0	0	0	0	0	0	0	0	0	0	0	0	0	0	0	0	1	0	0	0	0	0	0	0	0	0	0	0	0	0	0	0	0	0	0	0	0	0	0	0	0	0	1	0	0	0	0	1	2	0
0	89	0	1114	0	0	198	3	0	0	0	0	0	0	3	573	0	0	0	33	0	0	0	0	52	0	0	0	0	4	0	0	0	4	0	0	0	0	0	3	11	0	514	0	0	16	0	0	260	0	0	0	0	1	1	0	0	0	0	1	0	0	0	0	0	0	195	0	0	0	7	0	0	0	400
0	0	0	0	0	0	0	0	0	0	0	0	0	0	0	21	0	0	0	0	0	0	0	0	1	1	0	0	0	1	1	0	0	0	0	0	0	0	0	0	0	0	0	0	0	8	0	0	0	0	0	0	0	0	0	215	0	265	0	0	981	0	0	0	0	0	1	2	0	0	1	0	0	0	0
0	139	0	0	2	2	0	16	0	0	0	0	0	0	0	0	0	2	0	0	64	0	0	0	15	15	0	1	0	0	0	0	0	2	0	0	0	0	0	0	13	0	0	34	0	0	0	0	0	0	0	0	0	0	16	0	0	0	0	2	0	0	0	0	0	0	39	0	0	0	0	0	0	2	6
0	0	0	54	2	0	0	0	0	0	0	0	0	0	0	4	12	0	0	1	0	0	0	0	0	1	0	0	0	0	1	0	0	0	0	0	0	0	0	21	1	0	7	0	39	10	0	0	0	0	0	0	0	0	0	1	0	10	0	8	0	2	3	0	0	0	0	24	0	3	1	0	8	2	0
0	0	0	187	0	1	100	0	0	0	3	0	0	0	0	387	0	0	0	0	0	0	0	0	0	7	0	0	0	1	0	0	0	2	0	0	0	0	0	0	4	0	3	0	3	2	0	0	0	0	0	0	0	0	0	0	0	0	0	0	0	0	0	0	0	0	69	0	0	0	7	0	0	3	83
0	0	0	15	0	38	25	0	0	0	573	21	0	4	387	0	305	11	0	131	1	0	0	0	0	10	0	1	0	28	10	0	319	98	0	0	28	0	3	14	64	0	450	2	23	367	0	37	13	0	0	0	0	12	5	389	0	142	23	7	0	0	294	0	0	0	149	21	0	0	332	0	4	12	0
0	0	0	0	1	4	0	0	0	0	0	0	0	12	0	305	0	1	0	92	66	0	0	0	0	31	0	0	0	9	0	0	0	2	0	0	0	0	0	17	203	0	4	0	0	12	1	0	0	0	0	0	0	0	1	2	0	2	0	2	0	0	0	0	0	0	38	61	0	4	9	0	9	1	19
0	0	5	0	17	8	0	117	0	0	0	0	2	0	0	11	1	0	1	13	129	3	0	0	80	32	0	683	19	0	22	2	0	383	0	4	0	0	20	0	511	0	59	28	0	0	0	0	0	0	4	0	4	10	441	0	0	0	2	0	0	248	0	0	0	8	129	0	0	0	14	2	0	13	11
0	14	0	56	0	0	0	390	0	0	0	0	0	0	0	0	0	1	0	0	2	0	0	0	404	8	0	0	58	0	5	0	0	22	0	0	0	0	0	24	65	0	1	67	0	0	0	0	7	0	0	0	0	21	345	2	0	0	2	18	0	0	0	0	0	0	13	2	0	0	2	0	0	0	33
0	0	0	0	0	19	0	8	0	0	33	0	0	1	0	131	92	13	0	0	20	0	0	0	0	0	0	0	0	0	0	0	35	19	0	1	0	0	21	0	15	0	129	14	0	92	0	31	0	0	0	0	0	0	12	13	0	0	1	0	0	0	64	0	0	0	2	0	0	0	0	0	0	0	2
0	0	26	0	16	118	0	8	0	0	0	0	64	0	0	1	66	129	2	20	0	0	0	0	0	132	0	104	2	0	84	6	0	42	0	64	0	0	0	0	353	0	27	19	0	26	0	0	0	0	6	0	4	8	17	0	0	0	0	2	0	2	0	0	0	0	44	69	0	0	56	0	0	11	7
0	271	7	286	2	0	42	27	0	0	0	0	0	0	0	0	0	3	0	0	0	0	0	0	174	7	0	31	12	0	2	0	0	8	0	0	0	0	0	0	18	0	0	2	0	0	0	0	137	0	0	0	0	133	19	0	0	0	0	1	0	0	0	0	0	0	5	0	0	1	0	0	0	0	84
0	0	0	0	0	0	0	0	0	0	0	0	0	0	0	0	0	0	0	0	0	0	0	0	0	0	0	0	0	0	0	0	0	0	0	0	0	0	0	0	0	0	0	0	0	0	0	0	0	0	0	0	0	0	0	0	0	0	0	0	0	0	0	0	0	0	0	0	0	0	0	0	0	0	0
0	0	0	0	0	0	0	0	0	0	0	0	0	0	0	0	0	0	0	0	0	0	0	0	0	0	0	0	0	0	0	0	0	0	0	0	0	0	0	0	0	0	0	0	0	0	0	0	0	0	0	0	0	0	0	0	0	0	0	0	0	0	0	0	0	0	0	0	0	0	0	0	0	0	0
0	7	21	38	0	15	4	357	0	0	52	1	15	0	0	0	0	80	404	0	0	174	0	0	0	13	0	36	0	0	46	4	2	54	0	39	0	0	206	0	26	0	27	5	2	2	0	2	107	0	0	0	178	104	245	2	2	16	49	21	1	0	1	8	0	442	29	1	0	3	3	22	0	2	0
0	0	48	0	1	40	0	5	0	0	0	1	15	1	7	10	31	32	8	0	132	7	0	0	13	0	0	13	0	0	6	31	15	32	0	67	6	0	3	1	78	7	21	33	15	6	0	0	9	0	0	0	6	0	50	0	0	7	8	48	3	0	0	18	1	18	96	22	0	4	7	39	46	16	1
0	0	0	0	0	0	0	0	0	0	0	0	0	0	0	0	0	0	0	0	0	0	0	0	0	0	0	0	0	0	0	0	0	0	0	0	0	0	0	0	0	0	0	0	0	0	0	0	0	0	0	0	0	0	0	0	0	0	0	0	0	0	0	0	0	0	0	0	0	0	0	0	0	0	0
0	69	7	0	16	6	0	55	0	0	0	0	1	0	0	1	0	683	0	0	104	31	0	0	36	13	0	0	17	0	69	0	0	163	0	0	0	0	16	0	208	0	14	20	0	0	0	1	2	0	0	0	3	27	847	0	4	0	139	4	1	138	0	0	0	0	104	0	0	0	0	7	0	10	5
0	3	0	0	0	0	0	59	0	0	0	0	0	0	0	0	0	19	58	0	2	12	0	0	0	0	0	17	0	0	1	0	0	48	0	0	0	0	4	0	2	0	3	0	0	0	0	0	3	0	0	0	21	3	8	0	2	0	2	0	0	1	0	0	0	40	3	1	0	0	1	1	0	0	0
0	0	0	0	0	0	0	0	0	0	4	1	0	0	1	28	9	0	0	0	0	0	0	0	0	0	0	0	0	0	0	0	21	0	0	4	0	0	0	0	1	0	22	2	0	36	0	0	0	0	0	0	0	0	0	21	0	23	0	0	1	0	5	3	0	0	20	0	0	0	49	0	1	1	0
0	0	0	152	10	4	10	9	0	0	0	1	0	1	0	10	0	22	5	0	84	2	0	0	46	6	0	69	1	0	0	0	0	2	0	2	1	0	0	18	381	0	7	1	4	3	0	0	40	0	0	0	9	8	1	0	0	2	0	8	1	1	0	0	0	0	5	4	0	1	9	0	0	14	9
0	0	2	0	2	1	0	0	0	0	0	0	0	0	0	0	0	2	0	0	6	0	0	0	4	31	0	0	0	0	0	0	0	0	0	0	0	0	0	0	22	0	0	249	0	0	0	0	0	0	1	0	0	0	10	0	0	0	0	14	0	0	0	0	0	0	11	0	0	0	0	0	0	0	1
0	0	1	0	1	0	0	0	0	0	0	0	0	0	0	319	0	0	0	35	0	0	0	0	2	15	0	0	0	21	0	0	0	0	0	0	0	0	0	14	0	0	217	0	0	4	5	0	1	0	0	0	0	0	0	103	0	31	0	9	30	0	0	0	5	0	30	19	0	4	7	0	1	1	6
0	0	160	8	4	10	0	250	2	0	4	0	2	0	2	98	2	383	22	19	42	8	0	0	54	32	0	163	48	0	2	0	0	0	0	24	0	0	10	40	150	0	43	130	0	2	0	2	46	0	3	0	8	7	400	0	2	0	10	101	0	18	0	0	0	28	249	2	0	0	11	26	0	4	119
0	0	0	0	0	0	0	0	0	0	0	0	0	0	0	0	0	0	0	0	0	0	0	0	0	0	0	0	0	0	0	0	0	0	0	0	0	0	0	0	0	0	0	0	0	0	0	0	0	0	0	0	0	0	0	0	0	0	0	0	0	0	0	0	0	0	0	0	0	0	0	0	0	0	0
0	0	3	2	18	1	0	0	0	0	0	0	0	0	0	0	0	4	0	1	64	0	0	0	39	67	0	0	0	4	2	0	0	24	0	0	0	0	0	216	38	0	2	447	0	0	0	0	0	0	9	0	0	0	22	3	0	0	0	266	1	0	0	0	0	0	81	0	0	0	9	0	0	17	21
0	2	2	0	1	1	0	0	0	0	0	0	0	0	0	28	0	0	0	0	0	0	0	0	0	6	0	0	0	0	1	0	0	0	0	0	0	0	0	13	11	0	4	0	0	0	9	0	0	0	0	0	0	1	0	0	0	2	0	1	0	0	0	0	22	0	9	29	0	1	8	0	1	1	26
0	0	0	0	0	0	0	0	0	0	0	0	0	0	0	0	0	0	0	0	0	0	0	0	0	0	0	0	0	0	0	0	0	0	0	0	0	0	0	0	0	0	0	0	0	0	0	0	0	0	0	0	0	0	0	0	0	0	0	0	0	0	0	0	0	0	0	0	0	0	0	0	0	0	0
0	0	2	2	7	1	0	152	0	0	0	0	0	0	0	3	0	20	0	21	0	0	0	0	206	3	0	16	4	0	0	0	0	10	0	0	0	0	0	18	0	0	0	246	0	0	0	0	2	0	0	0	0	2	1010	0	0	0	0	38	0	0	0	0	0	0	133	0	0	0	0	0	0	7	7
0	0	3	0	2	0	0	117	0	0	3	0	0	21	0	14	17	0	24	0	0	0	0	0	0	1	0	0	0	0	18	0	14	40	0	216	13	0	18	0	160	0	47	149	0	9	0	0	5	0	0	0	14	0	0	0	0	123	7	179	6	0	0	148	2	37	43	17	0	0	15	31	0	1	0
0	6	2	36	14	183	9	70	0	0	11	0	13	1	4	64	203	511	65	15	353	18	0	0	26	78	0	208	2	1	381	22	0	150	0	38	11	0	0	160	0	0	59	75	0	10	0	0	25	0	3	0	18	45	112	12	0	32	5	210	0	175	0	17	5	3	62	59	0	0	9	38	28	14	279
0	2	0	0	0	0	0	0	0	1	0	0	0	0	0	0	0	0	0	0	0	0	0	0	0	7	0	0	0	0	0	0	0	0	0	0	0	0	0	0	0	0	0	0	0	0	0	0	0	0	0	0	0	0	0	0	0	2	0	0	0	0	0	0	0	0	0	0	0	0	0	0	2	0	1
0	20	255	377	1	6	255	0	0	0	514	0	0	7	3	450	4	59	1	129	27	0	0	0	27	21	0	14	3	22	7	0	217	43	0	2	4	0	0	47	59	0	0	37	0	80	1	0	191	0	2	0	0	0	21	82	94	8	0	9	0	7	16	0	0	0	661	116	0	0	277	1	0	1	129
0	0	3	0	7	217	0	139	0	0	0	0	34	0	0	2	0	28	67	14	19	2	0	0	5	33	0	20	0	2	1	249	0	130	0	447	0	0	246	149	75	0	37	0	0	0	0	0	6	0	1	0	4	0	457	0	0	5	1	586	0	0	0	205	0	45	40	7	0	0	0	30	0	9	5
0	0	0	0	3	3	0	0	0	0	0	0	0	39	3	23	0	0	0	0	0	0	0	0	2	15	0	0	0	0	4	0	0	0	0	0	0	0	0	0	0	0	0	0	0	0	0	0	0	0	0	0	0	0	47	0	0	3	0	0	3	0	0	0	0	0	14	0	0	0	4	0	0	3	2
0	0	0	310	8	3	8	0	0	0	16	8	0	10	2	367	12	0	0	92	26	0	0	0	2	6	0	0	0	36	3	0	4	2	0	0	0	0	0	9	10	0	80	0	0	0	3	8	9	0	0	0	0	0	7	17	0	244	0	8	0	0	28	0	119	0	11	70	0	2	5	0	4	8	249
0	0	0	0	0	0	0	0	0	0	0	0	0	0	0	0	1	0	0	0	0	0	0	0	0	0	0	0	0	0	0	0	5	0	0	0	9	0	0	0	0	0	1	0	0	3	0	0	0	0	0	0	0	0	0	0	0	7	0	2	0	0	1	0	0	0	0	16	0	0	0	0	0	5	0
0	0	0	0	3	0	0	1	0	0	0	0	0	0	0	37	0	0	0	31	0	0	0	0	2	0	0	1	0	0	0	0	0	2	0	0	0	0	0	0	0	0	0	0	0	8	0	0	1	0	0	0	0	0	83	2	0	0	0	0	129	0	0	0	0	0	40	0	0	0	0	0	0	3	0
0	271	2	628	1	4	22	27	0	0	260	0	0	0	0	13	0	0	7	0	0	137	0	0	107	9	0	2	3	0	40	0	1	46	0	0	0	0	2	5	25	0	191	6	0	9	0	1	0	0	0	0	127	77	2	0	85	7	1	34	5	0	0	0	0	4	301	6	0	2	82	1	0	0	121
0	0	0	0	0	0	0	0	0	0	0	0	0	0	0	0	0	0	0	0	0	0	0	0	0	0	0	0	0	0	0	0	0	0	0	0	0	0	0	0	0	0	0	0	0	0	0	0	0	0	0	0	0	0	0	0	0	0	0	0	0	0	0	0	0	0	0	0	0	0	0	0	0	0	0
0	0	0	0	0	2	0	0	0	0	0	0	0	0	0	0	0	4	0	0	6	0	0	0	0	0	0	0	0	0	0	1	0	3	0	9	0	0	0	0	3	0	2	1	0	0	0	0	0	0	0	0	0	0	1	0	0	0	0	0	0	2	0	0	0	0	0	0	0	0	0	3	0	0	0
0	0	0	0	0	0	0	0	0	0	0	0	0	0	0	0	0	0	0	0	0	0	0	0	0	0	0	0	0	0	0	0	0	0	0	0	0	0	0	0	0	0	0	0	0	0	0	0	0	0	0	0	0	0	0	0	0	0	0	0	1	0	0	0	0	0	0	0	0	0	0	0	0	0	0
0	223	40	244	3	2	71	311	0	0	0	0	0	0	0	0	0	4	0	0	4	0	0	0	178	6	0	3	21	0	9	0	0	8	0	0	0	0	0	14	18	0	0	4	0	0	0	0	127	0	0	0	0	88	181	0	0	0	0	11	17	0	0	0	0	0	76	0	0	0	3	2	0	1	17
0	302	1	39	0	2	0	17	0	0	1	0	0	0	0	12	0	10	21	0	8	133	0	0	104	0	0	27	3	0	8	0	0	7	0	0	1	0	2	0	45	0	0	0	0	0	0	0	77	0	0	0	88	0	3	0	72	0	94	0	0	0	0	0	0	2	3	0	0	0	3	0	0	0	0
0	0	20	20	5	8	0	1421	0	0	1	0	16	0	0	5	1	441	345	12	17	19	0	0	245	50	0	847	8	0	1	10	0	400	0	22	0	0	1010	0	112	0	21	457	47	7	0	83	2	0	1	0	181	3	0	0	0	12	54	71	0	0	2	51	0	1287	244	20	0	0	0	1090	2	0	4
0	0	0	14	0	1	0	2	0	0	0	215	0	1	0	389	2	0	2	13	0	0	0	0	2	0	0	0	0	21	0	0	103	0	0	3	0	0	0	0	12	0	82	0	0	17	0	2	0	0	0	0	0	0	0	0	0	427	0	0	1498	0	269	0	0	0	11	6	0	1	0	1	0	0	12
0	147	145	14	0	0	19	0	0	0	0	0	0	0	0	0	0	0	0	0	0	0	0	0	2	0	0	4	2	0	0	0	0	2	0	0	0	0	0	0	0	0	94	0	0	0	0	0	85	0	0	0	0	72	0	0	0	0	0	0	0	0	0	0	0	0	43	0	0	0	0	0	0	0	0
0	2	2	0	6	4	0	20	0	0	0	265	0	10	0	142	2	0	0	0	0	0	0	0	16	7	0	0	0	23	2	0	31	0	0	0	2	0	0	123	32	2	8	5	3	244	7	0	7	0	0	0	0	0	12	427	0	0	0	7	962	1	210	1	0	0	9	37	0	0	0	0	10	9	34
0	295	220	10	0	0	1	2	0	0	0	0	0	0	0	23	0	2	2	1	0	0	0	0	49	8	0	139	2	0	0	0	0	10	0	0	0	0	0	7	5	0	0	1	0	0	0	0	1	0	0	0	0	94	54	0	0	0	0	0	0	0	0	0	0	0	76	16	0	0	0	0	0	0	43
0	2	2	2	4	42	40	70	0	0	1	0	2	8	0	7	2	0	18	0	2	1	0	0	21	48	0	4	0	0	8	14	9	101	0	266	1	0	38	179	210	0	9	586	0	8	2	0	34	0	0	0	11	0	71	0	0	7	0	0	1	0	0	107	0	8	65	21	0	0	1	31	1	2	7
0	0	0	22	0	0	0	0	0	0	0	981	0	0	0	0	0	0	0	0	0	0	0	0	1	3	0	1	0	1	1	0	30	0	0	1	0	0	0	6	0	0	0	0	3	0	0	129	5	0	0	1	17	0	0	1498	0	962	0	1	0	0	927	1	0	0	0	0	0	12	0	0	0	0	0
0	0	0	0	0	0	0	0	0	0	0	0	0	2	0	0	0	248	0	0	2	0	0	0	0	0	0	138	1	0	1	0	0	18	0	0	0	0	0	0	175	0	7	0	0	0	0	0	0	0	2	0	0	0	0	0	0	1	0	0	0	0	0	0	0	0	0	37	0	1	0	0	0	0	6
0	0	0	0	1	0	0	0	0	0	0	0	0	3	0	294	0	0	0	64	0	0	0	0	1	0	0	0	0	5	0	0	0	0	0	0	0	0	0	0	0	0	16	0	0	28	1	0	0	0	0	0	0	0	2	269	0	210	0	0	927	0	0	0	0	0	0	2	0	2	2	0	0	1	1
0	0	0	0	13	0	9	5	0	0	0	0	0	0	0	0	0	0	0	0	0	0	0	0	8	18	0	0	0	3	0	0	0	0	0	0	0	0	0	148	17	0	0	205	0	0	0	0	0	0	0	0	0	0	51	0	0	1	0	107	1	0	0	0	0	0	36	218	0	0	5	0	7	8	7
0	0	0	0	0	0	0	0	0	0	0	0	0	0	0	0	0	0	0	0	0	0	0	0	0	1	0	0	0	0	0	0	5	0	0	0	22	0	0	2	5	0	0	0	0	119	0	0	0	0	0	0	0	0	0	0	0	0	0	0	0	0	0	0	0	0	0	44	0	0	0	1	0	0	0
0	0	3	0	0	1	0	724	0	0	0	0	0	0	0	0	0	8	0	0	0	0	0	0	442	18	0	0	40	0	0	0	0	28	0	0	0	0	0	37	3	0	0	45	0	0	0	0	4	0	0	0	0	2	1287	0	0	0	0	8	0	0	0	0	0	0	106	6	0	0	0	0	0	0	6
0	91	335	169	3	40	60	238	0	0	195	1	39	0	69	149	38	129	13	2	44	5	0	0	29	96	0	104	3	20	5	11	30	249	0	81	9	0	133	43	62	0	661	40	14	11	0	40	301	0	0	0	76	3	244	11	43	9	76	65	0	0	0	36	0	106	0	23	0	4	282	258	29	14	14
0	4	0	0	8	0	0	0	0	1	0	2	0	24	0	21	61	0	2	0	69	0	0	0	1	22	0	0	1	0	4	0	19	2	0	0	29	0	0	17	59	0	116	7	0	70	16	0	6	0	0	0	0	0	20	6	0	37	16	21	0	37	2	218	44	6	23	0	0	4	12	0	27	8	31
0	0	0	0	0	0	0	0	0	0	0	0	0	0	0	0	0	0	0	0	0	0	0	0	0	0	0	0	0	0	0	0	0	0	0	0	0	0	0	0	0	0	0	0	0	0	0	0	0	0	0	0	0	0	0	0	0	0	0	0	0	0	0	0	0	0	0	0	0	0	0	0	0	0	0
0	0	4	0	0	3	0	0	0	0	0	0	0	3	0	0	4	0	0	0	0	1	0	0	3	4	0	0	0	0	1	0	4	0	0	0	1	0	0	0	0	0	0	0	0	2	0	0	2	0	0	0	0	0	0	1	0	0	0	0	12	1	2	0	0	0	4	4	0	0	4	0	3	0	0
0	2	152	260	0	5	44	7	0	0	7	1	0	1	7	332	9	14	2	0	56	0	0	0	3	7	0	0	1	49	9	0	7	11	0	9	8	0	0	15	9	0	277	0	4	5	0	0	82	0	0	0	3	3	0	0	0	0	0	1	0	0	2	5	0	0	282	12	0	4	0	7	7	4	13
0	0	1	2	2	1	0	253	0	0	0	0	0	0	0	0	0	2	0	0	0	0	0	0	22	39	0	7	1	0	0	0	0	26	0	0	0	0	0	31	38	0	1	30	0	0	0	0	1	0	3	0	2	0	1090	1	0	0	0	31	0	0	0	0	1	0	258	0	0	0	7	0	3	2	0
0	0	0	0	0	1	0	0	0	1	0	0	0	8	0	4	9	0	0	0	0	0	0	0	0	46	0	0	0	1	0	0	1	0	0	0	1	0	0	0	28	2	0	0	0	4	0	0	0	0	0	0	0	0	2	0	0	10	0	1	0	0	0	7	0	0	29	27	0	3	7	3	0	0	20
0	0	3	0	0	2	0	0	0	2	0	0	2	2	3	12	1	13	0	0	11	0	0	0	2	16	0	10	0	1	14	0	1	4	0	17	1	0	7	1	14	0	1	9	3	8	5	3	0	0	0	0	1	0	0	0	0	9	0	2	0	0	1	8	0	0	14	8	0	0	4	2	0	0	4
0	0	0	377	0	28	54	22	0	0	400	0	6	0	83	0	19	11	33	2	7	84	0	0	0	1	0	5	0	0	9	1	6	119	0	21	26	0	7	0	279	1	129	5	2	249	0	0	121	0	0	0	17	0	4	12	0	34	43	7	0	6	1	7	0	6	14	31	0	0	13	0	20	4	0
