0	0	0	0	0	0	0	0	0	0	0	0	0	0	0	0	0	0	0	0	0	0	0	0	0	0	0	0	0	0	0	0	0	0	0	0	0	0	0	0	0	0	0	0	0	0	0	0	0	0	0	0	0	0	0	0	0	0	0	0	0	0	0	0	0	0	0	0	0	0	0	0	0	0	0
0	0	58	2	0	0	0	0	0	0	30	0	12	0	0	0	0	0	0	0	0	114	2	0	0	0	0	0	2	0	0	0	0	0	0	0	0	0	0	0	0	0	0	0	0	0	0	0	15	0	0	0	40	39	0	0	14	0	0	0	0	0	0	0	0	0	25	0	0	0	0	0	0	0	0
0	58	0	0	0	9	0	0	0	0	0	0	2	0	0	3	0	7	0	0	2	36	13	0	1	0	0	0	3	18	0	1	0	12	0	11	0	0	0	0	0	0	58	2	0	0	9	0	0	0	2	0	0	0	0	0	2	0	0	0	0	1	0	0	0	30	5	0	0	0	54	5	0	0	0
0	2	0	0	0	0	178	0	0	0	488	0	0	0	0	52	0	0	2	0	0	298	2	0	1	0	0	0	0	6	415	0	0	150	0	0	0	0	0	1	49	0	493	0	0	164	0	0	582	0	0	0	380	2	0	0	43	0	0	0	0	0	0	0	0	3	160	0	0	0	0	0	0	0	0
0	0	0	0	0	0	0	0	0	0	0	0	11	0	0	0	0	0	0	0	0	0	0	0	0	0	0	0	0	0	0	25	0	0	0	0	0	0	39	0	0	0	1	96	0	0	0	0	0	0	0	0	0	0	0	0	0	0	0	0	0	1	0	76	0	0	0	0	0	0	0	0	0	0	0
0	0	9	0	0	0	0	0	20	0	0	0	0	2	0	5	0	31	0	1	92	0	0	0	2	0	2	31	0	17	75	0	2	506	0	2	0	0	29	7	55	0	115	6	0	1	0	0	0	0	58	0	0	0	0	0	0	0	0	4	0	31	0	0	0	0	23	0	0	50	2	5	24	0	0
0	0	0	178	0	0	0	0	0	0	11	0	1	0	0	3	0	0	0	0	0	14	0	0	0	0	0	0	0	0	3	0	0	0	0	0	1	0	0	0	3	0	41	0	0	3	0	0	9	0	0	0	8	0	0	0	0	0	0	0	0	0	0	0	0	0	1	0	0	0	0	0	0	0	0
0	0	0	0	0	0	0	0	0	0	0	0	0	1	0	2	0	7	2	0	0	1	0	0	65	0	0	0	43	12	0	0	0	8	0	0	0	0	0	25	0	0	0	27	0	0	0	0	0	0	0	0	0	0	54	0	1	0	0	20	0	0	0	0	0	721	0	0	0	0	0	113	0	0	0
0	0	0	0	0	20	0	0	0	0	0	0	0	0	0	13	0	1	0	0	168	0	0	0	1	0	0	0	0	1	0	0	0	2	4	1	0	0	0	2	0	0	1	5	4	0	20	0	0	0	0	0	0	0	0	0	0	1	0	0	0	0	0	0	5	1	0	1	0	0	0	0	0	0	0
0	0	0	0	0	0	0	0	0	0	0	0	0	0	0	0	0	0	0	0	0	0	0	0	0	0	0	0	0	0	0	0	0	0	0	0	0	0	0	0	0	0	0	0	0	0	0	0	0	0	0	0	0	0	0	0	0	0	0	0	0	0	0	0	0	0	0	0	0	0	0	0	0	0	0
0	30	0	488	0	0	11	0	0	0	0	0	0	0	0	414	0	2	0	0	0	15	38	0	2	0	0	0	1	273	0	0	0	326	0	0	0	0	0	0	13	0	295	2	0	6	0	0	0	0	0	0	0	0	0	0	13	0	0	1	0	0	0	0	0	0	1	0	0	0	1	0	0	0	0
0	0	0	0	0	0	0	0	0	0	0	0	0	0	0	21	2	0	0	42	0	0	0	0	0	0	0	0	0	359	0	0	0	0	20	0	0	0	0	0	0	0	0	0	0	0	0	0	0	0	0	0	0	0	0	4	0	12	0	0	0	0	0	0	0	0	0	0	0	0	0	0	0	0	0
0	12	2	0	11	0	1	0	0	0	0	0	0	1	0	0	0	1	0	1	50	0	1	0	0	0	0	0	6	0	0	0	0	0	1	1	0	0	0	0	8	1	1	5	0	0	0	0	0	0	0	0	0	0	4	3	1	0	0	0	0	0	0	0	1	3	4	1	0	0	1	2	0	0	0
0	0	0	0	0	2	0	1	0	0	0	0	1	0	0	3	1	1	0	0	6	1	0	1	2	1	0	0	0	12	2	1	1	0	2	0	3	0	6	3	3	0	8	13	351	5	0	0	0	0	5	2	0	1	0	1	1	8	0	0	0	2	2	3	1	1	0	5	0	2	2	0	17	0	0
0	0	0	0	0	0	0	0	0	0	0	0	0	0	0	0	0	0	0	0	0	0	0	0	0	0	0	0	0	0	0	0	0	0	0	0	0	0	0	0	0	0	0	0	0	0	0	0	0	0	0	0	0	0	0	0	0	0	0	0	0	0	0	0	0	0	0	0	0	0	0	0	0	0	0
0	0	3	52	0	5	3	2	13	0	414	21	0	3	0	0	115	0	0	241	0	0	48	0	0	0	6	0	0	1427	1	0	262	202	1	0	4	0	1	26	29	7	501	1	2	305	0	0	13	0	1	0	0	0	0	350	0	459	0	1	0	1	317	0	1	1	142	0	0	0	89	1	1	0	0
0	0	0	0	0	0	0	0	0	0	0	2	0	1	0	115	0	0	1	1	0	0	0	16	0	0	98	0	0	277	0	0	17	0	26	0	15	0	0	0	12	5	1	1	1	1	0	0	0	0	0	1	0	0	0	38	0	26	0	0	0	0	9	1	12	0	0	34	0	0	0	0	9	0	0
0	0	7	0	0	31	0	7	1	0	2	0	1	1	0	0	0	0	1	0	14	97	2	0	9	0	14	93	47	0	65	0	0	53	0	1	0	0	69	3	80	0	17	15	0	2	29	0	0	0	4	0	1	0	14	0	2	0	0	5	0	29	0	0	0	63	3	0	0	1	0	12	1	0	0
0	0	0	2	0	0	0	2	0	0	0	0	0	0	0	0	1	1	0	0	0	3	0	0	74	0	0	0	65	0	3	0	0	2	0	0	0	0	0	3	0	1	1	8	0	0	0	0	0	0	0	0	0	0	5	0	1	0	0	10	0	0	0	0	0	565	0	3	0	0	0	6	0	0	0
0	0	0	0	0	1	0	0	0	0	0	42	1	0	0	241	1	0	0	0	2	0	0	1	0	0	0	0	0	580	0	0	46	62	3	0	2	0	0	2	1	0	198	0	1	112	0	0	0	0	0	10	0	0	0	35	0	1	0	0	0	2	16	0	1	0	1	2	0	0	0	0	2	0	0
0	0	2	0	0	92	0	0	168	0	0	0	50	6	0	0	0	14	0	2	0	0	12	0	6	0	0	124	2	0	185	0	4	440	4	138	0	0	38	2	296	0	21	0	0	0	66	0	0	0	96	0	0	0	1	0	0	0	0	3	0	16	0	0	5	0	1	0	0	4	9	7	6	0	0
0	114	36	298	0	0	14	1	0	0	15	0	0	1	0	0	0	97	3	0	0	0	0	0	35	0	0	62	281	0	181	0	0	207	1	0	0	0	1	2	45	0	3	0	1	0	0	0	69	0	13	0	211	179	1	0	262	0	0	0	0	0	0	0	0	100	1	0	0	0	1	19	0	0	0
0	2	13	2	0	0	0	0	0	0	38	0	1	0	0	48	0	2	0	0	12	0	0	0	0	0	0	4	0	46	0	10	17	48	0	1	0	0	1	0	0	0	6	0	0	0	0	0	0	0	8	0	0	0	0	0	0	0	0	0	0	1	0	0	0	0	5	0	0	0	52	8	0	0	0
0	0	0	0	0	0	0	0	0	0	0	0	0	1	0	0	16	0	0	1	0	0	0	0	0	0	0	0	0	5	0	0	1	0	7	0	0	0	0	0	1	0	1	0	0	1	0	0	0	1	0	0	0	0	0	20	0	8	0	0	0	0	16	0	0	0	0	1	0	0	0	0	0	0	0
0	0	1	1	0	2	0	65	1	0	2	0	0	2	0	0	0	9	74	0	6	35	0	0	0	0	0	5	0	0	11	0	0	2	2	2	0	0	54	3	6	0	4	0	0	0	0	0	2	0	0	0	9	21	7	0	1	0	0	1	0	0	0	0	1	70	5	0	0	4	2	12	4	0	0
0	0	0	0	0	0	0	0	0	0	0	0	0	1	0	0	0	0	0	0	0	0	0	0	0	0	0	0	0	0	0	0	0	0	0	0	0	0	0	0	0	0	0	0	0	0	0	0	0	0	0	0	0	0	0	0	0	0	0	0	0	0	0	0	0	0	0	0	0	0	0	0	0	0	0
0	0	0	0	0	2	0	0	0	0	0	0	0	0	0	6	98	14	0	0	0	0	0	0	0	0	0	0	0	0	0	0	2	0	0	13	250	0	0	0	2	233	8	0	0	4	0	0	0	0	0	0	0	0	0	2	0	0	0	16	0	2	2	386	217	3	0	140	0	0	0	2	40	0	0
0	0	0	0	0	31	0	0	0	0	0	0	0	0	0	0	0	93	0	0	124	62	4	0	5	0	0	0	47	0	22	0	0	50	1	0	0	0	0	2	106	0	3	3	0	0	31	0	0	0	0	0	0	0	1	1	0	0	0	0	0	0	0	0	0	5	3	0	0	0	0	5	0	0	0
0	2	3	0	0	0	0	43	0	0	1	0	6	0	0	0	0	47	65	0	2	281	0	0	0	0	0	47	0	0	22	1	0	2	0	0	0	0	48	0	1	0	0	1	0	0	0	0	44	0	0	0	125	109	0	0	0	0	0	0	0	1	0	0	0	38	0	0	0	0	0	0	0	0	0
0	0	18	6	0	17	0	12	1	0	273	359	0	12	0	1427	277	0	0	580	0	0	46	5	0	0	0	0	0	0	0	0	673	429	101	27	4	0	29	19	0	0	640	31	0	731	0	0	1	0	0	0	0	0	0	990	0	639	0	0	0	5	640	1	0	0	91	0	0	6	2	0	11	0	0
0	0	0	415	0	75	3	0	0	0	0	0	0	2	0	1	0	65	3	0	185	181	0	0	11	0	0	22	22	0	0	0	0	8	0	0	0	0	0	12	151	0	12	0	3	2	65	0	1	0	0	0	4	1	0	0	0	0	0	2	0	0	0	0	1	2	0	0	0	1	0	2	2	0	0
0	0	1	0	25	0	0	0	0	0	0	0	0	1	0	0	0	0	0	0	0	0	10	0	0	0	0	0	1	0	0	0	0	0	1	78	0	0	0	2	0	40	0	113	0	0	0	0	0	0	0	0	0	0	5	0	0	0	0	1	0	0	0	0	1	122	0	0	0	0	1	5	0	0	0
0	0	0	0	0	2	0	0	0	0	0	0	0	1	0	262	17	0	0	46	4	0	17	1	0	0	2	0	0	673	0	0	0	0	7	4	0	0	0	1	0	1	154	1	3	2	2	0	0	0	0	0	0	0	0	5	0	9	0	0	0	0	0	0	5	3	0	18	0	0	0	0	1	0	0
0	0	12	150	0	506	0	8	2	0	326	0	0	0	0	202	0	53	2	62	440	207	48	0	2	0	0	50	2	429	8	0	0	0	0	2	0	0	6	0	64	0	380	17	0	32	58	0	14	0	10	0	4	14	1	0	1	0	0	0	0	4	4	0	1	102	221	0	0	38	295	3	14	0	0
0	0	0	0	0	0	0	0	4	0	0	20	1	2	0	1	26	0	0	3	4	1	0	7	2	0	0	1	0	101	0	1	7	0	0	0	0	0	1	0	0	1	0	0	3	1	0	0	0	0	1	0	0	0	2	31	0	15	0	0	0	0	4	0	2	1	0	1	0	0	0	0	2	0	0
0	0	11	0	0	2	0	0	1	0	0	0	1	0	0	0	0	1	0	0	138	0	1	0	2	0	13	0	0	27	0	78	4	2	0	0	2	0	31	244	0	379	4	285	7	0	0	0	4	0	111	0	0	0	19	0	0	0	0	55	0	1	0	166	4	4	2	22	0	6	3	14	55	0	0
0	0	0	0	0	0	1	0	0	0	0	0	0	3	0	4	15	0	0	2	0	0	0	0	0	0	250	0	0	4	0	0	0	0	0	2	0	0	0	6	1	0	3	7	13	2	0	0	0	0	0	0	0	0	0	0	0	1	0	2	0	0	0	0	29	1	0	255	0	0	0	0	1	0	0
0	0	0	0	0	0	0	0	0	0	0	0	0	0	0	0	0	0	0	0	0	0	0	0	0	0	0	0	0	0	0	0	0	0	0	0	0	0	0	0	0	0	0	0	0	0	0	0	0	0	0	0	0	0	0	0	0	0	0	0	0	0	0	0	0	0	0	0	0	0	0	0	0	0	0
0	0	0	0	39	29	0	0	0	0	0	0	0	6	0	1	0	69	0	0	38	1	1	0	54	0	0	0	48	29	0	0	0	6	1	31	0	0	0	59	2	0	1	168	1	0	29	0	0	0	0	0	0	0	2	0	1	0	0	14	0	0	0	0	1	515	0	0	0	0	0	2	0	0	0
0	0	0	1	0	7	0	25	2	0	0	0	0	3	0	26	0	3	3	2	2	2	0	0	3	0	0	2	0	19	12	2	1	0	0	244	6	0	59	0	16	56	3	218	2	1	0	0	0	0	3	0	0	0	1	0	0	0	0	179	0	2	0	54	3	55	0	2	0	0	0	3	32	0	0
0	0	0	49	0	55	3	0	0	0	13	0	8	3	0	29	12	80	0	1	296	45	0	1	6	0	2	106	1	0	151	0	0	64	0	0	1	0	2	16	0	15	13	10	4	81	55	0	0	0	7	0	1	2	3	0	0	1	0	50	0	88	0	0	2	10	1	3	0	0	0	3	0	0	0
0	0	0	0	0	0	0	0	0	0	0	0	1	0	0	7	5	0	1	0	0	0	0	0	0	0	233	0	0	0	0	40	1	0	1	379	0	0	0	56	15	0	1	127	0	0	0	0	0	1	0	0	0	0	4	0	0	0	0	31	0	0	0	219	4	0	0	13	0	0	0	0	1	0	0
0	0	58	493	1	115	41	0	1	0	295	0	1	8	0	501	1	17	1	198	21	3	6	1	4	0	8	3	0	640	12	0	154	380	0	4	3	0	1	3	13	1	0	16	0	51	21	0	64	0	1	0	0	0	7	19	1	0	0	1	0	3	10	2	0	8	283	35	0	0	196	4	9	0	0
0	0	2	0	96	6	0	27	5	0	2	0	5	13	0	1	1	15	8	0	0	0	0	0	0	0	0	3	1	31	0	113	1	17	0	285	7	0	168	218	10	127	16	0	0	0	1	0	4	0	19	2	0	0	27	12	0	14	0	130	0	1	0	40	4	164	5	1	0	1	15	23	68	0	0
0	0	0	0	0	0	0	0	4	0	0	0	0	351	0	2	1	0	0	1	0	1	0	0	0	0	0	0	0	0	3	0	3	0	3	7	13	0	1	2	4	0	0	0	0	32	0	0	0	0	0	1	0	1	0	4	0	11	0	0	0	2	1	4	9	2	0	52	0	0	1	0	26	0	0
0	0	0	164	0	1	3	0	0	0	6	0	0	5	0	305	1	2	0	112	0	0	0	1	0	0	4	0	0	731	2	0	2	32	1	0	2	0	0	1	81	0	51	0	32	0	1	0	0	1	0	16	0	0	0	10	0	12	0	1	0	2	10	0	2	0	0	84	0	0	0	0	2	0	0
0	0	9	0	0	0	0	0	20	0	0	0	0	0	0	0	0	29	0	0	66	0	0	0	0	0	0	31	0	0	65	0	2	58	0	0	0	0	29	0	55	0	21	1	0	1	0	0	0	0	58	0	0	0	0	0	0	0	0	0	0	31	0	0	0	0	21	0	0	50	0	2	24	0	0
0	0	0	0	0	0	0	0	0	0	0	0	0	0	0	0	0	0	0	0	0	0	0	0	0	0	0	0	0	0	0	0	0	0	0	0	0	0	0	0	0	0	0	0	0	0	0	0	0	0	0	0	0	0	0	0	0	0	0	0	0	0	0	0	0	0	0	0	0	0	0	0	0	0	0
0	15	0	582	0	0	9	0	0	0	0	0	0	0	0	13	0	0	0	0	0	69	0	0	2	0	0	0	44	1	1	0	0	14	0	4	0	0	0	0	0	0	64	4	0	0	0	0	0	0	0	0	0	0	0	0	20	0	0	0	0	0	0	0	0	3	2	0	0	0	1	0	0	0	0
0	0	0	0	0	0	0	0	0	0	0	0	0	0	0	0	0	0	0	0	0	0	0	1	0	0	0	0	0	0	0	0	0	0	0	0	0	0	0	0	0	1	0	0	0	1	0	0	0	0	0	0	0	0	0	0	0	0	0	0	0	1	0	0	0	0	0	0	0	0	0	0	0	0	0
0	0	2	0	0	58	0	0	0	0	0	0	0	5	0	1	0	4	0	0	96	13	8	0	0	0	0	0	0	0	0	0	0	10	1	111	0	0	0	3	7	0	1	19	0	0	58	0	0	0	0	0	0	0	4	0	0	0	0	0	0	0	0	0	0	3	3	0	0	0	2	44	0	0	0
0	0	0	0	0	0	0	0	0	0	0	0	0	2	0	0	1	0	0	10	0	0	0	0	0	0	0	0	0	0	0	0	0	0	0	0	0	0	0	0	0	0	0	2	1	16	0	0	0	0	0	0	0	0	0	1	0	8	0	0	0	0	0	0	0	0	0	0	0	0	0	0	0	0	0
0	40	0	380	0	0	8	0	0	0	0	0	0	0	0	0	0	1	0	0	0	211	0	0	9	0	0	0	125	0	4	0	0	4	0	0	0	0	0	0	1	0	0	0	0	0	0	0	0	0	0	0	0	0	1	0	49	0	0	1	0	0	0	0	0	19	1	0	0	0	0	0	0	0	0
0	39	0	2	0	0	0	0	0	0	0	0	0	1	0	0	0	0	0	0	0	179	0	0	21	0	0	0	109	0	1	0	0	14	0	0	0	0	0	0	2	0	0	0	1	0	0	0	0	0	0	0	0	0	0	0	55	0	0	0	0	0	0	0	0	9	1	0	0	0	0	0	0	0	0
0	0	0	0	0	0	0	54	0	0	0	0	4	0	0	0	0	14	5	0	1	1	0	0	7	0	0	1	0	0	0	5	0	1	2	19	0	0	2	1	3	4	7	27	0	0	0	0	0	0	4	0	1	0	0	0	0	0	0	18	0	1	0	0	0	160	3	0	0	0	0	108	0	0	0
0	0	0	0	0	0	0	0	0	0	0	4	3	1	0	350	38	0	0	35	0	0	0	20	0	0	2	1	0	990	0	0	5	0	31	0	0	0	0	0	0	0	19	12	4	10	0	0	0	0	0	1	0	0	0	0	0	87	0	3	0	0	33	0	2	1	0	9	0	0	0	0	0	0	0
0	14	2	43	0	0	0	1	0	0	13	0	1	1	0	0	0	2	1	0	0	262	0	0	1	0	0	0	0	0	0	0	0	1	0	0	0	0	1	0	0	0	1	0	0	0	0	0	20	0	0	0	49	55	0	0	0	0	0	0	0	0	0	0	0	5	78	0	0	0	26	0	0	0	0
0	0	0	0	0	0	0	0	1	0	0	12	0	8	0	459	26	0	0	1	0	0	0	8	0	0	0	0	0	639	0	0	9	0	15	0	1	0	0	0	1	0	0	14	11	12	0	0	0	0	0	8	0	0	0	87	0	0	0	0	0	0	8	0	5	1	0	0	0	0	0	0	2	0	0
0	0	0	0	0	0	0	0	0	0	0	0	0	0	0	0	0	0	0	0	0	0	0	0	0	0	0	0	0	0	0	0	0	0	0	0	0	0	0	0	0	0	0	0	0	0	0	0	0	0	0	0	0	0	0	0	0	0	0	0	0	0	0	0	0	0	0	0	0	0	0	0	0	0	0
0	0	0	0	0	4	0	20	0	0	1	0	0	0	0	1	0	5	10	0	3	0	0	0	1	0	16	0	0	0	2	1	0	0	0	55	2	0	14	179	50	31	1	130	0	1	0	0	0	0	0	0	1	0	18	3	0	0	0	0	0	0	0	47	1	198	1	0	0	0	0	1	1	0	0
0	0	0	0	0	0	0	0	0	0	0	0	0	0	0	0	0	0	0	0	0	0	0	0	0	0	0	0	0	0	0	0	0	0	0	0	0	0	0	0	0	0	0	0	0	0	0	0	0	0	0	0	0	0	0	0	0	0	0	0	0	0	0	0	0	0	0	0	0	0	0	0	0	0	0
0	0	1	0	1	31	0	0	0	0	0	0	0	2	0	1	0	29	0	2	16	0	1	0	0	0	2	0	1	5	0	0	0	4	0	1	0	0	0	2	88	0	3	1	2	2	31	0	0	1	0	0	0	0	1	0	0	0	0	0	0	0	0	0	7	1	0	47	0	0	0	16	0	0	0
0	0	0	0	0	0	0	0	0	0	0	0	0	2	0	317	9	0	0	16	0	0	0	16	0	0	2	0	0	640	0	0	0	4	4	0	0	0	0	0	0	0	10	0	1	10	0	0	0	0	0	0	0	0	0	33	0	8	0	0	0	0	0	0	1	0	0	4	0	0	0	0	1	0	0
0	0	0	0	76	0	0	0	0	0	0	0	0	3	0	0	1	0	0	0	0	0	0	0	0	0	386	0	0	1	0	0	0	0	0	166	0	0	0	54	0	219	2	40	4	0	0	0	0	0	0	0	0	0	0	0	0	0	0	47	0	0	0	0	0	1	0	139	0	0	0	0	1	0	0
0	0	0	0	0	0	0	0	5	0	0	0	1	1	0	1	12	0	0	1	5	0	0	0	1	0	217	0	0	0	1	1	5	1	2	4	29	0	1	3	2	4	0	4	9	2	0	0	0	0	0	0	0	0	0	2	0	5	0	1	0	7	1	0	0	0	0	261	0	0	0	0	4	0	0
0	0	30	3	0	0	0	721	1	0	0	0	3	1	0	1	0	63	565	0	0	100	0	0	70	0	3	5	38	0	2	122	3	102	1	4	1	0	515	55	10	0	8	164	2	0	0	0	3	0	3	0	19	9	160	1	5	1	0	198	0	1	0	1	0	0	83	1	0	0	3	266	1	0	0
0	25	5	160	0	23	1	0	0	0	1	0	4	0	0	142	0	3	0	1	1	1	5	0	5	0	0	3	0	91	0	0	0	221	0	2	0	0	0	0	1	0	283	5	0	0	21	0	2	0	3	0	1	1	3	0	78	0	0	1	0	0	0	0	0	83	0	1	0	0	6	7	1	0	0
0	0	0	0	0	0	0	0	1	0	0	0	1	5	0	0	34	0	3	2	0	0	0	1	0	0	140	0	0	0	0	0	18	0	1	22	255	0	0	2	3	13	35	1	52	84	0	0	0	0	0	0	0	0	0	9	0	0	0	0	0	47	4	139	261	1	1	0	0	0	0	0	22	0	0
0	0	0	0	0	0	0	0	0	0	0	0	0	0	0	0	0	0	0	0	0	0	0	0	0	0	0	0	0	0	0	0	0	0	0	0	0	0	0	0	0	0	0	0	0	0	0	0	0	0	0	0	0	0	0	0	0	0	0	0	0	0	0	0	0	0	0	0	0	0	0	0	0	0	0
0	0	0	0	0	50	0	0	0	0	0	0	0	2	0	0	0	1	0	0	4	0	0	0	4	0	0	0	0	6	1	0	0	38	0	6	0	0	0	0	0	0	0	1	0	0	50	0	0	0	0	0	0	0	0	0	0	0	0	0	0	0	0	0	0	0	0	0	0	0	0	0	0	0	0
0	0	54	0	0	2	0	0	0	0	1	0	1	2	0	89	0	0	0	0	9	1	52	0	2	0	0	0	0	2	0	1	0	295	0	3	0	0	0	0	0	0	196	15	1	0	0	0	1	0	2	0	0	0	0	0	26	0	0	0	0	0	0	0	0	3	6	0	0	0	0	15	0	0	0
0	0	5	0	0	5	0	113	0	0	0	0	2	0	0	1	0	12	6	0	7	19	8	0	12	0	2	5	0	0	2	5	0	3	0	14	0	0	2	3	3	0	4	23	0	0	2	0	0	0	44	0	0	0	108	0	0	0	0	1	0	16	0	0	0	266	7	0	0	0	15	0	0	0	0
0	0	0	0	0	24	0	0	0	0	0	0	0	17	0	1	9	1	0	2	6	0	0	0	4	0	40	0	0	11	2	0	1	14	2	55	1	0	0	32	0	1	9	68	26	2	24	0	0	0	0	0	0	0	0	0	0	2	0	1	0	0	1	1	4	1	1	22	0	0	0	0	0	0	0
0	0	0	0	0	0	0	0	0	0	0	0	0	0	0	0	0	0	0	0	0	0	0	0	0	0	0	0	0	0	0	0	0	0	0	0	0	0	0	0	0	0	0	0	0	0	0	0	0	0	0	0	0	0	0	0	0	0	0	0	0	0	0	0	0	0	0	0	0	0	0	0	0	0	0
0	0	0	0	0	0	0	0	0	0	0	0	0	0	0	0	0	0	0	0	0	0	0	0	0	0	0	0	0	0	0	0	0	0	0	0	0	0	0	0	0	0	0	0	0	0	0	0	0	0	0	0	0	0	0	0	0	0	0	0	0	0	0	0	0	0	0	0	0	0	0	0	0	0	0
