0	0	0	0	0	0	0	0	0	0	0	0	0	0	0	0	0	0	0	0	0	0	0	0	0	0	0	0	0	0	0	0	0	0	0	0	0	0	0	0	0	0	0	0	0	0	0	0	0	0	0	0	0	0	0	0	0	0	0	0	0	0	0	0	0	0	0	0	0	0	0	0	0	0	0
0	0	965	24	3	0	62	0	0	0	112	0	352	0	0	2	0	112	64	0	2	769	0	0	17	0	0	57	21	0	20	14	0	14	14	0	2	0	69	2	10	0	132	5	0	0	0	0	64	0	0	10	801	0	34	0	1987	0	366	20	0	0	0	0	0	26	284	0	0	1	3	50	0	6	6
0	965	0	0	1	0	0	0	0	0	1	1	237	0	0	0	0	0	7	0	2	30	0	0	27	0	0	48	7	0	0	2	2	38	0	0	5	0	4	0	0	0	478	4	0	0	0	0	17	0	0	0	680	0	10	0	281	1	19	0	0	0	0	1	44	1	302	1	0	2	447	5	0	2	0
0	24	0	0	0	0	797	0	124	0	117	0	0	18	0	89	62	5	31	5	9	119	0	0	10	0	18	2	17	45	260	3	40	59	4	0	8	0	3	0	40	31	261	2	0	231	0	0	124	30	0	1	245	2	1	0	6	11	11	18	0	0	14	13	26	4	35	50	0	3	73	3	10	8	232
0	3	1	0	0	0	0	0	11	0	2	3	0	0	0	2	7	189	150	6	84	16	0	0	84	0	1	96	316	0	2	333	18	15	1	0	25	0	390	25	10	168	21	353	0	1	0	0	12	73	0	7	13	0	174	1	1	30	1	144	0	0	1	236	14	113	3	31	0	67	0	263	1	5	0
0	0	0	0	0	0	0	0	0	0	0	0	0	0	0	0	0	0	0	0	0	0	0	0	0	0	0	0	0	0	0	0	0	0	0	0	0	0	0	0	0	0	0	0	0	0	0	0	0	0	0	0	0	0	0	0	0	0	0	0	0	0	0	0	0	0	0	0	0	0	0	0	0	0	0
0	62	0	797	0	0	0	0	0	0	59	0	0	4	0	52	0	0	2	0	0	43	0	0	0	0	0	0	2	5	76	0	0	61	0	0	3	0	0	0	7	0	101	0	0	66	0	0	12	0	0	0	57	0	0	0	5	0	0	10	0	0	0	0	0	1	34	0	0	0	10	0	0	0	63
0	0	0	0	0	0	0	0	0	0	0	0	0	0	0	0	0	0	0	0	0	0	0	0	0	0	0	0	0	0	0	0	0	0	0	0	0	0	0	0	0	0	0	0	0	0	0	0	0	0	0	0	0	0	0	0	0	0	0	0	0	0	0	0	0	0	0	0	0	0	0	0	0	0	0
0	0	0	124	11	0	0	0	0	0	0	0	0	24	0	6	92	0	0	4	134	0	0	0	0	0	9	0	0	0	0	0	172	0	24	0	0	0	0	0	0	0	1	1	0	1	0	0	0	0	0	0	0	0	1	0	0	1	0	0	0	0	0	18	253	0	1	17	0	16	36	0	14	0	0
0	0	0	0	0	0	0	0	0	0	0	0	0	0	0	0	0	0	0	0	0	0	0	0	0	0	0	0	0	0	0	0	0	0	0	0	0	0	0	0	0	0	0	0	0	0	0	0	0	0	0	0	0	0	0	0	0	0	0	0	0	0	0	0	0	0	0	0	0	0	0	0	0	0	0
0	112	1	117	2	0	59	0	0	0	0	0	0	78	0	110	1	0	23	17	0	1	0	0	21	0	0	2	21	0	0	0	1	0	3	0	0	0	2	0	0	0	22	8	0	3	0	0	38	0	0	6	28	0	3	0	4	29	0	0	0	0	3	1	0	1	171	7	0	3	3	0	6	3	0
0	0	1	0	3	0	0	0	0	0	0	0	0	1	0	3	0	6	1	4	0	0	0	0	0	0	0	0	0	0	0	0	2	0	92	0	0	0	0	0	5	0	2	0	0	0	0	0	0	0	0	0	1	0	1	0	0	1	0	0	0	0	0	9	0	0	0	8	0	4	0	8	0	0	1
0	352	237	0	0	0	0	0	0	0	0	0	0	21	0	30	0	1	3	1	0	6	0	0	1	0	0	4	2	0	0	0	25	0	2	0	0	0	0	0	8	0	13	17	0	0	0	0	1	0	0	0	177	0	0	0	104	21	0	2	0	0	0	19	10	2	164	57	0	2	5	0	0	0	0
0	0	0	18	0	0	4	0	24	0	78	1	21	0	0	36	14	0	7	52	0	0	0	0	2	0	0	0	0	46	7	1	18	1	4	0	64	0	1	0	20	0	18	12	815	78	0	0	0	9	0	20	0	0	25	2	0	111	10	0	0	0	30	58	6	0	2	201	0	56	1	2	56	22	3
0	0	0	0	0	0	0	0	0	0	0	0	0	0	0	0	0	0	0	0	0	0	0	0	0	0	0	0	0	0	0	0	0	0	0	0	0	0	0	0	0	0	0	0	0	0	0	0	0	0	0	0	0	0	0	0	0	0	0	0	0	0	0	0	0	0	0	0	0	0	0	0	0	0	0
0	2	0	89	2	0	52	0	6	0	110	3	30	36	0	0	345	4	7	741	0	0	0	0	0	0	0	20	1	568	1	0	502	229	28	0	38	0	3	12	22	0	632	7	0	596	0	0	5	20	0	1	1	0	4	339	0	206	16	0	0	0	356	31	38	13	168	171	0	0	298	0	7	54	0
0	0	0	62	7	0	0	0	92	0	1	0	0	14	0	345	0	12	0	620	328	0	0	0	1	0	214	8	0	88	4	0	142	15	9	0	0	0	2	25	147	0	89	17	0	263	0	0	0	6	1	20	0	0	5	5	0	13	0	0	0	0	103	272	251	1	26	224	0	99	2	7	37	9	0
0	112	0	5	189	0	0	0	0	0	0	6	1	0	0	4	12	0	128	4	333	26	0	0	219	0	26	499	239	0	6	0	45	1	8	0	1	0	46	7	356	0	30	78	0	0	0	0	11	2	0	1	26	0	70	0	5	7	10	26	0	0	1	3	4	56	10	44	0	0	7	3	1	0	0
0	64	7	31	150	0	2	0	0	0	23	1	3	7	0	7	0	128	0	2	2	146	0	0	716	0	9	88	1002	0	159	218	13	267	1	0	10	0	930	27	162	0	32	281	0	4	0	0	27	10	0	35	271	0	509	1	21	39	232	222	0	0	1	15	2	1010	4	2	0	2	23	98	1	15	12
0	0	0	5	6	0	0	0	4	0	17	4	1	52	0	741	620	4	2	0	3	0	0	0	1	0	4	1	3	641	37	1	437	257	0	0	25	0	2	11	23	1	427	4	0	719	0	0	0	18	0	5	1	0	9	342	0	161	0	0	0	0	583	21	39	2	3	63	0	11	87	1	6	18	3
0	2	2	9	84	0	0	0	134	0	0	0	0	0	0	0	328	333	2	3	0	6	0	0	2	0	0	181	0	0	428	54	7	228	0	0	0	0	49	0	104	0	89	109	0	1	0	0	3	4	0	0	0	0	18	0	0	18	0	9	0	0	0	2	0	1	6	4	0	0	87	96	0	6	0
0	769	30	119	16	0	43	0	0	0	1	0	6	0	0	0	0	26	146	0	6	0	0	0	192	0	4	166	154	0	63	1	0	6	3	0	1	0	11	2	100	0	4	4	0	0	0	0	91	0	0	0	441	0	3	0	130	1	15	13	0	0	0	0	0	16	3	1	0	2	2	1	0	1	8
0	0	0	0	0	0	0	0	0	0	0	0	0	0	0	0	0	0	0	0	0	0	0	0	0	0	0	0	0	0	0	0	0	0	0	0	0	0	0	0	0	0	0	0	0	0	0	0	0	0	0	0	0	0	0	0	0	0	0	0	0	0	0	0	0	0	0	0	0	0	0	0	0	0	0
0	0	0	0	0	0	0	0	0	0	0	0	0	0	0	0	0	0	0	0	0	0	0	0	0	0	0	0	0	0	0	0	0	0	0	0	0	0	0	0	0	0	0	0	0	0	0	0	0	0	0	0	0	0	0	0	0	0	0	0	0	0	0	0	0	0	0	0	0	0	0	0	0	0	0
0	17	27	10	84	0	0	0	0	0	21	0	1	2	0	0	1	219	716	1	2	192	0	0	0	0	3	150	786	1	213	62	14	308	1	0	1	0	639	33	75	0	46	14	0	2	0	0	8	28	0	8	240	0	550	1	14	34	214	68	0	0	0	1	1	903	20	19	0	2	1	217	1	8	7
0	0	0	0	0	0	0	0	0	0	0	0	0	0	0	0	0	0	0	0	0	0	0	0	0	0	0	0	0	0	0	0	0	0	0	0	0	0	0	0	0	0	0	0	1	0	0	0	0	0	0	0	0	0	0	0	0	0	0	0	0	0	0	0	0	0	0	0	0	0	0	0	0	0	0
0	0	0	18	1	0	0	0	9	0	0	0	0	0	0	0	214	26	9	4	0	4	0	0	3	0	0	5	88	0	26	3	61	3	4	0	76	0	28	0	110	38	21	22	0	7	0	0	0	133	0	0	1	0	3	12	0	5	5	7	0	0	5	372	181	0	30	143	0	306	0	44	70	11	0
0	57	48	2	96	0	0	0	0	0	2	0	4	0	0	20	8	499	88	1	181	166	0	0	150	0	5	0	319	0	397	79	64	283	2	0	0	0	618	53	615	0	60	21	0	0	0	0	7	3	0	1	58	70	247	0	5	17	111	50	0	0	0	0	0	21	41	0	0	0	15	197	0	13	2
0	21	7	17	316	0	2	0	0	0	21	0	2	0	0	1	0	239	1002	3	0	154	0	0	786	0	88	319	0	0	667	33	28	160	4	0	0	0	443	6	457	0	72	16	0	0	0	0	10	38	0	5	228	45	278	0	7	43	175	134	0	0	1	0	3	472	26	0	0	0	3	346	0	7	9
0	0	0	45	0	0	5	0	0	0	0	0	0	46	0	568	88	0	0	641	0	0	0	0	1	0	0	0	0	0	0	0	335	0	169	0	0	0	0	0	2	0	296	2	0	27	0	0	0	0	0	0	0	0	0	0	0	104	0	0	0	0	0	3	40	0	129	63	0	5	108	0	0	0	0
0	20	0	260	2	0	76	0	0	0	0	0	0	7	0	1	4	6	159	37	428	63	0	0	213	0	26	397	667	0	0	0	0	0	6	0	0	0	0	0	449	0	12	25	0	1	0	0	102	0	0	0	94	54	4	0	1	0	0	25	0	0	0	2	1	1	1	0	0	2	7	1	4	0	0
0	14	2	3	333	0	0	0	0	0	0	0	0	1	0	0	0	0	218	1	54	1	0	0	62	0	3	79	33	0	0	0	17	0	7	0	0	0	207	0	50	0	3	713	0	0	0	0	4	0	0	0	1	0	39	0	1	3	0	76	0	0	0	3	0	49	2	1	0	0	4	162	0	0	0
0	0	2	40	18	0	0	0	172	0	1	2	25	18	0	502	142	45	13	437	7	0	0	0	14	0	61	64	28	335	0	17	0	10	633	0	217	0	43	0	4	36	389	46	0	264	0	0	9	106	0	5	11	0	209	248	0	335	4	12	0	0	269	216	621	6	28	358	0	46	80	23	7	151	0
0	14	38	59	15	0	61	0	0	0	0	0	0	1	0	229	15	1	267	257	228	6	0	0	308	0	3	283	160	0	0	0	10	0	0	0	0	0	197	0	37	0	70	171	0	0	0	0	9	0	0	0	10	0	13	0	0	0	0	28	0	0	0	1	0	157	184	0	0	1	7	21	0	0	0
0	14	0	4	1	0	0	0	24	0	3	92	2	4	0	28	9	8	1	0	0	3	0	0	1	0	4	2	4	169	6	7	633	0	0	0	21	0	15	1	8	3	11	1	0	11	0	0	1	6	0	2	4	0	8	478	4	761	6	4	0	0	674	22	76	3	0	43	0	6	4	12	20	13	1
0	0	0	0	0	0	0	0	0	0	0	0	0	0	0	0	0	0	0	0	0	0	0	0	0	0	0	0	0	0	0	0	0	0	0	0	0	0	0	0	0	0	0	0	0	0	0	0	0	0	0	0	0	0	0	0	0	0	0	0	0	0	0	0	0	0	0	0	0	0	0	0	0	0	0
0	2	5	8	25	0	3	0	0	0	0	0	0	64	0	38	0	1	10	25	0	1	0	0	1	0	76	0	0	0	0	0	217	0	21	0	0	0	0	0	50	0	2	4	0	0	0	0	13	1	0	0	1	0	1	0	0	23	0	0	0	0	0	156	684	4	7	556	0	43	0	0	19	0	0
0	0	0	0	0	0	0	0	0	0	0	0	0	0	0	0	0	0	0	0	0	0	0	0	0	0	0	0	0	0	0	0	0	0	0	0	0	0	0	0	0	0	0	0	0	0	0	0	0	0	0	0	0	0	0	0	0	0	0	0	0	0	0	0	0	0	0	0	0	0	0	0	0	0	0
0	69	4	3	390	0	0	0	0	0	2	0	0	1	0	3	2	46	930	2	49	11	0	0	639	0	28	618	443	0	0	207	43	197	15	0	0	0	0	15	211	0	78	1144	0	0	0	0	16	21	0	2	46	0	251	0	2	8	1	317	0	0	0	407	1	639	28	1	0	9	18	386	0	57	2
0	2	0	0	25	0	0	0	0	0	0	0	0	0	0	12	25	7	27	11	0	2	0	0	33	0	0	53	6	0	0	0	0	0	1	0	0	0	15	0	119	0	5	172	0	0	0	0	0	0	0	0	2	0	3	0	1	0	0	98	0	0	0	5	0	0	0	9	0	23	8	1	0	0	0
0	10	0	40	10	0	7	0	0	0	0	5	8	20	0	22	147	356	162	23	104	100	0	0	75	0	110	615	457	2	449	50	4	37	8	0	50	0	211	119	0	1	130	96	0	280	0	0	22	8	0	45	42	1	87	2	2	47	70	421	0	0	17	78	12	142	2	22	0	23	17	353	42	57	222
0	0	0	31	168	0	0	0	0	0	0	0	0	0	0	0	0	0	0	1	0	0	0	0	0	0	38	0	0	0	0	0	36	0	3	0	0	0	0	0	1	0	1	31	0	0	0	0	0	0	0	0	0	0	0	0	0	0	0	0	0	0	0	382	97	0	0	9	0	278	0	0	0	0	0
0	132	478	261	21	0	101	0	1	0	22	2	13	18	0	632	89	30	32	427	89	4	0	0	46	0	21	60	72	296	12	3	389	70	11	0	2	0	78	5	130	1	0	88	0	246	0	0	124	3	0	0	9	1	13	63	14	15	0	32	0	0	61	41	23	19	417	107	0	13	168	19	7	9	73
0	5	4	2	353	0	0	0	1	0	8	0	17	12	0	7	17	78	281	4	109	4	0	0	14	0	22	21	16	2	25	713	46	171	1	0	4	0	1144	172	96	31	88	0	0	4	0	0	3	107	0	0	11	0	582	1	0	69	58	956	0	0	2	526	4	283	4	31	0	47	7	737	6	303	10
0	0	0	0	0	0	0	0	0	0	0	0	0	815	0	0	0	0	0	0	0	0	0	0	0	1	0	0	0	0	0	0	0	0	0	0	0	0	0	0	0	0	0	0	0	0	0	0	0	0	0	0	0	0	0	0	0	0	0	0	0	0	0	0	0	0	0	1	0	0	0	0	0	0	0
0	0	0	231	1	0	66	0	1	0	3	0	0	78	0	596	263	0	4	719	1	0	0	0	2	0	7	0	0	27	1	0	264	0	11	0	0	0	0	0	280	0	246	4	0	0	0	0	14	0	0	33	0	0	0	0	0	110	0	1	0	0	1	3	7	1	0	53	0	28	8	0	43	0	1
0	0	0	0	0	0	0	0	0	0	0	0	0	0	0	0	0	0	0	0	0	0	0	0	0	0	0	0	0	0	0	0	0	0	0	0	0	0	0	0	0	0	0	0	0	0	0	0	0	0	0	0	0	0	0	0	0	0	0	0	0	0	0	0	0	0	0	0	0	0	0	0	0	0	0
0	0	0	0	0	0	0	0	0	0	0	0	0	0	0	0	0	0	0	0	0	0	0	0	0	0	0	0	0	0	0	0	0	0	0	0	0	0	0	0	0	0	0	0	0	0	0	0	0	0	0	0	0	0	0	0	0	0	0	0	0	0	0	0	0	0	0	0	0	0	0	0	0	0	0
0	64	17	124	12	0	12	0	0	0	38	0	1	0	0	5	0	11	27	0	3	91	0	0	8	0	0	7	10	0	102	4	9	9	1	0	13	0	16	0	22	0	124	3	0	14	0	0	0	25	0	9	174	0	16	0	10	13	24	17	0	0	0	1	1	33	28	18	0	2	84	15	1	5	28
0	0	0	30	73	0	0	0	0	0	0	0	0	9	0	20	6	2	10	18	4	0	0	0	28	0	133	3	38	0	0	0	106	0	6	0	1	0	21	0	8	0	3	107	0	0	0	0	25	0	0	0	6	0	12	0	0	1	0	124	0	0	0	315	43	4	3	355	0	329	0	0	5	0	0
0	0	0	0	0	0	0	0	0	0	0	0	0	0	0	0	1	0	0	0	0	0	0	0	0	0	0	0	0	0	0	0	0	0	0	0	0	0	0	0	0	0	0	0	0	0	0	0	0	0	0	0	0	0	0	0	0	0	0	0	0	0	0	0	0	0	0	0	0	0	0	0	0	0	0
0	10	0	1	7	0	0	0	0	0	6	0	0	20	0	1	20	1	35	5	0	0	0	0	8	0	0	1	5	0	0	0	5	0	2	0	0	0	2	0	45	0	0	0	0	33	0	0	9	0	0	0	0	0	5	0	1	99	0	0	0	0	0	0	0	18	0	2	0	5	0	0	0	0	0
0	801	680	245	13	0	57	0	0	0	28	1	177	0	0	1	0	26	271	1	0	441	0	0	240	0	1	58	228	0	94	1	11	10	4	0	1	0	46	2	42	0	9	11	0	0	0	0	174	6	0	0	0	89	32	0	186	1	262	34	0	0	0	10	1	89	35	1	0	4	9	7	0	0	1
0	0	0	2	0	0	0	0	0	0	0	0	0	0	0	0	0	0	0	0	0	0	0	0	0	0	0	70	45	0	54	0	0	0	0	0	0	0	0	0	1	0	1	0	0	0	0	0	0	0	0	0	89	0	2	0	0	0	0	1	0	0	0	0	0	0	0	0	0	0	0	0	0	0	0
0	34	10	1	174	0	0	0	1	0	3	1	0	25	0	4	5	70	509	9	18	3	0	0	550	0	3	247	278	0	4	39	209	13	8	0	1	0	251	3	87	0	13	582	0	0	0	0	16	12	0	5	32	2	0	0	2	21	4	24	0	0	4	52	44	238	14	145	0	20	5	180	19	3	0
0	0	0	0	1	0	0	0	0	0	0	0	0	2	0	339	5	0	1	342	0	0	0	0	1	0	12	0	0	0	0	0	248	0	478	0	0	0	0	0	2	0	63	1	0	0	0	0	0	0	0	0	0	0	0	0	0	0	0	0	0	0	0	0	8	1	21	3	0	4	0	0	0	0	0
0	1987	281	6	1	0	5	0	0	0	4	0	104	0	0	0	0	5	21	0	0	130	0	0	14	0	0	5	7	0	1	1	0	0	4	0	0	0	2	1	2	0	14	0	0	0	0	0	10	0	0	1	186	0	2	0	0	0	93	3	0	0	0	0	0	2	190	1	0	1	2	1	0	0	0
0	0	1	11	30	0	0	0	1	0	29	1	21	111	0	206	13	7	39	161	18	1	0	0	34	0	5	17	43	104	0	3	335	0	761	0	23	0	8	0	47	0	15	69	0	110	0	0	13	1	0	99	1	0	21	0	0	0	4	6	0	0	81	99	52	5	2	238	0	26	0	3	39	12	3
0	366	19	11	1	0	0	0	0	0	0	0	0	10	0	16	0	10	232	0	0	15	0	0	214	0	5	111	175	0	0	0	4	0	6	0	0	0	1	0	70	0	0	58	0	0	0	0	24	0	0	0	262	0	4	0	93	4	0	15	0	0	0	2	0	83	0	0	0	7	2	0	0	0	0
0	20	0	18	144	0	10	0	0	0	0	0	2	0	0	0	0	26	222	0	9	13	0	0	68	0	7	50	134	0	25	76	12	28	4	0	0	0	317	98	421	0	32	956	0	1	0	0	17	124	0	0	34	1	24	0	3	6	15	0	0	0	0	681	2	250	0	1	0	907	11	214	0	85	0
0	0	0	0	0	0	0	0	0	0	0	0	0	0	0	0	0	0	0	0	0	0	0	0	0	0	0	0	0	0	0	0	0	0	0	0	0	0	0	0	0	0	0	0	0	0	0	0	0	0	0	0	0	0	0	0	0	0	0	0	0	0	0	0	0	0	0	0	0	0	0	0	0	0	0
0	0	0	0	0	0	0	0	0	0	0	0	0	0	0	0	0	0	0	0	0	0	0	0	0	0	0	0	0	0	0	0	0	0	0	0	0	0	0	0	0	0	0	0	0	0	0	0	0	0	0	0	0	0	0	0	0	0	0	0	0	0	0	0	0	0	0	0	0	0	0	0	0	0	0
0	0	0	14	1	0	0	0	0	0	3	0	0	30	0	356	103	1	1	583	0	0	0	0	0	0	5	0	1	0	0	0	269	0	674	0	0	0	0	0	17	0	61	2	0	1	0	0	0	0	0	0	0	0	4	0	0	81	0	0	0	0	0	16	22	1	4	6	0	32	0	0	2	0	0
0	0	1	13	236	0	0	0	18	0	1	9	19	58	0	31	272	3	15	21	2	0	0	0	1	0	372	0	0	3	2	3	216	1	22	0	156	0	407	5	78	382	41	526	0	3	0	0	1	315	0	0	10	0	52	0	0	99	2	681	0	0	16	0	231	7	2	1327	0	1437	19	54	199	342	1
0	0	44	26	14	0	0	0	253	0	0	0	10	6	0	38	251	4	2	39	0	0	0	0	1	0	181	0	3	40	1	0	621	0	76	0	684	0	1	0	12	97	23	4	0	7	0	0	1	43	0	0	1	0	44	8	0	52	0	2	0	0	22	231	0	0	1	1516	0	78	0	2	124	319	0
0	26	1	4	113	0	1	0	0	0	1	0	2	0	0	13	1	56	1010	2	1	16	0	0	903	0	0	21	472	0	1	49	6	157	3	0	4	0	639	0	142	0	19	283	0	1	0	0	33	4	0	18	89	0	238	1	2	5	83	250	0	0	1	7	0	0	2	5	0	3	4	79	0	0	1
0	284	302	35	3	0	34	0	1	0	171	0	164	2	0	168	26	10	4	3	6	3	0	0	20	0	30	41	26	129	1	2	28	184	0	0	7	0	28	0	2	0	417	4	0	0	0	0	28	3	0	0	35	0	14	21	190	2	0	0	0	0	4	2	1	2	0	41	0	4	34	52	0	2	10
0	0	1	50	31	0	0	0	17	0	7	8	57	201	0	171	224	44	2	63	4	1	0	0	19	0	143	0	0	63	0	1	358	0	43	0	556	0	1	9	22	9	107	31	1	53	0	0	18	355	0	2	1	0	145	3	1	238	0	1	0	0	6	1327	1516	5	41	0	0	624	15	2	200	269	30
0	0	0	0	0	0	0	0	0	0	0	0	0	0	0	0	0	0	0	0	0	0	0	0	0	0	0	0	0	0	0	0	0	0	0	0	0	0	0	0	0	0	0	0	0	0	0	0	0	0	0	0	0	0	0	0	0	0	0	0	0	0	0	0	0	0	0	0	0	0	0	0	0	0	0
0	1	2	3	67	0	0	0	16	0	3	4	2	56	0	0	99	0	2	11	0	2	0	0	2	0	306	0	0	5	2	0	46	1	6	0	43	0	9	23	23	278	13	47	0	28	0	0	2	329	0	5	4	0	20	4	1	26	7	907	0	0	32	1437	78	3	4	624	0	0	1	1	163	138	0
0	3	447	73	0	0	10	0	36	0	3	0	5	1	0	298	2	7	23	87	87	2	0	0	1	0	0	15	3	108	7	4	80	7	4	0	0	0	18	8	17	0	168	7	0	8	0	0	84	0	0	0	9	0	5	0	2	0	2	11	0	0	0	19	0	4	34	15	0	1	0	16	0	2	39
0	50	5	3	263	0	0	0	0	0	0	8	0	2	0	0	7	3	98	1	96	1	0	0	217	0	44	197	346	0	1	162	23	21	12	0	0	0	386	1	353	0	19	737	0	0	0	0	15	0	0	0	7	0	180	0	1	3	0	214	0	0	0	54	2	79	52	2	0	1	16	0	1	0	0
0	0	0	10	1	0	0	0	14	0	6	0	0	56	0	7	37	1	1	6	0	0	0	0	1	0	70	0	0	0	4	0	7	0	20	0	19	0	0	0	42	0	7	6	0	43	0	0	1	5	0	0	0	0	19	0	0	39	0	0	0	0	2	199	124	0	0	200	0	163	0	1	0	6	0
0	6	2	8	5	0	0	0	0	0	3	0	0	22	0	54	9	0	15	18	6	1	0	0	8	0	11	13	7	0	0	0	151	0	13	0	0	0	57	0	57	0	9	303	0	0	0	0	5	0	0	0	0	0	3	0	0	12	0	85	0	0	0	342	319	0	2	269	0	138	2	0	6	0	0
0	6	0	232	0	0	63	0	0	0	0	1	0	3	0	0	0	0	12	3	0	8	0	0	7	0	0	2	9	0	0	0	0	0	1	0	0	0	2	0	222	0	73	10	0	1	0	0	28	0	0	0	1	0	0	0	0	3	0	0	0	0	0	1	0	1	10	30	0	0	39	0	0	0	0
