0	0	0	0	0	0	0	0	0	0	0	0	0	0	0	0	0	0	0	0	0	0	0	0	0	0	0	0	0	0	0	0	0	0	0	0	0	0	0	0	0	0	0	0	0	0	0	0	0	0	0	0	0	0	0	0	0	0	0	0	0	0	0	0	0	0	0	0	0	0	0	0	0	0	0
0	0	915	160	0	0	0	6	0	0	304	1	750	0	0	1	0	74	11	2	0	443	0	0	17	0	0	43	519	0	4	0	0	100	0	0	0	0	4	20	9	0	32	0	0	0	0	0	178	0	0	0	418	235	13	0	983	4	662	16	0	0	0	0	0	8	175	0	0	0	0	6	0	0	0
0	915	0	4	11	4	0	6	2	0	30	0	267	0	0	2	0	34	13	0	108	3	0	0	30	0	0	36	55	1	1	1	3	231	0	0	0	0	9	4	39	0	271	1	0	0	0	0	37	0	0	0	390	36	6	0	387	11	15	2	0	0	1	1	65	30	233	0	0	1	141	1	0	3	2
0	160	4	0	3	1	291	11	73	0	436	14	28	106	0	217	5	13	23	2	4	178	0	0	9	0	0	20	3	42	182	0	63	100	0	0	4	0	14	16	92	5	178	2	0	241	0	0	304	30	0	0	90	18	6	0	36	8	11	56	51	0	4	4	3	29	64	86	0	6	121	14	1	28	223
0	0	11	3	0	462	0	23	16	0	71	2	1	0	0	2	14	59	280	3	154	110	0	0	61	3	344	23	6	0	2	147	13	85	6	0	1	0	1286	282	178	196	191	484	0	0	0	0	28	309	0	1	86	17	380	0	1	15	88	739	0	0	7	1236	10	95	40	9	0	1322	22	595	70	596	23
0	0	4	1	462	0	0	2	22	0	2	0	0	1	0	7	10	84	11	126	305	9	0	0	20	2	6	222	1	0	75	1	18	70	5	0	4	0	76	0	415	1	79	0	0	5	0	0	0	1	0	0	9	2	15	0	0	7	3	17	0	0	0	10	11	2	6	13	0	3	12	3	19	18	0
0	0	0	291	0	0	0	1	0	0	5	21	0	1	0	4	0	0	0	0	2	1	0	0	0	0	0	0	0	0	0	0	0	0	0	0	0	0	0	0	7	0	0	0	0	1	0	0	1	0	0	0	0	6	0	0	0	0	0	0	0	0	0	0	0	0	0	0	0	0	0	0	0	0	1
0	6	6	11	23	2	1	0	0	0	264	0	0	0	0	0	0	56	525	1	8	16	0	0	520	3	0	121	228	0	1	0	6	0	0	0	0	0	170	1	35	1	9	0	0	0	0	0	104	9	0	0	46	20	151	0	0	22	41	50	0	0	0	7	35	532	81	1	0	4	3	30	1	6	1
0	0	2	73	16	22	0	0	0	0	0	0	0	34	0	5	54	2	19	14	670	0	0	0	3	1	6	0	0	0	0	0	75	0	29	0	0	0	10	0	32	0	11	0	0	0	0	0	2	0	0	0	2	0	1	0	0	1	0	0	22	0	1	2	107	20	1	26	0	23	23	0	0	0	0
0	0	0	0	0	0	0	0	0	0	0	0	0	0	0	0	0	0	0	0	0	0	0	0	0	0	0	0	0	0	0	0	0	0	0	0	0	0	0	0	0	0	0	0	0	0	0	0	0	0	0	0	0	0	0	0	0	0	0	0	0	0	0	0	0	0	0	0	0	0	0	0	0	0	0
0	304	30	436	71	2	5	264	0	0	0	0	14	49	0	269	0	196	609	138	12	204	0	0	416	0	0	298	563	49	212	1	10	230	0	0	1	0	431	32	442	1	213	0	0	115	0	0	136	14	0	5	268	16	245	0	109	36	114	188	0	0	2	0	0	348	174	5	0	2	138	68	11	27	225
0	1	0	14	2	0	21	0	0	0	0	0	0	0	0	83	0	0	0	2	0	0	0	0	1	0	0	0	0	0	0	0	0	0	30	0	0	0	0	0	0	0	1	0	0	0	0	0	0	0	0	0	1	0	1	0	0	1	0	6	20	0	1	0	2	0	0	5	0	0	0	1	0	0	2
0	750	267	28	1	0	0	0	0	0	14	0	0	46	0	3	0	0	2	0	0	1	0	0	2	0	0	0	92	0	0	0	12	0	0	0	0	0	0	0	0	0	0	0	0	0	0	0	0	0	0	0	125	7	0	0	80	0	0	0	10	0	0	3	0	0	0	10	0	0	0	0	0	0	0
0	0	0	106	0	1	1	0	34	0	49	0	46	0	0	46	5	1	1	18	0	0	0	0	27	13	37	0	19	59	1	0	110	0	1	0	11	0	0	0	34	0	26	0	429	90	0	0	1	0	0	23	0	0	26	0	0	82	3	1	50	0	38	1	11	4	17	226	0	63	22	110	30	65	2
0	0	0	0	0	0	0	0	0	0	0	0	0	0	0	0	0	0	0	0	0	0	0	0	0	0	0	0	0	0	0	0	0	0	0	0	0	0	0	0	0	0	0	0	0	0	0	0	0	0	0	0	0	0	0	0	0	0	0	0	0	0	0	0	0	0	0	0	0	0	0	0	0	0	0
0	1	2	217	2	7	4	0	5	0	269	83	3	46	0	0	132	0	13	346	3	0	0	0	18	0	11	0	0	325	0	0	630	151	9	0	4	0	1	2	55	1	468	0	0	352	0	0	5	2	0	0	2	3	4	0	0	238	4	0	13	0	215	14	17	9	88	102	0	9	266	32	3	24	0
0	0	0	5	14	10	0	0	54	0	0	0	0	5	0	132	0	0	2	235	731	0	0	0	4	0	254	4	2	1	33	0	49	0	6	0	0	0	2	0	329	0	24	0	0	154	0	0	0	0	0	0	1	2	1	0	0	2	0	0	2	0	121	130	74	12	2	328	0	74	1	1	9	1	0
0	74	34	13	59	84	0	56	2	0	196	0	0	1	0	0	0	0	264	3	299	50	0	0	120	5	1	513	154	0	74	12	10	66	0	0	0	0	269	20	554	0	23	41	0	2	0	0	60	1	0	2	36	198	74	0	4	22	68	12	0	0	1	1	11	146	48	23	0	11	8	43	1	13	0
0	11	13	23	280	11	0	525	19	0	609	0	2	1	0	13	2	264	0	5	18	348	0	0	854	0	8	169	576	0	257	15	3	14	9	0	36	0	825	34	106	1	41	214	1	34	0	0	226	20	0	3	396	44	606	0	1	74	295	158	1	0	1	20	5	1072	27	115	0	20	15	352	15	54	7
0	2	0	2	3	126	0	1	14	0	138	2	0	18	0	346	235	3	5	0	36	0	0	0	3	0	5	1	0	89	1	0	173	141	19	0	0	0	3	2	104	3	170	0	0	370	0	0	0	30	0	15	3	8	0	0	0	94	15	2	1	0	330	56	10	22	6	19	0	7	62	38	74	31	2
0	0	108	4	154	305	2	8	670	0	12	0	0	0	0	3	731	299	18	36	0	87	0	0	29	2	36	351	0	2	1272	14	77	558	4	0	12	0	254	412	1376	110	468	83	0	2	0	0	0	2	0	0	23	4	32	0	1	1	0	62	0	0	10	9	61	2	59	52	0	18	802	64	42	246	0
0	443	3	178	110	9	1	16	0	0	204	0	1	0	0	0	0	50	348	0	87	0	0	0	201	0	0	252	187	0	67	0	0	17	0	0	8	0	23	8	190	0	1	74	0	0	0	0	166	0	0	0	384	383	9	0	92	6	53	7	0	0	1	0	1	31	16	1	0	2	0	0	2	3	15
0	0	0	0	0	0	0	0	0	0	0	0	0	0	0	0	0	0	0	0	0	0	0	0	0	0	0	0	0	0	0	0	0	0	0	0	0	0	0	0	0	0	0	0	0	0	0	0	0	0	0	0	0	0	0	0	0	0	0	0	0	0	0	0	0	0	0	0	0	0	0	0	0	0	0
0	0	0	0	0	0	0	0	0	0	0	0	0	0	0	0	0	0	0	0	0	0	0	0	0	0	0	0	0	0	0	0	0	0	0	0	0	0	0	0	0	0	0	0	0	0	0	0	0	0	0	0	0	0	0	0	0	0	0	0	0	0	0	0	0	0	0	0	0	0	0	0	0	0	0
0	17	30	9	61	20	0	520	3	0	416	1	2	27	0	18	4	120	854	3	29	201	0	0	0	0	0	58	366	6	245	1	6	12	0	0	2	0	856	73	83	0	41	7	0	18	0	0	154	16	0	9	273	8	552	0	9	37	297	120	0	0	2	3	0	840	42	39	0	12	15	373	0	35	14
0	0	0	0	3	2	0	3	1	0	0	0	0	13	0	0	0	5	0	0	2	0	0	0	0	0	0	6	3	0	0	0	19	1	0	0	8	0	7	0	21	7	15	0	4	2	0	0	0	0	0	0	0	0	3	0	0	0	0	0	1	0	17	14	3	6	0	39	0	4	7	6	0	8	0
0	0	0	0	344	6	0	0	6	0	0	0	0	37	0	11	254	1	8	5	36	0	0	0	0	0	0	0	1	8	1	0	24	1	1	0	91	0	1	0	14	80	39	1	0	151	0	0	0	78	0	17	1	0	2	0	0	49	1	52	0	0	17	423	548	2	3	1196	0	803	53	2	120	221	0
0	43	36	20	23	222	0	121	0	0	298	0	0	0	0	0	4	513	169	1	351	252	0	0	58	6	0	0	207	0	393	0	5	218	0	0	0	0	537	28	379	0	30	0	0	4	0	0	30	3	0	2	45	30	164	0	11	10	256	49	1	0	0	1	8	89	122	0	0	0	4	55	28	25	4
0	519	55	3	6	1	0	228	0	0	563	0	92	19	0	0	2	154	576	0	0	187	0	0	366	3	1	207	0	3	115	0	2	13	0	0	1	0	202	14	22	0	43	0	0	56	0	0	141	8	0	61	310	267	174	0	123	60	257	78	0	0	6	0	0	300	42	11	0	1	2	4	1	26	10
0	0	1	42	0	0	0	0	0	0	49	0	0	59	0	325	1	0	0	89	2	0	0	0	6	0	8	0	3	0	0	0	113	0	16	0	0	0	0	0	24	0	105	0	0	41	0	0	0	0	0	0	0	0	1	0	0	266	1	0	37	0	6	2	4	0	14	50	0	15	18	0	0	0	0
0	4	1	182	2	75	0	1	0	0	212	0	0	1	0	0	33	74	257	1	1272	67	0	0	245	0	1	393	115	0	0	0	1	0	0	0	0	0	2	0	673	0	13	0	0	1	0	0	86	0	0	0	74	279	6	0	1	0	0	0	0	0	1	0	1	1	5	1	0	3	2	0	0	0	0
0	0	1	0	147	1	0	0	0	0	1	0	0	0	0	0	0	12	15	0	14	0	0	0	1	0	0	0	0	0	0	0	0	0	0	0	0	0	26	0	18	0	2	19	0	0	0	0	0	0	0	0	0	0	12	0	0	0	0	0	0	0	0	0	1	91	6	1	0	0	0	0	0	0	0
0	0	3	63	13	18	0	6	75	0	10	0	12	110	0	630	49	10	3	173	77	0	0	0	6	19	24	5	2	113	1	0	0	1	486	0	33	0	6	2	45	34	425	0	0	253	0	0	0	9	0	1	1	0	14	0	0	412	0	0	182	0	150	48	160	22	54	253	0	25	267	24	3	56	1
0	100	231	100	85	70	0	0	0	0	230	0	0	0	0	151	0	66	14	141	558	17	0	0	12	1	1	218	13	0	0	0	1	0	0	0	0	0	3	0	288	0	120	1	0	2	0	0	86	0	0	0	2	23	13	0	13	1	0	0	0	0	1	2	2	10	9	4	0	1	12	0	0	0	1
0	0	0	0	6	5	0	0	29	0	0	30	0	1	0	9	6	0	9	19	4	0	0	0	0	0	1	0	0	16	0	0	486	0	0	0	0	0	8	0	16	11	19	0	0	4	0	0	0	1	0	3	24	0	3	0	1	504	1	0	624	0	273	4	7	0	0	14	0	3	2	1	0	31	1
0	0	0	0	0	0	0	0	0	0	0	0	0	0	0	0	0	0	0	0	0	0	0	0	0	0	0	0	0	0	0	0	0	0	0	0	0	0	0	0	0	0	0	0	0	0	0	0	0	0	0	0	0	0	0	0	0	0	0	0	0	0	0	0	0	0	0	0	0	0	0	0	0	0	0
0	0	0	4	1	4	0	0	0	0	1	0	0	11	0	4	0	0	36	0	12	8	0	0	2	8	91	0	1	0	0	0	33	0	0	0	0	0	0	0	1	0	1	0	0	0	0	0	17	0	0	0	1	0	0	0	0	7	0	0	5	0	2	2	167	0	0	182	0	172	0	0	0	0	0
0	0	0	0	0	0	0	0	0	0	0	0	0	0	0	0	0	0	0	0	0	0	0	0	0	0	0	0	0	0	0	0	0	0	0	0	0	0	0	0	0	0	0	0	0	0	0	0	0	0	0	0	0	0	0	0	0	0	0	0	0	0	0	0	0	0	0	0	0	0	0	0	0	0	0
0	4	9	14	1286	76	0	170	10	0	431	0	0	0	0	1	2	269	825	3	254	23	0	0	856	7	1	537	202	0	2	26	6	3	8	0	0	0	0	22	70	0	19	238	0	1	0	0	260	4	0	0	124	45	204	0	1	17	20	55	0	0	0	154	24	535	244	2	0	6	5	148	2	40	4
0	20	4	16	282	0	0	1	0	0	32	0	0	0	0	2	0	20	34	2	412	8	0	0	73	0	0	28	14	0	0	0	2	0	0	0	0	0	22	0	113	0	8	107	0	0	0	0	0	0	0	0	9	10	5	0	0	3	0	0	0	0	0	7	1	18	0	6	0	53	3	0	0	0	0
0	9	39	92	178	415	7	35	32	0	442	0	0	34	0	55	329	554	106	104	1376	190	0	0	83	21	14	379	22	24	673	18	45	288	16	0	1	0	70	113	0	5	199	9	0	230	0	0	21	16	0	2	90	40	77	0	2	49	36	373	7	0	24	78	42	37	11	213	0	65	21	63	100	130	264
0	0	0	5	196	1	0	1	0	0	1	0	0	0	0	1	0	0	1	3	110	0	0	0	0	7	80	0	0	0	0	0	34	0	11	0	0	0	0	0	5	0	1	1	0	0	0	0	0	0	0	0	1	1	0	0	0	0	0	0	0	0	0	120	22	1	1	5	0	186	0	0	0	0	0
0	32	271	178	191	79	0	9	11	0	213	1	0	26	0	468	24	23	41	170	468	1	0	0	41	15	39	30	43	105	13	2	425	120	19	0	1	0	19	8	199	1	0	13	0	97	0	0	157	3	0	3	24	1	17	0	12	25	1	6	11	0	19	15	70	41	92	195	0	53	183	9	10	22	26
0	0	1	2	484	0	0	0	0	0	0	0	0	0	0	0	0	41	214	0	83	74	0	0	7	0	1	0	0	0	0	19	0	1	0	0	0	0	238	107	9	1	13	0	0	0	0	0	0	22	0	0	3	0	215	0	0	1	3	207	0	0	0	127	1	108	5	2	0	2	1	210	0	170	0
0	0	0	0	0	0	0	0	0	0	0	0	0	429	0	0	0	0	1	0	0	0	0	0	0	4	0	0	0	0	0	0	0	0	0	0	0	0	0	0	0	0	0	0	0	0	0	0	0	0	0	0	0	0	0	0	0	0	0	0	0	0	0	0	0	0	0	0	0	0	0	0	0	0	0
0	0	0	241	0	5	1	0	0	0	115	0	0	90	0	352	154	2	34	370	2	0	0	0	18	2	151	4	56	41	1	0	253	2	4	0	0	0	1	0	230	0	97	0	0	0	0	0	1	3	0	60	12	0	1	0	0	371	0	0	9	0	264	29	169	1	0	418	0	66	3	0	7	42	3
0	0	0	0	0	0	0	0	0	0	0	0	0	0	0	0	0	0	0	0	0	0	0	0	0	0	0	0	0	0	0	0	0	0	0	0	0	0	0	0	0	0	0	0	0	0	0	0	0	0	0	0	0	0	0	0	0	0	0	0	0	0	0	0	0	0	0	0	0	0	0	0	0	0	0
0	0	0	0	0	0	0	0	0	0	0	0	0	0	0	0	0	0	0	0	0	0	0	0	0	0	0	0	0	0	0	0	0	0	0	0	0	0	0	0	0	0	0	0	0	0	0	0	0	0	0	0	0	0	0	0	0	0	0	0	0	0	0	0	0	0	0	0	0	0	0	0	0	0	0
0	178	37	304	28	0	1	104	2	0	136	0	0	1	0	5	0	60	226	0	0	166	0	0	154	0	0	30	141	0	86	0	0	86	0	0	17	0	260	0	21	0	157	0	0	1	0	0	0	5	0	0	299	251	68	0	5	69	69	61	0	0	0	0	33	126	73	4	0	0	32	44	19	16	24
0	0	0	30	309	1	0	9	0	0	14	0	0	0	0	2	0	1	20	30	2	0	0	0	16	0	78	3	8	0	0	0	9	0	1	0	0	0	4	0	16	0	3	22	0	3	0	0	5	0	0	0	1	6	2	0	0	2	0	0	0	0	0	77	7	2	0	174	0	163	0	0	0	0	0
0	0	0	0	0	0	0	0	0	0	0	0	0	0	0	0	0	0	0	0	0	0	0	0	0	0	0	0	0	0	0	0	0	0	0	0	0	0	0	0	0	0	0	0	0	0	0	0	0	0	0	0	0	0	0	0	0	0	0	0	0	0	0	0	0	0	0	0	0	0	0	0	0	0	0
0	0	0	0	1	0	0	0	0	0	5	0	0	23	0	0	0	2	3	15	0	0	0	0	9	0	17	2	61	0	0	0	1	0	3	0	0	0	0	0	2	0	3	0	0	60	0	0	0	0	0	0	0	0	0	0	0	158	0	0	322	0	188	1	1	0	0	7	0	7	0	0	0	0	0
0	418	390	90	86	9	0	46	2	0	268	1	125	0	0	2	1	36	396	3	23	384	0	0	273	0	1	45	310	0	74	0	1	2	24	0	1	0	124	9	90	1	24	3	0	12	0	0	299	1	0	0	0	555	27	0	276	18	155	34	2	0	0	10	14	100	128	37	0	18	1	1	2	14	0
0	235	36	18	17	2	6	20	0	0	16	0	7	0	0	3	2	198	44	8	4	383	0	0	8	0	0	30	267	0	279	0	0	23	0	0	0	0	45	10	40	1	1	0	0	0	0	0	251	6	0	0	555	0	4	0	56	2	455	10	0	0	21	3	0	12	0	0	0	4	0	4	0	0	24
0	13	6	6	380	15	0	151	1	0	245	1	0	26	0	4	1	74	606	0	32	9	0	0	552	3	2	164	174	1	6	12	14	13	3	0	0	0	204	5	77	0	17	215	0	1	0	0	68	2	0	0	27	4	0	0	2	25	25	10	0	0	13	5	2	417	161	48	0	11	11	81	4	27	4
0	0	0	0	0	0	0	0	0	0	0	0	0	0	0	0	0	0	0	0	0	0	0	0	0	0	0	0	0	0	0	0	0	0	0	0	0	0	0	0	0	0	0	0	0	0	0	0	0	0	0	0	0	0	0	0	0	0	0	0	0	0	0	0	0	0	0	0	0	0	0	0	0	0	0
0	983	387	36	1	0	0	0	0	0	109	0	80	0	0	0	0	4	1	0	1	92	0	0	9	0	0	11	123	0	1	0	0	13	1	0	0	0	1	0	2	0	12	0	0	0	0	0	5	0	0	0	276	56	2	0	0	0	72	1	0	0	0	0	0	0	70	1	0	0	0	0	0	0	1
0	4	11	8	15	7	0	22	1	0	36	1	0	82	0	238	2	22	74	94	1	6	0	0	37	0	49	10	60	266	0	0	412	1	504	0	7	0	17	3	49	0	25	1	0	371	0	0	69	2	0	158	18	2	25	0	0	0	8	4	423	0	408	8	22	62	5	147	0	35	1	4	9	14	1
0	662	15	11	88	3	0	41	0	0	114	0	0	3	0	4	0	68	295	15	0	53	0	0	297	0	1	256	257	1	0	0	0	0	1	0	0	0	20	0	36	0	1	3	0	0	0	0	69	0	0	0	155	455	25	0	72	8	0	0	0	0	0	0	1	98	19	36	0	0	1	1	0	1	0
0	16	2	56	739	17	0	50	0	0	188	6	0	1	0	0	0	12	158	2	62	7	0	0	120	0	52	49	78	0	0	0	0	0	0	0	0	0	55	0	373	0	6	207	0	0	0	0	61	0	0	0	34	10	10	0	1	4	0	0	0	0	0	99	6	202	21	3	0	528	0	0	0	0	0
0	0	0	51	0	0	0	0	22	0	0	20	10	50	0	13	2	0	1	1	0	0	0	0	0	1	0	1	0	37	0	0	182	0	624	0	5	0	0	0	7	0	11	0	0	9	0	0	0	0	0	322	2	0	0	0	0	423	0	0	0	0	395	12	1	0	0	32	0	12	1	26	0	20	0
0	0	0	0	0	0	0	0	0	0	0	0	0	0	0	0	0	0	0	0	0	0	0	0	0	0	0	0	0	0	0	0	0	0	0	0	0	0	0	0	0	0	0	0	0	0	0	0	0	0	0	0	0	0	0	0	0	0	0	0	0	0	0	0	0	0	0	0	0	0	0	0	0	0	0
0	0	1	4	7	0	0	0	1	0	2	1	0	38	0	215	121	1	1	330	10	1	0	0	2	17	17	0	6	6	1	0	150	1	273	0	2	0	0	0	24	0	19	0	0	264	0	0	0	0	0	188	0	21	13	0	0	408	0	0	395	0	0	19	67	1	0	73	0	52	4	1	0	12	0
0	0	1	4	1236	10	0	7	2	0	0	0	3	1	0	14	130	1	20	56	9	0	0	0	3	14	423	1	0	2	0	0	48	2	4	0	2	0	154	7	78	120	15	127	0	29	0	0	0	77	0	1	10	3	5	0	0	8	0	99	12	0	19	0	52	12	1	969	0	766	8	13	4	107	0
0	0	65	3	10	11	0	35	107	0	0	2	0	11	0	17	74	11	5	10	61	1	0	0	0	3	548	8	0	4	1	1	160	2	7	0	167	0	24	1	42	22	70	1	0	169	0	0	33	7	0	1	14	0	2	0	0	22	1	6	1	0	67	52	0	26	0	1370	0	40	10	6	11	96	4
0	8	30	29	95	2	0	532	20	0	348	0	0	4	0	9	12	146	1072	22	2	31	0	0	840	6	2	89	300	0	1	91	22	10	0	0	0	0	535	18	37	1	41	108	0	1	0	0	126	2	0	0	100	12	417	0	0	62	98	202	0	0	1	12	26	0	35	4	0	10	9	320	0	35	1
0	175	233	64	40	6	0	81	1	0	174	0	0	17	0	88	2	48	27	6	59	16	0	0	42	0	3	122	42	14	5	6	54	9	0	0	0	0	244	0	11	1	92	5	0	0	0	0	73	0	0	0	128	0	161	0	70	5	19	21	0	0	0	1	0	35	0	4	0	4	38	22	14	12	6
0	0	0	86	9	13	0	1	26	0	5	5	10	226	0	102	328	23	115	19	52	1	0	0	39	39	1196	0	11	50	1	1	253	4	14	0	182	0	2	6	213	5	195	2	0	418	0	0	4	174	0	7	37	0	48	0	1	147	36	3	32	0	73	969	1370	4	4	0	0	741	42	65	164	341	66
0	0	0	0	0	0	0	0	0	0	0	0	0	0	0	0	0	0	0	0	0	0	0	0	0	0	0	0	0	0	0	0	0	0	0	0	0	0	0	0	0	0	0	0	0	0	0	0	0	0	0	0	0	0	0	0	0	0	0	0	0	0	0	0	0	0	0	0	0	0	0	0	0	0	0
0	0	1	6	1322	3	0	4	23	0	2	0	0	63	0	9	74	11	20	7	18	2	0	0	12	4	803	0	1	15	3	0	25	1	3	0	172	0	6	53	65	186	53	2	0	66	0	0	0	163	0	7	18	4	11	0	0	35	0	528	12	0	52	766	40	10	4	741	0	0	8	31	120	230	0
0	0	141	121	22	12	0	3	23	0	138	0	0	22	0	266	1	8	15	62	802	0	0	0	15	7	53	4	2	18	2	0	267	12	2	0	0	0	5	3	21	0	183	1	0	3	0	0	32	0	0	0	1	0	11	0	0	1	1	0	1	0	4	8	10	9	38	42	0	8	0	3	1	2	2
0	6	1	14	595	3	0	30	0	0	68	1	0	110	0	32	1	43	352	38	64	0	0	0	373	6	2	55	4	0	0	0	24	0	1	0	0	0	148	0	63	0	9	210	0	0	0	0	44	0	0	0	1	4	81	0	0	4	1	0	26	0	1	13	6	320	22	65	0	31	3	0	0	1	0
0	0	0	1	70	19	0	1	0	0	11	0	0	30	0	3	9	1	15	74	42	2	0	0	0	0	120	28	1	0	0	0	3	0	0	0	0	0	2	0	100	0	10	0	0	7	0	0	19	0	0	0	2	0	4	0	0	9	0	0	0	0	0	4	11	0	14	164	0	120	1	0	0	0	0
0	0	3	28	596	18	0	6	0	0	27	0	0	65	0	24	1	13	54	31	246	3	0	0	35	8	221	25	26	0	0	0	56	0	31	0	0	0	40	0	130	0	22	170	0	42	0	0	16	0	0	0	14	0	27	0	0	14	1	0	20	0	12	107	96	35	12	341	0	230	2	1	0	0	0
0	0	2	223	23	0	1	1	0	0	225	2	0	2	0	0	0	0	7	2	0	15	0	0	14	0	0	4	10	0	0	0	1	1	1	0	0	0	4	0	264	0	26	0	0	3	0	0	24	0	0	0	0	24	4	0	1	1	0	0	0	0	0	0	4	1	6	66	0	0	2	0	0	0	0
