0	0	0	0	0	0	0	0	0	0	0	0	0	0	0	0	0	0	0	0	0	0	0	0	0	0	0	0	0	0	0	0	0	0	0	0	0	0	0	0	0	0	0	0	0	0	0	0	0	0	0	0	0	0	0	0	0	0	0	0	0	0	0	0	0	0	0	0	0	0	0	0	0	0	0
0	0	129	6	1	0	0	0	0	0	0	0	0	0	7	0	0	0	31	0	0	0	0	0	2	0	0	0	474	0	0	0	0	0	0	0	0	0	0	0	0	0	0	0	0	0	0	0	0	0	0	0	0	132	0	0	46	0	0	0	3	0	0	0	0	4	0	0	0	0	0	0	0	1	0
0	129	0	0	1	0	0	0	0	0	0	0	72	0	54	0	0	3	24	0	0	6	0	0	19	0	0	128	66	0	0	0	0	41	0	0	0	0	6	0	1	0	94	24	0	0	0	0	0	0	0	0	107	0	8	0	1	0	12	0	0	12	0	0	33	69	258	0	0	0	29	6	0	1	2
0	6	0	0	2	0	278	0	0	0	98	4	4	9	5	289	0	0	17	7	0	325	0	0	4	0	0	2	1	0	328	0	0	125	0	0	0	0	9	0	86	2	580	0	0	372	0	0	230	0	0	0	364	1	0	0	14	0	14	10	11	13	0	0	0	5	182	0	0	0	62	0	0	2	983
0	1	1	2	0	0	0	0	0	3	1	0	11	4	0	10	189	16	19	0	47	2	0	0	0	0	0	6	0	0	5	82	63	3	0	0	88	0	83	64	40	86	38	129	8	50	0	0	3	13	0	0	5	0	18	8	0	0	38	128	11	28	11	281	31	0	15	234	0	52	18	74	10	9	15
0	0	0	0	0	0	0	0	0	0	0	0	0	0	0	0	0	0	0	0	0	0	0	0	0	0	0	0	0	0	0	0	0	0	0	0	0	0	0	0	0	0	0	0	0	0	0	0	0	0	0	0	0	0	0	0	0	0	0	0	0	0	0	0	0	0	0	0	0	0	0	0	0	0	0
0	0	0	278	0	0	0	0	0	0	24	0	0	0	0	117	0	0	1	0	0	25	0	0	0	0	0	0	1	0	19	0	0	2	0	0	0	0	0	1	1	0	15	0	0	61	0	0	27	0	0	0	24	0	0	0	4	0	0	10	0	0	0	0	0	1	3	0	0	0	1	0	0	1	262
0	0	0	0	0	0	0	0	0	0	0	0	0	0	0	0	0	0	0	0	0	0	0	0	0	0	0	0	0	0	0	0	0	0	0	0	0	0	0	0	0	0	0	0	0	0	0	0	0	0	0	0	0	0	0	0	0	0	0	0	0	0	0	0	0	0	0	0	0	0	0	0	0	0	0
0	0	0	0	0	0	0	0	0	0	0	0	0	0	0	0	0	0	0	0	0	0	0	0	0	0	0	0	0	0	0	0	0	0	0	0	0	0	0	0	0	0	0	0	0	0	0	0	0	0	0	0	0	0	0	0	0	0	0	0	0	0	0	0	0	0	0	0	0	0	0	0	0	0	0
0	0	0	0	3	0	0	0	0	0	0	3	0	0	0	0	19	2	0	0	0	0	0	0	0	0	0	2	0	0	0	141	7	0	0	0	0	0	0	484	0	378	0	158	0	0	0	0	0	0	0	0	0	0	1	0	0	0	0	563	0	0	0	6	7	0	2	248	0	4	4	0	174	0	0
0	0	0	98	1	0	24	0	0	0	0	0	0	19	84	274	0	0	62	0	0	0	0	0	57	0	0	0	0	0	0	0	0	28	0	0	0	0	0	0	0	0	110	0	0	0	0	0	0	0	0	0	0	1	0	0	0	0	0	0	9	0	0	0	0	41	28	0	0	0	0	0	0	1	287
0	0	0	4	0	0	0	0	0	3	0	0	0	2	0	0	0	0	1	5	0	0	0	0	0	2	0	0	0	5	0	0	0	0	7	0	0	0	0	0	0	0	0	0	0	0	0	0	0	0	0	0	0	0	0	3	0	0	0	1	1358	0	0	0	4	0	3	0	0	7	0	0	0	0	0
0	0	72	4	11	0	0	0	0	0	0	0	0	3	12	3	0	0	4	16	0	0	0	0	2	0	0	27	3	0	0	0	0	6	0	0	0	0	0	0	0	0	8	18	0	0	0	0	0	0	0	0	0	0	0	0	0	0	0	13	0	0	0	0	22	2	44	0	0	0	0	0	0	4	2
0	0	0	9	4	0	0	0	0	0	19	2	3	0	0	117	4	0	6	23	0	0	0	0	0	0	6	0	0	0	0	0	31	0	0	0	43	0	2	3	15	1	7	1	823	127	0	0	2	0	0	0	0	0	12	17	0	0	0	4	4	31	11	19	2	0	0	57	0	37	1	1	11	14	2
0	7	54	5	0	0	0	0	0	0	84	0	12	0	0	1	2	395	1341	0	0	103	0	0	731	0	0	342	0	0	111	1	28	215	0	0	0	0	640	0	214	0	20	7	0	0	0	0	293	0	0	0	163	8	238	0	0	0	207	137	0	5	0	0	0	804	3	0	0	0	23	56	0	3	38
0	0	0	289	10	0	117	0	0	0	274	0	3	117	1	0	165	1	3	386	3	0	0	0	1	1	0	0	0	19	0	0	540	199	3	0	15	0	1	0	2	2	589	2	0	773	0	0	0	0	0	0	0	1	9	429	0	0	16	0	14	17	203	31	38	2	160	90	0	24	477	17	0	29	1
0	0	0	0	189	0	0	0	0	19	0	0	0	4	2	165	0	0	0	224	10	0	0	0	0	1	20	0	0	1	0	0	0	76	0	0	0	0	0	0	0	0	8	2	0	4	0	0	0	0	0	0	0	0	1	0	0	0	0	0	0	0	0	0	257	4	52	0	0	12	0	0	1	189	2
0	0	3	0	16	0	0	0	0	2	0	0	0	0	395	1	0	0	81	4	20	0	0	0	105	1	0	299	171	0	0	0	0	16	0	0	0	0	0	0	2	0	8	78	0	0	0	0	0	0	0	0	0	40	21	0	0	0	0	109	6	0	0	0	2	150	18	0	0	2	0	0	0	15	1
0	31	24	17	19	0	1	0	0	0	62	1	4	6	1341	3	0	81	0	5	40	87	0	0	880	0	0	69	328	0	339	293	8	86	0	0	18	0	913	3	178	0	18	169	0	4	0	0	306	0	0	0	207	4	407	0	0	0	560	293	0	14	4	0	0	1707	2	2	0	5	12	70	0	55	32
0	0	0	7	0	0	0	0	0	0	0	5	16	23	0	386	224	4	5	0	0	0	0	0	0	0	0	1	0	3	6	0	114	30	2	0	5	0	4	0	20	0	150	4	0	222	0	0	0	1	0	0	0	0	3	137	0	0	23	1	0	10	296	2	1	0	2	5	0	3	1	0	0	3	3
0	0	0	0	47	0	0	0	0	0	0	0	0	0	0	3	10	20	40	0	0	2	0	0	0	0	0	31	0	0	102	24	8	138	0	0	0	0	2	0	8	0	29	95	0	0	0	0	0	0	0	0	0	0	2	18	0	0	8	1	0	10	0	0	5	8	0	0	0	1	70	28	0	55	22
0	0	6	325	2	0	25	0	0	0	0	0	0	0	103	0	0	0	87	0	2	0	0	0	102	0	0	36	512	0	0	0	0	28	0	0	0	0	0	0	0	0	10	1	0	0	0	0	0	0	0	0	0	144	3	0	0	0	0	23	0	0	0	0	0	102	1	0	0	1	0	0	0	2	104
0	0	0	0	0	0	0	0	0	0	0	0	0	0	0	0	0	0	0	0	0	0	0	0	0	0	0	0	0	0	0	0	0	0	0	0	0	0	0	0	0	0	0	0	0	0	0	0	0	0	0	0	0	0	0	0	0	0	0	0	0	0	0	0	0	0	0	0	0	0	0	0	0	0	0
0	0	0	0	0	0	0	0	0	0	0	0	0	0	0	0	0	0	0	0	0	0	0	0	0	0	0	0	0	0	0	0	0	0	0	0	0	0	0	0	0	0	0	0	0	0	0	0	0	0	0	0	0	0	0	0	0	0	0	0	0	0	0	0	0	0	0	0	0	0	0	0	0	0	0
0	2	19	4	0	0	0	0	0	0	57	0	2	0	731	1	0	105	880	0	0	102	0	0	0	0	0	53	191	0	204	2	10	69	0	0	0	0	747	5	160	0	25	3	0	1	0	0	265	1	0	0	181	1	633	0	0	0	373	63	1	2	0	0	1	1000	67	1	0	8	14	333	0	2	3
0	0	0	0	0	0	0	0	0	0	0	2	0	0	0	1	1	1	0	0	0	0	0	0	0	0	0	2	0	0	0	0	2	1	0	0	0	0	1	0	0	0	16	0	4	0	0	0	0	0	0	0	0	0	0	0	0	0	0	0	0	0	0	0	2	0	0	6	0	0	0	1	0	0	0
0	0	0	0	0	0	0	0	0	0	0	0	0	6	0	0	20	0	0	0	0	0	0	0	0	0	0	0	0	0	0	0	0	0	0	0	0	0	0	0	0	18	0	0	0	0	0	0	0	0	0	0	0	0	0	0	0	0	0	0	0	0	0	4	0	0	48	4	0	0	0	0	0	6	0
0	0	128	2	6	0	0	0	0	2	0	0	27	0	342	0	0	299	69	1	31	36	0	0	53	2	0	0	138	0	171	10	56	453	0	0	0	0	428	2	210	0	8	47	0	0	0	0	29	0	0	0	8	27	187	0	0	0	293	26	2	246	0	0	0	157	19	0	0	2	0	15	0	6	3
0	474	66	1	0	0	1	0	0	0	0	0	3	0	0	0	0	171	328	0	0	512	0	0	191	0	0	138	0	0	213	1	13	0	0	0	0	0	193	0	93	0	0	0	0	0	0	0	1	0	0	0	432	107	92	0	43	0	452	19	1	0	0	0	0	355	2	0	0	0	0	50	0	4	0
0	0	0	0	0	0	0	0	0	0	0	5	0	0	0	19	1	0	0	3	0	0	0	0	0	0	0	0	0	0	0	0	19	0	0	0	2	0	0	0	0	0	14	0	0	28	0	0	0	0	0	0	0	0	4	24	0	0	0	0	0	0	16	0	0	0	0	7	0	0	10	0	0	0	0
0	0	0	328	5	0	19	0	0	0	0	0	0	0	111	0	0	0	339	6	102	0	0	0	204	0	0	171	213	0	0	0	0	36	0	0	0	0	0	0	2	0	11	2	0	4	0	0	0	0	0	0	0	10	0	0	0	0	0	59	10	0	0	0	0	18	9	0	0	1	0	0	0	5	91
0	0	0	0	82	0	0	0	0	141	0	0	0	0	1	0	0	0	293	0	24	0	0	0	2	0	0	10	1	0	0	0	0	6	0	0	0	0	0	0	0	0	0	705	0	0	0	0	0	0	0	0	0	0	10	0	0	0	0	145	0	0	0	0	0	167	176	0	0	0	0	0	0	63	0
0	0	0	0	63	0	0	0	0	7	0	0	0	31	28	540	0	0	8	114	8	0	0	0	10	2	0	56	13	19	0	0	0	0	8	0	0	0	0	0	0	0	184	9	0	0	0	0	0	0	0	0	0	0	0	18	0	0	0	1	9	0	0	0	214	11	13	0	0	24	2	0	1	63	7
0	0	41	125	3	0	2	0	0	0	28	0	6	0	215	199	76	16	86	30	138	28	0	0	69	1	0	453	0	0	36	6	0	0	0	0	0	0	10	0	20	0	373	117	0	6	0	0	2	0	0	0	2	8	9	5	0	0	128	87	7	2	0	0	4	75	246	0	0	0	14	34	0	3	776
0	0	0	0	0	0	0	0	0	0	0	7	0	0	0	3	0	0	0	2	0	0	0	0	0	0	0	0	0	0	0	0	8	0	0	0	1	0	0	0	0	0	1	0	0	3	0	0	0	0	0	0	0	0	0	16	0	0	0	0	572	0	6	0	0	0	0	0	0	0	0	0	0	0	0
0	0	0	0	0	0	0	0	0	0	0	0	0	0	0	0	0	0	0	0	0	0	0	0	0	0	0	0	0	0	0	0	0	0	0	0	0	0	0	0	0	0	0	0	0	0	0	0	0	0	0	0	0	0	0	0	0	0	0	0	0	0	0	0	0	0	0	0	0	0	0	0	0	0	0
0	0	0	0	88	0	0	0	0	0	0	0	0	43	0	15	0	0	18	5	0	0	0	0	0	0	0	0	0	2	0	0	0	0	1	0	0	0	0	0	0	0	8	5	0	2	0	0	0	0	0	0	0	5	5	0	0	0	0	1	12	0	0	0	927	16	29	0	0	47	0	0	0	88	2
0	0	0	0	0	0	0	0	0	0	0	0	0	0	0	0	0	0	0	0	0	0	0	0	0	0	0	0	0	0	0	0	0	0	0	0	0	0	0	0	0	0	0	0	0	0	0	0	0	0	0	0	0	0	0	0	0	0	0	0	0	0	0	0	0	0	0	0	0	0	0	0	0	0	0
0	0	6	9	83	0	0	0	0	0	0	0	0	2	640	1	0	0	913	4	2	0	0	0	747	1	0	428	193	0	0	0	0	10	0	0	0	0	0	0	0	0	8	900	0	0	0	0	0	0	0	0	0	1	29	0	0	0	0	834	0	0	0	0	4	954	205	0	0	8	0	246	0	46	19
0	0	0	0	64	0	1	0	0	484	0	0	0	3	0	0	0	0	3	0	0	0	0	0	5	0	0	2	0	0	0	0	0	0	0	0	0	0	0	0	0	0	2	333	0	0	0	0	0	0	0	0	0	0	0	0	0	0	0	395	0	0	0	0	1	30	4	0	0	6	0	0	0	51	0
0	0	1	86	40	0	1	0	0	0	0	0	0	15	214	2	0	2	178	20	8	0	0	0	160	0	0	210	93	0	2	0	0	20	0	0	0	0	0	0	0	0	4	74	0	0	0	0	0	0	0	0	0	14	7	0	0	0	0	340	1	2	0	0	10	164	38	0	0	6	0	0	0	40	272
0	0	0	2	86	0	0	0	0	378	0	0	0	1	0	2	0	0	0	0	0	0	0	0	0	0	18	0	0	0	0	0	0	0	0	0	0	0	0	0	0	0	0	2	0	0	0	0	0	0	0	0	0	0	0	0	0	0	0	2	0	0	0	0	40	2	3	0	0	1	0	0	0	80	0
0	0	94	580	38	0	15	0	0	0	110	0	8	7	20	589	8	8	18	150	29	10	0	0	25	16	0	8	0	14	11	0	184	373	1	0	8	0	8	2	4	0	0	95	3	188	0	0	45	1	0	0	2	0	15	26	0	0	1	35	11	4	3	2	19	30	471	14	0	6	251	13	0	45	224
0	0	24	0	129	0	0	0	0	158	0	0	18	1	7	2	2	78	169	4	95	1	0	0	3	0	0	47	0	0	2	705	9	117	0	0	5	0	900	333	74	2	95	0	21	2	0	0	1	7	0	0	30	0	647	0	0	0	18	2460	0	10	0	189	5	114	19	5	0	3	31	392	0	267	1
0	0	0	0	8	0	0	0	0	0	0	0	0	823	0	0	0	0	0	0	0	0	0	0	0	4	0	0	0	0	0	0	0	0	0	0	0	0	0	0	0	0	3	21	0	0	0	0	0	0	0	0	0	2	0	0	0	0	0	185	0	0	0	0	0	0	0	0	0	3	0	0	0	8	0
0	0	0	372	50	0	61	0	0	0	0	0	0	127	0	773	4	0	4	222	0	0	0	0	1	0	0	0	0	28	4	0	0	6	3	0	2	0	0	0	0	0	188	2	0	0	0	0	0	0	0	0	0	0	2	1	0	0	0	7	16	2	0	2	310	10	0	4	0	17	0	0	1	50	719
0	0	0	0	0	0	0	0	0	0	0	0	0	0	0	0	0	0	0	0	0	0	0	0	0	0	0	0	0	0	0	0	0	0	0	0	0	0	0	0	0	0	0	0	0	0	0	0	0	0	0	0	0	0	0	0	0	0	0	0	0	0	0	0	0	0	0	0	0	0	0	0	0	0	0
0	0	0	0	0	0	0	0	0	0	0	0	0	0	0	0	0	0	0	0	0	0	0	0	0	0	0	0	0	0	0	0	0	0	0	0	0	0	0	0	0	0	0	0	0	0	0	0	0	0	0	0	0	0	0	0	0	0	0	0	0	0	0	0	0	0	0	0	0	0	0	0	0	0	0
0	0	0	230	3	0	27	0	0	0	0	0	0	2	293	0	0	0	306	0	0	0	0	0	265	0	0	29	1	0	0	0	0	2	0	0	0	0	0	0	0	0	45	1	0	0	0	0	0	0	0	0	0	1	2	0	0	0	0	3	0	0	0	0	0	230	291	0	0	1	0	0	0	3	48
0	0	0	0	13	0	0	0	0	0	0	0	0	0	0	0	0	0	0	1	0	0	0	0	1	0	0	0	0	0	0	0	0	0	0	0	0	0	0	0	0	0	1	7	0	0	0	0	0	0	0	0	0	0	0	0	0	0	0	8	0	0	0	0	0	13	4	0	0	4	0	0	0	13	0
0	0	0	0	0	0	0	0	0	0	0	0	0	0	0	0	0	0	0	0	0	0	0	0	0	0	0	0	0	0	0	0	0	0	0	0	0	0	0	0	0	0	0	0	0	0	0	0	0	0	0	0	0	0	0	0	0	0	0	0	0	0	0	0	0	0	0	0	0	0	0	0	0	0	0
0	0	0	0	0	0	0	0	0	0	0	0	0	0	0	0	0	0	0	0	0	0	0	0	0	0	0	0	0	0	0	0	0	0	0	0	0	0	0	0	0	0	0	0	0	0	0	0	0	0	0	0	0	0	0	0	0	0	0	0	3	0	0	0	0	0	0	0	0	0	0	0	0	0	0
0	0	107	364	5	0	24	0	0	0	0	0	0	0	163	0	0	0	207	0	0	0	0	0	181	0	0	8	432	0	0	0	0	2	0	0	0	0	0	0	0	0	2	30	0	0	0	0	0	0	0	0	0	135	4	0	0	0	0	212	1	0	0	0	0	149	136	0	0	0	0	0	0	5	12
0	132	0	1	0	0	0	0	0	0	1	0	0	0	8	1	0	40	4	0	0	144	0	0	1	0	0	27	107	0	10	0	0	8	0	0	5	0	1	0	14	0	0	0	2	0	0	0	1	0	0	0	135	0	1	0	1	0	96	3	0	1	0	0	0	0	0	0	0	0	0	0	0	0	0
0	0	8	0	18	0	0	0	0	1	0	0	0	12	238	9	1	21	407	3	2	3	0	0	633	0	0	187	92	4	0	10	0	9	0	0	5	0	29	0	7	0	15	647	0	2	0	0	2	0	0	0	4	1	0	1	0	0	9	31	0	10	0	0	5	879	184	2	0	4	1	201	0	15	3
0	0	0	0	8	0	0	0	0	0	0	3	0	17	0	429	0	0	0	137	18	0	0	0	0	0	0	0	0	24	0	0	18	5	16	0	0	0	0	0	0	0	26	0	0	1	0	0	0	0	0	0	0	0	1	0	0	0	0	0	3902	0	5	0	22	0	29	11	0	0	0	0	0	8	1
0	46	1	14	0	0	4	0	0	0	0	0	0	0	0	0	0	0	0	0	0	0	0	0	0	0	0	0	43	0	0	0	0	0	0	0	0	0	0	0	0	0	0	0	0	0	0	0	0	0	0	0	0	1	0	0	0	0	0	0	0	0	0	0	0	0	1	0	0	0	0	0	0	0	0
0	0	0	0	0	0	0	0	0	0	0	0	0	0	0	0	0	0	0	0	0	0	0	0	0	0	0	0	0	0	0	0	0	0	0	0	0	0	0	0	0	0	0	0	0	0	0	0	0	0	0	0	0	0	0	0	0	0	0	0	0	0	0	0	0	0	0	0	0	0	0	0	0	0	0
0	0	12	14	38	0	0	0	0	0	0	0	0	0	207	16	0	0	560	23	8	0	0	0	373	0	0	293	452	0	0	0	0	128	0	0	0	0	0	0	0	0	1	18	0	0	0	0	0	0	0	0	0	96	9	0	0	0	0	80	4	0	0	0	15	486	25	0	0	2	0	2	0	38	374
0	0	0	10	128	0	10	0	0	563	0	1	13	4	137	0	0	109	293	1	1	23	0	0	63	0	0	26	19	0	59	145	1	87	0	0	1	0	834	395	340	2	35	2460	185	7	0	0	3	8	0	0	212	3	31	0	0	0	80	0	10	6	0	1006	17	300	57	6	0	16	34	124	0	219	7
0	3	0	11	11	0	0	0	0	0	9	1358	0	4	0	14	0	6	0	0	0	0	0	0	1	0	0	2	1	0	10	0	9	7	572	0	12	0	0	0	1	0	11	0	0	16	0	0	0	0	0	3	1	0	0	3902	0	0	4	10	0	10	2790	91	0	2	0	1	0	150	0	1	0	62	1
0	0	12	13	28	0	0	0	0	0	0	0	0	31	5	17	0	0	14	10	10	0	0	0	2	0	0	246	0	0	0	0	0	2	0	0	0	0	0	0	2	0	4	10	0	2	0	0	0	0	0	0	0	1	10	0	0	0	0	6	10	0	0	0	256	4	19	0	0	31	0	72	2	28	0
0	0	0	0	11	0	0	0	0	0	0	0	0	11	0	203	0	0	4	296	0	0	0	0	0	0	0	0	0	16	0	0	0	0	6	0	0	0	0	0	0	0	3	0	0	0	0	0	0	0	0	0	0	0	0	5	0	0	0	0	2790	0	0	0	44	1	0	0	0	8	0	0	0	11	21
0	0	0	0	281	0	0	0	0	6	0	0	0	19	0	31	0	0	0	2	0	0	0	0	0	0	4	0	0	0	0	0	0	0	0	0	0	0	0	0	0	0	2	189	0	2	0	0	0	0	0	0	0	0	0	0	0	0	0	1006	91	0	0	0	44	1	14	0	0	41	0	1	0	270	0
0	0	33	0	31	0	0	0	0	7	0	4	22	2	0	38	257	2	0	1	5	0	0	0	1	2	0	0	0	0	0	0	214	4	0	0	927	0	4	1	10	40	19	5	0	310	0	0	0	0	0	0	0	0	5	22	0	0	15	17	0	256	44	44	0	1	5	1223	0	38	0	0	0	118	0
0	4	69	5	0	0	1	0	0	0	41	0	2	0	804	2	4	150	1707	0	8	102	0	0	1000	0	0	157	355	0	18	167	11	75	0	0	16	0	954	30	164	2	30	114	0	10	0	0	230	13	0	0	149	0	879	0	0	0	486	300	2	4	1	1	1	0	141	17	0	1	20	517	0	5	9
0	0	258	182	15	0	3	0	0	2	28	3	44	0	3	160	52	18	2	2	0	1	0	0	67	0	48	19	2	0	9	176	13	246	0	0	29	0	205	4	38	3	471	19	0	0	0	0	291	4	0	0	136	0	184	29	1	0	25	57	0	19	0	14	5	141	0	22	0	6	362	270	2	45	67
0	0	0	0	234	0	0	0	0	248	0	0	0	57	0	90	0	0	2	5	0	0	0	0	1	6	4	0	0	7	0	0	0	0	0	0	0	0	0	0	0	0	14	5	0	4	0	0	0	0	0	0	0	0	2	11	0	0	0	6	1	0	0	0	1223	17	22	0	0	90	0	0	3	234	28
0	0	0	0	0	0	0	0	0	0	0	0	0	0	0	0	0	0	0	0	0	0	0	0	0	0	0	0	0	0	0	0	0	0	0	0	0	0	0	0	0	0	0	0	0	0	0	0	0	0	0	0	0	0	0	0	0	0	0	0	0	0	0	0	0	0	0	0	0	0	0	0	0	0	0
0	0	0	0	52	0	0	0	0	4	0	7	0	37	0	24	12	2	5	3	1	1	0	0	8	0	0	2	0	0	1	0	24	0	0	0	47	0	8	6	6	1	6	3	3	17	0	0	1	4	0	0	0	0	4	0	0	0	2	16	150	31	8	41	38	1	6	90	0	0	0	9	9	78	0
0	0	29	62	18	0	1	0	0	4	0	0	0	1	23	477	0	0	12	1	70	0	0	0	14	0	0	0	0	10	0	0	2	14	0	0	0	0	0	0	0	0	251	31	0	0	0	0	0	0	0	0	0	0	1	0	0	0	0	34	0	0	0	0	0	20	362	0	0	0	0	2	0	4	8
0	0	6	0	74	0	0	0	0	0	0	0	0	1	56	17	0	0	70	0	28	0	0	0	333	1	0	15	50	0	0	0	0	34	0	0	0	0	246	0	0	0	13	392	0	0	0	0	0	0	0	0	0	0	201	0	0	0	2	124	1	72	0	1	0	517	270	0	0	9	2	0	0	190	25
0	0	0	0	10	0	0	0	0	174	0	0	0	11	0	0	1	0	0	0	0	0	0	0	0	0	0	0	0	0	0	0	1	0	0	0	0	0	0	0	0	0	0	0	0	1	0	0	0	0	0	0	0	0	0	0	0	0	0	0	0	2	0	0	0	0	2	3	0	9	0	0	0	11	0
0	1	1	2	9	0	1	0	0	0	1	0	4	14	3	29	189	15	55	3	55	2	0	0	2	0	6	6	4	0	5	63	63	3	0	0	88	0	46	51	40	80	45	267	8	50	0	0	3	13	0	0	5	0	15	8	0	0	38	219	62	28	11	270	118	5	45	234	0	78	4	190	11	0	38
0	0	2	983	15	0	262	0	0	0	287	0	2	2	38	1	2	1	32	3	22	104	0	0	3	0	0	3	0	0	91	0	7	776	0	0	2	0	19	0	272	0	224	1	0	719	0	0	48	0	0	0	12	0	3	1	0	0	374	7	1	0	21	0	0	9	67	28	0	0	8	25	0	38	0
