0	0	0	0	0	0	0	0	0	0	0	0	0	0	0	0	0	0	0	0	0	0	0	0	0	0	0	0	0	0	0	0	0	0	0	0	0	0	0	0	0	0	0	0	0	0	0	0	0	0	0	0	0	0	0	0	0	0	0	0	0	0	0	0	0	0	0	0	0	0	0	0	0	0	0
0	0	338	0	0	0	0	0	0	0	129	0	139	0	112	0	0	2	0	0	0	303	0	0	11	0	0	16	1	0	0	0	0	0	0	0	0	0	0	0	11	0	18	0	0	0	0	0	248	0	0	0	339	339	2	0	135	0	303	57	0	0	0	0	0	2	230	2	0	0	0	0	0	0	0
0	338	0	0	1	1	0	0	0	0	0	0	0	0	0	0	0	5	0	0	28	10	0	0	31	48	0	7	0	0	0	3	1	189	0	3	2	0	2	0	5	0	156	5	0	0	0	0	4	0	0	0	106	1	35	0	146	7	228	7	0	0	0	0	20	3	604	0	0	4	150	1	0	3	7
0	0	0	0	0	24	218	2	0	0	906	0	0	10	637	42	0	6	56	0	0	282	0	0	45	0	0	14	0	0	298	0	2	97	0	2	4	0	2	19	69	0	352	2	0	324	0	0	744	0	0	0	384	53	24	14	6	10	24	7	22	0	0	2	5	4	230	4	0	0	260	57	0	0	421
0	0	1	0	0	3	0	0	0	0	0	0	2	2	0	0	1	17	0	0	16	2	0	0	0	1	0	16	0	0	10	2	1	4	0	18	1	0	7	0	14	0	1	10	3	8	0	3	1	0	0	0	3	0	5	0	0	6	0	4	0	0	1	11	0	0	3	8	0	0	0	2	0	0	0
0	0	1	24	3	0	0	1	0	0	0	0	2	0	1	62	3	8	0	42	172	0	0	0	43	43	0	8	0	0	4	1	0	23	0	1	1	0	1	60	591	0	39	468	3	2	0	0	4	0	2	0	2	2	14	2	0	1	0	238	0	0	0	0	0	1	140	0	0	3	5	6	1	2	49
0	0	0	218	0	0	0	0	0	0	97	0	0	0	100	25	0	0	0	0	0	0	0	0	4	0	0	0	0	0	1	0	0	0	0	0	0	0	0	0	9	0	65	0	0	5	0	0	22	0	0	0	12	0	0	0	0	0	0	40	0	0	0	9	0	8	18	0	0	0	44	0	0	0	2
0	0	0	2	0	1	0	0	0	0	0	0	0	0	0	0	0	38	168	0	0	19	0	0	350	5	0	24	0	0	2	0	0	17	0	0	0	0	104	18	25	0	0	125	0	0	0	0	17	0	0	0	138	17	1145	2	0	4	2	26	0	0	0	5	0	242	174	0	0	0	4	82	0	0	4
0	0	0	0	0	0	0	0	0	0	0	0	0	0	0	0	0	0	0	0	0	0	0	0	0	0	0	0	0	0	0	0	0	0	0	0	0	0	0	0	0	0	0	0	0	0	0	0	0	0	0	0	0	0	0	0	0	0	0	0	0	0	0	0	0	0	0	0	0	0	0	0	0	0	0
0	0	0	0	0	0	0	0	0	0	0	0	0	0	0	0	0	0	0	0	0	0	0	0	0	0	0	0	0	0	0	0	0	0	0	0	0	0	0	0	0	1	0	0	0	0	0	0	0	0	0	0	0	0	0	0	0	0	0	0	0	0	0	0	0	0	0	1	0	0	0	0	1	2	0
0	129	0	906	0	0	97	0	0	0	0	0	0	1	5	913	0	0	0	51	0	0	0	0	206	0	0	0	0	8	0	0	0	12	0	0	0	0	0	54	72	0	57	0	0	8	0	0	123	0	0	0	0	4	25	0	0	0	0	2	0	0	0	0	0	0	361	0	0	0	7	0	0	0	681
0	0	0	0	0	0	0	0	0	0	0	0	0	0	0	21	0	0	0	0	0	0	0	0	1	1	0	0	0	5	1	0	0	0	0	0	0	0	0	0	0	0	0	0	0	8	0	0	0	0	0	0	0	0	0	201	0	19	0	1	698	0	0	0	0	0	1	0	0	0	1	0	0	0	1
0	139	0	0	2	2	0	0	0	0	0	0	0	0	0	0	0	2	0	0	64	0	0	0	15	15	0	1	0	0	0	0	0	2	0	0	0	0	0	60	78	0	0	42	0	0	0	0	0	0	0	0	0	0	11	0	0	0	0	43	0	0	0	0	2	0	53	0	0	0	0	0	0	2	9
0	0	0	10	2	0	0	0	0	0	1	0	0	0	1	30	12	1	0	1	0	0	0	0	0	2	0	0	0	0	0	0	2	0	0	2	2	0	0	19	1	0	0	0	33	10	0	0	0	0	0	0	0	0	0	3	0	4	0	9	0	0	3	0	0	0	0	9	0	0	0	0	10	2	0
0	112	0	637	0	1	100	0	0	0	5	0	0	1	0	707	0	0	0	21	0	0	0	0	0	7	0	0	0	6	0	0	0	11	0	0	0	0	0	27	196	0	61	0	3	2	0	0	0	0	0	0	0	0	0	0	0	0	0	12	0	0	0	0	0	0	295	0	0	0	7	0	0	3	454
0	0	0	42	0	62	25	0	0	0	913	21	0	30	707	0	389	2	0	314	1	0	0	0	0	10	0	0	0	44	10	1	538	298	0	0	17	0	3	1	53	0	681	2	36	763	0	37	18	0	0	0	0	24	7	615	0	185	23	8	0	0	331	0	0	2	280	22	0	0	331	6	4	12	0
0	0	0	0	1	3	0	0	0	0	0	0	0	12	0	389	0	0	0	187	94	0	0	0	0	31	0	2	0	17	0	0	0	3	0	0	0	0	0	6	350	0	1	1	0	2	0	0	0	0	0	0	0	0	6	2	0	2	0	15	0	0	0	0	71	0	38	0	0	0	9	0	7	1	19
0	2	5	6	17	8	0	38	0	0	0	0	2	1	0	2	0	0	0	0	75	9	0	0	111	32	0	196	0	0	23	5	0	43	0	4	0	0	20	9	379	0	3	50	0	0	0	0	2	0	1	0	3	53	190	0	0	0	0	11	0	0	0	0	1	0	118	1	0	0	2	3	0	13	8
0	0	0	56	0	0	0	168	0	0	0	0	0	0	0	0	0	0	0	0	2	0	0	0	604	8	0	0	0	0	1	0	0	2	0	0	0	0	0	2	57	0	0	78	0	0	0	0	3	0	0	0	0	3	331	2	0	0	0	110	0	0	0	0	0	0	15	0	0	0	2	0	0	0	21
0	0	0	0	0	42	0	0	0	0	51	0	0	1	21	314	187	0	0	0	12	0	0	0	0	0	0	0	0	2	1	0	37	66	0	0	3	0	0	0	1	2	97	0	0	234	0	30	0	0	0	0	1	0	1	15	0	4	26	6	0	0	59	3	7	1	32	12	0	0	0	2	4	0	2
0	0	28	0	16	172	0	0	0	0	0	0	64	0	0	1	94	75	2	12	0	0	0	0	6	136	0	255	0	0	181	24	6	130	0	54	0	0	0	2	316	0	49	42	0	26	0	0	0	0	3	0	4	8	21	0	0	0	0	2	0	0	0	0	0	34	48	0	0	0	56	55	0	11	8
0	303	10	282	2	0	0	19	0	0	0	0	0	0	0	0	0	9	0	0	0	0	0	0	252	7	0	130	1	0	0	0	0	12	0	0	0	0	0	29	132	0	3	3	0	0	0	0	83	0	0	0	0	175	20	0	0	0	0	9	0	0	0	0	0	0	15	0	0	0	0	0	0	0	138
0	0	0	0	0	0	0	0	0	0	0	0	0	0	0	0	0	0	0	0	0	0	0	0	0	0	0	0	0	0	0	0	0	0	0	0	0	0	0	0	0	0	0	0	0	0	0	0	0	0	0	0	0	0	0	0	0	0	0	0	0	0	0	0	0	0	0	0	0	0	0	0	0	0	0
0	0	0	0	0	0	0	0	0	0	0	0	0	0	0	0	0	0	0	0	0	0	0	0	0	0	0	0	0	0	0	0	0	0	0	0	0	0	0	0	0	0	0	0	0	0	0	0	0	0	0	0	0	0	0	0	0	0	0	0	0	0	0	0	0	0	0	0	0	0	0	0	0	0	0
0	11	31	45	0	43	4	350	0	0	206	1	15	0	0	0	0	111	604	0	6	252	0	0	0	13	0	62	0	0	97	42	6	92	0	39	2	0	202	17	48	0	30	16	2	2	0	2	156	0	0	0	270	124	447	10	2	34	70	35	1	1	1	8	0	771	36	1	0	3	3	46	0	2	5
0	0	48	0	1	43	0	5	0	0	0	1	15	2	7	10	31	32	8	0	136	7	0	0	13	0	0	14	0	0	6	31	16	33	0	67	6	0	3	1	81	7	23	37	16	6	0	0	9	0	0	0	6	0	50	0	0	7	8	53	3	0	0	18	1	18	96	23	0	4	7	43	47	16	1
0	0	0	0	0	0	0	0	0	0	0	0	0	0	0	0	0	0	0	0	0	0	0	0	0	0	0	0	0	0	0	0	0	0	0	0	0	0	0	4	0	0	0	0	0	0	0	0	0	0	0	0	0	0	0	0	0	0	0	0	0	2	0	4	1	0	0	8	0	0	0	0	4	0	0
0	16	7	14	16	8	0	24	0	0	0	0	1	0	0	0	2	196	0	0	255	130	0	0	62	14	0	0	0	0	160	18	0	212	0	1	0	0	3	116	432	0	12	181	0	0	0	0	4	0	0	0	2	21	894	1	0	0	36	808	1	0	0	0	0	2	144	0	0	0	0	23	0	10	13
0	1	0	0	0	0	0	0	0	0	0	0	0	0	0	0	0	0	0	0	0	1	0	0	0	0	0	0	0	0	0	0	0	0	0	0	0	0	0	0	0	0	0	0	0	0	0	0	1	0	0	0	0	1	0	0	0	0	1	0	0	0	0	0	0	0	0	0	0	0	0	0	0	0	0
0	0	0	0	0	0	0	0	0	0	8	5	0	0	6	44	17	0	0	2	0	0	0	0	0	0	0	0	0	0	0	0	23	0	0	4	0	0	0	0	1	0	22	2	0	30	0	0	0	0	0	0	0	0	0	39	0	49	0	0	1	0	9	3	0	0	16	0	0	0	28	0	1	1	0
0	0	0	298	10	4	1	2	0	0	0	1	0	0	0	10	0	23	1	1	181	0	0	0	97	6	0	160	0	0	0	0	0	8	0	2	1	0	0	59	521	0	6	10	4	3	0	0	12	0	0	0	1	7	1	0	0	0	0	156	1	0	0	0	0	0	13	4	0	0	8	2	0	14	21
0	0	3	0	2	1	0	0	0	0	0	0	0	0	0	1	0	5	0	0	24	0	0	0	42	31	0	18	0	0	0	0	0	10	0	0	0	0	0	14	43	0	0	579	0	0	0	0	0	0	1	0	0	0	28	0	0	0	0	221	0	0	0	0	0	0	35	0	0	0	0	2	0	0	1
0	0	1	2	1	0	0	0	0	0	0	0	0	2	0	538	0	0	0	37	6	0	0	0	6	16	0	0	0	23	0	0	0	0	0	0	0	0	0	23	4	0	50	5	0	0	5	0	0	0	0	0	0	0	0	101	0	15	0	14	17	0	0	0	41	0	20	0	0	0	7	0	1	1	6
0	0	189	97	4	23	0	17	0	0	12	0	2	0	11	298	3	43	2	66	130	12	0	0	92	33	0	212	0	0	8	10	0	0	0	6	0	0	4	52	351	0	74	175	0	4	0	2	46	0	0	0	6	7	348	3	2	2	12	105	0	2	0	2	0	10	436	0	0	2	11	8	0	4	323
0	0	0	0	0	0	0	0	0	0	0	0	0	0	0	0	0	0	0	0	0	0	0	0	0	0	0	0	0	0	0	0	0	0	0	0	0	0	0	0	0	0	0	0	0	0	0	0	0	0	0	0	0	0	0	0	0	0	0	0	0	0	0	0	0	0	0	0	0	0	0	0	0	0	0
0	0	3	2	18	1	0	0	0	0	0	0	0	2	0	0	0	4	0	0	54	0	0	0	39	67	0	1	0	4	2	0	0	6	0	0	0	0	0	150	38	0	0	525	0	4	0	0	0	0	0	0	0	0	10	3	0	0	0	1039	1	0	0	0	70	0	90	0	0	0	9	0	0	17	21
0	0	2	4	1	1	0	0	0	0	0	0	0	2	0	17	0	0	0	3	0	0	0	0	2	6	0	0	0	0	1	0	0	0	0	0	0	0	0	47	16	0	0	2	0	2	8	0	0	0	0	0	0	1	0	0	0	2	0	93	0	0	0	0	306	0	14	0	0	0	8	0	1	1	17
0	0	0	0	0	0	0	0	0	0	0	0	0	0	0	0	0	0	0	0	0	0	0	0	0	0	0	0	0	0	0	0	0	0	0	0	0	0	0	0	0	0	0	0	0	0	0	0	0	0	0	0	0	0	0	0	0	0	0	0	0	0	0	0	0	0	0	0	0	0	0	0	0	0	0
0	0	2	2	7	1	0	104	0	0	0	0	0	0	0	3	0	20	0	0	0	0	0	0	202	3	0	3	0	0	0	0	0	4	0	0	0	0	0	18	0	0	0	240	0	0	0	0	2	0	0	0	0	2	948	0	0	0	0	38	0	0	0	0	0	0	123	0	0	0	0	0	0	7	2
0	0	0	19	0	60	0	18	0	0	54	0	60	19	27	1	6	9	2	0	2	29	0	0	17	1	4	116	0	0	59	14	23	52	0	150	47	0	18	0	236	0	20	558	0	8	0	0	10	2	0	0	62	0	35	15	0	38	2	1882	6	22	0	203	2	64	18	53	0	10	0	108	9	1	1
0	11	5	69	14	591	9	25	0	0	72	0	78	1	196	53	350	379	57	1	316	132	0	0	48	81	0	432	0	1	521	43	4	351	0	38	16	0	0	236	0	0	87	246	0	47	0	0	24	0	2	0	84	42	151	20	0	41	173	1483	0	131	0	17	5	34	76	31	0	3	2	309	37	14	567
0	0	0	0	0	0	0	0	0	1	0	0	0	0	0	0	0	0	0	2	0	0	0	0	0	7	0	0	0	0	0	0	0	0	0	0	0	0	0	0	0	0	0	1	0	0	0	0	0	0	0	0	0	0	0	0	0	0	0	0	0	0	0	0	40	0	0	0	0	0	0	0	1	0	2
0	18	156	352	1	39	65	0	0	0	57	0	0	0	61	681	1	3	0	97	49	3	0	0	30	23	0	12	0	22	6	0	50	74	0	0	0	0	0	20	87	0	0	65	0	0	0	0	130	0	2	0	0	0	31	83	0	9	0	47	1	0	0	0	1	0	469	4	0	0	12	12	0	1	158
0	0	5	2	10	468	0	125	0	0	0	0	42	0	0	2	1	50	78	0	42	3	0	0	16	37	0	181	0	2	10	579	5	175	0	525	2	0	240	558	246	1	65	0	0	0	0	0	6	1	1	0	10	0	674	25	0	19	1	2512	0	1	0	320	1	106	44	12	0	5	0	330	0	9	23
0	0	0	0	3	3	0	0	0	0	0	0	0	33	3	36	0	0	0	0	0	0	0	0	2	16	0	0	0	0	4	0	0	0	0	0	0	0	0	0	0	0	0	0	0	0	0	0	0	0	0	0	0	2	47	0	0	3	0	0	1	0	0	0	0	0	12	0	0	0	4	0	0	3	2
0	0	0	324	8	2	5	0	0	0	8	8	0	10	2	763	2	0	0	234	26	0	0	0	2	6	0	0	0	30	3	0	0	4	0	4	2	0	0	8	47	0	0	0	0	0	2	6	9	0	0	0	0	0	7	9	0	28	0	57	0	0	6	0	139	0	11	16	0	0	5	0	4	8	325
0	0	0	0	0	0	0	0	0	0	0	0	0	0	0	0	0	0	0	0	0	0	0	0	0	0	0	0	0	0	0	0	5	0	0	0	8	0	0	0	0	0	0	0	0	2	0	0	0	0	0	0	0	0	0	0	0	5	0	2	0	0	0	0	0	0	0	16	0	0	0	0	0	5	0
0	0	0	0	3	0	0	0	0	0	0	0	0	0	0	37	0	0	0	30	0	0	0	0	2	0	0	0	0	0	0	0	0	2	0	0	0	0	0	0	0	0	0	0	0	6	0	0	0	0	0	0	0	0	81	0	0	0	0	0	111	0	0	0	0	0	40	0	0	0	0	0	0	3	0
0	248	4	744	1	4	22	17	0	0	123	0	0	0	0	18	0	2	3	0	0	83	0	0	156	9	0	4	1	0	12	0	0	46	0	0	0	0	2	10	24	0	130	6	0	9	0	0	0	0	0	0	68	11	2	0	63	2	1	135	5	0	0	0	12	3	382	1	0	2	48	0	0	0	115
0	0	0	0	0	0	0	0	0	0	0	0	0	0	0	0	0	0	0	0	0	0	0	0	0	0	0	0	0	0	0	0	0	0	0	0	0	0	0	2	0	0	0	1	0	0	0	0	0	0	0	0	0	0	0	0	0	0	0	1	0	0	0	0	0	0	0	0	0	0	0	0	0	0	0
0	0	0	0	0	2	0	0	0	0	0	0	0	0	0	0	0	1	0	0	3	0	0	0	0	0	0	0	0	0	0	1	0	0	0	0	0	0	0	0	2	0	2	1	0	0	0	0	0	0	0	0	0	0	1	0	0	0	0	0	0	0	0	0	0	0	0	0	0	0	0	1	0	0	0
0	0	0	0	0	0	0	0	0	0	0	0	0	0	0	0	0	0	0	0	0	0	0	0	0	0	0	0	0	0	0	0	0	0	0	0	0	0	0	0	0	0	0	0	0	0	0	0	0	0	0	0	0	0	0	0	0	0	0	0	0	0	0	0	0	0	0	0	0	0	0	0	0	0	0
0	339	106	384	3	2	12	138	0	0	0	0	0	0	0	0	0	3	0	1	4	0	0	0	270	6	0	2	0	0	1	0	0	6	0	0	0	0	0	62	84	0	0	10	0	0	0	0	68	0	0	0	0	77	187	0	0	0	0	351	18	0	0	0	0	0	178	0	0	0	3	4	0	1	8
0	339	1	53	0	2	0	17	0	0	4	0	0	0	0	24	0	53	3	0	8	175	0	0	124	0	0	21	1	0	7	0	0	7	0	0	1	0	2	0	42	0	0	0	2	0	0	0	11	0	0	0	77	0	0	0	1	0	23	2	0	0	0	0	0	2	4	0	0	0	0	0	0	0	0
0	2	35	24	5	14	0	1145	0	0	25	0	11	0	0	7	6	190	331	1	21	20	0	0	447	50	0	894	0	0	1	28	0	348	0	10	0	0	948	35	151	0	31	674	47	7	0	81	2	0	1	0	187	0	0	2	0	9	47	290	0	0	0	56	10	1193	249	16	0	0	0	1110	2	0	47
0	0	0	14	0	2	0	2	0	0	0	201	0	3	0	615	2	0	2	15	0	0	0	0	10	0	0	1	0	39	0	0	101	3	0	3	0	0	0	15	20	0	83	25	0	9	0	0	0	0	0	0	0	0	2	0	0	155	0	35	1368	0	307	0	1	0	20	2	0	0	0	1	0	0	13
0	135	146	6	0	0	0	0	0	0	0	0	0	0	0	0	0	0	0	0	0	0	0	0	2	0	0	0	0	0	0	0	0	2	0	0	0	0	0	0	0	0	0	0	0	0	0	0	63	0	0	0	0	1	0	0	0	0	0	0	0	0	0	0	0	0	44	0	0	0	0	0	0	0	0
0	0	7	10	6	1	0	4	0	0	0	19	0	4	0	185	2	0	0	4	0	0	0	0	34	7	0	0	0	49	0	0	15	2	0	0	2	0	0	38	41	0	9	19	3	28	5	0	2	0	0	0	0	0	9	155	0	0	0	21	634	0	23	0	13	0	12	11	0	0	0	0	0	9	34
0	303	228	24	0	0	0	2	0	0	0	0	0	0	0	23	0	0	0	26	0	0	0	0	70	8	0	36	1	0	0	0	0	12	0	0	0	0	0	2	173	0	0	1	0	0	0	0	1	0	0	0	0	23	47	0	0	0	0	41	0	0	0	0	0	0	104	0	0	0	0	0	0	0	145
0	57	7	7	4	238	40	26	0	0	2	1	43	9	12	8	15	11	110	6	2	9	0	0	35	53	0	808	0	0	156	221	14	105	0	1039	93	0	38	1882	1483	0	47	2512	0	57	2	0	135	1	0	0	351	2	290	35	0	21	41	0	5	58	0	1471	65	291	86	91	0	12	1	1052	60	2	20
0	0	0	22	0	0	0	0	0	0	0	698	0	0	0	0	0	0	0	0	0	0	0	0	1	3	0	1	0	1	1	0	17	0	0	1	0	0	0	6	0	0	1	0	1	0	0	111	5	0	0	0	18	0	0	1368	0	634	0	5	0	0	652	0	0	1	0	0	0	0	0	0	0	0	0
0	0	0	0	0	0	0	0	0	0	0	0	0	0	0	0	0	0	0	0	0	0	0	0	1	0	2	0	0	0	0	0	0	2	0	0	0	0	0	22	131	0	0	1	0	0	0	0	0	0	0	0	0	0	0	0	0	0	0	58	0	0	0	0	51	0	6	0	0	0	0	0	0	0	0
0	0	0	0	1	0	0	0	0	0	0	0	0	3	0	331	0	0	0	59	0	0	0	0	1	0	0	0	0	9	0	0	0	0	0	0	0	0	0	0	0	0	0	0	0	6	0	0	0	0	0	0	0	0	0	307	0	23	0	0	652	0	0	0	0	0	0	0	0	0	2	0	0	1	3
0	0	0	2	11	0	9	5	0	0	0	0	0	0	0	0	0	0	0	3	0	0	0	0	8	18	4	0	0	3	0	0	0	2	0	0	0	0	0	203	17	0	0	320	0	0	0	0	0	0	0	0	0	0	56	0	0	0	0	1471	0	0	0	0	98	0	37	0	0	0	5	0	6	8	8
0	0	20	5	0	0	0	0	0	0	0	0	2	0	0	0	71	1	0	7	0	0	0	0	0	1	1	0	0	0	0	0	41	0	0	70	306	0	0	2	5	40	1	1	0	139	0	0	12	0	0	0	0	0	10	1	0	13	0	65	0	51	0	98	0	0	1	407	0	29	0	2	3	0	0
0	2	3	4	0	1	8	242	0	0	0	0	0	0	0	2	0	0	0	1	34	0	0	0	771	18	0	2	0	0	0	0	0	10	0	0	0	0	0	64	34	0	0	106	0	0	0	0	3	0	0	0	0	2	1193	0	0	0	0	291	1	0	0	0	0	0	119	0	0	0	0	0	0	0	11
0	230	604	230	3	140	18	174	0	0	361	1	53	0	295	280	38	118	15	32	48	15	0	0	36	96	0	144	0	16	13	35	20	436	0	90	14	0	123	18	76	0	469	44	12	11	0	40	382	0	0	0	178	4	249	20	44	12	104	86	0	6	0	37	1	119	0	16	0	3	280	298	26	14	6
0	2	0	4	8	0	0	0	0	1	0	0	0	9	0	22	0	1	0	12	0	0	0	0	1	23	8	0	0	0	4	0	0	0	0	0	0	0	0	53	31	0	4	12	0	16	16	0	1	0	0	0	0	0	16	2	0	11	0	91	0	0	0	0	407	0	16	0	0	0	10	0	5	8	42
0	0	0	0	0	0	0	0	0	0	0	0	0	0	0	0	0	0	0	0	0	0	0	0	0	0	0	0	0	0	0	0	0	0	0	0	0	0	0	0	0	0	0	0	0	0	0	0	0	0	0	0	0	0	0	0	0	0	0	0	0	0	0	0	0	0	0	0	0	0	0	0	0	0	0
0	0	4	0	0	3	0	0	0	0	0	0	0	0	0	0	0	0	0	0	0	0	0	0	3	4	0	0	0	0	0	0	0	2	0	0	0	0	0	10	3	0	0	5	0	0	0	0	2	0	0	0	0	0	0	0	0	0	0	12	0	0	0	0	29	0	3	0	0	0	4	0	0	0	1
0	0	150	260	0	5	44	4	0	0	7	1	0	0	7	331	9	2	2	0	56	0	0	0	3	7	0	0	0	28	8	0	7	11	0	9	8	0	0	0	2	0	12	0	4	5	0	0	48	0	0	0	3	0	0	0	0	0	0	1	0	0	2	5	0	0	280	10	0	4	0	7	7	4	13
0	0	1	57	2	6	0	82	0	0	0	0	0	0	0	6	0	3	0	2	55	0	0	0	46	43	0	23	0	0	2	2	0	8	0	0	0	0	0	108	309	0	12	330	0	0	0	0	0	0	1	0	4	0	1110	1	0	0	0	1052	0	0	0	0	2	0	298	0	0	0	7	0	1	2	12
0	0	0	0	0	1	0	0	0	1	0	0	0	10	0	4	7	0	0	4	0	0	0	0	0	47	4	0	0	1	0	0	1	0	0	0	1	0	0	9	37	1	0	0	0	4	0	0	0	0	0	0	0	0	2	0	0	0	0	60	0	0	0	6	3	0	26	5	0	0	7	1	0	0	20
0	0	3	0	0	2	0	0	0	2	0	0	2	2	3	12	1	13	0	0	11	0	0	0	2	16	0	10	0	1	14	0	1	4	0	17	1	0	7	1	14	0	1	9	3	8	5	3	0	0	0	0	1	0	0	0	0	9	0	2	0	0	1	8	0	0	14	8	0	0	4	2	0	0	4
0	0	7	421	0	49	2	4	0	0	681	1	9	0	454	0	19	8	21	2	8	138	0	0	5	1	0	13	0	0	21	1	6	323	0	21	17	0	2	1	567	2	158	23	2	325	0	0	115	0	0	0	8	0	47	13	0	34	145	20	0	0	3	8	0	11	6	42	0	1	13	12	20	4	0
