0	0	0	0	0	0	0	0	0	0	0	0	0	0	0	0	0	0	0	0	0	0	0	0	0	0	0	0	0	0	0	0	0	0	0	0	0	0	0	0	0	0	0	0	0	0	0	0	0	0	0	0	0	0	0	0	0	0	0	0	0	0	0	0	0	0	0	0	0	0	0	0	0	0	0
0	0	22	2	0	0	0	0	0	0	8	0	12	0	0	0	0	0	0	0	0	101	3	0	0	0	0	0	0	0	0	0	0	4	0	0	0	0	0	0	0	0	0	0	0	0	0	0	4	0	0	0	10	14	0	4	6	0	0	0	0	0	0	0	0	0	16	0	0	0	0	0	0	0	0
0	22	0	0	0	1	0	12	0	0	2	0	2	0	1	156	0	7	0	0	0	0	22	0	2	0	0	0	17	18	0	1	0	4	0	0	0	0	0	0	0	0	285	2	0	0	1	15	0	0	1	0	2	0	0	0	0	0	0	0	0	1	0	0	0	2	6	0	0	0	6	4	0	0	0
0	2	0	0	2	0	79	2	0	0	76	0	0	20	70	64	0	0	14	0	0	87	1	0	4	0	0	0	1	2	55	0	0	14	0	0	0	0	0	1	7	0	421	0	0	46	0	0	324	0	0	0	150	26	0	0	4	0	0	0	0	0	0	0	0	2	112	0	0	0	0	0	0	0	0
0	0	0	2	0	257	0	7	0	0	0	0	15	0	0	0	0	9	1	168	0	0	6	0	0	0	0	9	0	0	0	488	0	95	0	0	0	0	348	0	0	0	32	572	0	1	0	0	0	329	30	0	3	0	0	34	0	21	0	1	0	8	1	521	0	12	19	0	0	0	7	0	2	0	0
0	0	1	0	257	0	0	0	0	0	0	0	1	0	0	23	5	13	0	15	0	3	0	0	1	0	0	3	0	17	75	0	0	17	0	0	0	0	0	2	0	0	201	27	0	0	0	233	0	9	3	0	0	0	5	1	0	0	0	0	0	1	0	0	0	0	1	0	0	0	0	0	1	0	0
0	0	0	79	0	0	0	0	0	0	2	0	1	0	0	1	0	0	0	0	0	12	0	0	0	0	0	0	0	0	1	0	0	0	0	0	1	0	0	0	2	0	26	0	0	1	0	0	1	0	0	0	2	0	0	0	0	0	0	0	0	0	0	0	0	0	0	0	0	0	0	0	0	0	0
0	0	12	2	7	0	0	0	2	0	3	0	2	0	0	1	0	22	76	0	0	1	1	0	87	0	0	1	107	0	0	0	1	0	0	0	0	0	56	6	0	0	2	38	0	0	0	11	0	0	0	0	25	0	55	0	0	2	0	2	0	1	0	0	0	727	1	0	0	0	0	4	0	0	0
0	0	0	0	0	0	0	2	0	0	0	0	0	0	0	3	2	0	0	13	158	0	0	0	0	0	0	0	0	0	0	0	0	0	0	0	0	0	0	0	0	0	0	4	3	2	0	0	0	13	0	2	0	0	0	0	0	1	0	0	0	0	1	0	6	1	0	0	0	0	0	0	0	0	0
0	0	0	0	0	0	0	0	0	0	0	0	0	0	0	0	0	0	0	0	0	0	0	0	0	0	0	0	0	0	0	0	0	0	0	0	0	0	0	0	0	0	0	0	0	0	0	1	0	0	0	0	0	0	0	0	0	0	0	1	0	0	0	1	0	0	0	0	0	0	0	0	0	0	0
0	8	2	76	0	0	2	3	0	0	0	0	0	1	0	193	0	2	0	0	0	0	3	0	5	0	0	0	2	204	0	0	0	4	0	0	0	0	0	0	13	0	387	2	0	8	0	0	0	0	0	0	0	0	0	1	0	0	0	0	0	0	0	0	0	6	0	0	0	0	0	0	0	0	0
0	0	0	0	0	0	0	0	0	0	0	0	0	0	0	0	0	0	0	138	0	0	0	0	0	0	0	0	0	217	0	0	0	0	4	0	0	0	0	0	0	0	0	0	3	0	0	0	0	97	0	0	0	0	0	2	0	6	0	0	0	0	0	0	0	0	0	0	0	0	0	0	0	0	0
0	12	2	0	15	1	1	2	0	0	0	0	0	2	0	4	0	1	0	5	50	0	1	0	1	0	0	0	8	0	0	0	0	2	1	0	0	0	0	0	8	0	39	5	0	0	1	34	0	5	0	0	0	0	0	3	0	0	0	0	0	0	0	0	0	1	0	0	0	0	0	0	0	0	0
0	0	0	20	0	0	0	0	0	0	1	0	2	0	0	140	1	1	0	15	2	0	0	0	0	0	0	0	0	7	0	1	0	0	2	0	7	0	5	2	0	0	64	7	598	11	0	0	0	14	2	2	1	0	0	0	0	9	0	0	0	3	1	3	2	0	0	0	0	0	2	0	13	0	0
0	0	1	70	0	0	0	0	0	0	0	0	0	0	0	14	0	0	0	0	0	0	0	0	0	0	0	0	0	0	0	0	0	0	0	0	0	0	0	0	0	0	198	0	0	2	0	0	0	0	0	0	0	0	0	0	0	0	0	0	0	0	0	0	0	0	0	0	0	0	0	0	0	0	0
0	0	156	64	0	23	1	1	3	0	193	0	4	140	14	0	19	2	0	331	0	0	5	0	0	0	0	0	0	662	0	0	158	51	7	0	3	0	0	0	14	0	511	0	2	244	0	0	0	6	0	0	0	0	0	206	0	111	0	0	0	2	21	1	1	1	105	0	0	0	0	0	3	0	0
0	0	0	0	0	5	0	0	2	0	0	0	0	1	0	19	0	1	0	15	0	0	0	6	0	0	0	0	0	82	9	0	2	2	7	0	1	0	0	0	0	0	2	0	0	5	2	0	0	7	0	19	0	0	0	43	0	8	0	0	0	1	43	0	0	2	0	0	0	0	0	0	1	0	0
0	0	7	0	9	13	0	22	0	0	2	0	1	1	0	2	1	0	2	0	7	59	19	0	5	0	0	95	55	0	90	1	0	42	0	0	0	0	76	0	78	0	53	1	0	4	3	44	0	0	6	1	1	0	34	0	1	0	0	0	0	27	0	0	0	40	2	0	0	0	1	1	0	0	0
0	0	0	14	1	0	0	76	0	0	0	0	0	0	0	0	0	2	0	0	0	2	0	0	82	0	0	0	97	0	4	0	0	2	0	0	0	0	0	9	0	1	0	13	0	0	0	3	0	0	0	0	0	0	2	0	0	0	0	1	0	0	0	0	0	520	0	0	0	0	0	0	0	0	0
0	0	0	0	168	15	0	0	13	0	0	138	5	15	0	331	15	0	0	0	2	0	0	1	0	0	0	2	0	490	0	53	50	96	4	0	24	0	15	0	1	0	225	88	142	122	2	0	0	8	4	16	0	0	0	58	0	8	0	0	0	18	31	187	13	0	1	0	0	0	1	0	69	0	0
0	0	0	0	0	0	0	0	158	0	0	0	50	2	0	0	0	7	0	2	0	1	0	0	4	0	0	120	3	0	163	0	2	86	2	0	0	0	32	0	278	0	15	0	0	0	0	0	0	1	74	0	2	0	0	0	0	0	0	0	0	12	0	0	2	0	0	0	0	0	4	0	2	0	0
0	101	0	87	0	3	12	1	0	0	0	0	0	0	0	0	0	59	2	0	1	0	0	0	6	0	0	25	1	0	83	0	0	1	0	0	0	0	3	0	7	0	2	0	0	0	0	0	7	0	0	0	85	47	1	0	93	0	0	0	0	1	0	0	0	5	0	0	0	0	1	0	0	0	0
0	3	22	1	6	0	0	1	0	0	3	0	1	0	0	5	0	19	0	0	0	0	0	0	0	0	0	24	0	4	0	19	0	3	0	0	0	0	28	0	0	0	0	0	0	0	0	1	0	0	12	0	0	0	0	0	0	0	0	0	0	22	0	0	0	0	20	0	0	0	0	8	0	0	0
0	0	0	0	0	0	0	0	0	0	0	0	0	0	0	0	6	0	0	1	0	0	0	0	0	0	0	0	0	4	0	0	0	0	5	0	0	0	0	0	0	0	0	0	4	1	0	0	0	5	0	0	0	0	0	11	0	1	0	0	0	0	2	0	0	0	0	0	0	0	0	0	0	0	0
0	0	2	4	0	1	0	87	0	0	5	0	1	0	0	0	0	5	82	0	4	6	0	0	0	0	0	1	3	0	2	0	0	0	0	0	0	0	64	0	0	0	2	0	0	0	0	0	2	0	0	0	7	2	0	0	0	0	0	1	0	0	0	0	0	64	2	0	0	11	1	9	1	0	0
0	0	0	0	0	0	0	0	0	0	0	0	0	0	0	0	0	0	0	0	0	0	0	0	0	0	0	0	0	0	0	0	0	0	0	0	0	0	0	0	0	0	0	0	0	0	0	0	0	0	0	0	0	0	0	0	0	0	0	0	0	0	0	0	0	0	0	0	0	0	0	0	0	0	0
0	0	0	0	0	0	0	0	0	0	0	0	0	0	0	0	0	0	0	0	0	0	0	0	0	0	0	0	0	0	0	0	0	0	0	0	0	0	0	0	0	0	0	0	0	0	0	0	0	0	0	0	0	0	0	0	0	0	0	0	0	0	0	0	0	0	0	0	0	0	422	616	0	0	0
0	0	0	0	9	3	0	1	0	0	0	0	0	0	0	0	0	95	0	2	120	25	24	0	1	0	0	0	101	0	33	0	0	10	1	0	0	0	1	0	106	0	5	0	0	0	2	6	0	1	0	1	0	0	30	1	0	0	0	0	0	0	0	0	0	16	0	0	0	0	0	1	0	0	0
0	0	17	1	0	0	0	107	0	0	2	0	8	0	0	0	0	55	97	0	3	1	0	0	3	0	0	101	0	0	3	1	0	4	0	0	0	0	93	0	1	0	2	1	0	0	0	0	7	0	0	0	11	0	0	0	0	0	0	0	0	0	0	0	0	56	1	0	0	5	0	0	0	0	0
0	0	18	2	0	17	0	0	0	0	204	217	0	7	0	662	82	0	0	490	0	0	4	4	0	0	0	0	0	0	0	0	518	55	173	0	0	0	0	0	0	0	374	0	0	386	0	0	0	0	0	1	0	0	0	542	0	420	0	0	0	3	121	0	0	0	20	0	0	0	1	0	0	0	0
0	0	0	55	0	75	1	0	0	0	0	0	0	0	0	0	9	90	4	0	163	83	0	0	2	0	0	33	3	0	0	0	0	6	0	0	0	0	0	3	145	0	7	0	0	10	4	7	5	0	0	2	6	5	0	1	0	0	0	1	0	0	1	0	1	1	0	0	0	0	1	0	3	0	0
0	0	1	0	488	0	0	0	0	0	0	0	0	1	0	0	0	1	0	53	0	0	19	0	0	0	0	0	1	0	0	0	0	0	1	9	0	0	0	13	0	0	0	153	0	0	0	195	0	53	0	0	0	0	1	0	0	0	0	1	0	0	0	0	1	123	0	0	0	0	0	5	0	0	0
0	0	0	0	0	0	0	1	0	0	0	0	0	0	0	158	2	0	0	50	2	0	0	0	0	0	0	0	0	518	0	0	0	0	13	0	0	0	0	0	0	0	324	1	0	4	0	0	0	2	0	0	0	0	0	30	0	5	0	0	0	0	6	0	4	1	0	0	0	0	0	0	1	0	0
0	4	4	14	95	17	0	0	0	0	4	0	2	0	0	51	2	42	2	96	86	1	3	0	0	0	0	10	4	55	6	0	0	0	0	0	0	0	4	0	50	0	233	17	0	4	1	2	2	37	2	0	0	0	2	0	0	0	0	0	0	0	0	0	1	50	10	0	0	0	2	1	0	0	0
0	0	0	0	0	0	0	0	0	0	0	4	1	2	0	7	7	0	0	4	2	0	0	5	0	0	0	1	0	173	0	1	13	0	0	0	0	0	1	0	0	0	0	0	1	1	0	0	0	0	1	0	0	0	0	84	0	14	0	0	0	0	7	0	2	0	0	0	0	0	0	0	0	0	0
0	0	0	0	0	0	0	0	0	0	0	0	0	0	0	0	0	0	0	0	0	0	0	0	0	0	0	0	0	0	0	9	0	0	0	0	2	0	5	0	0	13	0	30	1	0	0	0	4	0	0	0	0	0	0	0	0	0	0	0	0	0	0	0	0	0	1	0	0	0	1	0	8	0	0
0	0	0	0	0	0	1	0	0	0	0	0	0	7	0	3	1	0	0	24	0	0	0	0	0	0	0	0	0	0	0	0	0	0	0	2	0	0	0	33	0	0	7	9	4	4	0	0	0	24	0	0	0	0	0	1	0	1	0	0	0	0	0	0	14	0	0	0	0	0	0	0	0	0	0
0	0	0	0	0	0	0	0	0	0	0	0	0	0	0	0	0	0	0	0	0	0	0	0	0	0	0	0	0	0	0	0	0	0	0	0	0	0	0	0	0	0	0	0	0	0	0	0	0	0	0	0	0	0	0	0	0	0	0	0	0	0	0	0	0	0	0	0	0	0	0	0	0	0	0
0	0	0	0	348	0	0	56	0	0	0	0	0	5	0	0	0	76	0	15	32	3	28	0	64	0	0	1	93	0	0	0	0	4	1	5	0	0	0	22	2	0	4	170	0	0	0	168	0	15	0	0	0	0	61	0	0	0	0	0	0	0	0	0	1	534	0	0	0	0	1	2	0	0	0
0	0	0	1	0	2	0	6	0	0	0	0	0	2	0	0	0	0	9	0	0	0	0	0	0	0	0	0	0	0	3	13	0	0	0	0	33	0	22	0	0	0	32	35	0	0	0	5	0	0	0	0	0	0	0	0	0	0	0	4	0	6	0	20	3	0	22	0	0	0	0	0	14	0	0
0	0	0	7	0	0	2	0	0	0	13	0	8	0	0	14	0	78	0	1	278	7	0	0	0	0	0	106	1	0	145	0	0	50	0	0	0	0	2	0	0	15	5	2	0	81	0	0	0	0	7	0	1	2	0	0	0	1	0	0	0	88	0	0	2	1	0	0	0	0	0	0	0	0	0
0	0	0	0	0	0	0	0	0	0	0	0	0	0	0	0	0	0	1	0	0	0	0	0	0	0	0	0	0	0	0	0	0	0	0	13	0	0	0	0	15	0	1	3	0	0	0	0	0	1	0	0	0	0	4	0	0	0	0	0	0	0	0	1	2	0	0	0	0	0	0	0	1	0	0
0	0	285	421	32	201	26	2	0	0	387	0	39	64	198	511	2	53	0	225	15	2	0	0	2	0	0	5	2	374	7	0	324	233	0	0	7	0	4	32	5	1	0	18	1	113	0	21	142	12	6	5	1	0	1	68	11	8	0	0	0	2	2	1	0	7	381	0	0	0	70	1	16	0	0
0	0	2	0	572	27	0	38	4	0	2	0	5	7	0	0	0	1	13	88	0	0	0	0	0	0	0	0	1	0	0	153	1	17	0	30	9	0	170	35	2	3	18	0	0	0	1	167	3	89	3	0	1	0	26	1	0	8	0	12	0	3	0	27	3	146	2	0	0	0	12	2	65	0	0
0	0	0	0	0	0	0	0	3	0	0	3	0	598	0	2	0	0	0	142	0	0	0	4	0	0	0	0	0	0	0	0	0	0	1	1	4	0	0	0	0	0	1	0	0	18	0	0	0	150	0	0	0	0	0	0	0	9	0	0	0	1	0	2	5	1	0	1	0	0	0	0	26	0	0
0	0	0	46	1	0	1	0	2	0	8	0	0	11	2	244	5	4	0	122	0	0	0	1	0	0	0	0	0	386	10	0	4	4	1	0	4	0	0	0	81	0	113	0	18	0	0	0	0	6	0	378	0	0	0	30	0	26	0	1	0	4	40	0	1	0	0	0	0	0	0	0	2	0	0
0	0	1	0	0	0	0	0	0	0	0	0	1	0	0	0	2	3	0	2	0	0	0	0	0	0	0	2	0	0	4	0	0	1	0	0	0	0	0	0	0	0	0	1	0	0	0	2	0	0	3	0	0	0	0	0	0	0	0	0	0	1	0	0	0	0	1	0	0	0	0	0	1	0	0
0	0	15	0	0	233	0	11	0	1	0	0	34	0	0	0	0	44	3	0	0	0	1	0	0	0	0	6	0	0	7	195	0	2	0	0	0	0	168	5	0	0	21	167	0	0	2	0	1	0	212	0	1	0	1	1	0	1	0	1	0	7	1	0	0	4	31	0	0	0	0	0	51	0	0
0	4	0	324	0	0	1	0	0	0	0	0	0	0	0	0	0	0	0	0	0	7	0	0	2	0	0	0	7	0	5	0	0	2	0	4	0	0	0	0	0	0	142	3	0	0	0	1	0	0	0	1	0	0	1	0	0	0	0	0	0	0	0	0	0	0	0	0	0	0	0	0	0	0	0
0	0	0	0	329	9	0	0	13	0	0	97	5	14	0	6	7	0	0	8	1	0	0	5	0	0	0	1	0	0	0	53	2	37	0	0	24	0	15	0	0	1	12	89	150	6	0	0	0	0	4	0	0	0	0	3	0	6	0	0	0	18	13	187	12	0	1	0	0	0	1	0	68	0	0
0	0	1	0	30	3	0	0	0	0	0	0	0	2	0	0	0	6	0	4	74	0	12	0	0	0	0	0	0	0	0	0	0	2	1	0	0	0	0	0	7	0	6	3	0	0	3	212	0	4	0	0	0	0	9	1	0	0	0	0	0	0	0	0	0	1	0	0	0	0	0	1	0	0	0
0	0	0	0	0	0	0	0	2	0	0	0	0	2	0	0	19	1	0	16	0	0	0	0	0	0	0	1	0	1	2	0	0	0	0	0	0	0	0	0	0	0	5	0	0	378	0	0	1	0	0	0	1	0	0	26	0	280	0	1	0	22	43	0	0	0	0	0	0	0	0	0	2	0	0
0	10	2	150	3	0	2	25	0	0	0	0	0	1	0	0	0	1	0	0	2	85	0	0	7	0	0	0	11	0	6	0	0	0	0	0	0	0	0	0	1	0	1	1	0	0	0	1	0	0	0	1	0	0	0	1	0	0	0	0	0	0	0	0	0	11	0	0	0	0	0	0	0	0	0
0	14	0	26	0	0	0	0	0	0	0	0	0	0	0	0	0	0	0	0	0	47	0	0	2	0	0	0	0	0	5	0	0	0	0	0	0	0	0	0	2	0	0	0	0	0	0	0	0	0	0	0	0	0	0	0	0	0	0	0	0	0	1	0	0	0	0	0	0	0	0	0	0	0	0
0	0	0	0	0	5	0	55	0	0	0	0	0	0	0	0	0	34	2	0	0	1	0	0	0	0	0	30	0	0	0	1	0	2	0	0	0	0	61	0	0	4	1	26	0	0	0	1	1	0	9	0	0	0	0	0	0	0	0	1	0	4	0	0	0	55	20	0	0	0	0	1	0	0	0
0	4	0	0	34	1	0	0	0	0	1	2	3	0	0	206	43	0	0	58	0	0	0	11	0	0	0	1	0	542	1	0	30	0	84	0	1	0	0	0	0	0	68	1	0	30	0	1	0	3	1	26	1	0	0	0	0	75	0	1	0	0	112	0	0	0	0	0	0	0	0	0	0	0	0
0	6	0	4	0	0	0	0	0	0	0	0	0	0	0	0	0	1	0	0	0	93	0	0	0	0	0	0	0	0	0	0	0	0	0	0	0	0	0	0	0	0	11	0	0	0	0	0	0	0	0	0	0	0	0	0	0	0	0	0	0	0	0	0	0	2	0	0	0	0	0	0	0	0	0
0	0	0	0	21	0	0	2	1	0	0	6	0	9	0	111	8	0	0	8	0	0	0	1	0	0	0	0	0	420	0	0	5	0	14	0	1	0	0	0	1	0	8	8	9	26	0	1	0	6	0	280	0	0	0	75	0	0	0	0	0	0	22	0	3	1	0	0	0	0	0	0	3	0	0
0	0	0	0	0	0	0	0	0	0	0	0	0	0	0	0	0	0	0	0	0	0	0	0	0	0	0	0	0	0	0	0	0	0	0	0	0	0	0	0	0	0	0	0	0	0	0	0	0	0	0	0	0	0	0	0	0	0	0	0	0	0	0	0	0	0	0	0	0	0	0	0	0	0	0
0	0	0	0	1	0	0	2	0	1	0	0	0	0	0	0	0	0	1	0	0	0	0	0	1	0	0	0	0	0	1	1	0	0	0	0	0	0	0	4	0	0	0	12	0	1	0	1	0	0	0	1	0	0	1	1	0	0	0	0	0	0	0	1	0	97	0	0	0	0	0	0	0	0	0
0	0	0	0	0	0	0	0	0	0	0	0	0	0	0	0	0	0	0	0	0	0	0	0	0	0	0	0	0	0	0	0	0	0	0	0	0	0	0	0	0	0	0	0	0	0	0	0	0	0	0	0	0	0	0	0	0	0	0	0	0	0	0	0	0	0	0	0	0	0	0	0	0	0	0
0	0	1	0	8	1	0	1	0	0	0	0	0	3	0	2	1	27	0	18	12	1	22	0	0	0	0	0	0	3	0	0	0	0	0	0	0	0	0	6	88	0	2	3	1	4	1	7	0	18	0	22	0	0	4	0	0	0	0	0	0	0	1	0	5	3	0	0	0	0	0	0	0	0	0
0	0	0	0	1	0	0	0	1	0	0	0	0	1	0	21	43	0	0	31	0	0	0	2	0	0	0	0	0	121	1	0	6	0	7	0	0	0	0	0	0	0	2	0	0	40	0	1	0	13	0	43	0	1	0	112	0	22	0	0	0	1	0	0	2	0	0	0	0	1	0	0	0	0	0
0	0	0	0	521	0	0	0	0	1	0	0	0	3	0	1	0	0	0	187	0	0	0	0	0	0	0	0	0	0	0	0	0	0	0	0	0	0	0	20	0	1	1	27	2	0	0	0	0	187	0	0	0	0	0	0	0	0	0	1	0	0	0	0	0	0	0	0	0	0	0	0	0	0	0
0	0	0	0	0	0	0	0	6	0	0	0	0	2	0	1	0	0	0	13	2	0	0	0	0	0	0	0	0	0	1	1	4	1	2	0	14	0	1	3	2	2	0	3	5	1	0	0	0	12	0	0	0	0	0	0	0	3	0	0	0	5	2	0	0	0	0	1	0	0	0	0	1	0	0
0	0	2	2	12	0	0	727	1	0	6	0	1	0	0	1	2	40	520	0	0	5	0	0	64	0	0	16	56	0	1	123	1	50	0	0	0	0	534	0	1	0	7	146	1	0	0	4	0	0	1	0	11	0	55	0	2	1	0	97	0	3	0	0	0	0	21	0	0	0	1	71	7	0	0
0	16	6	112	19	1	0	1	0	0	0	0	0	0	0	105	0	2	0	1	0	0	20	0	2	0	0	0	1	20	0	0	0	10	0	1	0	0	0	22	0	0	381	2	0	0	1	31	0	1	0	0	0	0	20	0	0	0	0	0	0	0	0	0	0	21	0	0	0	0	6	1	0	0	0
0	0	0	0	0	0	0	0	0	0	0	0	0	0	0	0	0	0	0	0	0	0	0	0	0	0	0	0	0	0	0	0	0	0	0	0	0	0	0	0	0	0	0	0	1	0	0	0	0	0	0	0	0	0	0	0	0	0	0	0	0	0	0	0	1	0	0	0	0	0	0	0	0	0	0
0	0	0	0	0	0	0	0	0	0	0	0	0	0	0	0	0	0	0	0	0	0	0	0	0	0	0	0	0	0	0	0	0	0	0	0	0	0	0	0	0	0	0	0	0	0	0	0	0	0	0	0	0	0	0	0	0	0	0	0	0	0	0	0	0	0	0	0	0	0	0	0	0	0	0
0	0	0	0	0	0	0	0	0	0	0	0	0	0	0	0	0	0	0	0	0	0	0	0	11	0	0	0	5	0	0	0	0	0	0	0	0	0	0	0	0	0	0	0	0	0	0	0	0	0	0	0	0	0	0	0	0	0	0	0	0	0	1	0	0	0	0	0	0	0	0	0	0	0	0
0	0	6	0	7	0	0	0	0	0	0	0	0	2	0	0	0	1	0	1	4	1	0	0	1	0	422	0	0	1	1	0	0	2	0	1	0	0	1	0	0	0	70	12	0	0	0	0	0	1	0	0	0	0	0	0	0	0	0	0	0	0	0	0	0	1	6	0	0	0	0	1	0	0	0
0	0	4	0	0	0	0	4	0	0	0	0	0	0	0	0	0	1	0	0	0	0	8	0	9	0	616	1	0	0	0	5	0	1	0	0	0	0	2	0	0	0	1	2	0	0	0	0	0	0	1	0	0	0	1	0	0	0	0	0	0	0	0	0	0	71	1	0	0	0	1	0	0	0	0
0	0	0	0	2	1	0	0	0	0	0	0	0	13	0	3	1	0	0	69	2	0	0	0	1	0	0	0	0	0	3	0	1	0	0	8	0	0	0	14	0	1	16	65	26	2	1	51	0	68	0	2	0	0	0	0	0	3	0	0	0	0	0	0	1	7	0	0	0	0	0	0	0	0	0
0	0	0	0	0	0	0	0	0	0	0	0	0	0	0	0	0	0	0	0	0	0	0	0	0	0	0	0	0	0	0	0	0	0	0	0	0	0	0	0	0	0	0	0	0	0	0	0	0	0	0	0	0	0	0	0	0	0	0	0	0	0	0	0	0	0	0	0	0	0	0	0	0	0	0
0	0	0	0	0	0	0	0	0	0	0	0	0	0	0	0	0	0	0	0	0	0	0	0	0	0	0	0	0	0	0	0	0	0	0	0	0	0	0	0	0	0	0	0	0	0	0	0	0	0	0	0	0	0	0	0	0	0	0	0	0	0	0	0	0	0	0	0	0	0	0	0	0	0	0
