0	0	0	0	0	0	0	0	0	0	0	0	0	0	0	0	0	0	0	0	0	0	0	0	0	0	0	0	0	0	0	0	0	0	0	0	0	0	0	0	0	0	0	0	0	0	0	0	0	0	0	0	0	0	0	0	0	0	0	0	0	0	0	0	0	0	0	0	0	0	0	0	0	0	0
0	0	22	0	0	0	0	1	0	0	8	0	6	0	0	0	0	9	8	0	0	20	0	0	0	0	0	16	1	0	0	0	0	2	0	0	0	0	0	0	6	0	2	0	0	0	0	0	5	0	0	0	36	54	4	0	20	0	98	0	0	0	0	0	0	0	14	0	0	0	0	0	0	0	0
0	22	0	0	0	0	0	0	0	0	0	0	2	0	0	2	0	5	0	0	23	4	0	0	0	0	0	0	1	0	0	0	0	11	0	1	0	0	0	3	1	0	229	0	0	0	0	2	0	0	0	0	0	0	3	0	1	0	0	1	0	1	0	0	0	0	2	0	0	0	150	0	0	0	0
0	0	0	0	0	0	26	14	8	0	726	0	0	0	0	121	0	2	12	0	0	40	0	0	0	0	0	0	3	0	88	0	0	202	0	1	0	0	0	0	2	0	334	0	0	162	0	0	173	0	0	0	224	1	0	0	2	0	30	2	0	0	0	0	0	0	177	0	0	0	8	0	0	0	0
0	0	0	0	0	0	0	0	0	0	0	0	0	0	0	0	0	0	0	0	0	0	0	0	0	0	0	0	0	0	0	0	0	0	0	2	0	0	0	0	0	0	1	5	0	0	0	0	2	0	0	0	0	0	3	0	0	0	0	1	0	0	0	6	0	0	0	0	0	0	0	0	0	0	0
0	0	0	0	0	0	0	0	0	0	0	0	0	0	0	0	0	0	0	0	0	0	0	0	0	0	0	0	0	0	0	0	0	0	0	0	0	0	0	0	0	0	0	0	0	0	0	0	0	0	0	0	0	0	0	0	0	0	0	0	0	0	0	0	0	0	0	0	0	0	0	0	0	0	0
0	0	0	26	0	0	0	0	0	0	53	0	0	0	0	5	0	0	0	0	0	0	0	0	0	0	0	0	1	0	4	0	0	2	0	0	0	0	0	0	1	0	162	0	0	2	0	0	52	0	0	0	10	0	0	0	0	0	1	0	0	0	0	0	0	0	17	0	0	0	5	0	0	0	0
0	1	0	14	0	0	0	0	1	0	0	0	1	0	0	0	0	89	230	0	12	116	0	0	0	0	0	33	37	0	16	0	4	160	0	0	0	0	0	103	28	0	1	56	0	0	0	17	7	4	2	0	144	3	259	1	0	0	16	110	0	0	0	0	0	526	67	0	0	0	3	183	0	0	0
0	0	0	8	0	0	0	1	0	1	0	0	0	0	0	0	0	0	0	0	0	0	0	0	0	0	0	0	4	0	0	0	0	0	0	0	0	0	0	0	0	0	0	0	0	0	0	0	0	0	0	0	0	0	0	0	0	0	0	0	0	0	0	0	0	0	0	0	0	0	0	0	0	0	0
0	0	0	0	0	0	0	0	1	0	0	0	0	0	0	0	0	0	0	0	0	0	0	0	0	0	0	0	0	0	0	0	0	0	0	1	0	0	0	0	0	2	0	0	0	1	0	0	0	0	0	0	0	0	0	0	0	0	0	0	0	1	0	1	1	0	0	2	0	0	1	0	0	0	0
0	8	0	726	0	0	53	0	0	0	0	0	0	0	0	256	0	0	0	7	0	0	0	0	0	0	0	0	7	0	1	0	0	66	0	0	0	0	0	2	141	0	741	0	0	168	0	0	168	0	0	0	0	1	0	0	0	0	0	2	0	0	0	0	0	0	5	0	0	0	75	0	0	0	0
0	0	0	0	0	0	0	0	0	0	0	0	0	0	0	8	0	0	0	50	0	0	0	0	0	0	0	0	0	0	0	0	0	0	0	0	0	0	0	2	1	0	0	0	0	6	0	0	0	0	0	0	0	0	0	5	0	596	0	1	238	0	0	0	0	0	0	2	0	0	0	0	3	0	0
0	6	2	0	0	0	0	1	0	0	0	0	0	2	0	0	0	3	0	0	0	0	0	2	0	0	0	0	0	0	0	0	0	0	0	2	0	0	0	0	4	0	1	1	0	0	0	0	2	0	0	0	0	0	0	0	0	0	1	0	0	0	0	0	1	0	0	0	0	0	0	0	0	0	0
0	0	0	0	0	0	0	0	0	0	0	0	2	0	0	0	1	0	0	0	0	0	0	0	0	0	11	0	0	0	0	0	2	0	0	4	0	0	0	20	5	0	1	0	48	5	0	0	1	0	0	0	0	0	0	0	0	3	0	8	0	0	0	0	1	0	0	2	0	0	1	1	0	0	0
0	0	0	0	0	0	0	0	0	0	0	0	0	0	0	0	0	0	0	0	0	0	0	0	0	0	0	0	0	0	0	0	0	0	0	0	0	0	0	0	0	0	0	0	0	0	0	0	0	0	0	0	0	0	0	0	0	0	0	0	0	0	0	0	0	0	0	0	0	0	0	0	0	0	0
0	0	2	121	0	0	5	0	0	0	256	8	0	0	0	0	25	10	0	477	0	0	0	3	0	0	0	1	0	5	0	0	103	107	0	0	6	0	0	21	25	0	711	0	0	587	0	0	0	0	0	0	0	0	0	128	0	462	0	0	0	0	157	0	0	0	206	3	0	0	171	2	0	0	0
0	0	0	0	0	0	0	0	0	0	0	0	0	1	0	25	0	0	0	208	0	0	0	22	0	0	0	0	0	4	0	0	0	0	0	1	0	0	0	12	88	0	27	0	0	434	0	0	0	0	0	0	0	0	2	108	0	0	0	0	0	0	0	0	1	0	0	5	0	0	0	0	0	0	0
0	9	5	2	0	0	0	89	0	0	0	0	3	0	0	10	0	0	0	0	130	9	0	0	0	0	0	519	17	0	69	0	0	396	0	1	0	0	0	0	868	0	65	9	0	0	0	0	0	0	4	0	2	48	297	0	15	0	13	9	0	272	0	0	0	10	7	0	0	0	22	2	0	0	0
0	8	0	12	0	0	0	230	0	0	0	0	0	0	0	0	0	0	0	1	0	0	0	2	0	0	0	0	45	0	4	0	0	14	0	0	0	0	0	10	25	0	1	6	0	0	0	0	2	0	0	0	0	10	187	0	0	1	3	8	0	0	0	0	0	0	0	2	0	0	0	1	0	0	0
0	0	0	0	0	0	0	0	0	0	7	50	0	0	0	477	208	0	1	0	0	0	0	1	0	0	0	0	0	3	0	0	64	69	0	0	0	0	0	0	3	0	206	0	0	128	0	0	0	0	0	0	0	0	0	95	0	109	0	0	0	4	212	0	1	0	0	1	0	0	0	0	6	0	0
0	0	23	0	0	0	0	12	0	0	0	0	0	0	0	0	0	130	0	0	0	0	0	0	0	0	0	13	19	0	34	0	0	42	0	122	0	0	0	0	554	0	50	2	0	0	0	0	0	0	6	0	0	1	0	0	0	0	0	1	0	2	0	0	0	0	0	0	0	0	7	10	0	0	0
0	20	4	40	0	0	0	116	0	0	0	0	0	0	0	0	0	9	0	0	0	0	0	0	0	0	0	4	37	0	3	0	0	10	0	0	0	0	0	0	140	0	0	0	0	0	0	0	2	0	0	0	0	215	0	0	0	0	0	1	0	0	0	0	0	0	0	0	0	0	0	0	0	0	0
0	0	0	0	0	0	0	0	0	0	0	0	0	0	0	0	0	0	0	0	0	0	0	0	0	0	0	0	0	0	0	0	0	0	0	0	0	0	0	0	0	0	0	0	0	0	0	0	0	0	0	0	0	0	0	0	0	0	0	0	0	0	0	0	0	0	0	0	0	0	0	0	0	0	0
0	0	0	0	0	0	0	0	0	0	0	0	2	0	0	3	22	0	2	1	0	0	0	0	0	0	0	0	0	0	6	0	0	0	0	3	1	0	0	0	1	0	0	0	0	1	0	0	0	0	0	1	4	0	0	22	0	12	0	1	0	0	1	0	0	0	0	0	0	0	0	0	0	0	0
0	0	0	0	0	0	0	0	0	0	0	0	0	0	0	0	0	0	0	0	0	0	0	0	0	0	0	0	0	0	0	0	0	0	0	0	0	0	0	0	0	0	0	0	0	0	0	0	0	0	0	0	0	0	0	0	0	0	0	0	0	0	0	0	0	0	0	0	0	0	0	0	0	0	0
0	0	0	0	0	0	0	0	0	0	0	0	0	0	0	0	0	0	0	0	0	0	0	0	0	0	0	0	0	0	0	0	0	0	0	0	0	0	0	0	0	0	0	0	2	0	0	0	0	0	0	0	0	0	0	0	0	0	0	0	0	0	0	0	0	0	0	0	0	0	0	0	0	0	0
0	0	0	0	0	0	0	0	0	0	0	0	0	11	0	0	0	0	0	0	0	0	0	0	0	0	0	0	0	0	0	0	0	0	0	4	0	0	0	4	0	2	1	1	0	32	0	0	0	24	0	0	0	0	1	0	0	0	0	0	0	0	2	30	0	0	0	30	0	0	0	0	0	0	0
0	16	0	0	0	0	0	33	0	0	0	0	0	0	0	1	0	519	0	0	13	4	0	0	0	0	0	0	17	0	61	0	0	99	0	0	0	0	0	0	324	0	33	0	0	0	0	0	0	0	0	0	1	1	15	0	0	0	16	0	0	48	0	0	0	0	4	0	0	0	0	2	0	0	0
0	1	1	3	0	0	1	37	4	0	7	0	0	0	0	0	0	17	45	0	19	37	0	0	0	0	0	17	0	0	21	0	0	16	0	11	0	0	0	6	10	0	4	2	0	0	0	4	7	0	0	0	47	19	9	0	11	0	12	5	0	3	0	0	0	31	3	1	0	0	1	14	0	0	0
0	0	0	0	0	0	0	0	0	0	0	0	0	0	0	5	4	0	0	3	0	0	0	0	0	0	0	0	0	0	0	0	0	3	0	1	0	0	0	0	0	0	48	0	0	1	0	0	0	0	0	0	0	0	0	1	0	22	0	0	0	0	0	5	0	0	13	5	0	0	0	32	0	0	0
0	0	0	88	0	0	4	16	0	0	1	0	0	0	0	0	0	69	4	0	34	3	0	6	0	0	0	61	21	0	0	0	0	2	0	1	0	0	0	17	867	0	0	0	0	0	0	0	23	0	0	0	14	2	0	0	0	0	1	6	0	2	0	0	0	0	0	0	0	0	1	2	0	0	0
0	0	0	0	0	0	0	0	0	0	0	0	0	0	0	0	0	0	0	0	0	0	0	0	0	0	0	0	0	0	0	0	0	0	0	0	0	0	0	0	0	0	0	0	0	0	0	0	0	0	0	0	0	0	0	0	0	0	0	0	0	0	0	0	0	0	0	0	0	0	0	0	0	0	0
0	0	0	0	0	0	0	4	0	0	0	0	0	2	0	103	0	0	0	64	0	0	0	0	0	0	0	0	0	0	0	0	0	0	0	6	0	0	0	0	2	1	320	0	0	82	0	0	1	0	0	0	0	0	4	30	0	291	0	7	11	0	0	0	7	0	0	0	0	0	4	0	23	0	0
0	2	11	202	0	0	2	160	0	0	66	0	0	0	0	107	0	396	14	69	42	10	0	0	0	0	0	99	16	3	2	0	0	0	0	3	0	0	0	0	302	0	270	18	0	4	0	2	14	0	1	0	2	18	82	0	8	0	18	0	0	18	6	0	0	12	87	0	0	0	125	22	0	0	0
0	0	0	0	0	0	0	0	0	0	0	0	0	0	0	0	0	0	0	0	0	0	0	0	0	0	0	0	0	0	0	0	0	0	0	0	0	0	0	0	0	0	0	0	0	0	0	0	0	0	0	0	0	0	0	0	0	0	0	0	0	0	0	0	0	0	0	0	0	0	0	0	0	0	0
0	0	1	1	2	0	0	0	0	1	0	0	2	4	0	0	1	1	0	0	122	0	0	3	0	0	4	0	11	1	1	0	6	3	0	0	0	0	0	314	39	108	17	323	0	0	0	2	5	3	11	0	0	0	1	0	0	0	0	67	0	0	0	209	0	0	3	1	0	0	2	120	0	0	0
0	0	0	0	0	0	0	0	0	0	0	0	0	0	0	6	0	0	0	0	0	0	0	1	0	0	0	0	0	0	0	0	0	0	0	0	0	0	0	0	3	0	0	0	0	0	0	0	0	0	0	0	0	0	0	0	0	0	0	0	0	0	0	0	19	0	0	0	0	0	0	0	0	0	0
0	0	0	0	0	0	0	0	0	0	0	0	0	0	0	0	0	0	0	0	0	0	0	0	0	0	0	0	0	0	0	0	0	0	0	0	0	0	0	0	0	0	0	0	0	0	0	0	0	0	0	0	0	0	0	0	0	0	0	0	0	0	0	0	0	0	0	0	0	0	0	0	0	0	0
0	0	0	0	0	0	0	0	0	0	0	0	0	0	0	0	0	0	0	0	0	0	0	0	0	0	0	0	0	0	0	0	0	0	0	0	0	0	0	0	0	0	0	0	0	0	0	0	0	0	0	0	0	0	0	0	0	0	0	0	0	0	0	0	0	0	0	0	0	0	0	0	0	0	0
0	0	3	0	0	0	0	103	0	0	2	2	0	20	0	21	12	0	10	0	0	0	0	0	0	0	4	0	6	0	17	0	0	0	0	314	0	0	0	0	225	0	50	167	0	7	0	0	1	1	0	0	9	0	1	0	0	104	4	231	0	0	0	149	0	31	49	11	0	0	15	40	0	0	0
0	6	1	2	0	0	1	28	0	0	141	1	4	5	0	25	88	868	25	3	554	140	0	1	0	0	0	324	10	0	867	0	2	302	0	39	3	0	0	225	0	0	103	7	0	41	0	0	25	0	15	0	77	43	37	0	12	0	73	322	0	328	8	0	15	0	59	88	0	0	8	143	0	0	0
0	0	0	0	0	0	0	0	0	2	0	0	0	0	0	0	0	0	0	0	0	0	0	0	0	0	2	0	0	0	0	0	1	0	0	108	0	0	0	0	0	0	0	2	0	0	0	0	0	0	0	0	0	0	0	0	0	0	0	4	0	0	0	49	2	0	0	0	0	0	0	0	7	0	0
0	2	229	334	1	0	162	1	0	0	741	0	1	1	0	711	27	65	1	206	50	0	0	0	0	0	1	33	4	48	0	0	320	270	0	17	0	0	0	50	103	0	0	8	0	43	0	0	234	0	2	0	0	1	0	55	9	12	0	3	0	6	5	1	1	1	622	5	0	0	710	22	2	0	0
0	0	0	0	5	0	0	56	0	0	0	0	1	0	0	0	0	9	6	0	2	0	0	0	0	0	1	0	2	0	0	0	0	18	0	323	0	0	0	167	7	2	8	0	0	1	0	0	2	3	0	0	4	0	67	0	0	2	0	131	0	1	0	34	0	4	5	1	0	0	0	19	0	0	0
0	0	0	0	0	0	0	0	0	0	0	0	0	48	0	0	0	0	0	0	0	0	0	0	0	2	0	0	0	0	0	0	0	0	0	0	0	0	0	0	0	0	0	0	0	0	0	0	0	0	0	0	0	0	0	0	0	0	0	0	0	0	0	0	0	0	0	0	0	0	0	0	0	0	0
0	0	0	162	0	0	2	0	0	1	168	6	0	5	0	587	434	0	0	128	0	0	0	1	0	0	32	0	0	1	0	0	82	4	0	0	0	0	0	7	41	0	43	1	0	0	0	0	1	0	0	0	0	0	1	13	0	377	1	0	0	0	12	0	5	0	0	0	0	0	0	0	1	0	0
0	0	0	0	0	0	0	0	0	0	0	0	0	0	0	0	0	0	0	0	0	0	0	0	0	0	0	0	0	0	0	0	0	0	0	0	0	0	0	0	0	0	0	0	0	0	0	0	0	0	0	0	0	0	0	0	0	0	0	0	0	0	0	0	0	0	0	0	0	0	0	0	0	0	0
0	0	2	0	0	0	0	17	0	0	0	0	0	0	0	0	0	0	0	0	0	0	0	0	0	0	0	0	4	0	0	0	0	2	0	2	0	0	0	0	0	0	0	0	0	0	0	0	0	0	0	0	0	2	0	0	0	0	0	0	0	0	0	0	0	0	0	0	0	0	0	0	0	0	0
0	5	0	173	2	0	52	7	0	0	168	0	2	1	0	0	0	0	2	0	0	2	0	0	0	0	0	0	7	0	23	0	1	14	0	5	0	0	0	1	25	0	234	2	0	1	0	0	0	0	0	0	109	1	0	0	55	0	0	4	0	1	0	1	0	2	119	3	0	0	68	5	0	5	0
0	0	0	0	0	0	0	4	0	0	0	0	0	0	0	0	0	0	0	0	0	0	0	0	0	0	24	0	0	0	0	0	0	0	0	3	0	0	0	1	0	0	0	3	0	0	0	0	0	0	0	0	0	0	0	0	0	0	0	0	0	0	0	0	0	0	0	0	0	0	0	0	0	0	0
0	0	0	0	0	0	0	2	0	0	0	0	0	0	0	0	0	4	0	0	6	0	0	0	0	0	0	0	0	0	0	0	0	1	0	11	0	0	0	0	15	0	2	0	0	0	0	0	0	0	0	0	0	0	0	0	0	0	0	0	0	0	0	0	0	0	0	0	0	0	2	2	0	0	0
0	0	0	0	0	0	0	0	0	0	0	0	0	0	0	0	0	0	0	0	0	0	0	1	0	0	0	0	0	0	0	0	0	0	0	0	0	0	0	0	0	0	0	0	0	0	0	0	0	0	0	0	0	0	0	0	0	4	0	0	0	0	0	0	0	0	0	0	0	0	0	0	0	0	0
0	36	0	224	0	0	10	144	0	0	0	0	0	0	0	0	0	2	0	0	0	0	0	4	0	0	0	1	47	0	14	0	0	2	0	0	0	0	0	9	77	0	0	4	0	0	0	0	109	0	0	0	0	124	0	0	1	0	0	9	0	0	0	0	0	0	1	0	0	0	0	0	0	0	0
0	54	0	1	0	0	0	3	0	0	1	0	0	0	0	0	0	48	10	0	1	215	0	0	0	0	0	1	19	0	2	0	0	18	0	0	0	0	0	0	43	0	1	0	0	0	0	2	1	0	0	0	124	0	1	0	36	0	163	1	0	0	1	0	0	4	0	0	0	0	0	0	0	0	0
0	4	3	0	3	0	0	259	0	0	0	0	0	0	0	0	2	297	187	0	0	0	0	0	0	0	1	15	9	0	0	0	4	82	0	1	0	0	0	1	37	0	0	67	0	1	0	0	0	0	0	0	0	1	0	0	0	0	4	0	0	1	0	2	0	35	95	13	0	0	3	294	3	0	0
0	0	0	0	0	0	0	1	0	0	0	5	0	0	0	128	108	0	0	95	0	0	0	22	0	0	0	0	0	1	0	0	30	0	0	0	0	0	0	0	0	0	55	0	0	13	0	0	0	0	0	0	0	0	0	0	0	431	0	0	249	0	108	0	0	0	0	1	0	0	0	0	0	0	0
0	20	1	2	0	0	0	0	0	0	0	0	0	0	0	0	0	15	0	0	0	0	0	0	0	0	0	0	11	0	0	0	0	8	0	0	0	0	0	0	12	0	9	0	0	0	0	0	55	0	0	0	1	36	0	0	0	0	0	0	0	0	0	0	0	0	0	0	0	0	0	0	0	0	0
0	0	0	0	0	0	0	0	0	0	0	596	0	3	0	462	0	0	1	109	0	0	0	12	0	0	0	0	0	22	0	0	291	0	0	0	0	0	0	104	0	0	12	2	0	377	0	0	0	0	0	4	0	0	0	431	0	0	0	2	122	56	2	0	0	1	2	2	0	0	0	0	1	0	0
0	98	0	30	0	0	1	16	0	0	0	0	1	0	0	0	0	13	3	0	0	0	0	0	0	0	0	16	12	0	1	0	0	18	0	0	0	0	0	4	73	0	0	0	0	1	0	0	0	0	0	0	0	163	4	0	0	0	0	1	0	0	0	0	0	0	0	16	0	0	0	2	0	0	0
0	0	1	2	1	0	0	110	0	0	2	1	0	8	0	0	0	9	8	0	1	1	0	1	0	0	0	0	5	0	6	0	7	0	0	67	0	0	0	231	322	4	3	131	0	0	0	0	4	0	0	0	9	1	0	0	0	2	1	0	0	0	0	94	1	7	7	22	0	0	1	12	0	0	0
0	0	0	0	0	0	0	0	0	0	0	238	0	0	0	0	0	0	0	0	0	0	0	0	0	0	0	0	0	0	0	0	11	0	0	0	0	0	0	0	0	0	0	0	0	0	0	0	0	0	0	0	0	0	0	249	0	122	0	0	0	0	122	1	0	0	0	0	0	0	0	0	0	0	0
0	0	1	0	0	0	0	0	0	1	0	0	0	0	0	0	0	272	0	4	2	0	0	0	0	0	0	48	3	0	2	0	0	18	0	0	0	0	0	0	328	0	6	1	0	0	0	0	1	0	0	0	0	0	1	0	0	56	0	0	0	0	0	0	2	0	0	0	0	0	1	0	32	0	0
0	0	0	0	0	0	0	0	0	0	0	0	0	0	0	157	0	0	0	212	0	0	0	1	0	0	2	0	0	0	0	0	0	6	0	0	0	0	0	0	8	0	5	0	0	12	0	0	0	0	0	0	0	1	0	108	0	2	0	0	122	0	0	0	9	0	0	2	0	1	1	0	0	0	0
0	0	0	0	6	0	0	0	0	1	0	0	0	0	0	0	0	0	0	0	0	0	0	0	0	0	30	0	0	5	0	0	0	0	0	209	0	0	0	149	0	49	1	34	0	0	0	0	1	0	0	0	0	0	2	0	0	0	0	94	1	0	0	0	0	0	0	42	0	0	0	0	42	0	0
0	0	0	0	0	0	0	0	0	1	0	0	1	1	0	0	1	0	0	1	0	0	0	0	0	0	0	0	0	0	0	0	7	0	0	0	19	0	0	0	15	2	1	0	0	5	0	0	0	0	0	0	0	0	0	0	0	0	0	1	0	2	9	0	0	0	0	34	0	0	0	0	0	0	0
0	0	0	0	0	0	0	526	0	0	0	0	0	0	0	0	0	10	0	0	0	0	0	0	0	0	0	0	31	0	0	0	0	12	0	0	0	0	0	31	0	0	1	4	0	0	0	0	2	0	0	0	0	4	35	0	0	1	0	7	0	0	0	0	0	0	0	3	0	0	0	0	0	0	0
0	14	2	177	0	0	17	67	0	0	5	0	0	0	0	206	0	7	0	0	0	0	0	0	0	0	0	4	3	13	0	0	0	87	0	3	0	0	0	49	59	0	622	5	0	0	0	0	119	0	0	0	1	0	95	0	0	2	0	7	0	0	0	0	0	0	0	0	0	0	125	7	0	0	0
0	0	0	0	0	0	0	0	0	2	0	2	0	2	0	3	5	0	2	1	0	0	0	0	0	0	30	0	1	5	0	0	0	0	0	1	0	0	0	11	88	0	5	1	0	0	0	0	3	0	0	0	0	0	13	1	0	2	16	22	0	0	2	42	34	3	0	0	0	0	0	0	26	0	0
0	0	0	0	0	0	0	0	0	0	0	0	0	0	0	0	0	0	0	0	0	0	0	0	0	0	0	0	0	0	0	0	0	0	0	0	0	0	0	0	0	0	0	0	0	0	0	0	0	0	0	0	0	0	0	0	0	0	0	0	0	0	0	0	0	0	0	0	0	0	0	0	0	0	0
0	0	0	0	0	0	0	0	0	0	0	0	0	0	0	0	0	0	0	0	0	0	0	0	0	0	0	0	0	0	0	0	0	0	0	0	0	0	0	0	0	0	0	0	0	0	0	0	0	0	0	0	0	0	0	0	0	0	0	0	0	0	1	0	0	0	0	0	0	0	0	0	0	0	0
0	0	150	8	0	0	5	3	0	1	75	0	0	1	0	171	0	22	0	0	7	0	0	0	0	0	0	0	1	0	1	0	4	125	0	2	0	0	0	15	8	0	710	0	0	0	0	0	68	0	2	0	0	0	3	0	0	0	0	1	0	1	1	0	0	0	125	0	0	0	0	0	1	0	0
0	0	0	0	0	0	0	183	0	0	0	0	0	1	0	2	0	2	1	0	10	0	0	0	0	0	0	2	14	32	2	0	0	22	0	120	0	0	0	40	143	0	22	19	0	0	0	0	5	0	2	0	0	0	294	0	0	0	2	12	0	0	0	0	0	0	7	0	0	0	0	0	0	0	0
0	0	0	0	0	0	0	0	0	0	0	3	0	0	0	0	0	0	0	6	0	0	0	0	0	0	0	0	0	0	0	0	23	0	0	0	0	0	0	0	0	7	2	0	0	1	0	0	0	0	0	0	0	0	3	0	0	1	0	0	0	32	0	42	0	0	0	26	0	0	1	0	0	0	0
0	0	0	0	0	0	0	0	0	0	0	0	0	0	0	0	0	0	0	0	0	0	0	0	0	0	0	0	0	0	0	0	0	0	0	0	0	0	0	0	0	0	0	0	0	0	0	0	5	0	0	0	0	0	0	0	0	0	0	0	0	0	0	0	0	0	0	0	0	0	0	0	0	0	0
0	0	0	0	0	0	0	0	0	0	0	0	0	0	0	0	0	0	0	0	0	0	0	0	0	0	0	0	0	0	0	0	0	0	0	0	0	0	0	0	0	0	0	0	0	0	0	0	0	0	0	0	0	0	0	0	0	0	0	0	0	0	0	0	0	0	0	0	0	0	0	0	0	0	0
