0	0	0	0	0	0	0	0	0	0	0	0	0	0	0	0	0	0	0	0	0	0	0	0	0	0	0	0	0	0	0	0	0	0	0	0	0	0	0	0	0	0	0	0	0	0	0	0	0	0	0	0	0	0	0	0	0	0	0	0	0	0	0	0	0	0	0	0	0	0	0	0	0	0	0
0	0	388	0	1	0	0	4	0	0	0	0	0	0	84	0	0	24	58	15	0	174	0	0	3	0	0	0	449	0	0	0	0	10	0	0	0	0	2	2	0	0	15	0	0	0	0	0	96	0	0	0	265	125	15	0	932	0	235	3	3	0	0	0	0	7	104	0	0	0	0	0	0	1	4
0	388	0	0	3	0	0	0	0	2	0	0	70	0	35	0	0	0	29	0	0	0	0	0	16	0	0	1	7	0	0	0	0	28	0	0	0	0	1	0	0	0	121	6	0	0	0	0	9	0	0	0	85	0	4	0	137	0	11	16	0	2	0	0	61	41	326	1	0	0	39	0	0	3	1
0	0	0	0	15	0	116	0	0	80	20	0	0	5	48	61	0	0	8	0	2	20	0	0	4	0	0	0	5	0	46	0	0	43	0	0	0	0	0	0	0	0	142	1	0	0	0	0	49	0	0	0	21	15	0	0	1	0	2	55	11	0	0	0	72	1	38	4	0	0	1	0	0	15	216
0	1	3	15	0	0	0	1	7	984	1	3	4	1	3	22	40	12	19	0	50	4	0	0	0	3	0	4	7	1	3	74	26	1	0	0	44	0	59	67	6	56	17	112	8	79	0	0	0	0	0	0	4	0	6	2	0	0	32	119	10	17	1	131	30	2	7	102	0	21	21	43	0	9	15
0	0	0	0	0	0	0	0	0	1	0	0	0	0	7	0	0	0	0	0	0	6	0	0	0	0	0	0	12	0	1	0	0	0	0	0	0	0	12	0	0	0	1	0	0	1	0	0	0	0	0	0	0	0	12	0	0	0	0	4	0	0	0	0	1	0	0	1	0	0	0	0	0	4	0
0	0	0	116	0	0	0	0	0	0	119	0	0	1	190	62	0	0	0	0	0	2	0	0	0	0	0	0	1	0	0	0	0	2	0	0	0	0	0	0	0	0	35	0	0	3	0	0	170	0	0	0	6	0	0	0	0	0	0	10	0	0	1	0	0	0	4	0	0	0	22	0	0	0	188
0	4	0	0	1	0	0	0	1	0	0	0	0	0	164	0	0	10	152	0	0	0	0	0	79	0	0	0	85	0	0	0	0	2	0	0	0	0	15	0	0	0	0	45	0	0	0	0	4	0	0	0	0	1	20	0	0	0	0	37	0	0	0	0	0	125	1	0	0	0	0	0	0	1	0
0	0	0	0	7	0	0	1	0	52	0	0	0	0	0	9	0	0	0	0	0	0	0	0	0	1	0	0	0	0	0	0	0	0	0	0	0	0	0	0	0	0	0	0	0	0	0	0	0	0	0	0	0	0	0	0	0	0	0	0	0	0	0	0	89	7	1	8	0	0	0	0	0	7	0
0	0	2	80	984	1	0	0	52	0	0	9	0	0	0	1	0	0	0	0	0	0	0	0	0	7	0	0	0	0	0	2151	52	2	0	0	9	0	2712	1316	49	3222	100	2709	0	319	0	0	1	6	0	0	0	0	13	1	0	0	0	858	6	0	0	2276	2262	0	8	766	0	18	11	2	542	83	1
0	0	0	20	1	0	119	0	0	0	0	0	0	39	355	701	0	0	109	4	0	0	0	0	65	0	0	0	13	0	0	0	0	216	0	0	0	0	0	0	0	0	370	0	0	0	0	0	206	0	0	0	0	12	0	0	42	0	0	69	9	0	0	0	0	65	322	0	0	0	12	0	0	1	742
0	0	0	0	3	0	0	0	0	9	0	0	0	0	0	1	0	0	0	0	0	0	0	0	1	2	0	0	0	0	0	0	0	0	0	0	0	0	0	0	0	0	0	0	0	0	0	0	0	0	0	0	0	0	0	38	0	0	0	1	0	0	0	0	4	1	0	1	0	17	0	0	0	3	0
0	0	70	0	4	0	0	0	0	0	0	0	0	0	0	2	0	0	0	0	0	0	0	0	0	0	0	0	3	0	0	0	0	4	0	0	0	0	0	0	0	0	1	5	0	0	0	0	0	0	0	0	0	0	0	0	0	0	0	4	0	0	0	0	10	1	0	0	0	0	0	0	0	4	0
0	0	0	5	1	0	1	0	0	0	39	0	0	0	47	99	2	1	0	0	0	0	0	0	0	0	0	0	0	0	0	0	1	0	0	0	2	0	0	29	0	0	3	0	533	55	0	0	0	0	0	0	0	0	0	1	0	0	0	0	0	14	3	1	0	0	0	12	0	0	1	1	0	1	4
0	84	35	48	3	7	190	164	0	0	355	0	0	47	0	203	0	216	1066	0	0	131	0	0	579	0	0	74	660	0	211	1	0	47	0	0	1	0	335	5	251	0	189	0	0	28	0	0	337	0	0	0	205	22	278	6	58	0	94	358	0	0	0	1	0	614	17	5	0	9	109	32	0	6	285
0	0	0	61	22	0	62	0	9	1	701	1	2	99	203	0	186	1	2	19	1	0	0	0	3	3	0	0	0	0	1	0	496	295	0	0	53	0	1	7	38	0	497	1	10	386	0	0	0	0	0	0	0	0	2	387	0	0	1	0	14	1	221	6	5	2	173	109	0	0	626	1	0	61	1
0	0	0	0	40	0	0	0	0	0	0	0	0	2	0	186	0	0	0	34	154	0	0	0	0	1	2	0	0	0	0	0	0	76	0	0	0	0	0	0	0	0	14	1	0	0	0	0	0	0	0	0	0	0	0	0	0	0	0	0	0	0	0	0	84	1	2	1	0	1	0	0	0	40	0
0	24	0	0	12	0	0	10	0	0	0	0	0	1	216	1	0	0	87	0	272	0	0	0	115	1	0	17	145	0	0	0	0	22	0	0	0	0	0	0	0	0	16	39	0	0	0	0	2	0	1	0	0	27	23	0	2	0	0	247	6	0	0	0	2	104	59	10	0	0	0	0	0	12	0
0	58	29	8	19	0	0	152	0	0	109	0	0	0	1066	2	0	87	0	0	41	107	0	0	732	2	0	52	482	0	180	78	1	187	0	0	23	0	723	29	197	0	35	63	0	48	0	0	20	0	0	0	170	30	375	1	1	0	198	401	0	17	0	6	0	1264	25	88	5	3	4	62	0	55	43
0	15	0	0	0	0	0	0	0	0	4	0	0	0	0	19	34	0	0	0	0	0	0	0	0	0	0	0	0	68	0	0	150	182	0	0	0	0	0	0	0	0	31	2	0	113	0	0	0	0	0	0	0	0	0	154	16	0	36	0	0	0	148	0	1	19	0	0	0	0	2	0	0	0	0
0	0	0	2	50	0	0	0	0	0	0	0	0	0	0	1	154	272	41	0	0	8	0	0	1	0	0	244	1	0	406	30	10	296	0	0	22	0	54	0	244	0	90	54	0	0	0	0	0	0	0	0	4	0	12	0	0	0	20	74	0	74	0	0	17	8	115	2	0	6	228	50	0	78	24
0	174	0	20	4	6	2	0	0	0	0	0	0	0	131	0	0	0	107	0	8	0	0	0	131	0	0	5	335	0	0	0	0	108	0	0	0	0	0	0	0	0	0	0	0	0	0	0	156	0	0	0	0	141	4	0	103	0	0	318	0	0	0	0	0	67	46	0	0	0	0	0	0	4	108
0	0	0	0	0	0	0	0	0	0	0	0	0	0	0	0	0	0	0	0	0	0	0	0	0	0	0	0	0	0	0	0	0	0	0	0	0	0	0	0	0	0	0	0	0	0	0	0	0	0	0	0	0	0	0	0	0	0	0	0	0	0	0	0	0	0	0	0	0	0	0	0	0	0	0
0	0	0	0	0	0	0	0	0	0	0	0	0	0	0	0	0	0	0	0	0	0	0	0	0	0	0	0	0	0	0	0	0	0	0	0	0	0	0	0	0	0	0	0	0	0	0	0	0	0	0	0	0	0	0	0	0	0	0	0	0	0	0	0	0	0	0	0	0	0	0	0	0	0	0
0	3	16	4	0	0	0	79	0	0	65	1	0	0	579	3	0	115	732	0	1	131	0	0	0	0	0	66	287	0	193	4	0	161	0	0	0	0	443	5	184	0	25	8	0	1	0	0	13	0	0	0	159	4	538	0	0	0	86	76	1	3	0	0	1	893	1	1	0	0	9	150	0	4	3
0	0	0	0	3	0	0	0	1	7	0	2	0	0	0	3	1	1	2	0	0	0	0	0	0	0	0	1	0	0	0	1	2	2	0	0	4	0	5	0	0	1	19	5	3	0	0	0	0	0	0	0	0	4	2	0	0	0	1	1	0	0	0	0	10	0	0	16	0	0	0	1	0	7	0
0	0	0	0	0	0	0	0	0	0	0	0	0	0	0	0	2	0	0	0	0	0	0	0	0	0	0	0	0	0	0	0	0	0	0	0	0	0	0	0	0	0	0	0	0	6	0	0	0	0	0	0	0	0	0	0	0	0	0	0	0	0	0	4	0	0	10	20	0	0	0	0	0	0	0
0	0	1	0	4	0	0	0	0	0	0	0	0	0	74	0	0	17	52	0	244	5	0	0	66	1	0	0	99	0	11	0	0	37	0	0	0	0	20	0	15	0	20	17	0	0	0	0	9	0	0	0	1	21	35	0	0	0	10	191	2	1	0	0	1	51	22	0	0	0	1	2	0	4	0
0	449	7	5	7	12	1	85	0	0	13	0	3	0	660	0	0	145	482	0	1	335	0	0	287	0	0	99	0	0	135	0	0	4	0	0	0	0	172	23	37	0	11	3	0	0	0	0	71	0	0	0	278	15	185	0	1	0	220	518	1	0	0	0	0	269	2	0	0	0	0	10	0	7	1
0	0	0	0	1	0	0	0	0	0	0	0	0	0	0	0	0	0	0	68	0	0	0	0	0	0	0	0	0	0	0	0	3	0	0	0	2	0	0	0	0	0	0	0	0	5	0	0	0	0	0	0	0	0	0	1	0	0	0	0	0	0	0	1	8	0	0	5	0	0	0	0	1	4	0
0	0	0	46	3	1	0	0	0	0	0	0	0	0	211	1	0	0	180	0	406	0	0	0	193	0	0	11	135	0	0	0	0	48	0	0	0	0	0	0	0	0	9	2	0	0	0	0	14	0	0	0	0	17	1	0	0	0	0	1142	10	0	0	0	1	21	124	0	0	0	0	0	0	3	100
0	0	0	0	74	0	0	0	0	2151	0	0	0	0	1	0	0	0	78	0	30	0	0	0	4	1	0	0	0	0	0	0	0	8	0	0	0	0	0	0	0	0	0	495	0	0	0	0	0	0	0	0	0	1	5	0	0	0	0	970	0	0	0	0	0	76	0	0	0	0	0	0	0	60	0
0	0	0	0	26	0	0	0	0	52	0	0	0	1	0	496	0	0	1	150	10	0	0	0	0	2	0	0	0	3	0	0	0	0	0	0	0	0	0	0	0	0	162	2	0	0	0	0	2	0	0	0	0	0	0	60	0	0	0	5	0	0	0	0	301	9	8	91	0	29	12	0	0	26	7
0	10	28	43	1	0	2	2	0	2	216	0	4	0	47	295	76	22	187	182	296	108	0	0	161	2	0	37	4	0	48	8	0	0	0	0	0	0	22	0	152	0	340	74	0	158	0	0	6	0	0	0	2	8	40	1	2	0	298	212	7	6	0	2	2	211	442	0	0	1	23	36	0	1	648
0	0	0	0	0	0	0	0	0	0	0	0	0	0	0	0	0	0	0	0	0	0	0	0	0	0	0	0	0	0	0	0	0	0	0	0	0	0	0	0	0	0	0	0	0	0	0	0	0	0	0	0	0	0	0	0	0	0	0	0	22	0	0	0	0	0	0	0	0	0	0	0	0	0	0
0	0	0	0	0	0	0	0	0	0	0	0	0	0	0	0	0	0	0	0	0	0	0	0	0	0	0	0	0	0	0	0	0	0	0	0	0	0	0	0	0	0	0	0	0	0	0	0	0	0	0	0	0	0	0	0	0	0	0	0	0	0	0	0	0	0	0	0	0	0	0	0	0	0	0
0	0	0	0	44	0	0	0	0	9	0	0	0	2	1	53	0	0	23	0	22	0	0	0	0	4	0	0	0	2	0	0	0	0	0	0	0	0	0	0	0	0	2	1	0	0	0	0	0	0	0	0	0	1	1	6	0	0	0	3	0	0	0	0	503	10	0	207	0	11	1	0	0	44	0
0	0	0	0	0	0	0	0	0	0	0	0	0	0	0	0	0	0	0	0	0	0	0	0	0	0	0	0	0	0	0	0	0	0	0	0	0	0	0	0	0	0	0	0	0	0	0	0	0	0	0	0	0	0	0	0	0	0	0	0	0	0	0	0	0	0	0	0	0	0	0	0	0	0	0
0	2	1	0	59	12	0	15	0	2712	0	0	0	0	335	1	0	0	723	0	54	0	0	0	443	5	0	20	172	0	0	0	0	22	0	0	0	0	0	0	0	0	7	997	0	0	0	0	6	0	2	0	0	10	69	1	0	0	0	3088	0	0	0	0	3	904	144	0	0	1	4	0	0	30	25
0	2	0	0	67	0	0	0	0	1316	0	0	0	29	5	7	0	0	29	0	0	0	0	0	5	0	0	0	23	0	0	0	0	0	0	0	0	0	0	0	0	0	0	348	0	0	0	0	3	0	0	0	0	0	6	0	0	0	0	1973	0	0	0	0	4	30	34	40	0	25	2	0	0	51	0
0	0	0	0	6	0	0	0	0	49	0	0	0	0	251	38	0	0	197	0	244	0	0	0	184	0	0	15	37	0	0	0	0	152	0	0	0	0	0	0	0	0	13	16	0	0	0	0	1	0	0	0	0	15	9	3	0	0	0	1637	0	0	0	0	4	152	137	40	0	9	3	0	0	6	263
0	0	0	0	56	0	0	0	0	3222	0	0	0	0	0	0	0	0	0	0	0	0	0	0	0	1	0	0	0	0	0	0	0	0	0	0	0	0	0	0	0	0	0	1	0	0	0	0	0	0	0	0	0	0	0	0	0	0	0	2	0	0	0	0	138	4	0	21	0	0	0	0	0	49	0
0	15	121	142	17	1	35	0	0	100	370	0	1	3	189	497	14	16	35	31	90	0	0	0	25	19	0	20	11	0	9	0	162	340	0	0	2	0	7	0	13	0	0	134	3	75	0	0	81	0	0	0	0	0	5	21	2	0	2	314	0	3	2	0	39	23	348	84	0	19	352	12	4	19	148
0	0	6	1	112	0	0	45	0	2709	0	0	5	0	0	1	1	39	63	2	54	0	0	0	8	5	0	17	3	0	2	495	2	74	0	0	1	0	997	348	16	1	134	0	21	2	0	0	2	1	0	0	13	0	582	7	1	0	2	4131	0	1	0	284	3	114	205	3	0	0	56	333	0	158	34
0	0	0	0	8	0	0	0	0	0	0	0	0	533	0	10	0	0	0	0	0	0	0	0	0	3	0	0	0	0	0	0	0	0	0	0	0	0	0	0	0	0	3	21	0	0	0	0	0	0	0	0	0	0	0	0	0	0	0	185	0	0	0	0	9	0	0	0	0	0	0	0	0	8	0
0	0	0	0	79	1	3	0	0	319	0	0	0	55	28	386	0	0	48	113	0	0	0	0	1	0	6	0	0	5	0	0	0	158	0	0	0	0	0	0	0	0	75	2	0	0	0	0	0	0	0	0	0	0	4	3	2	0	0	14	6	0	0	0	378	20	32	414	0	50	4	0	3	79	207
0	0	0	0	0	0	0	0	0	0	0	0	0	0	0	0	0	0	0	0	0	0	0	0	0	0	0	0	0	0	0	0	0	0	0	0	0	0	0	0	0	0	0	0	0	0	0	0	0	0	0	0	0	0	0	0	0	0	0	0	0	0	0	0	0	0	0	0	0	0	0	0	0	0	0
0	0	0	0	0	0	0	0	0	0	0	0	0	0	0	0	0	0	0	0	0	0	0	0	0	0	0	0	0	0	0	0	0	0	0	0	0	0	0	0	0	0	0	0	0	0	0	0	0	0	0	0	0	0	0	0	0	0	0	0	0	0	0	0	0	0	0	0	0	0	0	0	0	0	0
0	96	9	49	0	0	170	4	0	1	206	0	0	0	337	0	0	2	20	0	0	156	0	0	13	0	0	9	71	0	14	0	2	6	0	0	0	0	6	3	1	0	81	2	0	0	0	0	0	0	0	0	181	6	2	0	52	0	14	1	0	2	0	0	2	27	102	2	0	2	2	4	0	0	54
0	0	0	0	0	0	0	0	0	6	0	0	0	0	0	0	0	0	0	0	0	0	0	0	0	0	0	0	0	0	0	0	0	0	0	0	0	0	0	0	0	0	0	1	0	0	0	0	0	0	0	0	0	0	0	0	0	0	0	8	0	0	0	0	0	0	0	0	0	0	0	0	0	0	0
0	0	0	0	0	0	0	0	0	0	0	0	0	0	0	0	0	1	0	0	0	0	0	0	0	0	0	0	0	0	0	0	0	0	0	0	0	0	2	0	0	0	0	0	0	0	0	0	0	0	0	0	0	0	1	0	0	0	0	0	0	0	0	0	0	0	0	0	0	0	0	0	0	0	0
0	0	0	0	0	0	0	0	0	0	0	0	0	0	0	0	0	0	0	0	0	0	0	0	0	0	0	0	0	0	0	0	0	0	0	0	0	0	0	0	0	0	0	0	0	0	0	0	0	0	0	0	0	0	0	0	0	0	0	0	0	0	0	0	0	0	0	0	0	0	0	0	0	0	0
0	265	85	21	4	0	6	0	0	0	0	0	0	0	205	0	0	0	170	0	4	0	0	0	159	0	0	1	278	0	0	0	0	2	0	0	0	0	0	0	0	0	0	13	0	0	0	0	181	0	0	0	0	104	6	0	95	0	0	358	1	0	0	0	0	106	242	0	0	1	0	0	0	4	4
0	125	0	15	0	0	0	1	0	0	12	0	0	0	22	0	0	27	30	0	0	141	0	0	4	4	0	21	15	0	17	1	0	8	0	0	1	0	10	0	15	0	0	0	0	0	0	0	6	0	0	0	104	0	4	0	20	0	134	16	0	0	0	0	0	26	0	0	0	0	0	0	0	0	1
0	15	4	0	6	12	0	20	0	13	0	0	0	0	278	2	0	23	375	0	12	4	0	0	538	2	0	35	185	0	1	5	0	40	0	0	1	0	69	6	9	0	5	582	0	4	0	0	2	0	1	0	6	4	0	1	2	0	9	231	0	6	0	1	3	854	43	12	0	0	1	15	1	4	3
0	0	0	0	2	0	0	0	0	1	0	38	0	1	6	387	0	0	1	154	0	0	0	0	0	0	0	0	0	1	0	0	60	1	0	0	6	0	1	0	3	0	21	7	0	3	0	0	0	0	0	0	0	0	1	0	0	0	0	42	861	0	193	0	16	0	35	3	0	1	0	1	0	2	1
0	932	137	1	0	0	0	0	0	0	42	0	0	0	58	0	0	2	1	16	0	103	0	0	0	0	0	0	1	0	0	0	0	2	0	0	0	0	0	0	0	0	2	1	0	2	0	0	52	0	0	0	95	20	2	0	0	0	128	7	0	0	0	0	0	1	215	0	0	1	1	0	0	0	0
0	0	0	0	0	0	0	0	0	0	0	0	0	0	0	0	0	0	0	0	0	0	0	0	0	0	0	0	0	0	0	0	0	0	0	0	0	0	0	0	0	0	0	0	0	0	0	0	0	0	0	0	0	0	0	0	0	0	0	0	0	0	0	0	0	0	0	0	0	0	0	0	0	0	0
0	235	11	2	32	0	0	0	0	0	0	0	0	0	94	1	0	0	198	36	20	0	0	0	86	1	0	10	220	0	0	0	0	298	0	0	0	0	0	0	0	0	2	2	0	0	0	0	14	0	0	0	0	134	9	0	128	0	0	94	4	0	0	0	0	80	139	34	0	0	0	0	0	32	448
0	3	16	55	119	4	10	37	0	858	69	1	4	0	358	0	0	247	401	0	74	318	0	0	76	1	0	191	518	0	1142	970	5	212	0	0	3	0	3088	1973	1637	2	314	4131	185	14	0	0	1	8	0	0	358	16	231	42	7	0	94	0	8	4	0	1832	6	967	346	5	0	5	410	976	3	215	157
0	3	0	11	10	0	0	0	0	6	9	0	0	0	0	14	0	6	0	0	0	0	0	0	1	0	0	2	1	0	10	0	0	7	22	0	0	0	0	0	0	0	0	0	0	6	0	0	0	0	0	0	1	0	0	861	0	0	4	8	0	0	567	0	0	3	0	1	0	3	0	0	0	42	1
0	0	2	0	17	0	0	0	0	0	0	0	0	14	0	1	0	0	17	0	74	0	0	0	3	0	0	1	0	0	0	0	0	6	0	0	0	0	0	0	0	0	3	1	0	0	0	0	2	0	0	0	0	0	6	0	0	0	0	4	0	0	0	0	118	2	0	2	0	1	0	0	0	16	0
0	0	0	0	1	0	1	0	0	0	0	0	0	3	0	221	0	0	0	148	0	0	0	0	0	0	0	0	0	0	0	0	0	0	0	0	0	0	0	0	0	0	2	0	0	0	0	0	0	0	0	0	0	0	0	193	0	0	0	0	567	0	0	0	37	0	1	5	0	30	0	0	0	1	2
0	0	0	0	131	0	0	0	0	2276	0	0	0	1	1	6	0	0	6	0	0	0	0	0	0	0	4	0	0	1	0	0	0	2	0	0	0	0	0	0	0	0	0	284	0	0	0	0	0	0	0	0	0	0	1	0	0	0	0	1832	0	0	0	0	102	1	4	234	0	34	1	0	1	114	0
0	0	61	72	30	1	0	0	89	2262	0	4	10	0	0	5	84	2	0	1	17	0	0	0	1	10	0	1	0	8	1	0	301	2	0	0	503	0	3	4	4	138	39	3	9	378	0	0	2	0	0	0	0	0	3	16	0	0	0	6	0	118	37	102	0	15	5	1303	0	44	9	1	0	103	0
0	7	41	1	2	0	0	125	7	0	65	1	1	0	614	2	1	104	1264	19	8	67	0	0	893	0	0	51	269	0	21	76	9	211	0	0	10	0	904	30	152	4	23	114	0	20	0	0	27	0	0	0	106	26	854	0	1	0	80	967	3	2	0	1	15	0	6	6	0	0	10	164	0	10	2
0	104	326	38	7	0	4	1	1	8	322	0	0	0	17	173	2	59	25	0	115	46	0	0	1	0	10	22	2	0	124	0	8	442	0	0	0	0	144	34	137	0	348	205	0	32	0	0	102	0	0	0	242	0	43	35	215	0	139	346	0	0	1	4	5	6	0	16	0	1	319	143	1	19	0
0	0	1	4	102	1	0	0	8	766	0	1	0	12	5	109	1	10	88	0	2	0	0	0	1	16	20	0	0	5	0	0	91	0	0	0	207	0	0	40	40	21	84	3	0	414	0	0	2	0	0	0	0	0	12	3	0	0	34	5	1	2	5	234	1303	6	16	0	0	63	27	0	67	140	1
0	0	0	0	0	0	0	0	0	0	0	0	0	0	0	0	0	0	5	0	0	0	0	0	0	0	0	0	0	0	0	0	0	0	0	0	0	0	0	0	0	0	0	0	0	0	0	0	0	0	0	0	0	0	0	0	0	0	0	0	0	0	0	0	0	0	0	0	0	0	0	0	0	0	0
0	0	0	0	21	0	0	0	0	18	0	17	0	0	9	0	1	0	3	0	6	0	0	0	0	0	0	0	0	0	0	0	29	1	0	0	11	0	1	25	9	0	19	0	0	50	0	0	2	0	0	0	1	0	0	1	1	0	0	5	3	1	30	34	44	0	1	63	0	0	2	1	11	67	0
0	0	39	1	21	0	22	0	0	11	12	0	0	1	109	626	0	0	4	2	228	0	0	0	9	0	0	1	0	0	0	0	12	23	0	0	1	0	4	2	3	0	352	56	0	4	0	0	2	0	0	0	0	0	1	0	1	0	0	410	0	0	0	1	9	10	319	27	0	2	0	4	1	20	15
0	0	0	0	43	0	0	0	0	2	0	0	0	1	32	1	0	0	62	0	50	0	0	0	150	1	0	2	10	0	0	0	0	36	0	0	0	0	0	0	0	0	12	333	0	0	0	0	4	0	0	0	0	0	15	1	0	0	0	976	0	0	0	0	1	164	143	0	0	1	4	0	0	36	0
0	0	0	0	0	0	0	0	0	542	0	0	0	0	0	0	0	0	0	0	0	0	0	0	0	0	0	0	0	1	0	0	0	0	0	0	0	0	0	0	0	0	4	0	0	3	0	0	0	0	0	0	0	0	1	0	0	0	0	3	0	0	0	1	0	0	1	67	0	11	1	0	0	3	0
0	1	3	15	9	4	0	1	7	83	1	3	4	1	6	61	40	12	55	0	78	4	0	0	4	7	0	4	7	4	3	60	26	1	0	0	44	0	30	51	6	49	19	158	8	79	0	0	0	0	0	0	4	0	4	2	0	0	32	215	42	16	1	114	103	10	19	140	0	67	20	36	3	0	36
0	4	1	216	15	0	188	0	0	1	742	0	0	4	285	1	0	0	43	0	24	108	0	0	3	0	0	0	1	0	100	0	7	648	0	0	0	0	25	0	263	0	148	34	0	207	0	0	54	0	0	0	4	1	3	1	0	0	448	157	1	0	2	0	0	2	0	1	0	0	15	0	0	36	0
