0	0	0	0	0	0	0	0	0	0	0	0	0	0	0	0	0	0	0	0	0	0	0	0	0	0	0	0	0	0	0	0	0	0	0	0	0	0	0	0	0	0	0	0	0	0	0	0	0	0	0	0	0	0	0	0	0	0	0	0	0	0	0	0	0	0	0	0	0	0	0	0	0	0	0
0	0	413	101	0	0	0	0	0	0	512	0	0	0	0	0	2	126	0	0	4	1326	0	0	16	0	0	41	571	0	6	0	0	0	0	0	0	0	84	0	117	0	0	7	0	0	0	0	0	0	10	0	116	0	71	0	1426	7	0	0	0	0	0	0	0	7	52	9	0	0	0	0	0	0	2
0	413	0	0	0	0	0	0	0	0	1	1	0	0	0	0	0	24	0	0	43	115	0	0	7	0	0	0	10	0	0	0	0	0	0	0	0	0	5	0	0	0	0	2	0	0	0	0	0	0	29	0	0	0	6	0	0	0	0	0	0	0	0	0	0	0	111	0	0	0	0	0	0	0	0
0	101	0	0	0	0	57	0	0	0	197	0	0	2	0	117	0	7	0	0	0	99	0	0	4	0	0	0	8	1	88	0	0	0	0	0	0	0	2	0	23	0	1	0	0	2	0	0	0	0	0	0	134	0	1	0	0	0	0	0	0	0	0	0	0	4	0	0	0	0	0	0	0	0	241
0	0	0	0	0	0	0	0	0	0	0	0	0	0	0	0	0	0	0	0	0	0	0	0	0	0	0	0	0	0	0	0	0	0	0	0	0	0	0	0	0	0	0	0	0	0	0	0	0	0	0	0	0	0	0	0	0	0	0	0	0	0	0	0	0	0	0	0	0	0	0	0	0	0	0
0	0	0	0	0	0	0	0	0	0	0	0	0	0	0	0	0	0	0	0	0	0	0	0	0	0	0	0	0	0	0	0	0	0	0	0	0	0	0	0	0	0	0	0	0	0	0	0	0	0	0	0	0	0	0	0	0	0	0	0	0	0	0	0	0	0	0	5	0	0	0	0	0	0	0
0	0	0	57	0	0	0	0	0	0	0	0	0	0	0	0	0	0	0	0	0	0	0	0	0	0	0	0	0	0	0	0	0	0	0	0	0	0	0	0	0	0	0	0	0	0	0	0	0	0	0	0	0	0	0	0	0	0	0	0	0	0	0	0	0	0	0	0	0	0	0	0	0	0	0
0	0	0	0	0	0	0	0	0	0	0	0	0	0	0	0	0	0	0	0	0	0	0	0	0	0	0	0	0	0	0	0	0	0	0	0	0	0	0	0	0	0	0	0	0	0	0	0	0	0	0	0	0	0	0	0	0	0	0	0	0	0	0	0	0	0	0	0	0	0	0	0	0	0	0
0	0	0	0	0	0	0	0	0	0	0	0	0	4	0	0	0	0	0	0	8	0	0	0	1	0	0	0	0	0	0	0	0	0	0	0	0	0	0	0	0	0	0	0	0	0	0	0	0	0	4	0	0	0	0	0	0	1	0	0	0	0	0	0	0	0	1	20	0	0	0	0	0	0	0
0	0	0	0	0	0	0	0	0	0	0	0	0	0	0	0	0	0	0	0	0	0	0	0	0	0	0	0	0	0	0	0	0	0	0	0	0	0	0	0	0	0	0	0	0	0	0	0	0	0	0	0	0	0	0	0	0	0	0	0	0	0	0	0	0	0	0	0	0	0	0	0	0	0	0
0	512	1	197	0	0	0	0	0	0	0	0	0	34	0	34	0	24	0	0	0	28	0	0	163	0	0	8	112	0	0	0	0	0	0	0	0	0	4	0	188	0	0	0	0	0	0	0	0	0	1	0	5	0	21	0	66	19	0	0	0	0	0	0	0	86	102	0	0	0	0	0	0	0	0
0	0	1	0	0	0	0	0	0	0	0	0	0	0	0	0	0	0	0	0	0	0	0	0	0	0	0	0	0	0	4	0	0	0	0	0	0	0	0	0	0	0	0	0	0	0	0	0	0	0	0	0	0	0	0	5	0	0	0	0	0	0	0	0	0	0	0	9	0	0	0	0	0	0	0
0	0	0	0	0	0	0	0	0	0	0	0	0	0	0	0	0	0	0	0	0	0	0	0	0	0	0	0	7	0	0	0	0	0	0	0	0	0	0	0	32	0	0	0	0	0	0	0	0	0	104	0	0	0	0	0	0	0	0	0	0	0	0	0	0	0	1	0	0	0	0	0	37	0	0
0	0	0	2	0	0	0	0	4	0	34	0	0	0	0	0	6	0	0	0	2	0	0	0	0	1	0	0	0	23	1	0	0	0	0	0	0	0	0	0	5	0	0	0	36	1	0	0	0	0	0	0	0	0	0	0	0	3	0	0	0	0	0	0	1	0	1	17	0	0	0	0	0	0	0
0	0	0	0	0	0	0	0	0	0	0	0	0	0	0	0	0	0	0	0	0	0	0	0	0	0	0	0	0	0	0	0	0	0	0	0	0	0	0	0	0	0	0	0	0	0	0	0	0	0	0	0	0	0	0	0	0	0	0	0	0	0	0	0	0	0	0	0	0	0	0	0	0	0	0
0	0	0	117	0	0	0	0	0	0	34	0	0	0	0	0	55	0	0	0	2	0	0	0	2	0	0	0	0	0	1	0	0	0	0	0	0	0	0	0	6	0	0	1	0	0	0	0	0	0	1	7	0	0	0	66	0	0	0	0	0	0	0	0	0	0	0	3	0	0	0	0	0	0	0
0	2	0	0	0	0	0	0	0	0	0	0	0	6	0	55	0	0	0	0	30	0	0	0	6	0	0	1	0	0	0	0	0	0	0	0	0	0	0	0	328	0	1	8	0	0	0	0	0	0	88	0	0	0	8	11	0	0	0	0	0	0	0	0	3	3	0	353	0	0	0	0	2	0	0
0	126	24	7	0	0	0	0	0	0	24	0	0	0	0	0	0	0	0	0	150	442	0	0	155	0	0	259	517	0	144	0	0	1	0	0	0	0	321	0	766	0	3	65	0	0	0	0	0	0	968	0	5	0	336	0	7	14	0	0	0	0	0	0	0	134	167	19	0	0	0	0	46	0	1
0	0	0	0	0	0	0	0	0	0	0	0	0	0	0	0	0	0	0	0	0	0	0	0	0	0	0	0	0	0	0	0	0	0	0	0	0	0	0	0	0	0	0	0	0	0	0	0	0	0	0	0	0	0	0	0	0	0	0	0	0	0	0	0	0	0	0	0	0	0	0	0	0	0	0
0	0	0	0	0	0	0	0	0	0	0	0	0	0	0	0	0	0	0	0	0	0	0	0	0	0	0	0	0	0	0	0	0	0	0	0	0	0	0	0	461	0	0	0	0	0	0	0	0	0	0	0	0	0	0	0	0	0	0	0	0	0	0	0	0	0	0	0	0	0	0	0	0	0	17
0	4	43	0	0	0	0	0	8	0	0	0	0	2	0	2	30	150	0	0	0	7	0	0	36	0	0	133	6	0	64	0	0	0	0	0	0	0	6	0	510	0	3	141	0	0	0	0	0	0	1528	0	0	0	34	0	0	4	0	4	0	0	0	0	3	4	13	1	0	0	0	0	51	0	0
0	1326	115	99	0	0	0	0	0	0	28	0	0	0	0	0	0	442	0	0	7	0	0	0	201	0	0	130	652	0	451	0	0	0	0	0	0	0	58	0	678	0	1	11	0	0	0	0	0	0	671	0	147	0	70	0	263	3	0	1	0	0	0	0	1	43	22	0	0	0	0	0	24	0	14
0	0	0	0	0	0	0	0	0	0	0	0	0	0	0	0	0	0	0	0	0	0	0	0	0	0	0	0	0	0	0	0	0	0	0	0	0	0	0	0	0	0	0	0	0	0	0	0	0	0	0	0	0	0	0	0	0	0	0	0	0	0	0	0	0	0	0	0	0	0	0	0	0	0	0
0	0	0	0	0	0	0	0	0	0	0	0	0	0	0	0	0	0	0	0	0	0	0	0	0	0	0	0	0	0	0	0	0	0	0	0	0	0	0	0	0	0	0	0	0	0	0	0	0	0	0	0	0	0	0	0	0	0	0	0	0	0	0	0	0	0	0	0	0	0	0	0	0	0	0
0	16	7	4	0	0	0	0	1	0	163	0	0	0	0	2	6	155	0	0	36	201	0	0	0	0	0	12	694	0	399	0	0	5	0	0	0	0	752	0	181	0	2	20	0	0	0	0	0	0	196	1	34	0	683	1	1	9	0	1	0	0	0	0	1	674	12	59	0	0	0	0	26	0	4
0	0	0	0	0	0	0	0	0	0	0	0	0	1	0	0	0	0	0	0	0	0	0	0	0	0	0	0	0	0	0	0	0	0	0	0	0	0	0	0	0	0	0	0	0	0	0	0	0	0	0	0	0	0	0	0	0	0	0	0	0	0	0	0	0	0	0	0	0	0	0	0	0	0	0
0	0	0	0	0	0	0	0	0	0	0	0	0	0	0	0	0	0	0	0	0	0	0	0	0	0	0	0	0	0	0	0	0	0	0	0	0	0	0	0	0	0	0	0	0	0	0	0	0	0	0	0	0	0	0	0	0	0	0	0	0	0	0	0	0	0	0	0	0	0	0	0	0	0	0
0	41	0	0	0	0	0	0	0	0	8	0	0	0	0	0	1	259	0	0	133	130	0	0	12	0	0	0	152	0	226	0	0	46	0	0	0	0	205	0	360	0	5	7	0	0	0	0	0	0	70	0	20	0	192	0	35	0	0	0	0	0	0	0	0	16	0	0	0	0	0	0	0	0	0
0	571	10	8	0	0	0	0	0	0	112	0	7	0	0	0	0	517	0	0	6	652	0	0	694	0	0	152	0	0	216	0	0	13	0	0	0	0	562	0	207	0	0	7	0	0	0	0	0	0	18	0	201	0	422	0	18	27	0	4	0	0	0	0	1	392	34	0	0	0	0	0	85	0	8
0	0	0	1	0	0	0	0	0	0	0	0	0	23	0	0	0	0	0	0	0	0	0	0	0	0	0	0	0	0	0	0	0	0	0	0	0	0	0	0	0	0	0	2	0	0	0	0	0	0	0	0	0	0	0	0	0	9	0	0	0	0	0	0	0	0	0	0	0	0	0	0	0	0	0
0	6	0	88	0	0	0	0	0	0	0	4	0	1	0	1	0	144	0	0	64	451	0	0	399	0	0	226	216	0	0	0	0	0	0	0	0	0	0	0	803	0	3	3	0	0	0	0	0	0	475	0	3	0	17	0	1	0	0	0	0	0	0	0	0	8	1	0	0	0	0	0	45	0	0
0	0	0	0	0	0	0	0	0	0	0	0	0	0	0	0	0	0	0	0	0	0	0	0	0	0	0	0	0	0	0	0	0	0	0	0	0	0	0	0	0	0	0	0	0	0	0	0	0	0	0	0	0	0	0	0	0	0	0	0	0	0	0	0	0	0	0	0	0	0	0	0	0	0	0
0	0	0	0	0	0	0	0	0	0	0	0	0	0	0	0	0	0	0	0	0	0	0	0	0	0	0	0	0	0	0	0	0	0	0	0	0	0	0	0	0	0	0	0	0	0	0	0	0	0	0	0	0	0	0	0	0	0	0	0	0	0	0	0	20	2	0	46	0	0	0	0	0	0	0
0	0	0	0	0	0	0	0	0	0	0	0	0	0	0	0	0	1	0	0	0	0	0	0	5	0	0	46	13	0	0	0	0	0	0	0	0	0	32	0	45	0	0	4	0	0	0	0	0	0	41	0	2	0	5	0	0	0	0	0	0	0	0	0	0	9	0	0	0	0	0	0	0	0	0
0	0	0	0	0	0	0	0	0	0	0	0	0	0	0	0	0	0	0	0	0	0	0	0	0	0	0	0	0	0	0	0	0	0	0	0	0	0	0	0	0	0	0	0	0	0	0	0	0	0	0	0	0	0	0	0	0	0	0	0	0	0	0	0	0	0	0	0	0	0	0	0	0	0	0
0	0	0	0	0	0	0	0	0	0	0	0	0	0	0	0	0	0	0	0	0	0	0	0	0	0	0	0	0	0	0	0	0	0	0	0	0	0	0	0	0	0	0	0	0	0	0	0	0	0	0	0	0	0	0	0	0	0	0	0	0	0	0	0	0	0	0	0	0	0	0	0	0	0	0
0	0	0	0	0	0	0	0	0	0	0	0	0	0	0	0	0	0	0	0	0	0	0	0	0	0	0	0	0	0	0	0	0	0	0	0	0	0	0	0	0	0	0	0	0	0	0	0	0	0	0	0	0	0	0	0	0	0	0	0	0	0	0	0	0	0	0	0	0	0	0	0	0	0	0
0	0	0	0	0	0	0	0	0	0	0	0	0	0	0	0	0	0	0	0	0	0	0	0	0	0	0	0	0	0	0	0	0	0	0	0	0	0	0	0	0	0	0	0	0	0	0	0	0	0	0	0	0	0	0	0	0	0	0	0	0	0	0	0	0	0	0	0	0	0	0	0	0	0	0
0	84	5	2	0	0	0	0	0	0	4	0	0	0	0	0	0	321	0	0	6	58	0	0	752	0	0	205	562	0	0	0	0	32	0	0	0	0	0	0	196	0	10	742	0	0	0	0	0	0	1226	0	21	0	318	0	15	1	0	0	0	0	0	0	0	438	128	25	0	0	0	0	32	0	0
0	0	0	0	0	0	0	0	0	0	0	0	0	0	0	0	0	0	0	0	0	0	0	0	0	0	0	0	0	0	0	0	0	0	0	0	0	0	0	0	0	0	0	0	0	0	0	0	0	0	0	0	0	0	0	0	0	0	0	0	0	0	0	0	0	0	0	0	0	0	0	0	0	0	0
0	117	0	23	0	0	0	0	0	0	188	0	32	5	0	6	328	766	0	461	510	678	0	0	181	0	0	360	207	0	803	0	0	45	0	0	0	0	196	0	0	0	17	116	0	3	0	0	0	0	1341	1	23	0	154	8	23	0	0	31	0	0	0	0	0	112	0	21	0	0	0	0	124	0	594
0	0	0	0	0	0	0	0	0	0	0	0	0	0	0	0	0	0	0	0	0	0	0	0	0	0	0	0	0	0	0	0	0	0	0	0	0	0	0	0	0	0	0	53	0	0	0	0	0	0	105	0	0	0	0	0	0	0	0	0	0	0	0	0	0	0	0	4	0	0	0	0	0	0	0
0	0	0	1	0	0	0	0	0	0	0	0	0	0	0	0	1	3	0	0	3	1	0	0	2	0	0	5	0	0	3	0	0	0	0	0	0	0	10	0	17	0	0	7	0	0	0	0	0	0	15	0	0	0	1	0	0	0	0	0	0	0	0	0	0	6	0	14	0	2	0	0	0	0	1
0	7	2	0	0	0	0	0	0	0	0	0	0	0	0	1	8	65	0	0	141	11	0	0	20	0	0	7	7	2	3	0	0	4	0	0	0	0	742	0	116	53	7	0	0	1	0	0	0	0	1408	0	0	0	792	1	0	0	0	0	0	0	0	0	1	161	7	3	0	0	0	0	15	0	1
0	0	0	0	0	0	0	0	0	0	0	0	0	36	0	0	0	0	0	0	0	0	0	0	0	0	0	0	0	0	0	0	0	0	0	0	0	0	0	0	0	0	0	0	0	0	0	0	0	0	0	0	0	0	0	0	0	0	0	0	0	0	0	0	0	0	0	0	0	0	0	0	0	0	0
0	0	0	2	0	0	0	0	0	0	0	0	0	1	0	0	0	0	0	0	0	0	0	0	0	0	0	0	0	0	0	0	0	0	0	0	0	0	0	0	3	0	0	1	0	0	0	0	0	0	0	0	0	0	0	0	0	0	0	0	0	0	0	0	0	0	0	0	0	0	0	0	0	0	0
0	0	0	0	0	0	0	0	0	0	0	0	0	0	0	0	0	0	0	0	0	0	0	0	0	0	0	0	0	0	0	0	0	0	0	0	0	0	0	0	0	0	0	0	0	0	0	0	0	0	0	0	0	0	0	0	0	0	0	0	0	0	0	0	0	0	0	0	0	0	0	0	0	0	0
0	0	0	0	0	0	0	0	0	0	0	0	0	0	0	0	0	0	0	0	0	0	0	0	0	0	0	0	0	0	0	0	0	0	0	0	0	0	0	0	0	0	0	0	0	0	0	0	0	0	0	0	0	0	0	0	0	0	0	0	0	0	0	0	0	0	0	0	0	0	0	0	0	0	0
0	0	0	0	0	0	0	0	0	0	0	0	0	0	0	0	0	0	0	0	0	0	0	0	0	0	0	0	0	0	0	0	0	0	0	0	0	0	0	0	0	0	0	0	0	0	0	0	0	0	0	0	0	0	0	0	0	0	0	0	0	0	0	0	0	0	0	0	0	0	0	0	0	0	0
0	0	0	0	0	0	0	0	0	0	0	0	0	0	0	0	0	0	0	0	0	0	0	0	0	0	0	0	0	0	0	0	0	0	0	0	0	0	0	0	0	0	0	0	0	0	0	0	0	0	0	0	0	0	0	0	0	0	0	0	0	0	0	0	0	0	0	0	0	0	0	0	0	0	0
0	10	29	0	0	0	0	0	4	0	1	0	104	0	0	1	88	968	0	0	1528	671	0	0	196	0	0	70	18	0	475	0	0	41	0	0	0	0	1226	0	1341	105	15	1408	0	0	0	0	0	0	0	0	2	0	515	0	12	11	0	20	0	0	0	0	0	17	75	0	0	0	0	0	213	0	4
0	0	0	0	0	0	0	0	0	0	0	0	0	0	0	7	0	0	0	0	0	0	0	0	1	0	0	0	0	0	0	0	0	0	0	0	0	0	0	0	1	0	0	0	0	0	0	0	0	0	0	0	0	0	0	3	0	33	0	0	0	0	0	0	0	0	0	7	0	0	0	0	0	0	0
0	116	0	134	0	0	0	0	0	0	5	0	0	0	0	0	0	5	0	0	0	147	0	0	34	0	0	20	201	0	3	0	0	2	0	0	0	0	21	0	23	0	0	0	0	0	0	0	0	0	2	0	0	0	12	0	4	0	0	0	0	0	0	0	0	30	0	0	0	0	0	0	0	0	0
0	0	0	0	0	0	0	0	0	0	0	0	0	0	0	0	0	0	0	0	0	0	0	0	0	0	0	0	0	0	0	0	0	0	0	0	0	0	0	0	0	0	0	0	0	0	0	0	0	0	0	0	0	0	0	0	0	0	0	0	0	0	0	0	0	0	0	0	0	0	0	0	0	0	0
0	71	6	1	0	0	0	0	0	0	21	0	0	0	0	0	8	336	0	0	34	70	0	0	683	0	0	192	422	0	17	0	0	5	0	0	0	0	318	0	154	0	1	792	0	0	0	0	0	0	515	0	12	0	0	0	3	6	0	0	0	0	0	0	0	640	161	55	0	0	0	0	40	0	7
0	0	0	0	0	0	0	0	0	0	0	5	0	0	0	66	11	0	0	0	0	0	0	0	1	0	0	0	0	0	0	0	0	0	0	0	0	0	0	0	8	0	0	1	0	0	0	0	0	0	0	3	0	0	0	0	0	280	0	0	0	0	0	0	0	2	0	54	0	0	0	0	0	0	0
0	1426	0	0	0	0	0	0	0	0	66	0	0	0	0	0	0	7	0	0	0	263	0	0	1	0	0	35	18	0	1	0	0	0	0	0	0	0	15	0	23	0	0	0	0	0	0	0	0	0	12	0	4	0	3	0	0	0	0	0	0	0	0	0	0	0	1	0	0	0	0	0	0	0	0
0	7	0	0	0	0	0	0	1	0	19	0	0	3	0	0	0	14	0	0	4	3	0	0	9	0	0	0	27	9	0	0	0	0	0	0	0	0	1	0	0	0	0	0	0	0	0	0	0	0	11	33	0	0	6	280	0	0	0	0	0	0	0	0	1	4	26	50	0	0	0	0	5	0	0
0	0	0	0	0	0	0	0	0	0	0	0	0	0	0	0	0	0	0	0	0	0	0	0	0	0	0	0	0	0	0	0	0	0	0	0	0	0	0	0	0	0	0	0	0	0	0	0	0	0	0	0	0	0	0	0	0	0	0	0	0	0	0	0	0	0	0	0	0	0	0	0	0	0	0
0	0	0	0	0	0	0	0	0	0	0	0	0	0	0	0	0	0	0	0	4	1	0	0	1	0	0	0	4	0	0	0	0	0	0	0	0	0	0	0	31	0	0	0	0	0	0	0	0	0	20	0	0	0	0	0	0	0	0	0	0	0	0	0	0	18	0	1	0	0	0	0	36	0	0
0	0	0	0	0	0	0	0	0	0	0	0	0	0	0	0	0	0	0	0	0	0	0	0	0	0	0	0	0	0	0	0	0	0	0	0	0	0	0	0	0	0	0	0	0	0	0	0	0	0	0	0	0	0	0	0	0	0	0	0	0	0	0	0	0	0	0	0	0	0	0	0	0	0	0
0	0	0	0	0	0	0	0	0	0	0	0	0	0	0	0	0	0	0	0	0	0	0	0	0	0	0	0	0	0	0	0	0	0	0	0	0	0	0	0	0	0	0	0	0	0	0	0	0	0	0	0	0	0	0	0	0	0	0	0	0	0	0	0	0	0	0	0	0	0	0	0	0	0	0
0	0	0	0	0	0	0	0	0	0	0	0	0	0	0	0	0	0	0	0	0	0	0	0	0	0	0	0	0	0	0	0	0	0	0	0	0	0	0	0	0	0	0	0	0	0	0	0	0	0	0	0	0	0	0	0	0	0	0	0	0	0	0	0	0	0	0	0	0	0	0	0	0	0	0
0	0	0	0	0	0	0	0	0	0	0	0	0	0	0	0	0	0	0	0	0	0	0	0	0	0	0	0	0	0	0	0	0	0	0	0	0	0	0	0	0	0	0	0	0	0	0	0	0	0	0	0	0	0	0	0	0	0	0	0	0	0	0	0	0	0	0	0	0	0	0	0	0	0	0
0	0	0	0	0	0	0	0	0	0	0	0	0	1	0	0	3	0	0	0	3	1	0	0	1	0	0	0	1	0	0	0	20	0	0	0	0	0	0	0	0	0	0	1	0	0	0	0	0	0	0	0	0	0	0	0	0	1	0	0	0	0	0	0	0	3	0	216	0	0	0	0	0	0	0
0	7	0	4	0	0	0	0	0	0	86	0	0	0	0	0	3	134	0	0	4	43	0	0	674	0	0	16	392	0	8	0	2	9	0	0	0	0	438	0	112	0	6	161	0	0	0	0	0	0	17	0	30	0	640	2	0	4	0	18	0	0	0	0	3	0	5	4	0	0	0	0	0	0	1
0	52	111	0	0	0	0	0	1	0	102	0	1	1	0	0	0	167	0	0	13	22	0	0	12	0	0	0	34	0	1	0	0	0	0	0	0	0	128	0	0	0	0	7	0	0	0	0	0	0	75	0	0	0	161	0	1	26	0	0	0	0	0	0	0	5	0	4	0	0	0	59	22	0	0
0	9	0	0	0	5	0	0	20	0	0	9	0	17	0	3	353	19	0	0	1	0	0	0	59	0	0	0	0	0	0	0	46	0	0	0	0	0	25	0	21	4	14	3	0	0	0	0	0	0	0	7	0	0	55	54	0	50	0	1	0	0	0	0	216	4	4	0	0	0	0	0	0	0	0
0	0	0	0	0	0	0	0	0	0	0	0	0	0	0	0	0	0	0	0	0	0	0	0	0	0	0	0	0	0	0	0	0	0	0	0	0	0	0	0	0	0	0	0	0	0	0	0	0	0	0	0	0	0	0	0	0	0	0	0	0	0	0	0	0	0	0	0	0	0	0	0	0	0	0
0	0	0	0	0	0	0	0	0	0	0	0	0	0	0	0	0	0	0	0	0	0	0	0	0	0	0	0	0	0	0	0	0	0	0	0	0	0	0	0	0	0	2	0	0	0	0	0	0	0	0	0	0	0	0	0	0	0	0	0	0	0	0	0	0	0	0	0	0	0	0	0	0	0	0
0	0	0	0	0	0	0	0	0	0	0	0	0	0	0	0	0	0	0	0	0	0	0	0	0	0	0	0	0	0	0	0	0	0	0	0	0	0	0	0	0	0	0	0	0	0	0	0	0	0	0	0	0	0	0	0	0	0	0	0	0	0	0	0	0	0	0	0	0	0	0	0	0	0	0
0	0	0	0	0	0	0	0	0	0	0	0	0	0	0	0	0	0	0	0	0	0	0	0	0	0	0	0	0	0	0	0	0	0	0	0	0	0	0	0	0	0	0	0	0	0	0	0	0	0	0	0	0	0	0	0	0	0	0	0	0	0	0	0	0	0	59	0	0	0	0	0	0	0	0
0	0	0	0	0	0	0	0	0	0	0	0	37	0	0	0	2	46	0	0	51	24	0	0	26	0	0	0	85	0	45	0	0	0	0	0	0	0	32	0	124	0	0	15	0	0	0	0	0	0	213	0	0	0	40	0	0	5	0	36	0	0	0	0	0	0	22	0	0	0	0	0	0	0	0
0	0	0	0	0	0	0	0	0	0	0	0	0	0	0	0	0	0	0	0	0	0	0	0	0	0	0	0	0	0	0	0	0	0	0	0	0	0	0	0	0	0	0	0	0	0	0	0	0	0	0	0	0	0	0	0	0	0	0	0	0	0	0	0	0	0	0	0	0	0	0	0	0	0	0
0	2	0	241	0	0	0	0	0	0	0	0	0	0	0	0	0	1	0	17	0	14	0	0	4	0	0	0	8	0	0	0	0	0	0	0	0	0	0	0	594	0	1	1	0	0	0	0	0	0	4	0	0	0	7	0	0	0	0	0	0	0	0	0	0	1	0	0	0	0	0	0	0	0	0
