0	0	0	0	0	0	0	0	0	0	0	0	0	0	0	0	0	0	0	0	0	0	0	0	0	0	0	0	0	0	0	0	0	0	0	0	0	0	0	0	0	0	0	0	0	0	0	0	0	0	0	0	0	0	0	0	0	0	0	0	0	0	0	0	0	0	0	0	0	0	0	0	0	0	0
0	0	12	2	0	0	0	0	0	0	0	0	0	0	0	0	0	0	0	0	0	93	2	0	0	0	0	0	0	0	0	0	0	4	0	0	0	0	0	0	0	0	0	0	0	0	0	0	0	0	0	0	2	4	0	4	2	0	0	0	0	0	0	0	0	0	4	0	0	0	0	0	0	0	0
0	12	0	0	0	1	0	12	0	0	2	0	1	0	1	156	0	7	0	0	0	0	21	0	2	0	0	0	17	18	0	1	0	4	0	0	0	0	0	0	0	0	282	1	0	0	1	15	0	0	1	0	2	0	0	0	0	0	0	0	0	1	0	0	0	2	5	0	0	0	5	4	0	0	0
0	2	0	0	2	0	75	2	0	0	68	0	0	20	70	64	0	0	12	0	0	85	1	0	4	0	0	0	1	0	33	0	0	14	0	0	0	0	0	0	2	0	368	0	0	44	0	0	318	0	0	0	144	24	0	0	4	0	0	0	0	0	0	0	0	0	110	0	0	0	0	0	0	0	0
0	0	0	2	0	257	0	7	0	0	0	0	15	0	0	0	0	9	1	168	0	0	6	0	0	0	0	9	0	0	0	488	0	95	0	0	0	0	348	0	0	0	32	572	0	1	0	0	0	329	30	0	3	0	0	34	0	21	0	1	0	8	1	521	0	12	19	0	0	0	7	0	2	0	0
0	0	1	0	257	0	0	0	0	0	0	0	1	0	0	23	5	13	0	15	0	3	0	0	1	0	0	3	0	17	75	0	0	17	0	0	0	0	0	2	0	0	201	27	0	0	0	233	0	9	3	0	0	0	5	1	0	0	0	0	0	1	0	0	0	0	1	0	0	0	0	0	1	0	0
0	0	0	75	0	0	0	0	0	0	1	0	0	0	0	0	0	0	0	0	0	12	0	0	0	0	0	0	0	0	1	0	0	0	0	0	0	0	0	0	1	0	14	0	0	0	0	0	0	0	0	0	1	0	0	0	0	0	0	0	0	0	0	0	0	0	0	0	0	0	0	0	0	0	0
0	0	12	2	7	0	0	0	2	0	3	0	2	0	0	0	0	21	76	0	0	0	1	0	80	0	0	1	106	0	0	0	1	0	0	0	0	0	56	2	0	0	2	17	0	0	0	11	0	0	0	0	25	0	55	0	0	2	0	2	0	1	0	0	0	651	1	0	0	0	0	4	0	0	0
0	0	0	0	0	0	0	2	0	0	0	0	0	0	0	2	2	0	0	13	54	0	0	0	0	0	0	0	0	0	0	0	0	0	0	0	0	0	0	0	0	0	0	0	0	2	0	0	0	13	0	2	0	0	0	0	0	0	0	0	0	0	1	0	6	1	0	0	0	0	0	0	0	0	0
0	0	0	0	0	0	0	0	0	0	0	0	0	0	0	0	0	0	0	0	0	0	0	0	0	0	0	0	0	0	0	0	0	0	0	0	0	0	0	0	0	0	0	0	0	0	0	1	0	0	0	0	0	0	0	0	0	0	0	1	0	0	0	1	0	0	0	0	0	0	0	0	0	0	0
0	0	2	68	0	0	1	3	0	0	0	0	0	1	0	183	0	2	0	0	0	0	3	0	5	0	0	0	2	39	0	0	0	2	0	0	0	0	0	0	2	0	324	0	0	4	0	0	0	0	0	0	0	0	0	1	0	0	0	0	0	0	0	0	0	6	0	0	0	0	0	0	0	0	0
0	0	0	0	0	0	0	0	0	0	0	0	0	0	0	0	0	0	0	97	0	0	0	0	0	0	0	0	0	66	0	0	0	0	3	0	0	0	0	0	0	0	0	0	3	0	0	0	0	97	0	0	0	0	0	2	0	1	0	0	0	0	0	0	0	0	0	0	0	0	0	0	0	0	0
0	0	1	0	15	1	0	2	0	0	0	0	0	2	0	4	0	1	0	5	50	0	0	0	1	0	0	0	8	0	0	0	0	2	1	0	0	0	0	0	8	0	39	5	0	0	1	34	0	5	0	0	0	0	0	3	0	0	0	0	0	0	0	0	0	1	0	0	0	0	0	0	0	0	0
0	0	0	20	0	0	0	0	0	0	1	0	2	0	0	140	1	1	0	15	1	0	0	0	0	0	0	0	0	7	0	0	0	0	0	0	6	0	1	0	0	0	63	0	473	11	0	0	0	14	0	2	1	0	0	0	0	8	0	0	0	3	1	3	2	0	0	0	0	0	1	0	6	0	0
0	0	1	70	0	0	0	0	0	0	0	0	0	0	0	14	0	0	0	0	0	0	0	0	0	0	0	0	0	0	0	0	0	0	0	0	0	0	0	0	0	0	198	0	0	2	0	0	0	0	0	0	0	0	0	0	0	0	0	0	0	0	0	0	0	0	0	0	0	0	0	0	0	0	0
0	0	156	64	0	23	0	0	2	0	183	0	4	140	14	0	18	2	0	256	0	0	5	0	0	0	0	0	0	389	0	0	151	44	7	0	2	0	0	0	13	0	445	0	2	226	0	0	0	6	0	0	0	0	0	201	0	106	0	0	0	2	20	1	1	0	98	0	0	0	0	0	2	0	0
0	0	0	0	0	5	0	0	2	0	0	0	0	1	0	18	0	1	0	14	0	0	0	4	0	0	0	0	0	71	9	0	2	2	5	0	1	0	0	0	0	0	2	0	0	5	2	0	0	7	0	19	0	0	0	42	0	3	0	0	0	1	43	0	0	2	0	0	0	0	0	0	1	0	0
0	0	7	0	9	13	0	21	0	0	2	0	1	1	0	2	1	0	2	0	1	59	19	0	3	0	0	94	53	0	81	1	0	42	0	0	0	0	75	0	20	0	53	0	0	4	3	44	0	0	6	1	1	0	34	0	1	0	0	0	0	26	0	0	0	32	2	0	0	0	1	1	0	0	0
0	0	0	12	1	0	0	76	0	0	0	0	0	0	0	0	0	2	0	0	0	1	0	0	73	0	0	0	95	0	4	0	0	2	0	0	0	0	0	9	0	1	0	12	0	0	0	3	0	0	0	0	0	0	2	0	0	0	0	1	0	0	0	0	0	447	0	0	0	0	0	0	0	0	0
0	0	0	0	168	15	0	0	13	0	0	97	5	15	0	256	14	0	0	0	2	0	0	0	0	0	0	2	0	245	0	53	4	41	1	0	24	0	15	0	0	0	128	88	142	16	2	0	0	8	4	6	0	0	0	25	0	7	0	0	0	18	21	187	13	0	1	0	0	0	1	0	68	0	0
0	0	0	0	0	0	0	0	54	0	0	0	50	1	0	0	0	1	0	2	0	1	0	0	2	0	0	44	3	0	66	0	2	6	0	0	0	0	0	0	36	0	0	0	0	0	0	0	0	1	72	0	2	0	0	0	0	0	0	0	0	0	0	0	2	0	0	0	0	0	4	0	0	0	0
0	93	0	85	0	3	12	0	0	0	0	0	0	0	0	0	0	59	1	0	1	0	0	0	3	0	0	23	1	0	82	0	0	1	0	0	0	0	2	0	2	0	2	0	0	0	0	0	7	0	0	0	84	46	1	0	93	0	0	0	0	1	0	0	0	4	0	0	0	0	0	0	0	0	0
0	2	21	1	6	0	0	1	0	0	3	0	0	0	0	5	0	19	0	0	0	0	0	0	0	0	0	24	0	4	0	19	0	3	0	0	0	0	28	0	0	0	0	0	0	0	0	1	0	0	12	0	0	0	0	0	0	0	0	0	0	22	0	0	0	0	19	0	0	0	0	8	0	0	0
0	0	0	0	0	0	0	0	0	0	0	0	0	0	0	0	4	0	0	0	0	0	0	0	0	0	0	0	0	2	0	0	0	0	4	0	0	0	0	0	0	0	0	0	4	1	0	0	0	5	0	0	0	0	0	9	0	0	0	0	0	0	1	0	0	0	0	0	0	0	0	0	0	0	0
0	0	2	4	0	1	0	80	0	0	5	0	1	0	0	0	0	3	73	0	2	3	0	0	0	0	0	1	3	0	1	0	0	0	0	0	0	0	56	0	0	0	1	0	0	0	0	0	1	0	0	0	7	0	0	0	0	0	0	1	0	0	0	0	0	57	2	0	0	11	0	9	0	0	0
0	0	0	0	0	0	0	0	0	0	0	0	0	0	0	0	0	0	0	0	0	0	0	0	0	0	0	0	0	0	0	0	0	0	0	0	0	0	0	0	0	0	0	0	0	0	0	0	0	0	0	0	0	0	0	0	0	0	0	0	0	0	0	0	0	0	0	0	0	0	0	0	0	0	0
0	0	0	0	0	0	0	0	0	0	0	0	0	0	0	0	0	0	0	0	0	0	0	0	0	0	0	0	0	0	0	0	0	0	0	0	0	0	0	0	0	0	0	0	0	0	0	0	0	0	0	0	0	0	0	0	0	0	0	0	0	0	0	0	0	0	0	0	0	0	422	616	0	0	0
0	0	0	0	9	3	0	1	0	0	0	0	0	0	0	0	0	94	0	2	44	23	24	0	1	0	0	0	100	0	18	0	0	8	0	0	0	0	1	0	11	0	5	0	0	0	2	6	0	1	0	1	0	0	30	1	0	0	0	0	0	0	0	0	0	16	0	0	0	0	0	1	0	0	0
0	0	17	1	0	0	0	106	0	0	2	0	8	0	0	0	0	53	95	0	3	1	0	0	3	0	0	100	0	0	3	1	0	4	0	0	0	0	91	0	1	0	2	1	0	0	0	0	7	0	0	0	11	0	0	0	0	0	0	0	0	0	0	0	0	54	1	0	0	5	0	0	0	0	0
0	0	18	0	0	17	0	0	0	0	39	66	0	7	0	389	71	0	0	245	0	0	4	2	0	0	0	0	0	0	0	0	272	21	113	0	0	0	0	0	0	0	322	0	0	209	0	0	0	0	0	1	0	0	0	361	0	284	0	0	0	3	39	0	0	0	10	0	0	0	1	0	0	0	0
0	0	0	33	0	75	1	0	0	0	0	0	0	0	0	0	9	81	4	0	66	82	0	0	1	0	0	18	3	0	0	0	0	6	0	0	0	0	0	1	22	0	6	0	0	8	4	7	5	0	0	2	5	5	0	1	0	0	0	1	0	0	1	0	1	1	0	0	0	0	1	0	2	0	0
0	0	1	0	488	0	0	0	0	0	0	0	0	0	0	0	0	1	0	53	0	0	19	0	0	0	0	0	1	0	0	0	0	0	0	0	0	0	0	13	0	0	0	68	0	0	0	195	0	53	0	0	0	0	1	0	0	0	0	1	0	0	0	0	1	69	0	0	0	0	0	5	0	0	0
0	0	0	0	0	0	0	1	0	0	0	0	0	0	0	151	2	0	0	4	2	0	0	0	0	0	0	0	0	272	0	0	0	0	10	0	0	0	0	0	0	0	268	0	0	2	0	0	0	2	0	0	0	0	0	30	0	2	0	0	0	0	6	0	3	1	0	0	0	0	0	0	1	0	0
0	4	4	14	95	17	0	0	0	0	2	0	2	0	0	44	2	42	2	41	6	1	3	0	0	0	0	8	4	21	6	0	0	0	0	0	0	0	4	0	16	0	171	17	0	2	1	2	2	37	2	0	0	0	2	0	0	0	0	0	0	0	0	0	1	50	10	0	0	0	2	1	0	0	0
0	0	0	0	0	0	0	0	0	0	0	3	1	0	0	7	5	0	0	1	0	0	0	4	0	0	0	0	0	113	0	0	10	0	0	0	0	0	0	0	0	0	0	0	0	1	0	0	0	0	0	0	0	0	0	81	0	8	0	0	0	0	6	0	0	0	0	0	0	0	0	0	0	0	0
0	0	0	0	0	0	0	0	0	0	0	0	0	0	0	0	0	0	0	0	0	0	0	0	0	0	0	0	0	0	0	0	0	0	0	0	0	0	0	0	0	0	0	0	0	0	0	0	0	0	0	0	0	0	0	0	0	0	0	0	0	0	0	0	0	0	0	0	0	0	0	0	0	0	0
0	0	0	0	0	0	0	0	0	0	0	0	0	6	0	2	1	0	0	24	0	0	0	0	0	0	0	0	0	0	0	0	0	0	0	0	0	0	0	33	0	0	7	4	1	4	0	0	0	24	0	0	0	0	0	1	0	0	0	0	0	0	0	0	9	0	0	0	0	0	0	0	0	0	0
0	0	0	0	0	0	0	0	0	0	0	0	0	0	0	0	0	0	0	0	0	0	0	0	0	0	0	0	0	0	0	0	0	0	0	0	0	0	0	0	0	0	0	0	0	0	0	0	0	0	0	0	0	0	0	0	0	0	0	0	0	0	0	0	0	0	0	0	0	0	0	0	0	0	0
0	0	0	0	348	0	0	56	0	0	0	0	0	1	0	0	0	75	0	15	0	2	28	0	56	0	0	1	91	0	0	0	0	4	0	0	0	0	0	9	2	0	4	59	0	0	0	168	0	15	0	0	0	0	61	0	0	0	0	0	0	0	0	0	1	479	0	0	0	0	1	2	0	0	0
0	0	0	0	0	2	0	2	0	0	0	0	0	0	0	0	0	0	9	0	0	0	0	0	0	0	0	0	0	0	1	13	0	0	0	0	33	0	9	0	0	0	32	14	0	0	0	5	0	0	0	0	0	0	0	0	0	0	0	4	0	6	0	20	0	0	22	0	0	0	0	0	1	0	0
0	0	0	2	0	0	1	0	0	0	2	0	8	0	0	13	0	20	0	0	36	2	0	0	0	0	0	11	1	0	22	0	0	16	0	0	0	0	2	0	0	0	1	0	0	3	0	0	0	0	7	0	1	0	0	0	0	0	0	0	0	2	0	0	2	1	0	0	0	0	0	0	0	0	0
0	0	0	0	0	0	0	0	0	0	0	0	0	0	0	0	0	0	1	0	0	0	0	0	0	0	0	0	0	0	0	0	0	0	0	0	0	0	0	0	0	0	0	0	0	0	0	0	0	0	0	0	0	0	4	0	0	0	0	0	0	0	0	1	0	0	0	0	0	0	0	0	0	0	0
0	0	282	368	32	201	14	2	0	0	324	0	39	63	198	445	2	53	0	128	0	2	0	0	1	0	0	5	2	322	6	0	268	171	0	0	7	0	4	32	1	0	0	5	1	74	0	21	131	12	6	5	1	0	1	57	10	8	0	0	0	2	2	1	0	5	320	0	0	0	70	1	16	0	0
0	0	1	0	572	27	0	17	0	0	0	0	5	0	0	0	0	0	12	88	0	0	0	0	0	0	0	0	1	0	0	68	0	17	0	0	4	0	59	14	0	0	5	0	0	0	1	167	0	89	3	0	1	0	26	1	0	0	0	12	0	3	0	27	0	122	0	0	0	0	1	2	4	0	0
0	0	0	0	0	0	0	0	0	0	0	3	0	473	0	2	0	0	0	142	0	0	0	4	0	0	0	0	0	0	0	0	0	0	0	0	1	0	0	0	0	0	1	0	0	18	0	0	0	150	0	0	0	0	0	0	0	8	0	0	0	1	0	2	0	0	0	0	0	0	0	0	26	0	0
0	0	0	44	1	0	0	0	2	0	4	0	0	11	2	226	5	4	0	16	0	0	0	1	0	0	0	0	0	209	8	0	2	2	1	0	4	0	0	0	3	0	74	0	18	0	0	0	0	6	0	362	0	0	0	27	0	24	0	1	0	4	32	0	1	0	0	0	0	0	0	0	2	0	0
0	0	1	0	0	0	0	0	0	0	0	0	1	0	0	0	2	3	0	2	0	0	0	0	0	0	0	2	0	0	4	0	0	1	0	0	0	0	0	0	0	0	0	1	0	0	0	2	0	0	3	0	0	0	0	0	0	0	0	0	0	1	0	0	0	0	1	0	0	0	0	0	1	0	0
0	0	15	0	0	233	0	11	0	1	0	0	34	0	0	0	0	44	3	0	0	0	1	0	0	0	0	6	0	0	7	195	0	2	0	0	0	0	168	5	0	0	21	167	0	0	2	0	1	0	212	0	1	0	1	1	0	1	0	1	0	7	1	0	0	4	31	0	0	0	0	0	51	0	0
0	0	0	318	0	0	0	0	0	0	0	0	0	0	0	0	0	0	0	0	0	7	0	0	1	0	0	0	7	0	5	0	0	2	0	0	0	0	0	0	0	0	131	0	0	0	0	1	0	0	0	1	0	0	1	0	0	0	0	0	0	0	0	0	0	0	0	0	0	0	0	0	0	0	0
0	0	0	0	329	9	0	0	13	0	0	97	5	14	0	6	7	0	0	8	1	0	0	5	0	0	0	1	0	0	0	53	2	37	0	0	24	0	15	0	0	0	12	89	150	6	0	0	0	0	4	0	0	0	0	3	0	6	0	0	0	18	13	187	12	0	1	0	0	0	1	0	68	0	0
0	0	1	0	30	3	0	0	0	0	0	0	0	0	0	0	0	6	0	4	72	0	12	0	0	0	0	0	0	0	0	0	0	2	0	0	0	0	0	0	7	0	6	3	0	0	3	212	0	4	0	0	0	0	9	1	0	0	0	0	0	0	0	0	0	1	0	0	0	0	0	1	0	0	0
0	0	0	0	0	0	0	0	2	0	0	0	0	2	0	0	19	1	0	6	0	0	0	0	0	0	0	1	0	1	2	0	0	0	0	0	0	0	0	0	0	0	5	0	0	362	0	0	1	0	0	0	1	0	0	26	0	280	0	1	0	22	43	0	0	0	0	0	0	0	0	0	2	0	0
0	2	2	144	3	0	1	25	0	0	0	0	0	1	0	0	0	1	0	0	2	84	0	0	7	0	0	0	11	0	5	0	0	0	0	0	0	0	0	0	1	0	1	1	0	0	0	1	0	0	0	1	0	0	0	1	0	0	0	0	0	0	0	0	0	11	0	0	0	0	0	0	0	0	0
0	4	0	24	0	0	0	0	0	0	0	0	0	0	0	0	0	0	0	0	0	46	0	0	0	0	0	0	0	0	5	0	0	0	0	0	0	0	0	0	0	0	0	0	0	0	0	0	0	0	0	0	0	0	0	0	0	0	0	0	0	0	1	0	0	0	0	0	0	0	0	0	0	0	0
0	0	0	0	0	5	0	55	0	0	0	0	0	0	0	0	0	34	2	0	0	1	0	0	0	0	0	30	0	0	0	1	0	2	0	0	0	0	61	0	0	4	1	26	0	0	0	1	1	0	9	0	0	0	0	0	0	0	0	1	0	4	0	0	0	55	20	0	0	0	0	1	0	0	0
0	4	0	0	34	1	0	0	0	0	1	2	3	0	0	201	42	0	0	25	0	0	0	9	0	0	0	1	0	361	1	0	30	0	81	0	1	0	0	0	0	0	57	1	0	27	0	1	0	3	1	26	1	0	0	0	0	71	0	1	0	0	112	0	0	0	0	0	0	0	0	0	0	0	0
0	2	0	4	0	0	0	0	0	0	0	0	0	0	0	0	0	1	0	0	0	93	0	0	0	0	0	0	0	0	0	0	0	0	0	0	0	0	0	0	0	0	10	0	0	0	0	0	0	0	0	0	0	0	0	0	0	0	0	0	0	0	0	0	0	2	0	0	0	0	0	0	0	0	0
0	0	0	0	21	0	0	2	0	0	0	1	0	8	0	106	3	0	0	7	0	0	0	0	0	0	0	0	0	284	0	0	2	0	8	0	0	0	0	0	0	0	8	0	8	24	0	1	0	6	0	280	0	0	0	71	0	0	0	0	0	0	18	0	0	0	0	0	0	0	0	0	2	0	0
0	0	0	0	0	0	0	0	0	0	0	0	0	0	0	0	0	0	0	0	0	0	0	0	0	0	0	0	0	0	0	0	0	0	0	0	0	0	0	0	0	0	0	0	0	0	0	0	0	0	0	0	0	0	0	0	0	0	0	0	0	0	0	0	0	0	0	0	0	0	0	0	0	0	0
0	0	0	0	1	0	0	2	0	1	0	0	0	0	0	0	0	0	1	0	0	0	0	0	1	0	0	0	0	0	1	1	0	0	0	0	0	0	0	4	0	0	0	12	0	1	0	1	0	0	0	1	0	0	1	1	0	0	0	0	0	0	0	1	0	97	0	0	0	0	0	0	0	0	0
0	0	0	0	0	0	0	0	0	0	0	0	0	0	0	0	0	0	0	0	0	0	0	0	0	0	0	0	0	0	0	0	0	0	0	0	0	0	0	0	0	0	0	0	0	0	0	0	0	0	0	0	0	0	0	0	0	0	0	0	0	0	0	0	0	0	0	0	0	0	0	0	0	0	0
0	0	1	0	8	1	0	1	0	0	0	0	0	3	0	2	1	26	0	18	0	1	22	0	0	0	0	0	0	3	0	0	0	0	0	0	0	0	0	6	2	0	2	3	1	4	1	7	0	18	0	22	0	0	4	0	0	0	0	0	0	0	1	0	4	3	0	0	0	0	0	0	0	0	0
0	0	0	0	1	0	0	0	1	0	0	0	0	1	0	20	43	0	0	21	0	0	0	1	0	0	0	0	0	39	1	0	6	0	6	0	0	0	0	0	0	0	2	0	0	32	0	1	0	13	0	43	0	1	0	112	0	18	0	0	0	1	0	0	2	0	0	0	0	1	0	0	0	0	0
0	0	0	0	521	0	0	0	0	1	0	0	0	3	0	1	0	0	0	187	0	0	0	0	0	0	0	0	0	0	0	0	0	0	0	0	0	0	0	20	0	1	1	27	2	0	0	0	0	187	0	0	0	0	0	0	0	0	0	1	0	0	0	0	0	0	0	0	0	0	0	0	0	0	0
0	0	0	0	0	0	0	0	6	0	0	0	0	2	0	1	0	0	0	13	2	0	0	0	0	0	0	0	0	0	1	1	3	1	0	0	9	0	1	0	2	0	0	0	0	1	0	0	0	12	0	0	0	0	0	0	0	0	0	0	0	4	2	0	0	0	0	0	0	0	0	0	0	0	0
0	0	2	0	12	0	0	651	1	0	6	0	1	0	0	0	2	32	447	0	0	4	0	0	57	0	0	16	54	0	1	69	1	50	0	0	0	0	479	0	1	0	5	122	0	0	0	4	0	0	1	0	11	0	55	0	2	0	0	97	0	3	0	0	0	0	21	0	0	0	1	71	6	0	0
0	4	5	110	19	1	0	1	0	0	0	0	0	0	0	98	0	2	0	1	0	0	19	0	2	0	0	0	1	10	0	0	0	10	0	0	0	0	0	22	0	0	320	0	0	0	1	31	0	1	0	0	0	0	20	0	0	0	0	0	0	0	0	0	0	21	0	0	0	0	6	1	0	0	0
0	0	0	0	0	0	0	0	0	0	0	0	0	0	0	0	0	0	0	0	0	0	0	0	0	0	0	0	0	0	0	0	0	0	0	0	0	0	0	0	0	0	0	0	0	0	0	0	0	0	0	0	0	0	0	0	0	0	0	0	0	0	0	0	0	0	0	0	0	0	0	0	0	0	0
0	0	0	0	0	0	0	0	0	0	0	0	0	0	0	0	0	0	0	0	0	0	0	0	0	0	0	0	0	0	0	0	0	0	0	0	0	0	0	0	0	0	0	0	0	0	0	0	0	0	0	0	0	0	0	0	0	0	0	0	0	0	0	0	0	0	0	0	0	0	0	0	0	0	0
0	0	0	0	0	0	0	0	0	0	0	0	0	0	0	0	0	0	0	0	0	0	0	0	11	0	0	0	5	0	0	0	0	0	0	0	0	0	0	0	0	0	0	0	0	0	0	0	0	0	0	0	0	0	0	0	0	0	0	0	0	0	1	0	0	0	0	0	0	0	0	0	0	0	0
0	0	5	0	7	0	0	0	0	0	0	0	0	1	0	0	0	1	0	1	4	0	0	0	0	0	422	0	0	1	1	0	0	2	0	0	0	0	1	0	0	0	70	1	0	0	0	0	0	1	0	0	0	0	0	0	0	0	0	0	0	0	0	0	0	1	6	0	0	0	0	1	0	0	0
0	0	4	0	0	0	0	4	0	0	0	0	0	0	0	0	0	1	0	0	0	0	8	0	9	0	616	1	0	0	0	5	0	1	0	0	0	0	2	0	0	0	1	2	0	0	0	0	0	0	1	0	0	0	1	0	0	0	0	0	0	0	0	0	0	71	1	0	0	0	1	0	0	0	0
0	0	0	0	2	1	0	0	0	0	0	0	0	6	0	2	1	0	0	68	0	0	0	0	0	0	0	0	0	0	2	0	1	0	0	0	0	0	0	1	0	0	16	4	26	2	1	51	0	68	0	2	0	0	0	0	0	2	0	0	0	0	0	0	0	6	0	0	0	0	0	0	0	0	0
0	0	0	0	0	0	0	0	0	0	0	0	0	0	0	0	0	0	0	0	0	0	0	0	0	0	0	0	0	0	0	0	0	0	0	0	0	0	0	0	0	0	0	0	0	0	0	0	0	0	0	0	0	0	0	0	0	0	0	0	0	0	0	0	0	0	0	0	0	0	0	0	0	0	0
0	0	0	0	0	0	0	0	0	0	0	0	0	0	0	0	0	0	0	0	0	0	0	0	0	0	0	0	0	0	0	0	0	0	0	0	0	0	0	0	0	0	0	0	0	0	0	0	0	0	0	0	0	0	0	0	0	0	0	0	0	0	0	0	0	0	0	0	0	0	0	0	0	0	0
