0	0	0	0	0	0	0	0	0	0	0	0	0	0	0	0	0	0	0	0	0	0	0	0	0	0	0	0	0	0	0	0	0	0	0	0	0	0	0	0	0	0	0	0	0	0	0	0	0	0	0	0	0	0	0	0	0	0	0	0	0	0	0	0	0	0	0	0	0	0	0	0	0	0	0
0	0	340	145	0	0	6	0	0	0	234	12	0	0	0	0	2	155	4	0	6	1100	0	0	12	0	0	121	442	0	6	30	0	6	0	0	0	0	96	0	128	0	75	46	0	0	0	0	194	0	19	0	589	58	23	0	1814	0	0	42	0	0	0	0	0	21	8	4	0	0	34	18	0	4	2
0	340	0	0	0	0	0	0	0	0	4	12	0	0	0	0	0	8	2	0	0	7	0	0	16	0	0	31	46	0	0	3	0	4	0	0	1	0	12	0	6	0	134	18	0	0	0	0	2	1	44	0	156	31	3	0	68	8	0	2	0	0	0	1	0	30	90	1	0	0	138	2	0	1	0
0	145	0	0	0	0	377	0	0	0	449	0	0	3	0	182	0	9	2	0	0	158	0	0	4	1	0	2	18	2	173	0	0	76	0	0	2	0	3	0	46	0	285	1	0	104	0	0	77	1	0	0	248	19	2	0	68	0	0	1	0	0	0	0	0	5	1	1	0	0	88	2	0	1	362
0	0	0	0	0	0	0	0	0	0	0	0	0	3	0	0	2	0	0	0	2	0	0	0	0	0	0	0	0	0	0	3	4	0	0	0	0	0	2	2	0	4	3	3	0	0	0	0	0	0	3	0	0	0	0	0	0	2	0	0	0	0	0	8	8	0	0	8	0	2	0	3	0	0	1
0	0	0	0	0	0	0	0	0	0	0	0	0	0	0	0	0	0	0	0	0	0	0	0	0	0	0	0	0	0	0	0	0	0	0	0	0	0	0	0	0	0	0	0	0	0	0	0	0	0	0	0	0	0	0	0	0	0	0	0	0	0	0	0	0	0	0	0	0	0	0	0	0	0	0
0	6	0	377	0	0	0	0	0	0	63	0	0	15	0	90	0	2	0	0	0	18	0	0	5	1	0	0	6	13	50	0	0	54	0	0	0	0	0	0	26	0	26	0	0	61	0	0	4	16	0	0	12	4	0	0	1	0	0	0	0	0	0	0	0	3	5	0	0	0	49	0	0	0	27
0	0	0	0	0	0	0	0	0	0	0	0	0	0	0	0	0	0	0	0	0	0	0	0	0	0	0	0	0	0	0	0	0	0	0	0	0	0	0	0	0	0	0	0	0	0	0	0	0	0	0	0	0	0	0	0	0	0	0	0	0	0	0	0	0	0	0	0	0	0	0	0	0	0	0
0	0	0	0	0	0	0	0	0	0	0	0	0	0	0	0	0	0	0	0	0	0	0	0	0	0	0	0	0	0	0	0	0	0	0	0	0	0	0	0	0	0	0	0	0	0	0	0	0	0	0	0	0	0	0	0	0	0	0	0	0	0	0	0	0	0	0	6	0	0	0	0	0	0	0
0	0	0	0	0	0	0	0	0	0	0	0	0	0	0	0	0	0	0	0	0	0	0	0	0	0	0	0	0	0	0	0	0	0	0	0	0	0	0	0	0	0	0	0	0	0	0	0	0	0	0	0	0	0	0	0	0	0	0	0	0	0	0	0	0	0	0	0	0	0	0	0	0	0	0
0	234	4	449	0	0	63	0	0	0	0	0	0	20	0	261	0	24	0	12	0	25	0	0	262	0	0	10	230	6	1	0	0	13	0	0	0	0	8	0	308	0	187	0	0	11	0	0	96	0	4	0	14	21	23	0	7	19	0	2	0	0	0	0	0	167	45	1	0	0	14	0	0	1	5
0	12	12	0	0	0	0	0	0	0	0	0	0	0	0	10	0	33	6	0	55	0	0	0	0	0	0	16	0	0	2	35	0	0	0	0	0	0	65	0	0	0	11	28	0	0	0	0	0	0	0	0	0	0	0	5	0	4	0	16	0	0	0	0	0	0	29	9	0	0	4	29	0	2	0
0	0	0	0	0	0	0	0	0	0	0	0	0	0	0	0	0	0	0	0	0	0	0	0	0	0	0	0	0	0	0	0	0	0	0	0	0	0	0	0	0	0	0	0	0	0	0	0	0	0	0	0	0	0	0	0	0	0	0	0	0	0	0	0	0	0	0	0	0	0	0	0	0	0	0
0	0	0	3	3	0	15	0	0	0	20	0	0	0	0	64	28	0	46	25	3	3	0	0	0	10	9	0	13	15	0	1	17	3	1	0	16	0	3	0	24	0	7	0	488	65	0	0	0	2	0	10	3	5	16	2	0	38	0	0	0	0	0	3	14	1	1	101	0	11	6	0	0	17	3
0	0	0	0	0	0	0	0	0	0	0	0	0	0	0	0	0	0	0	0	0	0	0	0	0	0	0	0	0	0	0	0	0	0	0	0	0	0	0	0	0	0	0	0	0	0	0	0	0	0	0	0	0	0	0	0	0	0	0	0	0	0	0	0	0	0	0	0	0	0	0	0	0	0	0
0	0	0	182	0	0	90	0	0	0	261	10	0	64	0	0	280	0	16	224	7	0	0	0	2	0	33	0	0	215	1	0	97	212	14	0	39	0	2	0	15	0	369	1	0	284	0	0	13	3	1	7	1	0	3	215	0	95	0	0	0	0	0	5	37	0	9	69	0	36	249	2	0	8	0
0	2	0	0	2	0	0	0	0	0	0	0	0	28	0	280	0	1	0	169	30	0	0	0	6	0	107	1	1	0	0	0	0	0	2	0	0	0	0	0	604	0	24	8	0	0	0	0	0	0	99	0	1	0	11	12	0	7	0	0	0	0	0	136	4	4	0	656	0	34	0	0	2	0	0
0	155	8	9	0	0	2	0	0	0	24	33	0	0	0	0	1	0	3	0	117	291	0	0	210	0	0	348	634	0	67	3	4	1	0	0	0	0	290	5	853	0	8	203	0	0	0	0	0	0	667	0	13	161	230	2	6	2	0	1	0	0	0	1	0	258	24	3	0	1	4	6	0	1	0
0	4	2	2	0	0	0	0	0	0	0	6	0	46	0	16	0	3	0	0	2	11	0	0	12	0	12	4	51	0	11	1	0	0	0	0	40	0	19	0	4	1	1	4	0	6	0	0	0	0	0	8	13	9	16	0	1	8	0	13	0	0	0	3	1	3	10	58	0	3	1	8	0	2	1
0	0	0	0	0	0	0	0	0	0	12	0	0	25	0	224	169	0	0	0	2	0	0	0	0	0	0	0	1	171	0	0	19	141	0	0	0	0	0	6	207	0	82	0	0	181	0	0	0	26	0	0	0	0	2	25	0	15	0	0	0	0	0	0	10	1	0	1	0	0	90	5	0	0	2
0	6	0	0	2	0	0	0	0	0	0	55	0	3	0	7	30	117	2	2	0	2	0	0	18	0	2	195	2	0	36	0	0	4	2	0	0	0	5	0	630	0	17	179	0	0	0	0	0	0	1483	0	5	11	18	0	0	1	0	0	0	0	0	0	3	4	17	2	0	27	8	4	0	0	0
0	1100	7	158	0	0	18	0	0	0	25	0	0	3	0	0	0	291	11	0	2	0	0	0	208	0	0	143	713	0	201	1	0	0	0	0	0	0	57	0	491	0	1	14	0	0	0	0	93	0	412	0	268	220	22	0	149	0	0	2	0	0	0	1	1	59	0	1	0	0	2	5	0	0	17
0	0	0	0	0	0	0	0	0	0	0	0	0	0	0	0	0	0	0	0	0	0	0	0	0	0	0	0	0	0	0	0	0	0	0	0	0	0	0	0	0	0	0	0	0	0	0	0	0	0	0	0	0	0	0	0	0	0	0	0	0	0	0	0	0	0	0	0	0	0	0	0	0	0	0
0	0	0	0	0	0	0	0	0	0	0	0	0	0	0	0	0	0	0	0	0	0	0	0	0	0	0	0	0	0	0	0	0	0	0	0	0	0	0	0	0	0	0	0	0	0	0	0	0	0	0	0	0	0	0	0	0	0	0	0	0	0	0	0	0	0	0	0	0	0	0	0	0	0	0
0	12	16	4	0	0	5	0	0	0	262	0	0	0	0	2	6	210	12	0	18	208	0	0	0	0	0	112	831	0	302	46	3	40	0	0	0	0	566	24	277	0	21	22	0	0	0	0	0	4	127	1	161	38	653	2	9	10	0	18	0	0	0	0	0	990	8	56	0	0	3	123	0	1	4
0	0	0	1	0	0	1	0	0	0	0	0	0	10	0	0	0	0	0	0	0	0	0	0	0	0	9	1	0	0	0	0	0	0	0	0	0	0	0	0	27	0	0	19	0	0	0	0	0	0	21	0	4	1	0	0	0	0	0	0	0	0	0	4	1	0	0	6	0	11	2	0	0	0	0
0	0	0	0	0	0	0	0	0	0	0	0	0	9	0	33	107	0	12	0	2	0	0	0	0	9	0	0	0	0	0	0	15	1	1	0	63	0	2	0	20	69	40	3	0	0	0	0	0	42	2	0	0	0	5	1	0	5	0	14	0	0	0	241	236	2	13	389	0	242	0	23	0	101	0
0	121	31	2	0	0	0	0	0	0	10	16	0	0	0	0	1	348	4	0	195	143	0	0	112	1	0	0	610	0	286	6	3	74	0	0	0	0	353	5	807	0	15	119	0	0	0	0	4	6	553	0	35	38	251	0	42	0	0	0	0	0	0	3	1	171	4	2	0	2	4	36	0	0	2
0	442	46	18	0	0	6	0	0	0	230	0	0	13	0	0	1	634	51	1	2	713	0	0	831	0	0	610	0	0	188	81	13	93	0	0	0	0	562	48	359	0	39	18	0	0	0	0	1	7	17	5	398	251	530	0	29	10	0	23	0	0	0	0	2	1023	1	2	0	0	9	37	0	8	15
0	0	0	2	0	0	13	0	0	0	6	0	0	15	0	215	0	0	0	171	0	0	0	0	0	0	0	0	0	0	0	0	0	0	110	0	0	0	0	0	0	0	207	2	0	0	0	0	0	0	0	0	0	0	0	47	0	162	0	0	0	0	0	0	0	0	16	0	0	0	2	0	0	0	0
0	6	0	173	0	0	50	0	0	0	1	2	0	0	0	1	0	67	11	0	36	201	0	0	302	0	0	286	188	0	0	0	0	0	0	0	0	0	0	0	838	0	3	2	0	0	0	0	15	0	317	0	24	127	13	0	1	0	0	0	0	0	0	1	0	9	0	1	0	0	0	0	0	0	0
0	30	3	0	3	0	0	0	0	0	0	35	0	1	0	0	0	3	1	0	0	1	0	0	46	0	0	6	81	0	0	0	0	0	0	0	0	0	26	0	1	0	1	324	0	0	0	0	0	0	301	0	0	1	2	0	1	0	0	0	0	0	0	0	0	125	1	0	0	0	0	0	0	0	0
0	0	0	0	4	0	0	0	0	0	0	0	0	17	0	97	0	4	0	19	0	0	0	0	3	0	15	3	13	0	0	0	0	0	132	0	0	0	0	0	3	0	117	5	0	0	0	0	0	0	12	0	6	0	1	10	0	97	0	0	0	0	0	11	114	3	0	196	0	25	0	0	0	0	0
0	6	4	76	0	0	54	0	0	0	13	0	0	3	0	212	0	1	0	141	4	0	0	0	40	0	1	74	93	0	0	0	0	0	0	0	0	0	105	0	380	0	211	93	0	0	0	0	24	0	111	0	2	1	11	0	2	0	0	0	0	0	0	0	0	119	64	0	0	1	6	0	0	0	0
0	0	0	0	0	0	0	0	0	0	0	0	0	1	0	14	2	0	0	0	2	0	0	0	0	0	1	0	0	110	0	0	132	0	0	0	1	0	0	0	0	0	0	0	0	3	0	0	0	0	0	0	1	0	0	260	0	177	0	0	0	0	0	0	2	0	0	5	0	1	1	0	0	2	0
0	0	0	0	0	0	0	0	0	0	0	0	0	0	0	0	0	0	0	0	0	0	0	0	0	0	0	0	0	0	0	0	0	0	0	0	0	0	0	0	0	0	0	0	0	0	0	0	0	0	0	0	0	0	0	0	0	0	0	0	0	0	0	0	0	0	0	0	0	0	0	0	0	0	0
0	0	1	2	0	0	0	0	0	0	0	0	0	16	0	39	0	0	40	0	0	0	0	0	0	0	63	0	0	0	0	0	0	0	1	0	0	0	1	0	0	0	0	0	0	0	0	0	0	0	0	0	0	0	4	0	0	0	0	0	0	0	0	5	82	0	0	47	0	33	0	0	0	0	0
0	0	0	0	0	0	0	0	0	0	0	0	0	0	0	0	0	0	0	0	0	0	0	0	0	0	0	0	0	0	0	0	0	0	0	0	0	0	0	0	0	0	0	0	0	0	0	0	0	0	0	0	0	0	0	0	0	0	0	0	0	0	0	0	0	0	0	0	0	0	0	0	0	0	0
0	96	12	3	2	0	0	0	0	0	8	65	0	3	0	2	0	290	19	0	5	57	0	0	566	0	2	353	562	0	0	26	0	105	0	0	1	0	0	1	323	0	24	1006	0	0	0	0	0	1	915	0	37	117	328	1	16	6	0	13	0	0	0	11	0	755	41	2	0	1	4	10	0	2	0
0	0	0	0	2	0	0	0	0	0	0	0	0	0	0	0	0	5	0	6	0	0	0	0	24	0	0	5	48	0	0	0	0	0	0	0	0	0	1	0	145	0	0	382	0	0	0	0	0	0	194	0	3	21	6	0	0	0	0	0	0	0	0	190	0	27	0	0	0	188	0	0	0	0	0
0	128	6	46	0	0	26	0	0	0	308	0	0	24	0	15	604	853	4	207	630	491	0	0	277	27	20	807	359	0	838	1	3	380	0	0	0	0	323	145	0	0	100	211	0	173	0	0	25	5	1445	18	76	9	223	8	31	1	0	79	0	0	0	3	4	337	0	52	0	12	12	135	0	19	569
0	0	0	0	4	0	0	0	0	0	0	0	0	0	0	0	0	0	1	0	0	0	0	0	0	0	69	0	0	0	0	0	0	0	0	0	0	0	0	0	0	0	0	130	0	0	0	0	0	0	104	0	0	0	0	0	0	1	0	0	0	0	0	252	2	0	0	6	0	191	0	0	0	0	0
0	75	134	285	3	0	26	0	0	0	187	11	0	7	0	369	24	8	1	82	17	1	0	0	21	0	40	15	39	207	3	1	117	211	0	0	0	0	24	0	100	0	0	51	0	97	0	0	9	0	59	0	2	9	8	28	35	6	0	3	0	0	0	2	10	25	161	40	0	14	192	4	0	8	50
0	46	18	1	3	0	0	0	0	0	0	28	0	0	0	1	8	203	4	0	179	14	0	0	22	19	3	119	18	2	2	324	5	93	0	0	0	0	1006	382	211	130	51	0	0	2	0	0	0	65	1871	0	10	0	1075	2	7	5	0	181	0	0	0	370	4	352	12	8	0	2	21	262	0	83	2
0	0	0	0	0	0	0	0	0	0	0	0	0	488	0	0	0	0	0	0	0	0	0	0	0	0	0	0	0	0	0	0	0	0	0	0	0	0	0	0	0	0	0	0	0	0	0	0	0	0	0	0	0	0	0	0	0	0	0	0	0	0	0	0	0	0	7	0	0	16	0	0	0	0	0
0	0	0	104	0	0	61	0	0	0	11	0	0	65	0	284	0	0	6	181	0	0	0	0	0	0	0	0	0	0	0	0	0	0	3	0	0	0	0	0	173	0	97	2	0	0	0	0	0	0	0	0	3	0	1	13	0	166	0	0	0	0	0	0	0	1	0	0	0	2	0	0	0	0	0
0	0	0	0	0	0	0	0	0	0	0	0	0	0	0	0	0	0	0	0	0	0	0	0	0	0	0	0	0	0	0	0	0	0	0	0	0	0	0	0	0	0	0	0	0	0	0	0	0	0	0	0	0	0	0	0	0	0	0	0	0	0	0	0	0	0	0	0	0	0	0	0	0	0	0
0	0	0	0	0	0	0	0	0	0	0	0	0	0	0	0	0	0	0	0	0	0	0	0	0	0	0	0	0	0	0	0	0	0	0	0	0	0	0	0	0	0	0	0	0	0	0	0	0	0	0	0	0	0	0	0	0	0	0	0	0	0	0	0	0	0	0	0	0	0	0	0	0	0	0
0	194	2	77	0	0	4	0	0	0	96	0	0	0	0	13	0	0	0	0	0	93	0	0	0	0	0	4	1	0	15	0	0	24	0	0	0	0	0	0	25	0	9	0	0	0	0	0	0	0	0	0	20	7	0	0	21	0	0	0	0	0	0	0	0	0	1	0	0	0	67	3	0	0	18
0	0	1	1	0	0	16	0	0	0	0	0	0	2	0	3	0	0	0	26	0	0	0	0	4	0	42	6	7	0	0	0	0	0	0	0	0	0	1	0	5	0	0	65	0	0	0	0	0	0	3	0	0	0	0	0	0	0	0	2	0	0	0	26	1	1	1	49	0	48	0	0	0	0	0
0	19	44	0	3	0	0	0	0	0	4	0	0	0	0	1	99	667	0	0	1483	412	0	0	127	21	2	553	17	0	317	301	12	111	0	0	0	0	915	194	1445	104	59	1871	0	0	0	0	0	3	0	0	43	0	507	0	14	1	0	98	0	0	0	1	0	17	16	0	0	0	28	308	0	95	4
0	0	0	0	0	0	0	0	0	0	0	0	0	10	0	7	0	0	8	0	0	0	0	0	1	0	0	0	5	0	0	0	0	0	0	0	0	0	0	0	18	0	0	0	0	0	0	0	0	0	0	0	0	2	0	17	0	109	0	0	0	0	0	0	0	0	0	7	0	1	0	0	0	0	0
0	589	156	248	0	0	12	0	0	0	14	0	0	3	0	1	1	13	13	0	5	268	0	0	161	4	0	35	398	0	24	0	6	2	1	0	0	0	37	3	76	0	2	10	0	3	0	0	20	0	43	0	0	90	14	0	51	1	0	1	0	0	0	12	11	97	9	13	0	4	2	0	0	1	7
0	58	31	19	0	0	4	0	0	0	21	0	0	5	0	0	0	161	9	0	11	220	0	0	38	1	0	38	251	0	127	1	0	1	0	0	0	0	117	21	9	0	9	0	0	0	0	0	7	0	0	2	90	0	159	0	9	0	0	1	0	0	0	0	0	110	0	0	0	0	0	42	0	3	3
0	23	3	2	0	0	0	0	0	0	23	0	0	16	0	3	11	230	16	2	18	22	0	0	653	0	5	251	530	0	13	2	1	11	0	0	4	0	328	6	223	0	8	1075	0	1	0	0	0	0	507	0	14	159	0	1	6	1	0	1	0	0	0	2	2	865	13	140	0	10	3	5	0	2	8
0	0	0	0	0	0	0	0	0	0	0	5	0	2	0	215	12	2	0	25	0	0	0	0	2	0	1	0	0	47	0	0	10	0	260	0	0	0	1	0	8	0	28	2	0	13	0	0	0	0	0	17	0	0	1	0	0	449	0	0	0	0	0	7	7	2	2	59	0	2	0	0	0	2	0
0	1814	68	68	0	0	1	0	0	0	7	0	0	0	0	0	0	6	1	0	0	149	0	0	9	0	0	42	29	0	1	1	0	2	0	0	0	0	16	0	31	0	35	7	0	0	0	0	21	0	14	0	51	9	6	0	0	0	0	0	0	0	0	0	0	13	0	1	0	0	0	0	0	0	0
0	0	8	0	2	0	0	0	0	0	19	4	0	38	0	95	7	2	8	15	1	0	0	0	10	0	5	0	10	162	0	0	97	0	177	0	0	0	6	0	1	1	6	5	0	166	0	0	0	0	1	109	1	0	1	449	0	0	0	0	0	0	0	0	5	52	4	76	0	31	0	0	0	2	2
0	0	0	0	0	0	0	0	0	0	0	0	0	0	0	0	0	0	0	0	0	0	0	0	0	0	0	0	0	0	0	0	0	0	0	0	0	0	0	0	0	0	0	0	0	0	0	0	0	0	0	0	0	0	0	0	0	0	0	0	0	0	0	0	0	0	0	0	0	0	0	0	0	0	0
0	42	2	1	0	0	0	0	0	0	2	16	0	0	0	0	0	1	13	0	0	2	0	0	18	0	14	0	23	0	0	0	0	0	0	0	0	0	13	0	79	0	3	181	0	0	0	0	0	2	98	0	1	1	1	0	0	0	0	0	0	0	0	136	8	128	1	19	0	156	0	2	0	0	0
0	0	0	0	0	0	0	0	0	0	0	0	0	0	0	0	0	0	0	0	0	0	0	0	0	0	0	0	0	0	0	0	0	0	0	0	0	0	0	0	0	0	0	0	0	0	0	0	0	0	0	0	0	0	0	0	0	0	0	0	0	0	0	0	0	0	0	0	0	0	0	0	0	0	0
0	0	0	0	0	0	0	0	0	0	0	0	0	0	0	0	0	0	0	0	0	0	0	0	0	0	0	0	0	0	0	0	0	0	0	0	0	0	0	0	0	0	0	0	0	0	0	0	0	0	0	0	0	0	0	0	0	0	0	0	0	0	0	0	0	0	0	0	0	0	0	0	0	0	0
0	0	0	0	0	0	0	0	0	0	0	0	0	0	0	0	0	0	0	0	0	0	0	0	0	0	0	0	0	0	0	0	0	0	0	0	0	0	0	0	0	0	0	0	0	0	0	0	0	0	0	0	0	0	0	0	0	0	0	0	0	0	0	0	0	0	0	0	0	0	0	0	0	0	0
0	0	1	0	8	0	0	0	0	0	0	0	0	3	0	5	136	1	3	0	0	1	0	0	0	4	241	3	0	0	1	0	11	0	0	0	5	0	11	190	3	252	2	370	0	0	0	0	0	26	1	0	12	0	2	7	0	0	0	136	0	0	0	0	28	0	0	687	0	674	0	0	0	127	0
0	0	0	0	8	0	0	0	0	0	0	0	0	14	0	37	4	0	1	10	3	1	0	0	0	1	236	1	2	0	0	0	114	0	2	0	82	0	0	0	4	2	10	4	0	0	0	0	0	1	0	0	11	0	2	7	0	5	0	8	0	0	0	28	0	5	0	1267	0	34	1	1	0	83	0
0	21	30	5	0	0	3	0	0	0	167	0	0	1	0	0	4	258	3	1	4	59	0	0	990	0	2	171	1023	0	9	125	3	119	0	0	0	0	755	27	337	0	25	352	0	1	0	0	0	1	17	0	97	110	865	2	13	52	0	128	0	0	0	0	5	0	3	5	0	28	0	45	0	3	8
0	8	90	1	0	0	5	0	0	0	45	29	0	1	0	9	0	24	10	0	17	0	0	0	8	0	13	4	1	16	0	1	0	64	0	0	0	0	41	0	0	0	161	12	7	0	0	0	1	1	16	0	9	0	13	2	0	4	0	1	0	0	0	0	0	3	0	1	0	17	66	236	0	1	0
0	4	1	1	8	0	0	0	6	0	1	9	0	101	0	69	656	3	58	1	2	1	0	0	56	6	389	2	2	0	1	0	196	0	5	0	47	0	2	0	52	6	40	8	0	0	0	0	0	49	0	7	13	0	140	59	1	76	0	19	0	0	0	687	1267	5	1	0	0	397	0	0	0	164	36
0	0	0	0	0	0	0	0	0	0	0	0	0	0	0	0	0	0	0	0	0	0	0	0	0	0	0	0	0	0	0	0	0	0	0	0	0	0	0	0	0	0	0	0	0	0	0	0	0	0	0	0	0	0	0	0	0	0	0	0	0	0	0	0	0	0	0	0	0	0	0	0	0	0	0
0	0	0	0	2	0	0	0	0	0	0	0	0	11	0	36	34	1	3	0	27	0	0	0	0	11	242	2	0	0	0	0	25	1	1	0	33	0	1	188	12	191	14	2	16	2	0	0	0	48	0	1	4	0	10	2	0	31	0	156	0	0	0	674	34	28	17	397	0	0	1	8	0	114	1
0	34	138	88	0	0	49	0	0	0	14	4	0	6	0	249	0	4	1	90	8	2	0	0	3	2	0	4	9	2	0	0	0	6	1	0	0	0	4	0	12	0	192	21	0	0	0	0	67	0	28	0	2	0	3	0	0	0	0	0	0	0	0	0	1	0	66	0	0	1	0	2	0	0	2
0	18	2	2	3	0	0	0	0	0	0	29	0	0	0	2	0	6	8	5	4	5	0	0	123	0	23	36	37	0	0	0	0	0	0	0	0	0	10	0	135	0	4	262	0	0	0	0	3	0	308	0	0	42	5	0	0	0	0	2	0	0	0	0	1	45	236	0	0	8	2	0	0	0	0
0	0	0	0	0	0	0	0	0	0	0	0	0	0	0	0	2	0	0	0	0	0	0	0	0	0	0	0	0	0	0	0	0	0	0	0	0	0	0	0	0	0	0	0	0	0	0	0	0	0	0	0	0	0	0	0	0	0	0	0	0	0	0	0	0	0	0	0	0	0	0	0	0	0	0
0	4	1	1	0	0	0	0	0	0	1	2	0	17	0	8	0	1	2	0	0	0	0	0	1	0	101	0	8	0	0	0	0	0	2	0	0	0	2	0	19	0	8	83	0	0	0	0	0	0	95	0	1	3	2	2	0	2	0	0	0	0	0	127	83	3	1	164	0	114	0	0	0	0	0
0	2	0	362	1	0	27	0	0	0	5	0	0	3	0	0	0	0	1	2	0	17	0	0	4	0	0	2	15	0	0	0	0	0	0	0	0	0	0	0	569	0	50	2	0	0	0	0	18	0	4	0	7	3	8	0	0	2	0	0	0	0	0	0	0	8	0	36	0	1	2	0	0	0	0
