0	0	0	0	0	0	0	0	0	0	0	0	0	0	0	0	0	0	0	0	0	0	0	0	0	0	0	0	0	0	0	0	0	0	0	0	0	0	0	0	0	0	0	0	0	0	0	0	0	0	0	0	0	0	0	0	0	0	0	0	0	0	0	0	0	0	0	0	0	0	0	0	0	0	0
0	0	22	2	0	0	0	0	0	0	8	0	12	0	0	0	0	0	0	0	0	101	3	0	0	0	0	0	0	0	0	0	0	4	0	0	0	0	0	0	0	0	0	0	0	0	0	0	4	0	0	0	10	14	0	4	10	0	0	0	0	0	0	0	0	0	16	0	0	0	0	0	0	0	0
0	22	0	0	0	10	0	0	0	0	0	0	3	0	0	109	0	7	0	0	2	0	17	0	1	0	0	0	3	18	0	1	0	4	0	11	0	0	0	0	0	0	183	2	0	0	10	7	0	0	1	0	1	0	0	0	0	0	0	0	0	1	0	0	0	30	5	0	0	0	7	4	0	0	0
0	2	0	0	2	0	185	0	0	0	338	0	0	20	0	60	0	0	14	0	0	91	0	0	2	0	0	0	0	2	343	0	0	136	0	0	0	0	0	1	49	0	412	0	0	118	0	0	588	0	0	0	408	10	0	0	0	0	0	0	0	0	0	0	0	3	98	0	0	0	0	0	0	0	0
0	0	0	2	0	257	0	7	0	0	0	0	15	0	0	0	0	9	1	168	0	0	6	0	0	0	0	9	0	0	0	488	0	95	0	0	0	0	347	0	0	0	32	571	0	1	0	0	0	329	30	0	3	0	0	34	0	21	0	0	0	8	1	520	0	12	19	0	0	0	7	0	2	0	0
0	0	10	0	257	0	0	0	20	0	0	0	1	1	0	16	1	37	0	15	65	3	0	0	2	0	0	32	0	17	103	0	2	490	0	1	0	0	29	1	54	0	145	8	0	0	0	146	0	9	58	0	0	0	5	0	0	0	0	0	0	32	0	0	0	0	21	0	0	50	0	0	25	0	0
0	0	0	185	0	0	0	0	0	0	3	0	1	0	0	1	0	0	0	0	0	12	0	0	0	0	0	0	0	0	2	0	0	0	0	0	1	0	0	0	2	0	26	0	0	1	0	0	2	0	0	0	2	0	0	0	0	0	0	0	0	0	0	0	0	0	0	0	0	0	0	0	0	0	0
0	0	0	0	7	0	0	0	0	0	0	0	0	1	0	1	0	7	11	0	0	1	1	0	86	0	0	0	47	12	0	0	0	0	0	0	0	0	12	21	0	0	1	35	0	0	0	0	0	0	0	0	1	0	56	0	1	0	0	0	0	0	0	0	0	695	1	0	0	0	0	4	0	0	0
0	0	0	0	0	20	0	0	0	0	0	0	0	0	0	2	0	1	0	13	158	0	0	0	1	0	0	0	0	1	0	0	0	2	3	0	0	0	0	1	0	0	0	5	4	2	20	0	0	13	0	2	0	0	0	0	0	1	0	0	0	0	0	0	10	0	0	0	0	0	0	0	0	0	0
0	0	0	0	0	0	0	0	0	0	0	0	0	0	0	0	0	0	0	0	0	0	0	0	0	0	0	0	0	0	0	0	0	0	0	0	0	0	0	0	0	0	0	0	0	0	0	0	0	0	0	0	0	0	0	0	0	0	0	0	0	0	0	0	0	0	0	0	0	0	0	0	0	0	0
0	8	0	338	0	0	3	0	0	0	0	0	0	1	0	289	0	2	0	0	0	0	0	0	2	0	0	0	1	246	0	0	0	316	0	0	0	0	0	0	13	0	198	2	0	4	0	0	0	0	0	0	0	0	0	0	11	0	0	0	0	0	0	0	0	0	0	0	0	0	1	0	0	0	0
0	0	0	0	0	0	0	0	0	0	0	0	0	0	0	13	1	0	0	138	0	0	0	0	0	0	0	0	0	296	0	0	0	0	15	0	0	0	0	0	0	0	0	0	3	0	0	0	0	97	0	0	0	0	0	3	0	12	0	0	0	0	0	0	0	0	0	0	0	0	0	0	0	0	0
0	12	3	0	15	1	1	0	0	0	0	0	0	0	0	4	0	1	0	5	50	0	1	0	0	0	0	0	6	0	0	0	0	2	1	0	0	0	0	0	8	1	37	4	0	0	1	13	0	5	0	0	0	0	0	3	1	0	0	0	0	0	0	0	1	0	0	1	0	0	1	0	0	0	0
0	0	0	20	0	1	0	1	0	0	1	0	0	0	0	140	1	2	0	14	7	1	0	1	2	0	0	0	0	8	2	1	1	0	2	0	7	0	6	2	2	0	62	13	461	12	0	0	0	13	5	4	0	1	0	1	1	13	0	0	0	4	3	4	2	1	0	1	0	2	2	0	17	0	0
0	0	0	0	0	0	0	0	0	0	0	0	0	0	0	0	0	0	0	0	0	0	0	0	0	0	0	0	0	0	0	0	0	0	0	0	0	0	0	0	0	0	0	0	0	0	0	0	0	0	0	0	0	0	0	0	0	0	0	0	0	0	0	0	0	0	0	0	0	0	0	0	0	0	0
0	0	109	60	0	16	1	1	2	0	289	13	4	140	0	0	113	2	0	325	0	0	3	0	0	0	0	0	0	1001	1	0	274	183	7	0	3	0	1	26	15	0	521	1	2	274	0	0	0	6	0	0	0	0	0	340	0	398	0	0	0	1	156	0	1	1	160	0	0	0	57	0	3	0	0
0	0	0	0	0	1	0	0	0	0	0	1	0	1	0	113	0	0	0	12	0	0	0	11	0	0	0	0	0	193	2	0	2	2	19	0	1	0	0	0	0	0	0	0	1	2	1	0	0	4	0	20	0	0	0	69	0	22	0	0	0	0	40	0	0	2	0	0	0	0	0	0	1	0	0
0	0	7	0	9	37	0	7	1	0	2	0	1	2	0	2	0	0	1	0	12	80	19	0	7	0	0	92	49	0	79	0	0	44	0	0	0	0	76	0	78	0	20	2	0	4	30	33	0	0	4	0	1	0	32	0	2	0	0	0	0	29	0	0	0	40	1	0	0	1	1	1	1	0	0
0	0	0	14	1	0	0	11	0	0	0	0	0	0	0	0	0	1	0	0	0	2	0	0	92	0	0	0	69	0	2	0	0	2	0	0	0	0	0	0	0	1	0	12	0	0	0	0	0	0	0	0	0	0	2	0	1	0	0	0	0	0	0	0	0	573	0	0	0	0	0	0	0	0	0
0	0	0	0	168	15	0	0	13	0	0	138	5	14	0	325	12	0	0	0	2	0	0	1	0	0	0	2	0	490	0	52	49	96	4	0	17	0	15	0	1	0	225	85	142	122	2	0	0	8	4	16	0	0	0	58	0	8	0	0	0	18	27	178	13	0	1	0	0	0	1	0	61	0	0
0	0	2	0	0	65	0	0	158	0	0	0	50	7	0	0	0	12	0	2	0	1	0	0	5	0	0	122	3	0	171	0	2	416	4	107	0	0	38	0	278	0	17	0	0	0	63	0	0	1	78	0	2	0	0	0	0	0	0	0	0	16	0	0	5	0	0	0	0	2	9	0	6	0	0
0	101	0	91	0	3	12	1	0	0	0	0	0	1	0	0	0	80	2	0	1	0	0	0	25	0	0	27	164	0	90	0	0	123	0	0	0	0	3	0	7	0	2	0	1	0	0	0	13	0	13	0	111	63	2	0	166	0	0	0	0	1	0	0	0	14	0	0	0	0	1	0	0	0	0
0	3	17	0	6	0	0	1	0	0	0	0	1	0	0	3	0	19	0	0	0	0	0	0	0	0	0	24	0	4	0	19	0	3	0	0	0	0	28	0	0	0	0	0	0	0	0	0	0	0	11	0	0	0	0	0	0	0	0	0	0	22	0	0	0	0	18	0	0	0	0	8	0	0	0
0	0	0	0	0	0	0	0	0	0	0	0	0	1	0	0	11	0	0	1	0	0	0	0	0	0	0	0	0	4	0	0	0	0	7	0	0	0	0	0	1	0	1	0	4	1	0	0	0	5	0	0	0	0	0	15	0	6	0	0	0	0	4	0	0	0	0	1	0	0	0	0	0	0	0
0	0	1	2	0	2	0	86	1	0	2	0	0	2	0	0	0	7	92	0	5	25	0	0	0	0	0	4	1	0	5	0	0	1	0	0	0	0	78	3	3	0	4	0	0	0	0	0	1	0	0	0	10	20	2	0	1	0	0	0	0	0	0	0	1	78	7	0	0	13	1	9	4	0	0
0	0	0	0	0	0	0	0	0	0	0	0	0	0	0	0	0	0	0	0	0	0	0	0	0	0	0	0	0	0	0	0	0	0	0	0	0	0	0	0	0	0	0	0	0	0	0	0	0	0	0	0	0	0	0	0	0	0	0	0	0	0	0	0	0	0	0	0	0	0	0	0	0	0	0
0	0	0	0	0	0	0	0	0	0	0	0	0	0	0	0	0	0	0	0	0	0	0	0	0	0	0	0	0	0	0	0	0	0	0	0	0	0	0	0	0	0	0	0	0	0	0	0	0	0	0	0	0	0	0	0	0	0	0	0	0	0	0	0	0	0	0	0	0	0	32	42	0	0	0
0	0	0	0	9	32	0	0	0	0	0	0	0	0	0	0	0	92	0	2	122	27	24	0	4	0	0	0	51	0	22	0	0	28	1	0	0	0	0	0	106	0	5	1	0	0	32	0	0	1	0	1	0	0	30	1	0	0	0	0	0	0	0	0	0	8	0	0	0	0	0	1	0	0	0
0	0	3	0	0	0	0	47	0	0	1	0	6	0	0	0	0	49	69	0	3	164	0	0	1	0	0	51	0	0	24	1	0	4	0	0	0	0	54	0	1	0	1	1	0	0	0	0	6	0	0	0	46	98	0	0	0	0	0	0	0	1	0	0	0	41	1	0	0	5	0	0	0	0	0
0	0	18	2	0	17	0	12	1	0	246	296	0	8	0	1001	193	0	0	490	0	0	4	4	0	0	0	0	0	0	0	0	700	231	178	26	0	0	29	19	0	0	490	30	0	481	0	0	1	0	0	1	0	0	0	833	0	701	0	0	0	3	349	1	0	0	21	0	0	6	2	0	11	0	0
0	0	0	343	0	103	2	0	0	0	0	0	0	2	0	1	2	79	2	0	171	90	0	0	5	0	0	22	24	0	0	0	0	8	0	0	0	0	0	5	145	0	5	0	2	10	65	6	5	0	0	2	6	3	0	0	0	0	0	0	0	0	1	0	1	1	0	0	0	1	1	0	3	0	0
0	0	1	0	488	0	0	0	0	0	0	0	0	1	0	0	0	0	0	52	0	0	19	0	0	0	0	0	1	0	0	0	0	0	1	9	0	0	0	0	0	0	0	125	0	0	0	124	0	52	0	0	0	0	1	0	0	0	0	0	0	0	0	0	1	123	0	0	0	0	0	5	0	0	0
0	0	0	0	0	2	0	0	0	0	0	0	0	1	0	274	2	0	0	49	2	0	0	0	0	0	0	0	0	700	0	0	0	0	14	1	0	0	0	0	0	1	174	1	3	2	2	0	0	1	0	0	0	0	0	30	0	9	0	0	0	0	0	0	6	2	0	1	0	0	0	0	2	0	0
0	4	4	136	95	490	0	0	2	0	316	0	2	0	0	183	2	44	2	96	416	123	3	0	1	0	0	28	4	231	8	0	0	0	0	0	0	0	6	0	60	0	427	19	0	30	56	2	16	37	10	0	2	10	2	0	0	0	0	0	0	0	4	0	1	58	210	0	0	38	283	1	14	0	0
0	0	0	0	0	0	0	0	3	0	0	15	1	2	0	7	19	0	0	4	4	0	0	7	0	0	0	1	0	178	0	1	14	0	0	0	0	0	1	0	0	1	0	0	3	1	0	0	0	0	1	0	0	0	0	95	0	19	0	0	0	0	8	0	2	0	0	0	0	0	0	0	2	0	0
0	0	11	0	0	1	0	0	0	0	0	0	0	0	0	0	0	0	0	0	107	0	0	0	0	0	0	0	0	26	0	9	1	0	0	0	2	0	26	110	0	114	1	172	1	0	0	0	4	0	62	0	0	0	0	0	0	0	0	1	0	0	0	89	0	0	1	1	0	2	1	0	54	0	0
0	0	0	0	0	0	1	0	0	0	0	0	0	7	0	3	1	0	0	17	0	0	0	0	0	0	0	0	0	0	0	0	0	0	0	2	0	0	0	1	0	0	2	5	6	2	0	0	0	17	0	0	0	0	0	1	0	1	0	2	0	0	0	0	21	0	0	6	0	0	0	0	1	0	0
0	0	0	0	0	0	0	0	0	0	0	0	0	0	0	0	0	0	0	0	0	0	0	0	0	0	0	0	0	0	0	0	0	0	0	0	0	0	0	0	0	0	0	0	0	0	0	0	0	0	0	0	0	0	0	0	0	0	0	0	0	0	0	0	0	0	0	0	0	0	0	0	0	0	0
0	0	0	0	347	29	0	12	0	0	0	0	0	6	0	1	0	76	0	15	38	3	28	0	78	0	0	0	54	29	0	0	0	6	1	26	0	0	0	34	2	0	4	184	1	0	29	139	0	15	0	0	0	0	60	0	1	0	0	0	0	0	0	0	1	650	0	0	0	0	1	2	0	0	0
0	0	0	1	0	1	0	21	1	0	0	0	0	2	0	26	0	0	0	0	0	0	0	0	3	0	0	0	0	19	5	0	0	0	0	110	1	0	34	0	4	0	1	91	0	0	0	1	0	0	0	0	0	0	0	0	0	0	0	0	0	0	0	5	3	43	0	1	0	0	0	0	31	0	0
0	0	0	49	0	54	2	0	0	0	13	0	8	2	0	15	0	78	0	1	278	7	0	1	3	0	0	106	1	0	145	0	0	60	0	0	0	0	2	4	0	15	5	2	2	81	54	0	0	0	7	0	1	2	0	0	0	1	0	1	0	88	0	0	2	2	0	3	0	0	0	0	0	0	0
0	0	0	0	0	0	0	0	0	0	0	0	1	0	0	0	0	0	1	0	0	0	0	0	0	0	0	0	0	0	0	0	1	0	1	114	0	0	0	0	15	0	1	3	0	0	0	0	0	1	0	0	0	0	4	0	0	0	0	0	0	0	0	4	3	0	0	0	0	0	0	0	1	0	0
0	0	183	412	32	145	26	1	0	0	198	0	37	62	0	521	0	20	0	225	17	2	0	1	4	0	0	5	1	490	5	0	174	427	0	1	2	0	4	1	5	1	0	17	1	70	21	17	60	12	2	2	1	0	1	17	1	7	0	0	0	2	2	0	0	6	273	0	0	0	70	1	15	0	0
0	0	2	0	571	8	0	35	5	0	2	0	4	13	0	1	0	2	12	85	0	0	0	0	0	0	0	1	1	30	0	125	1	19	0	172	5	0	184	91	2	3	17	0	0	0	1	100	4	86	2	1	0	0	27	0	0	14	0	4	0	1	0	31	3	151	3	0	0	1	12	2	69	0	0
0	0	0	0	0	0	0	0	4	0	0	3	0	461	0	2	1	0	0	142	0	1	0	4	0	0	0	0	0	0	2	0	3	0	3	1	6	0	1	0	2	0	1	0	0	18	0	0	0	150	0	0	0	1	0	0	0	11	0	0	0	1	0	2	6	1	0	1	0	0	0	0	26	0	0
0	0	0	118	1	0	1	0	2	0	4	0	0	12	0	274	2	4	0	122	0	0	0	1	0	0	0	0	0	481	10	0	2	30	1	0	2	0	0	0	81	0	70	0	18	0	0	0	0	6	0	152	0	0	0	31	0	25	0	0	0	4	11	0	1	0	0	4	0	0	0	0	2	0	0
0	0	10	0	0	0	0	0	20	0	0	0	1	0	0	0	1	30	0	2	63	0	0	0	0	0	0	32	0	0	65	0	2	56	0	0	0	0	29	0	54	0	21	1	0	0	0	0	0	0	58	0	0	0	0	0	0	0	0	0	0	32	0	0	0	0	21	0	0	50	0	0	25	0	0
0	0	7	0	0	146	0	0	0	0	0	0	13	0	0	0	0	33	0	0	0	0	0	0	0	0	0	0	0	0	6	124	0	2	0	0	0	0	139	1	0	0	17	100	0	0	0	0	0	0	127	0	0	0	0	0	0	0	0	0	0	0	1	0	0	0	21	0	0	0	0	0	48	0	0
0	4	0	588	0	0	2	0	0	0	0	0	0	0	0	0	0	0	0	0	0	13	0	0	1	0	0	0	6	1	5	0	0	16	0	4	0	0	0	0	0	0	60	4	0	0	0	0	0	0	0	0	0	0	1	0	18	0	0	0	0	0	0	0	0	3	0	0	0	0	1	0	0	0	0
0	0	0	0	329	9	0	0	13	0	0	97	5	13	0	6	4	0	0	8	1	0	0	5	0	0	0	1	0	0	0	52	1	37	0	0	17	0	15	0	0	1	12	86	150	6	0	0	0	0	4	0	0	0	0	3	0	6	0	0	0	18	13	178	12	0	1	0	0	0	1	0	60	0	0
0	0	1	0	30	58	0	0	0	0	0	0	0	5	0	0	0	4	0	4	78	13	11	0	0	0	0	0	0	0	0	0	0	10	1	62	0	0	0	0	7	0	2	2	0	0	58	127	0	4	0	0	0	0	8	0	0	0	0	0	0	0	0	0	0	1	0	0	0	0	0	1	0	0	0
0	0	0	0	0	0	0	0	2	0	0	0	0	4	0	0	20	0	0	16	0	0	0	0	0	0	0	1	0	1	2	0	0	0	0	0	0	0	0	0	0	0	2	1	0	152	0	0	0	0	0	0	0	0	0	13	0	92	0	0	0	17	10	0	0	0	0	0	0	0	0	0	0	0	0
0	10	1	408	3	0	2	1	0	0	0	0	0	0	0	0	0	1	0	0	2	111	0	0	10	0	0	0	46	0	6	0	0	2	0	0	0	0	0	0	1	0	1	0	0	0	0	0	0	0	0	0	0	0	0	0	45	0	0	0	0	0	0	0	0	24	0	0	0	0	0	0	0	0	0
0	14	0	10	0	0	0	0	0	0	0	0	0	1	0	0	0	0	0	0	0	63	0	0	20	0	0	0	98	0	3	0	0	10	0	0	0	0	0	0	2	0	0	0	1	0	0	0	0	0	0	0	0	0	0	0	52	0	0	0	0	0	1	0	0	9	0	0	0	0	0	0	0	0	0
0	0	0	0	0	5	0	56	0	0	0	0	0	0	0	0	0	32	2	0	0	2	0	0	2	0	0	30	0	0	0	1	0	2	0	0	0	0	60	0	0	4	1	27	0	0	0	0	1	0	8	0	0	0	0	0	0	0	0	0	0	4	0	0	0	58	20	0	0	0	0	1	0	0	0
0	4	0	0	34	0	0	0	0	0	0	3	3	1	0	340	69	0	0	58	0	0	0	15	0	0	0	1	0	833	0	0	30	0	95	0	1	0	0	0	0	0	17	0	0	31	0	0	0	3	0	13	0	0	0	0	0	141	0	0	0	0	110	0	0	0	0	0	0	0	0	0	0	0	0
0	10	0	0	0	0	0	1	0	0	11	0	1	1	0	0	0	2	1	0	0	166	0	0	1	0	0	0	0	0	0	0	0	0	0	0	0	0	1	0	0	0	1	0	0	0	0	0	18	0	0	0	45	52	0	0	0	0	0	0	0	0	0	0	0	6	75	0	0	0	26	0	0	0	0
0	0	0	0	21	0	0	0	1	0	0	12	0	13	0	398	22	0	0	8	0	0	0	6	0	0	0	0	0	701	0	0	9	0	19	0	1	0	0	0	1	0	7	14	11	25	0	0	0	6	0	92	0	0	0	141	0	0	0	0	0	0	9	0	5	1	0	0	0	0	0	0	1	0	0
0	0	0	0	0	0	0	0	0	0	0	0	0	0	0	0	0	0	0	0	0	0	0	0	0	0	0	0	0	0	0	0	0	0	0	0	0	0	0	0	0	0	0	0	0	0	0	0	0	0	0	0	0	0	0	0	0	0	0	0	0	0	0	0	0	0	0	0	0	0	0	0	0	0	0
0	0	0	0	0	0	0	0	0	0	0	0	0	0	0	0	0	0	0	0	0	0	0	0	0	0	0	0	0	0	0	0	0	0	0	1	2	0	0	0	1	0	0	4	0	0	0	0	0	0	0	0	0	0	0	0	0	0	0	0	0	0	0	1	1	7	0	0	0	0	0	0	1	0	0
0	0	0	0	0	0	0	0	0	0	0	0	0	0	0	0	0	0	0	0	0	0	0	0	0	0	0	0	0	0	0	0	0	0	0	0	0	0	0	0	0	0	0	0	0	0	0	0	0	0	0	0	0	0	0	0	0	0	0	0	0	0	0	0	0	0	0	0	0	0	0	0	0	0	0
0	0	1	0	8	32	0	0	0	0	0	0	0	4	0	1	0	29	0	18	16	1	22	0	0	0	0	0	1	3	0	0	0	0	0	0	0	0	0	0	88	0	2	1	1	4	32	0	0	18	0	17	0	0	4	0	0	0	0	0	0	0	0	0	5	1	0	0	0	0	0	0	0	0	0
0	0	0	0	1	0	0	0	0	0	0	0	0	3	0	156	40	0	0	27	0	0	0	4	0	0	0	0	0	349	1	0	0	4	8	0	0	0	0	0	0	0	2	0	0	11	0	1	0	13	0	10	0	1	0	110	0	9	0	0	0	0	0	0	2	0	0	0	0	0	0	0	0	0	0
0	0	0	0	520	0	0	0	0	0	0	0	0	4	0	0	0	0	0	178	0	0	0	0	0	0	0	0	0	1	0	0	0	0	0	89	0	0	0	5	0	4	0	31	2	0	0	0	0	178	0	0	0	0	0	0	0	0	0	1	0	0	0	0	0	0	0	4	0	0	0	0	1	0	0
0	0	0	0	0	0	0	0	10	0	0	0	1	2	0	1	0	0	0	13	5	0	0	0	1	0	0	0	0	0	1	1	6	1	2	0	21	0	1	3	2	3	0	3	6	1	0	0	0	12	0	0	0	0	0	0	0	5	0	1	0	5	2	0	0	0	0	8	0	0	0	0	4	0	0
0	0	30	3	12	0	0	695	0	0	0	0	0	1	0	1	2	40	573	0	0	14	0	0	78	0	0	8	41	0	1	123	2	58	0	0	0	0	650	43	2	0	6	151	1	0	0	0	3	0	1	0	24	9	58	0	6	1	0	7	0	1	0	0	0	0	61	0	0	0	1	71	6	0	0
0	16	5	98	19	21	0	1	0	0	0	0	0	0	0	160	0	1	0	1	0	0	18	0	7	0	0	0	1	21	0	0	0	210	0	1	0	0	0	0	0	0	273	3	0	0	21	21	0	1	0	0	0	0	20	0	75	0	0	0	0	0	0	0	0	61	0	0	0	0	6	1	0	0	0
0	0	0	0	0	0	0	0	0	0	0	0	1	1	0	0	0	0	0	0	0	0	0	1	0	0	0	0	0	0	0	0	1	0	0	1	6	0	0	1	3	0	0	0	1	4	0	0	0	0	0	0	0	0	0	0	0	0	0	0	0	0	0	4	8	0	0	0	0	0	0	0	2	0	0
0	0	0	0	0	0	0	0	0	0	0	0	0	0	0	0	0	0	0	0	0	0	0	0	0	0	0	0	0	0	0	0	0	0	0	0	0	0	0	0	0	0	0	0	0	0	0	0	0	0	0	0	0	0	0	0	0	0	0	0	0	0	0	0	0	0	0	0	0	0	0	0	0	0	0
0	0	0	0	0	50	0	0	0	0	0	0	0	2	0	0	0	1	0	0	2	0	0	0	13	0	0	0	5	6	1	0	0	38	0	2	0	0	0	0	0	0	0	1	0	0	50	0	0	0	0	0	0	0	0	0	0	0	0	0	0	0	0	0	0	0	0	0	0	0	0	0	0	0	0
0	0	7	0	7	0	0	0	0	0	1	0	1	2	0	57	0	1	0	1	9	1	0	0	1	0	32	0	0	2	1	0	0	283	0	1	0	0	1	0	0	0	70	12	0	0	0	0	1	1	0	0	0	0	0	0	26	0	0	0	0	0	0	0	0	1	6	0	0	0	0	0	0	0	0
0	0	4	0	0	0	0	4	0	0	0	0	0	0	0	0	0	1	0	0	0	0	8	0	9	0	42	1	0	0	0	5	0	1	0	0	0	0	2	0	0	0	1	2	0	0	0	0	0	0	1	0	0	0	1	0	0	0	0	0	0	0	0	0	0	71	1	0	0	0	0	0	0	0	0
0	0	0	0	2	25	0	0	0	0	0	0	0	17	0	3	1	1	0	61	6	0	0	0	4	0	0	0	0	11	3	0	2	14	2	54	1	0	0	31	0	1	15	69	26	2	25	48	0	60	0	0	0	0	0	0	0	1	0	1	0	0	0	1	4	6	0	2	0	0	0	0	0	0	0
0	0	0	0	0	0	0	0	0	0	0	0	0	0	0	0	0	0	0	0	0	0	0	0	0	0	0	0	0	0	0	0	0	0	0	0	0	0	0	0	0	0	0	0	0	0	0	0	0	0	0	0	0	0	0	0	0	0	0	0	0	0	0	0	0	0	0	0	0	0	0	0	0	0	0
0	0	0	0	0	0	0	0	0	0	0	0	0	0	0	0	0	0	0	0	0	0	0	0	0	0	0	0	0	0	0	0	0	0	0	0	0	0	0	0	0	0	0	0	0	0	0	0	0	0	0	0	0	0	0	0	0	0	0	0	0	0	0	0	0	0	0	0	0	0	0	0	0	0	0
