0	0	0	0	0	0	0	0	0	0	0	0	0	0	0	0	0	0	0	0	0	0	0	0	0	0	0	0	0	0	0	0	0	0	0	0	0	0	0	0	0	0	0	0	0	0	0	0	0	0	0	0	0	0	0	0	0	0	0	0	0	0	0	0	0	0	0	0	0	0	0	0	0	0	0
0	0	116	2	0	0	0	0	0	0	22	0	0	0	0	0	0	5	0	0	0	36	0	0	0	0	0	11	33	0	0	0	0	0	0	0	0	0	0	0	2	0	0	0	0	0	0	0	13	0	0	0	40	37	0	0	374	0	0	0	0	0	0	0	0	0	21	0	0	0	0	0	0	0	0
0	116	0	0	0	0	0	0	0	0	0	0	0	0	0	0	0	29	1	0	6	37	1	0	0	0	0	7	0	8	0	0	0	64	0	3	0	0	0	0	3	0	187	1	0	0	0	0	0	0	1	0	90	0	1	0	302	0	0	1	0	2	0	0	0	0	235	0	0	0	146	3	0	0	0
0	2	0	0	0	0	100	2	4	0	204	0	0	0	0	34	0	0	4	0	0	306	6	0	0	0	0	18	0	9	122	0	0	42	0	0	26	0	0	0	9	0	396	0	0	108	0	0	262	0	0	0	118	1	0	0	44	4	0	6	0	0	0	0	0	0	172	0	0	0	0	0	0	0	0
0	0	0	0	0	1	0	0	0	0	0	0	0	0	0	0	0	0	0	0	0	0	0	0	0	0	0	0	0	0	0	0	0	0	0	4	0	0	0	0	1	0	0	1	0	0	0	0	0	0	0	0	0	0	0	0	0	0	0	2	0	0	0	0	0	0	0	0	0	0	0	0	0	0	0
0	0	0	0	1	0	0	0	0	0	0	0	0	2	0	13	0	183	0	4	450	0	0	0	4	0	14	2	0	70	55	0	0	179	0	2	0	0	0	96	372	0	340	19	0	1	0	0	0	0	4	0	1	1	1	0	0	0	0	7	0	1	0	0	1	0	17	0	0	0	2	6	0	0	0
0	0	0	100	0	0	0	0	0	0	11	0	0	0	0	3	0	1	0	0	0	3	0	0	0	0	0	0	0	0	1	0	0	8	0	0	2	0	0	0	1	0	19	0	0	2	0	0	8	0	0	0	7	0	0	0	0	0	0	0	0	0	0	0	0	0	2	0	0	0	0	0	0	0	0
0	0	0	2	0	0	0	0	0	0	0	0	0	0	0	1	0	8	406	0	0	8	0	0	45	0	0	31	1	6	2	7	0	228	0	0	0	0	0	31	65	0	0	59	0	0	0	18	0	0	0	0	18	78	358	0	9	0	0	151	0	2	4	0	0	1156	15	0	0	0	0	611	0	0	0
0	0	0	4	0	0	0	0	0	0	0	0	0	0	0	14	0	0	0	0	216	0	0	0	0	0	0	0	0	8	0	0	0	6	2	1	0	0	0	1	0	0	1	0	0	0	0	0	0	0	0	0	0	0	0	0	0	0	0	0	0	0	0	0	1	1	0	5	0	0	1	0	0	0	0
0	0	0	0	0	0	0	0	0	0	0	0	0	0	0	0	0	0	0	0	0	0	0	0	0	0	0	0	0	0	0	0	0	0	0	0	0	0	0	0	0	0	0	0	0	0	0	0	0	0	0	0	0	0	0	0	0	0	0	0	0	0	0	0	0	0	0	0	0	0	0	0	0	0	0
0	22	0	204	0	0	11	0	0	0	0	0	0	0	0	241	0	1	0	0	0	15	38	0	1	0	0	0	0	58	1	0	0	126	0	0	0	0	0	0	32	0	431	0	0	2	0	0	0	0	0	0	0	0	0	0	149	4	0	1	0	0	0	0	0	0	50	0	0	0	25	0	0	0	0
0	0	0	0	0	0	0	0	0	0	0	0	0	0	0	9	1	0	0	1	0	0	0	0	0	0	0	0	0	141	0	0	0	0	9	0	0	0	0	0	0	0	0	0	0	0	0	0	0	0	0	0	0	0	0	2	0	4	0	0	0	0	0	0	0	0	0	0	0	0	0	0	0	0	0
0	0	0	0	0	0	0	0	0	0	0	0	0	1	0	0	0	0	0	1	0	0	0	0	0	0	0	0	0	0	0	0	0	4	0	1	0	0	0	9	0	0	0	2	0	0	0	0	0	0	0	0	0	0	4	0	0	0	0	0	0	0	0	0	0	6	13	0	0	0	0	2	0	0	0
0	0	0	0	0	2	0	0	0	0	0	0	1	0	0	10	3	0	0	0	0	0	0	0	0	1	6	0	0	48	0	0	0	0	0	0	1	0	0	1	3	0	1	0	67	8	0	0	0	0	0	0	0	0	1	0	0	2	0	0	0	2	0	1	1	0	0	6	0	0	0	0	8	0	0
0	0	0	0	0	0	0	0	0	0	0	0	0	0	0	0	0	0	0	0	0	0	0	0	0	0	0	0	0	0	0	0	0	0	0	0	0	0	0	0	0	0	0	0	0	0	0	0	0	0	0	0	0	0	0	0	0	0	0	0	0	0	0	0	0	0	0	0	0	0	0	0	0	0	0
0	0	0	34	0	13	3	1	14	0	241	9	0	10	0	0	15	0	0	143	0	1	51	0	0	0	6	0	0	922	0	0	169	146	0	0	3	0	0	1	17	7	513	0	0	251	1	0	13	0	1	0	0	0	0	169	0	136	0	1	0	1	172	0	0	0	118	16	0	0	49	1	1	0	0
0	0	0	0	0	0	0	0	0	0	0	1	0	3	0	15	0	1	1	14	0	0	0	22	0	0	128	0	0	242	0	0	16	2	15	0	14	0	0	0	13	5	2	1	0	0	0	0	0	0	0	0	0	0	3	10	0	23	0	0	0	0	7	1	13	0	0	34	0	0	0	0	9	0	0
0	5	29	0	0	183	1	8	0	0	1	0	0	0	0	0	1	0	5	2	203	150	5	0	9	2	29	262	0	15	160	0	11	132	4	2	0	0	0	14	494	0	20	36	0	2	4	0	0	0	4	0	0	14	39	0	8	2	0	6	0	0	0	0	1	36	5	6	0	0	2	34	0	0	0
0	0	1	4	0	0	0	406	0	0	0	0	0	0	0	0	1	5	0	0	2	3	0	0	42	0	0	0	3	3	8	0	0	2	0	0	0	0	0	23	50	0	1	6	0	0	0	0	0	0	0	0	0	4	7	0	3	0	0	25	0	0	0	0	1	362	0	3	0	0	0	6	0	0	0
0	0	0	0	0	4	0	0	0	0	0	1	1	0	0	143	14	2	0	0	1	0	0	0	0	0	0	0	0	259	0	0	4	29	0	0	2	0	0	3	0	0	76	0	1	44	0	0	0	0	0	0	0	0	0	14	0	0	0	0	0	1	6	2	0	0	3	2	0	0	0	0	5	0	0
0	0	6	0	0	450	0	0	216	0	0	0	0	0	0	0	0	203	2	1	0	0	14	0	3	0	0	204	0	85	284	6	26	204	0	456	0	0	0	22	672	0	98	2	0	18	6	0	0	0	186	0	0	0	1	0	2	0	0	34	0	60	0	0	0	0	3	0	0	2	74	117	2	0	0
0	36	37	306	0	0	3	8	0	0	15	0	0	0	0	1	0	150	3	0	0	0	0	0	19	0	0	74	369	6	135	0	0	103	1	0	1	0	0	2	156	0	3	0	0	0	0	0	63	0	5	0	202	173	2	0	359	0	0	1	0	0	0	0	0	90	2	0	0	0	0	35	0	0	0
0	0	1	6	0	0	0	0	0	0	38	0	0	0	0	51	0	5	0	0	14	0	0	0	0	0	0	3	0	56	0	1	17	77	0	2	0	0	0	0	0	0	18	0	0	0	0	0	0	0	2	0	0	0	0	0	0	0	0	0	0	0	0	0	0	0	3	0	0	0	52	0	0	0	0
0	0	0	0	0	0	0	0	0	0	0	0	0	0	0	0	22	0	0	0	0	0	0	0	0	0	0	0	0	13	0	0	3	0	16	0	0	0	0	0	0	0	0	0	0	0	0	0	0	0	0	6	0	0	0	21	0	4	0	0	0	0	24	0	0	0	0	0	0	0	0	0	0	0	0
0	0	0	0	0	4	0	45	0	0	1	0	0	0	0	0	0	9	42	0	3	19	0	0	0	0	0	6	0	2	13	0	0	3	3	3	0	0	5	0	7	0	1	0	0	0	0	0	3	0	0	0	9	11	11	0	1	0	0	1	0	0	0	0	0	44	1	0	0	2	1	14	0	0	0
0	0	0	0	0	0	0	0	0	0	0	0	0	1	0	0	0	2	0	0	0	0	0	0	0	0	0	0	0	1	0	0	0	0	0	0	0	0	0	0	0	0	0	0	0	0	0	0	0	0	0	0	0	0	0	0	0	0	0	0	0	0	0	0	0	0	0	1	0	0	0	0	1	0	0
0	0	0	0	0	14	0	0	0	0	0	0	0	6	0	6	128	29	0	0	0	0	0	0	0	0	0	0	0	6	0	0	8	0	2	31	478	0	0	0	2	381	14	0	0	4	0	0	0	2	0	0	0	0	0	2	0	0	0	34	0	8	4	654	262	3	0	422	0	0	6	2	126	0	0
0	11	7	18	0	2	0	31	0	0	0	0	0	0	0	0	0	262	0	0	204	74	3	0	6	0	0	0	0	24	9	0	0	48	0	0	0	0	0	2	311	0	1	8	0	0	2	0	0	0	0	0	0	12	18	0	3	5	0	0	0	0	0	0	0	0	5	0	0	0	0	4	0	0	0
0	33	0	0	0	0	0	1	0	0	0	0	0	0	0	0	0	0	3	0	0	369	0	0	0	0	0	0	0	0	0	0	0	0	0	0	0	0	0	0	0	0	0	0	0	0	0	1	40	0	0	0	342	128	0	0	58	0	0	0	0	0	0	0	0	1	1	0	0	0	0	0	0	0	0
0	0	8	9	0	70	0	6	8	0	58	141	0	48	0	922	242	15	3	259	85	6	56	13	2	1	6	24	0	0	30	0	347	283	90	82	37	0	0	19	20	2	668	82	3	876	1	3	14	1	42	3	19	4	10	630	0	378	0	59	0	7	438	43	31	7	259	115	0	0	4	39	74	0	0
0	0	0	122	0	55	1	2	0	0	1	0	0	0	0	0	0	160	8	0	284	135	0	0	13	0	0	9	0	30	0	0	0	0	0	0	0	0	0	97	389	0	7	0	1	0	6	0	6	0	0	0	24	13	0	0	0	0	0	12	0	0	0	0	0	1	0	0	0	0	0	2	1	0	0
0	0	0	0	0	0	0	7	0	0	0	0	0	0	0	0	0	0	0	0	6	0	1	0	0	0	0	0	0	0	0	0	0	0	0	76	0	0	0	29	0	40	0	119	0	0	0	0	0	0	0	0	0	0	9	0	0	0	0	1	0	0	0	0	0	38	0	0	0	0	1	0	0	0	0
0	0	0	0	0	0	0	0	0	0	0	0	0	0	0	169	16	11	0	4	26	0	17	3	0	0	8	0	0	347	0	0	0	0	2	3	0	0	0	3	0	2	168	0	0	0	0	0	0	0	0	0	0	0	0	3	0	9	0	0	0	0	0	0	18	1	0	17	0	0	15	0	2	0	0
0	0	64	42	0	179	8	228	6	0	126	0	4	0	0	146	2	132	2	29	204	103	77	0	3	0	0	48	0	283	0	0	0	0	0	4	0	0	4	44	169	0	303	22	0	128	5	2	4	0	4	0	4	9	7	0	8	0	0	0	0	4	0	0	0	52	178	2	0	0	112	48	0	0	0
0	0	0	0	0	0	0	0	2	0	0	9	0	0	0	0	15	4	0	0	0	1	0	16	3	0	2	0	0	90	0	0	2	0	0	0	0	0	0	0	0	1	0	0	0	2	0	0	0	0	0	0	0	0	2	18	3	3	0	0	0	1	3	0	2	1	0	2	0	0	0	0	1	0	0
0	0	3	0	4	2	0	0	1	0	0	0	1	0	0	0	0	2	0	0	456	0	2	0	3	0	31	0	0	82	0	76	3	4	0	0	0	0	5	210	2	506	4	306	6	0	1	1	0	0	66	0	0	0	23	0	0	0	0	239	0	1	0	91	5	4	1	21	0	4	2	23	1	0	0
0	0	0	26	0	0	2	0	0	0	0	0	0	1	0	3	14	0	0	2	0	1	0	0	0	0	478	0	0	37	0	0	0	0	0	0	0	0	0	5	1	0	1	4	7	2	0	0	0	0	0	0	0	0	0	0	0	3	0	0	0	0	0	0	48	1	0	284	0	0	0	0	0	0	0
0	0	0	0	0	0	0	0	0	0	0	0	0	0	0	0	0	0	0	0	0	0	0	0	0	0	0	0	0	0	0	0	0	0	0	0	0	0	0	0	0	0	0	0	0	0	0	0	0	0	0	0	0	0	0	0	0	0	0	0	0	0	0	0	0	0	0	0	0	0	0	0	0	0	0
0	0	0	0	0	0	0	0	0	0	0	0	0	0	0	0	0	0	0	0	0	0	0	0	5	0	0	0	0	0	0	0	0	4	0	5	0	0	0	25	0	0	0	4	0	0	0	0	0	0	0	0	0	0	1	0	0	0	0	14	0	0	0	0	0	152	0	0	0	0	0	0	0	0	0
0	0	0	0	0	96	0	31	1	0	0	0	9	1	0	1	0	14	23	3	22	2	0	0	0	0	0	2	0	19	97	29	3	44	0	210	5	0	25	0	215	80	26	249	2	22	1	0	0	0	77	0	1	1	1	0	0	10	0	515	0	3	0	105	1	19	4	4	0	0	13	99	3	0	0
0	2	3	9	1	372	1	65	0	0	32	0	0	3	0	17	13	494	50	0	672	156	0	0	7	0	2	311	0	20	389	0	0	169	0	2	1	0	0	215	0	0	13	11	2	110	3	2	0	0	77	0	16	26	5	0	7	3	0	250	0	55	0	0	1	12	1	1	0	0	0	123	0	0	0
0	0	0	0	0	0	0	0	0	0	0	0	0	0	0	7	5	0	0	0	0	0	0	0	0	0	381	0	0	2	0	40	2	0	1	506	0	0	0	80	0	0	0	157	0	0	0	0	0	1	0	0	0	0	0	0	0	0	0	38	0	0	0	416	1	1	0	13	0	0	0	0	36	0	0
0	0	187	396	0	340	19	0	1	0	431	0	0	1	0	513	2	20	1	76	98	3	18	0	1	0	14	1	0	668	7	0	168	303	0	4	1	0	0	26	13	0	0	23	0	102	0	0	99	0	4	0	0	0	13	54	2	23	0	2	0	2	15	3	0	4	454	47	0	0	304	10	9	0	0
0	0	1	0	1	19	0	59	0	0	0	0	2	0	0	0	1	36	6	0	2	0	0	0	0	0	0	8	0	82	0	119	0	22	0	306	4	0	4	249	11	157	23	0	0	0	1	0	0	1	65	1	1	0	39	12	0	0	0	445	0	0	0	101	1	111	7	2	0	0	12	146	1	0	0
0	0	0	0	0	0	0	0	0	0	0	0	0	67	0	0	0	0	0	1	0	0	0	0	0	0	0	0	0	3	1	0	0	0	0	6	7	0	0	2	2	0	0	0	0	15	0	0	0	0	0	1	0	0	0	4	0	1	0	0	0	2	1	2	3	1	0	53	0	0	1	0	0	0	0
0	0	0	108	0	1	2	0	0	0	2	0	0	8	0	251	0	2	0	44	18	0	0	0	0	0	4	0	0	876	0	0	0	128	2	0	2	0	0	22	110	0	102	0	15	0	1	0	0	0	0	0	0	0	0	2	1	24	0	1	0	0	0	0	4	0	0	80	0	0	0	0	0	0	0
0	0	0	0	0	0	0	0	0	0	0	0	0	0	0	1	0	4	0	0	6	0	0	0	0	0	0	2	0	1	6	0	0	5	0	1	0	0	0	1	3	0	0	1	0	1	0	0	0	0	3	0	1	0	0	0	0	0	0	1	0	1	0	0	0	0	1	0	0	0	0	3	0	0	0
0	0	0	0	0	0	0	18	0	0	0	0	0	0	0	0	0	0	0	0	0	0	0	0	0	0	0	0	1	3	0	0	0	2	0	1	0	0	0	0	2	0	0	0	0	0	0	0	0	0	0	0	0	0	0	0	0	0	0	0	0	0	0	0	0	0	0	0	0	0	0	0	0	0	0
0	13	0	262	0	0	8	0	0	0	0	0	0	0	0	13	0	0	0	0	0	63	0	0	3	0	0	0	40	14	6	0	0	4	0	0	0	0	0	0	0	0	99	0	0	0	0	0	0	0	0	0	0	7	0	0	267	0	0	0	0	0	0	0	0	0	31	0	0	0	2	0	0	0	0
0	0	0	0	0	0	0	0	0	0	0	0	0	0	0	0	0	0	0	0	0	0	0	0	0	0	2	0	0	1	0	0	0	0	0	0	0	0	0	0	0	1	0	1	0	0	0	0	0	0	0	0	0	0	0	0	0	0	0	0	0	0	0	0	0	0	0	0	0	0	0	0	0	0	0
0	0	1	0	0	4	0	0	0	0	0	0	0	0	0	1	0	4	0	0	186	5	2	0	0	0	0	0	0	42	0	0	0	4	0	66	0	0	0	77	77	0	4	65	0	0	3	0	0	0	0	0	0	0	7	0	0	0	0	0	0	0	0	0	0	3	3	0	0	0	2	43	2	0	0
0	0	0	0	0	0	0	0	0	0	0	0	0	0	0	0	0	0	0	0	0	0	0	6	0	0	0	0	0	3	0	0	0	0	0	0	0	0	0	0	0	0	0	1	1	0	0	0	0	0	0	0	0	0	0	0	0	3	0	0	0	0	0	0	0	0	0	0	0	0	0	0	0	0	0
0	40	90	118	0	1	7	18	0	0	0	0	0	0	0	0	0	0	0	0	0	202	0	0	9	0	0	0	342	19	24	0	0	4	0	0	0	0	0	1	16	0	0	1	0	0	1	0	0	0	0	0	0	26	2	0	260	0	0	5	0	0	0	0	0	3	18	0	0	0	0	0	0	0	0
0	37	0	1	0	1	0	78	0	0	0	0	0	0	0	0	0	14	4	0	0	173	0	0	11	0	0	12	128	4	13	0	0	9	0	0	0	0	0	1	26	0	0	0	0	0	0	0	7	0	0	0	26	0	7	0	223	0	0	8	0	0	0	0	0	1	1	0	0	0	0	0	0	0	0
0	0	1	0	0	1	0	358	0	0	0	0	4	1	0	0	3	39	7	0	1	2	0	0	11	0	0	18	0	10	0	9	0	7	2	23	0	0	1	1	5	0	13	39	0	0	0	0	0	0	7	0	2	7	0	0	3	0	0	18	0	5	0	7	0	177	4	3	0	0	0	118	4	0	0
0	0	0	0	0	0	0	0	0	0	0	2	0	0	0	169	10	0	0	14	0	0	0	21	0	0	2	0	0	630	0	0	3	0	18	0	0	0	0	0	0	0	54	12	4	2	0	0	0	0	0	0	0	0	0	0	0	12	0	3	0	0	3	0	2	1	0	9	0	0	0	0	0	0	0
0	374	302	44	0	0	0	9	0	0	149	0	0	0	0	0	0	8	3	0	2	359	0	0	1	0	0	3	58	0	0	0	0	8	3	0	0	0	0	0	7	0	2	0	0	1	0	0	267	0	0	0	260	223	3	0	0	1	0	0	0	0	0	0	0	3	394	0	0	0	8	0	0	0	0
0	0	0	4	0	0	0	0	0	0	4	4	0	2	0	136	23	2	0	0	0	0	0	4	0	0	0	5	0	378	0	0	9	0	3	0	3	0	0	10	3	0	23	0	1	24	0	0	0	0	0	3	0	0	0	12	1	0	0	0	0	0	0	0	3	4	4	26	0	0	4	13	3	0	0
0	0	0	0	0	0	0	0	0	0	0	0	0	0	0	0	0	0	0	0	0	0	0	0	0	0	0	0	0	0	0	0	0	0	0	0	0	0	0	0	0	0	0	0	0	0	0	0	0	0	0	0	0	0	0	0	0	0	0	0	0	0	0	0	0	0	0	0	0	0	0	0	0	0	0
0	0	1	6	2	7	0	151	0	0	1	0	0	0	0	1	0	6	25	0	34	1	0	0	1	0	34	0	0	59	12	1	0	0	0	239	0	0	14	515	250	38	2	445	0	1	1	0	0	0	0	0	5	8	18	3	0	0	0	0	0	0	0	211	0	250	1	0	0	0	0	16	0	0	0
0	0	0	0	0	0	0	0	0	0	0	0	0	0	0	0	0	0	0	0	0	0	0	0	0	0	0	0	0	0	0	0	0	0	0	0	0	0	0	0	0	0	0	0	0	0	0	0	0	0	0	0	0	0	0	0	0	0	0	0	0	0	0	0	0	0	0	0	0	0	0	0	0	0	0
0	0	2	0	0	1	0	2	0	0	0	0	0	2	0	1	0	0	0	1	60	0	0	0	0	0	8	0	0	7	0	0	0	4	1	1	0	0	0	3	55	0	2	0	2	0	1	0	0	0	0	0	0	0	5	0	0	0	0	0	0	0	0	0	11	1	0	47	0	0	9	16	2	0	0
0	0	0	0	0	0	0	4	0	0	0	0	0	0	0	172	7	0	0	6	0	0	0	24	0	0	4	0	0	438	0	0	0	0	3	0	0	0	0	0	0	0	15	0	1	0	0	0	0	0	0	0	0	0	0	3	0	0	0	0	0	0	0	0	1	0	0	6	0	0	0	0	1	0	0
0	0	0	0	0	0	0	0	0	0	0	0	0	1	0	0	1	0	0	2	0	0	0	0	0	0	654	0	0	43	0	0	0	0	0	91	0	0	0	105	0	416	3	101	2	0	0	0	0	0	0	0	0	0	7	0	0	0	0	211	0	0	0	0	0	1	0	147	0	0	0	0	2	0	0
0	0	0	0	0	1	0	0	1	0	0	0	0	1	0	0	13	1	1	0	0	0	0	0	0	0	262	0	0	31	0	0	18	0	2	5	48	0	0	1	1	1	0	1	3	4	0	0	0	0	0	0	0	0	0	2	0	3	0	0	0	11	1	0	0	1	0	280	0	0	4	1	0	0	0
0	0	0	0	0	0	0	1156	1	0	0	0	6	0	0	0	0	36	362	0	0	90	0	0	44	0	3	0	1	7	1	38	1	52	1	4	1	0	152	19	12	1	4	111	1	0	0	0	0	0	3	0	3	1	177	1	3	4	0	250	0	1	0	1	1	0	44	1	0	0	5	196	0	0	0
0	21	235	172	0	17	2	15	0	0	50	0	13	0	0	118	0	5	0	3	3	2	3	0	1	0	0	5	1	259	0	0	0	178	0	1	0	0	0	4	1	0	454	7	0	0	1	0	31	0	3	0	18	1	4	0	394	4	0	1	0	0	0	0	0	44	0	1	0	0	89	16	1	0	0
0	0	0	0	0	0	0	0	5	0	0	0	0	6	0	16	34	6	3	2	0	0	0	0	0	1	422	0	0	115	0	0	17	2	2	21	284	0	0	4	1	13	47	2	53	80	0	0	0	0	0	0	0	0	3	9	0	26	0	0	0	47	6	147	280	1	1	0	0	0	18	0	22	0	0
0	0	0	0	0	0	0	0	0	0	0	0	0	0	0	0	0	0	0	0	0	0	0	0	0	0	0	0	0	0	0	0	0	0	0	0	0	0	0	0	0	0	0	0	0	0	0	0	0	0	0	0	0	0	0	0	0	0	0	0	0	0	0	0	0	0	0	0	0	0	0	0	0	0	0
0	0	0	0	0	0	0	0	0	0	0	0	0	0	0	0	0	0	0	0	2	0	0	0	2	0	0	0	0	0	0	0	0	0	0	4	0	0	0	0	0	0	0	0	0	0	0	0	0	0	0	0	0	0	0	0	0	0	0	0	0	0	0	0	0	0	0	0	0	0	0	0	0	0	0
0	0	146	0	0	2	0	0	1	0	25	0	0	0	0	49	0	2	0	0	74	0	52	0	1	0	6	0	0	4	0	1	15	112	0	2	0	0	0	13	0	0	304	12	1	0	0	0	2	0	2	0	0	0	0	0	8	4	0	0	0	9	0	0	4	5	89	18	0	0	0	15	15	0	0
0	0	3	0	0	6	0	611	0	0	0	0	2	0	0	1	0	34	6	0	117	35	0	0	14	0	2	4	0	39	2	0	0	48	0	23	0	0	0	99	123	0	10	146	0	0	3	0	0	0	43	0	0	0	118	0	0	13	0	16	0	16	0	0	1	196	16	0	0	0	15	0	0	0	0
0	0	0	0	0	0	0	0	0	0	0	0	0	8	0	1	9	0	0	5	2	0	0	0	0	1	126	0	0	74	1	0	2	0	1	1	0	0	0	3	0	36	9	1	0	0	0	0	0	0	2	0	0	0	4	0	0	3	0	0	0	2	1	2	0	0	1	22	0	0	15	0	0	0	0
0	0	0	0	0	0	0	0	0	0	0	0	0	0	0	0	0	0	0	0	0	0	0	0	0	0	0	0	0	0	0	0	0	0	0	0	0	0	0	0	0	0	0	0	0	0	0	0	0	0	0	0	0	0	0	0	0	0	0	0	0	0	0	0	0	0	0	0	0	0	0	0	0	0	0
0	0	0	0	0	0	0	0	0	0	0	0	0	0	0	0	0	0	0	0	0	0	0	0	0	0	0	0	0	0	0	0	0	0	0	0	0	0	0	0	0	0	0	0	0	0	0	0	0	0	0	0	0	0	0	0	0	0	0	0	0	0	0	0	0	0	0	0	0	0	0	0	0	0	0
