0	0	0	0	0	0	0	0	0	0	0	0	0	0	0	0	0	0	0	0	0	0	0	0	0	0	0	0	0	0	0	0	0	0	0	0	0	0	0	0	0	0	0	0	0	0	0	0	0	0	0	0	0	0	0	0	0	0	0	0	0	0	0	0	0	0	0	0	0	0	0	0	0	0	0
0	0	129	0	0	0	0	0	0	0	50	0	0	0	112	0	0	2	0	0	0	104	0	0	4	0	0	0	0	0	0	0	0	0	0	0	0	0	0	0	11	0	0	0	0	0	0	0	26	0	0	0	142	159	2	0	30	0	106	55	0	0	0	0	0	2	161	0	0	0	0	0	0	0	0
0	129	0	0	7	0	0	0	0	0	0	0	1	0	0	0	0	0	7	0	2	3	0	0	33	0	0	1	0	0	0	2	0	57	0	0	3	0	0	7	4	0	310	5	0	2	0	0	8	0	0	0	69	0	16	0	9	8	23	5	2	2	0	0	69	4	505	3	0	0	33	4	0	8	7
0	0	0	0	0	20	623	0	0	0	736	0	0	6	450	52	0	6	108	3	0	206	0	0	11	0	0	16	0	0	312	0	2	93	0	0	4	0	0	137	142	0	392	2	0	258	0	0	360	0	0	0	420	20	14	0	0	10	30	16	0	0	0	2	5	16	190	4	0	0	144	55	0	0	488
0	0	7	0	0	2	0	0	0	0	1	0	0	6	0	1	3	2	3	0	2	0	0	0	0	0	0	7	0	0	1	12	0	3	0	0	8	0	20	0	4	2	0	39	0	1	0	0	0	0	0	0	0	0	29	1	1	0	1	32	0	12	0	1	2	0	2	0	0	2	5	2	0	0	0
0	0	0	20	2	0	0	0	0	0	0	0	0	0	0	24	0	0	0	23	54	0	0	0	28	3	0	2	0	0	0	0	0	13	0	0	0	0	0	60	408	0	34	251	0	0	0	0	0	0	0	0	0	0	6	1	0	0	0	196	0	0	0	0	0	0	100	0	0	0	0	5	0	0	21
0	0	0	623	0	0	0	0	0	0	0	0	0	0	0	2	0	0	0	0	0	0	0	0	0	0	0	0	0	1	0	0	0	0	0	0	0	0	0	0	0	0	0	0	0	0	0	0	0	0	0	0	0	0	0	0	0	0	0	0	0	0	0	0	0	8	12	0	0	0	0	0	0	0	7
0	0	0	0	0	0	0	0	0	0	0	0	0	0	0	0	0	0	0	0	0	0	0	0	0	0	0	0	0	0	0	0	0	0	0	0	0	0	0	0	0	0	0	0	0	0	0	0	0	0	0	0	0	0	0	0	0	0	0	0	0	0	0	0	0	0	0	0	0	0	0	0	0	0	0
0	0	0	0	0	0	0	0	0	0	0	0	0	0	0	0	0	0	0	0	0	0	0	0	0	0	0	0	0	0	0	0	0	0	0	0	0	0	0	0	0	0	0	0	0	0	0	0	0	0	0	0	0	0	0	0	0	0	0	0	0	0	0	0	0	0	0	0	0	0	0	0	0	0	0
0	0	0	0	0	0	0	0	0	0	0	0	0	0	0	0	0	0	0	0	2	0	0	0	0	0	0	0	0	0	0	37	24	0	0	0	0	0	0	0	0	82	0	0	0	0	0	0	0	0	0	0	0	0	0	0	0	0	0	29	0	0	0	82	43	0	0	30	0	0	0	0	0	0	0
0	50	0	736	1	0	0	0	0	0	0	0	0	10	2	824	0	1	10	20	0	0	0	0	161	0	0	0	0	32	0	0	0	18	0	0	0	0	0	55	116	0	424	0	0	738	0	0	0	0	0	0	0	5	27	0	0	0	0	1	0	0	0	0	0	0	451	0	0	0	6	0	0	1	941
0	0	0	0	0	0	0	0	0	0	0	0	0	0	0	5	0	0	0	1	0	0	0	0	0	0	0	0	0	4	0	0	0	0	0	0	0	0	0	0	0	0	0	0	0	0	0	0	0	0	0	0	0	0	0	96	0	0	0	4	207	0	0	0	0	0	0	0	0	0	0	0	0	0	1
0	0	1	0	0	0	0	0	0	0	0	0	0	0	0	1	0	0	0	0	0	0	0	0	0	0	0	0	0	0	0	0	0	0	0	0	0	0	0	66	65	0	0	10	0	0	0	0	0	0	0	0	0	0	0	0	0	0	0	41	0	0	0	0	2	0	14	0	0	0	0	0	0	0	5
0	0	0	6	6	0	0	0	0	0	10	0	0	0	1	75	2	1	7	8	0	0	0	0	0	2	0	0	0	17	0	0	4	0	0	2	2	0	1	33	4	0	0	3	4	36	0	0	0	0	0	0	0	0	0	9	0	2	0	3	0	0	0	0	20	0	2	3	0	0	0	0	2	6	1
0	112	0	450	0	0	0	0	0	0	2	0	0	1	0	320	0	0	0	21	0	0	0	0	0	0	0	0	0	5	0	0	0	9	0	0	0	0	0	27	192	0	58	0	0	0	0	0	0	0	0	0	0	0	0	0	0	0	0	12	0	0	0	0	0	0	226	0	0	0	0	0	0	0	371
0	0	0	52	1	24	2	0	0	0	824	5	1	75	320	0	249	5	7	496	39	0	0	0	0	0	9	4	0	75	9	2	483	347	0	0	48	0	1	27	29	1	702	2	18	1404	0	0	18	0	0	0	10	21	7	503	0	167	12	15	7	1	116	3	23	2	296	44	0	2	292	54	0	21	1
0	0	0	0	3	0	0	0	0	0	0	0	0	2	0	249	0	0	4	295	274	0	0	0	1	0	2	2	0	12	0	0	0	3	0	0	0	0	0	2	382	0	24	5	0	376	0	0	0	0	0	0	0	0	8	0	0	0	0	14	0	0	0	0	95	0	2	0	0	0	2	0	5	3	0
0	2	0	6	2	0	0	0	0	0	1	0	0	1	0	5	0	0	26	1	26	6	0	0	44	0	0	550	0	1	16	3	0	36	0	0	0	0	0	47	413	0	15	28	0	0	0	0	2	0	0	0	2	48	20	0	0	0	0	17	0	0	0	0	3	1	18	1	0	0	1	2	0	2	7
0	0	7	108	3	0	0	0	0	0	10	0	0	7	0	7	4	26	0	2	6	52	0	0	552	0	0	130	0	0	160	62	0	83	0	0	18	0	91	31	132	0	0	111	0	0	0	0	19	0	0	0	147	8	266	7	35	7	248	148	0	7	0	0	1	315	18	1	0	0	2	21	0	29	14
0	0	0	3	0	23	0	0	0	0	20	1	0	8	21	496	295	1	2	0	30	0	0	0	0	0	0	4	0	5	3	1	42	149	0	0	5	0	0	0	3	2	118	2	0	1043	0	0	0	0	0	0	3	0	4	48	0	4	49	6	0	0	65	4	8	2	30	13	0	0	54	3	4	0	1
0	0	2	0	2	54	0	0	0	2	0	0	0	0	0	39	274	26	6	30	0	0	0	0	9	4	0	308	0	1	494	80	6	158	0	0	14	0	2	12	332	0	156	33	0	10	0	0	0	0	3	0	2	0	19	0	0	0	0	6	0	60	0	2	15	56	17	10	0	0	198	62	0	18	8
0	104	3	206	0	0	0	0	0	0	0	0	0	0	0	0	0	6	52	0	0	0	0	0	106	0	0	206	0	0	0	0	0	8	0	0	0	0	0	29	184	0	3	1	0	2	0	0	0	0	0	0	0	368	3	0	0	0	0	9	0	0	0	0	0	0	12	0	0	0	0	0	0	0	64
0	0	0	0	0	0	0	0	0	0	0	0	0	0	0	0	0	0	0	0	0	0	0	0	0	0	0	0	0	0	0	0	0	0	0	0	0	0	0	0	0	0	0	0	0	0	0	0	0	0	0	0	0	0	0	0	0	0	0	0	0	0	0	0	0	0	0	0	0	0	0	0	0	0	0
0	0	0	0	0	0	0	0	0	0	0	0	0	0	0	0	0	0	0	0	0	0	0	0	0	0	0	0	0	0	0	0	0	0	0	0	0	0	0	0	0	0	0	0	0	0	0	0	0	0	0	0	0	0	0	0	0	0	0	0	0	0	0	0	0	0	0	0	0	0	0	0	0	0	0
0	4	33	11	0	28	0	0	0	0	161	0	0	0	0	0	1	44	552	0	9	106	0	0	0	0	0	200	0	4	276	54	4	103	0	0	2	0	68	17	36	0	3	20	0	1	0	0	113	0	0	0	230	27	549	8	15	18	112	39	0	1	0	0	0	778	48	0	0	0	8	96	0	2	6
0	0	0	0	0	3	0	0	0	0	0	0	0	2	0	0	0	0	0	0	4	0	0	0	0	0	0	14	0	0	0	0	1	18	0	0	0	0	0	0	3	0	2	16	4	0	0	0	0	0	0	0	0	0	0	0	0	0	0	5	0	0	0	0	0	0	0	1	0	0	0	4	1	0	0
0	0	0	0	0	0	0	0	0	0	0	0	0	0	0	9	2	0	0	0	0	0	0	0	0	0	0	0	0	0	0	0	0	0	0	0	38	0	0	4	0	0	0	1	0	0	0	0	0	0	0	0	0	0	0	0	0	0	0	0	0	2	0	8	17	0	0	26	0	24	0	0	4	22	0
0	0	1	16	7	2	0	0	0	0	0	0	0	0	0	4	2	550	130	4	308	206	0	0	200	14	0	0	0	0	509	28	0	370	0	1	0	0	6	117	737	0	22	247	0	14	0	0	39	0	0	0	2	235	384	1	0	0	297	809	0	0	0	0	4	6	74	0	0	0	0	35	0	6	37
0	0	0	0	0	0	0	0	0	0	0	0	0	0	0	0	0	0	0	0	0	0	0	0	0	0	0	0	0	0	0	0	0	0	0	0	0	0	0	0	0	0	0	0	0	0	0	0	0	0	0	0	0	0	0	0	0	0	0	0	0	0	0	0	0	0	0	0	0	0	0	0	0	0	0
0	0	0	0	0	0	1	0	0	0	32	4	0	17	5	75	12	1	0	5	1	0	0	0	4	0	0	0	0	0	1	0	36	5	0	0	0	0	0	6	0	2	38	9	0	116	0	0	0	0	0	0	0	0	3	54	0	55	0	0	10	0	22	7	1	0	18	0	0	0	43	0	0	3	0
0	0	0	312	1	0	0	0	0	0	0	0	0	0	0	9	0	16	160	3	494	0	0	0	276	0	0	509	0	1	0	0	0	24	0	0	0	0	0	103	548	0	10	12	0	0	0	0	0	0	0	0	0	77	4	0	0	0	0	165	0	0	0	0	0	0	16	0	0	0	1	3	0	1	39
0	0	2	0	12	0	0	0	0	37	0	0	0	0	0	2	0	3	62	1	80	0	0	0	54	0	0	28	0	0	0	0	0	12	0	0	0	0	0	17	24	0	0	679	0	0	0	0	0	0	0	0	0	0	41	0	0	0	0	511	0	0	0	0	3	0	89	0	0	0	0	5	0	5	0
0	0	0	2	0	0	0	0	0	24	0	0	0	4	0	483	0	0	0	42	6	0	0	0	4	1	0	0	0	36	0	0	0	2	0	0	0	0	0	61	12	0	191	5	0	8	0	0	0	0	0	0	0	0	0	34	0	0	0	5	3	0	0	0	299	0	2	0	0	0	2	0	5	0	0
0	0	57	93	3	13	0	0	0	0	18	0	0	0	9	347	3	36	83	149	158	8	0	0	103	18	0	370	0	5	24	12	2	0	0	0	0	0	4	80	379	0	338	280	0	98	0	0	6	0	0	0	4	10	45	3	0	2	10	259	0	4	0	2	1	8	309	0	0	2	16	8	0	3	496
0	0	0	0	0	0	0	0	0	0	0	0	0	0	0	0	0	0	0	0	0	0	0	0	0	0	0	0	0	0	0	0	0	0	0	0	0	0	0	0	0	0	0	0	0	0	0	0	0	0	0	0	0	0	0	0	0	0	0	0	0	0	0	0	0	0	0	0	0	0	0	0	0	0	0
0	0	0	0	0	0	0	0	0	0	0	0	0	2	0	0	0	0	0	0	0	0	0	0	0	0	0	1	0	0	0	0	0	0	0	0	0	0	0	98	0	0	0	109	0	4	0	0	0	0	0	0	0	0	5	0	0	0	0	773	0	0	0	0	70	0	9	0	0	0	0	0	0	0	0
0	0	3	4	8	0	0	0	0	0	0	0	0	2	0	48	0	0	18	5	14	0	0	0	2	0	38	0	0	0	0	0	0	0	0	0	0	0	0	149	167	0	4	7	0	2	0	0	0	0	0	0	0	0	0	0	0	0	0	103	0	0	0	0	883	0	31	0	0	0	0	1	0	8	7
0	0	0	0	0	0	0	0	0	0	0	0	0	0	0	0	0	0	0	0	0	0	0	0	0	0	0	0	0	0	0	0	0	0	0	0	0	0	0	0	0	0	0	0	0	0	0	0	0	0	0	0	0	0	0	0	0	0	0	0	0	0	0	0	0	0	0	0	0	0	0	0	0	0	0
0	0	0	0	20	0	0	0	0	0	0	0	0	1	0	1	0	0	91	0	2	0	0	0	68	0	0	6	0	0	0	0	0	4	0	0	0	0	0	0	0	0	0	84	0	0	0	0	0	0	0	0	0	0	6	0	0	0	0	5	0	0	0	0	0	0	0	0	0	0	0	0	0	3	0
0	0	7	137	0	60	0	0	0	0	55	0	66	33	27	27	2	47	31	0	12	29	0	0	17	0	4	117	0	6	103	17	61	80	0	98	149	0	0	0	339	0	19	647	16	9	0	0	65	4	0	0	76	1	36	29	1	22	15	2348	0	22	1	212	45	64	63	155	0	11	0	117	9	17	4
0	11	4	142	4	408	0	0	0	0	116	0	65	4	192	29	382	413	132	3	332	184	0	0	36	3	0	737	0	0	548	24	12	379	0	0	167	0	0	339	0	0	49	187	3	173	0	0	5	0	4	0	77	7	78	11	0	16	253	1648	0	173	1	2	191	46	34	29	0	11	12	323	12	16	464
0	0	0	0	2	0	0	0	0	82	0	0	0	0	0	1	0	0	0	2	0	0	0	0	0	0	0	0	0	2	0	0	0	0	0	0	0	0	0	0	0	0	1	23	0	0	0	0	0	0	0	0	0	0	0	0	0	0	0	1	0	0	0	0	129	0	0	0	0	0	0	0	3	2	1
0	0	310	392	0	34	0	0	0	0	424	0	0	0	58	702	24	15	0	118	156	3	0	0	3	2	0	22	0	38	10	0	191	338	0	0	4	0	0	19	49	1	0	28	0	245	0	0	110	0	2	0	8	0	17	128	47	12	1	38	1	0	10	0	1	0	431	4	0	0	284	18	0	4	279
0	0	5	2	39	251	0	0	0	0	0	0	10	3	0	2	5	28	111	2	33	1	0	0	20	16	1	247	0	9	12	679	5	280	0	109	7	0	84	647	187	23	28	0	0	1	0	0	4	1	0	0	12	0	688	25	2	48	7	2735	0	6	0	220	4	145	26	9	0	7	74	340	0	145	33
0	0	0	0	0	0	0	0	0	0	0	0	0	4	0	18	0	0	0	0	0	0	0	0	0	4	0	0	0	0	0	0	0	0	0	0	0	0	0	16	3	0	0	0	0	0	0	0	0	0	0	0	0	4	0	0	0	0	0	0	0	0	0	0	4	0	0	0	0	0	0	0	0	0	2
0	0	2	258	1	0	0	0	0	0	738	0	0	36	0	1404	376	0	0	1043	10	2	0	0	1	0	0	14	0	116	0	0	8	98	0	4	2	0	0	9	173	0	245	1	0	0	0	0	0	0	0	0	0	0	4	61	0	0	0	57	0	4	170	0	21	0	2	4	0	0	92	0	0	7	474
0	0	0	0	0	0	0	0	0	0	0	0	0	0	0	0	0	0	0	0	0	0	0	0	0	0	0	0	0	0	0	0	0	0	0	0	0	0	0	0	0	0	0	0	0	0	0	0	0	0	0	0	0	0	0	0	0	0	0	0	0	0	0	0	0	0	0	0	0	0	0	0	0	0	0
0	0	0	0	0	0	0	0	0	0	0	0	0	0	0	0	0	0	0	0	0	0	0	0	0	0	0	0	0	0	0	0	0	0	0	0	0	0	0	0	0	0	0	0	0	0	0	0	0	0	0	0	0	0	0	0	0	0	0	0	0	0	0	0	0	0	0	0	0	0	0	0	0	0	0
0	26	8	360	0	0	0	0	0	0	0	0	0	0	0	18	0	2	19	0	0	0	0	0	113	0	0	39	0	0	0	0	0	6	0	0	0	0	0	65	5	0	110	4	0	0	0	0	0	0	0	0	0	36	1	0	0	0	0	103	0	0	0	0	12	0	250	0	0	0	0	0	0	0	21
0	0	0	0	0	0	0	0	0	0	0	0	0	0	0	0	0	0	0	0	0	0	0	0	0	0	0	0	0	0	0	0	0	0	0	0	0	0	0	4	0	0	0	1	0	0	0	0	0	0	0	0	0	0	0	0	0	0	0	1	0	0	0	0	0	0	0	0	0	0	0	0	0	0	0
0	0	0	0	0	0	0	0	0	0	0	0	0	0	0	0	0	0	0	0	3	0	0	0	0	0	0	0	0	0	0	0	0	0	0	0	0	0	0	0	4	0	2	0	0	0	0	0	0	0	0	0	0	0	0	0	0	0	0	0	0	0	0	0	1	0	0	0	0	0	0	0	0	0	0
0	0	0	0	0	0	0	0	0	0	0	0	0	0	0	0	0	0	0	0	0	0	0	0	0	0	0	0	0	0	0	0	0	0	0	0	0	0	0	0	0	0	0	0	0	0	0	0	0	0	0	0	0	0	0	0	0	0	0	0	0	0	0	0	0	0	0	0	0	0	0	0	0	0	0
0	142	69	420	0	0	0	0	0	0	0	0	0	0	0	10	0	2	147	3	2	0	0	0	230	0	0	2	0	0	0	0	0	4	0	0	0	0	0	76	77	0	8	12	0	0	0	0	0	0	0	0	0	230	26	0	0	0	0	352	1	0	0	0	1	0	296	0	0	0	0	2	0	0	8
0	159	0	20	0	0	0	0	0	0	5	0	0	0	0	21	0	48	8	0	0	368	0	0	27	0	0	235	0	0	77	0	0	10	0	0	0	0	0	1	7	0	0	0	4	0	0	0	36	0	0	0	230	0	3	0	80	2	195	8	0	0	0	0	2	9	1	0	0	0	1	0	0	0	7
0	2	16	14	29	6	0	0	0	0	27	0	0	0	0	7	8	20	266	4	19	3	0	0	549	0	0	384	0	3	4	41	0	45	0	5	0	0	6	36	78	0	17	688	0	4	0	0	1	0	0	0	26	3	0	2	2	2	10	221	0	9	0	7	19	33	104	11	0	0	3	31	0	9	49
0	0	0	0	1	1	0	0	0	0	0	96	0	9	0	503	0	0	7	48	0	0	0	0	8	0	0	1	0	54	0	0	34	3	0	0	0	0	0	29	11	0	128	25	0	61	0	0	0	0	0	0	0	0	2	0	0	154	0	38	534	0	125	0	10	0	29	0	0	0	0	0	0	1	1
0	30	9	0	1	0	0	0	0	0	0	0	0	0	0	0	0	0	35	0	0	0	0	0	15	0	0	0	0	0	0	0	0	0	0	0	0	0	0	1	0	0	47	2	0	0	0	0	0	0	0	0	0	80	2	0	0	0	0	2	0	0	0	0	2	0	83	0	0	0	0	0	0	1	1
0	0	8	10	0	0	0	0	0	0	0	0	0	2	0	167	0	0	7	4	0	0	0	0	18	0	0	0	0	55	0	0	0	2	0	0	0	0	0	22	16	0	12	48	0	0	0	0	0	0	0	0	0	2	2	154	0	0	0	24	253	0	0	0	13	0	9	0	0	0	0	0	0	0	1
0	106	23	30	1	0	0	0	0	0	0	0	0	0	0	12	0	0	248	49	0	0	0	0	112	0	0	297	0	0	0	0	0	10	0	0	0	0	0	15	253	0	1	7	0	0	0	0	0	0	0	0	0	195	10	0	0	0	0	49	0	0	0	0	1	0	83	0	0	0	0	0	0	1	173
0	55	5	16	32	196	0	0	0	29	1	4	41	3	12	15	14	17	148	6	6	9	0	0	39	5	0	809	0	0	165	511	5	259	0	773	103	0	5	2348	1648	1	38	2735	0	57	0	0	103	1	0	0	352	8	221	38	2	24	49	0	7	59	0	1421	84	534	44	88	0	12	0	1044	61	17	16
0	0	2	0	0	0	0	0	0	0	0	207	0	0	0	7	0	0	0	0	0	0	0	0	0	0	0	0	0	10	0	0	3	0	0	0	0	0	0	0	0	0	1	0	0	0	0	0	0	0	0	0	1	0	0	534	0	253	0	7	0	0	94	0	0	1	0	0	0	0	0	0	0	0	0
0	0	2	0	12	0	0	0	0	0	0	0	0	0	0	1	0	0	7	0	60	0	0	0	1	0	2	0	0	0	0	0	0	4	0	0	0	0	0	22	173	0	0	6	0	4	0	0	0	0	0	0	0	0	9	0	0	0	0	59	0	0	0	0	128	0	7	0	0	0	1	0	0	12	0
0	0	0	0	0	0	0	0	0	0	0	0	0	0	0	116	0	0	0	65	0	0	0	0	0	0	0	0	0	22	0	0	0	0	0	0	0	0	0	1	1	0	10	0	0	170	0	0	0	0	0	0	0	0	0	125	0	0	0	0	94	0	0	0	3	0	0	0	0	0	0	0	0	0	3
0	0	0	2	1	0	0	0	0	82	0	0	0	0	0	3	0	0	0	4	2	0	0	0	0	0	8	0	0	7	0	0	0	2	0	0	0	0	0	212	2	0	0	220	0	0	0	0	0	0	0	0	0	0	7	0	0	0	0	1421	0	0	0	0	203	0	1	0	0	0	0	0	0	0	1
0	0	69	5	2	0	0	0	0	43	0	0	2	20	0	23	95	3	1	8	15	0	0	0	0	0	17	4	0	1	0	3	299	1	0	70	883	0	0	45	191	129	1	4	4	21	0	0	12	0	1	0	1	2	19	10	2	13	1	84	0	128	3	203	0	3	2	773	0	42	20	1	5	106	1
0	2	4	16	0	0	8	0	0	0	0	0	0	0	0	2	0	1	315	2	56	0	0	0	778	0	0	6	0	0	0	0	0	8	0	0	0	0	0	64	46	0	0	145	0	0	0	0	0	0	0	0	0	9	33	0	0	0	0	534	1	0	0	0	3	0	51	0	0	0	0	2	0	0	8
0	161	505	190	2	100	12	0	0	0	451	0	14	2	226	296	2	18	18	30	17	12	0	0	48	0	0	74	0	18	16	89	2	309	0	9	31	0	0	63	34	0	431	26	0	2	0	0	250	0	0	0	296	1	104	29	83	9	83	44	0	7	0	1	2	51	0	36	0	1	141	282	0	39	25
0	0	3	4	0	0	0	0	0	30	0	0	0	3	0	44	0	1	1	13	10	0	0	0	0	1	26	0	0	0	0	0	0	0	0	0	0	0	0	155	29	0	4	9	0	4	0	0	0	0	0	0	0	0	11	0	0	0	0	88	0	0	0	0	773	0	36	0	0	0	0	0	2	0	35
0	0	0	0	0	0	0	0	0	0	0	0	0	0	0	0	0	0	0	0	0	0	0	0	0	0	0	0	0	0	0	0	0	0	0	0	0	0	0	0	0	0	0	0	0	0	0	0	0	0	0	0	0	0	0	0	0	0	0	0	0	0	0	0	0	0	0	0	0	0	0	0	0	0	0
0	0	0	0	2	0	0	0	0	0	0	0	0	0	0	2	0	0	0	0	0	0	0	0	0	0	24	0	0	0	0	0	0	2	0	0	0	0	0	11	11	0	0	7	0	0	0	0	0	0	0	0	0	0	0	0	0	0	0	12	0	0	0	0	42	0	1	0	0	0	0	0	0	2	1
0	0	33	144	5	0	0	0	0	0	6	0	0	0	0	292	2	1	2	54	198	0	0	0	8	0	0	0	0	43	1	0	2	16	0	0	0	0	0	0	12	0	284	74	0	92	0	0	0	0	0	0	0	1	3	0	0	0	0	0	0	1	0	0	20	0	141	0	0	0	0	0	0	3	35
0	0	4	55	2	5	0	0	0	0	0	0	0	0	0	54	0	2	21	3	62	0	0	0	96	4	0	35	0	0	3	5	0	8	0	0	1	0	0	117	323	0	18	340	0	0	0	0	0	0	0	0	2	0	31	0	0	0	0	1044	0	0	0	0	1	2	282	0	0	0	0	0	0	2	13
0	0	0	0	0	0	0	0	0	0	0	0	0	2	0	0	5	0	0	4	0	0	0	0	0	1	4	0	0	0	0	0	5	0	0	0	0	0	0	9	12	3	0	0	0	0	0	0	0	0	0	0	0	0	0	0	0	0	0	61	0	0	0	0	5	0	0	2	0	0	0	0	0	0	0
0	0	8	0	0	0	0	0	0	0	1	0	0	6	0	21	3	2	29	0	18	0	0	0	2	0	22	6	0	3	1	5	0	3	0	0	8	0	3	17	16	2	4	145	0	7	0	0	0	0	0	0	0	0	9	1	1	0	1	17	0	12	0	0	106	0	39	0	0	2	3	2	0	0	7
0	0	7	488	0	21	7	0	0	0	941	1	5	1	371	1	0	7	14	1	8	64	0	0	6	0	0	37	0	0	39	0	0	496	0	0	7	0	0	4	464	1	279	33	2	474	0	0	21	0	0	0	8	7	49	1	1	1	173	16	0	0	3	1	1	8	25	35	0	1	35	13	0	7	0
