0	0	0	0	0	0	0	0	0	0	0	0	0	0	0	0	0	0	0	0	0	0	0	0	0	0	0	0	0	0	0	0	0	0	0	0	0	0	0	0	0	0	0	0	0	0	0	0	0	0	0	0	0	0	0	0	0	0	0	0	0	0	0	0	0	0	0	0	0	0	0	0	0	0	0
0	0	180	0	0	0	0	0	0	0	50	0	0	0	112	0	0	2	0	0	0	106	0	0	5	0	0	10	0	0	0	0	0	0	0	0	0	0	0	0	11	0	0	0	0	0	0	0	26	0	0	0	194	210	2	0	30	0	128	57	0	0	0	0	0	2	161	2	0	0	0	0	0	0	0
0	180	0	0	0	1	0	0	0	0	0	0	1	0	0	0	0	2	1	0	28	5	0	0	31	31	0	4	0	0	0	3	0	36	0	1	3	0	0	7	5	0	138	8	0	0	0	0	8	0	0	0	69	1	19	0	2	10	11	5	2	0	0	0	38	6	375	3	0	2	6	1	0	1	7
0	0	0	0	0	24	221	0	0	0	774	0	0	8	532	53	0	6	139	3	0	208	0	0	46	0	0	16	0	0	324	0	2	99	0	0	4	0	0	19	156	0	394	2	0	272	0	0	438	0	0	0	468	39	34	14	0	10	30	16	22	0	0	2	5	14	195	4	0	0	148	57	0	0	461
0	0	0	0	0	2	0	0	0	0	0	0	0	0	0	0	0	4	0	0	5	2	0	0	0	0	0	6	0	0	0	2	0	0	0	1	0	0	0	0	0	0	0	3	1	0	0	0	1	0	0	0	2	0	5	0	0	1	0	2	0	0	0	3	0	0	0	1	0	0	0	0	0	0	0
0	0	1	24	2	0	0	1	0	0	0	0	2	0	0	55	3	5	0	42	172	0	0	0	43	34	0	8	0	0	4	1	0	23	0	0	0	0	0	60	588	0	36	457	0	2	0	0	1	0	2	0	0	2	14	2	0	0	0	236	0	0	0	0	0	0	135	0	0	0	0	6	1	0	47
0	0	0	221	0	0	0	0	0	0	97	0	0	0	100	27	0	0	0	0	0	0	0	0	4	0	0	0	0	1	1	0	0	0	0	0	0	0	0	0	9	0	65	0	0	5	0	0	22	0	0	0	12	0	0	0	0	0	0	40	0	0	0	9	0	8	30	0	0	0	44	0	0	0	9
0	0	0	0	0	1	0	0	0	0	0	0	0	0	0	0	0	10	29	0	0	7	0	0	128	0	0	12	0	0	0	0	0	9	0	0	0	0	31	0	0	0	0	96	0	0	0	0	11	0	0	0	23	16	24	1	0	0	0	9	0	0	0	0	0	49	0	0	0	0	0	0	0	0	0
0	0	0	0	0	0	0	0	0	0	0	0	0	0	0	0	0	0	0	0	0	0	0	0	0	0	0	0	0	0	0	0	0	0	0	0	0	0	0	0	0	0	0	0	0	0	0	0	0	0	0	0	0	0	0	0	0	0	0	0	0	0	0	0	0	0	0	0	0	0	0	0	0	0	0
0	0	0	0	0	0	0	0	0	0	0	0	0	0	0	0	0	0	0	0	2	0	0	0	0	0	0	0	0	0	0	37	24	0	0	0	0	0	0	0	0	82	0	0	0	0	0	0	0	0	0	0	0	0	0	0	0	0	0	29	0	0	0	82	43	0	0	30	0	0	0	0	0	0	0
0	50	0	774	0	0	97	0	0	0	0	0	0	1	2	952	0	1	9	30	0	0	0	0	200	0	0	0	0	34	0	0	0	10	0	0	0	0	0	55	123	0	188	0	0	26	0	0	0	0	0	0	0	4	28	0	0	0	0	2	0	0	0	0	0	0	345	0	0	0	7	0	0	0	729
0	0	0	0	0	0	0	0	0	0	0	0	0	0	0	22	0	0	0	0	0	0	0	0	1	0	0	0	0	5	0	0	0	0	0	0	0	0	0	0	0	0	0	0	0	8	0	0	0	0	0	0	0	0	0	99	0	5	0	4	541	0	0	0	0	0	0	0	0	0	0	0	0	0	1
0	0	1	0	0	2	0	0	0	0	0	0	0	0	0	1	0	2	0	0	64	0	0	0	13	15	0	0	0	0	0	0	0	2	0	0	0	0	0	66	78	0	0	43	0	0	0	0	0	0	0	0	0	0	0	0	0	0	0	42	0	0	0	0	2	0	28	0	0	0	0	0	0	0	5
0	0	0	8	0	0	0	0	0	0	1	0	0	0	1	53	2	1	7	4	0	0	0	0	0	3	0	0	0	12	0	0	2	0	0	2	2	0	0	33	2	0	0	2	10	15	0	0	0	0	0	0	0	0	0	2	0	4	0	8	0	0	0	0	16	0	2	4	0	0	0	0	2	0	1
0	112	0	532	0	0	100	0	0	0	2	0	0	1	0	696	0	0	0	21	0	0	0	0	0	0	0	0	0	6	0	0	0	11	0	0	0	0	0	27	193	0	58	0	0	0	0	0	0	0	0	0	0	0	0	0	0	0	0	12	0	0	0	0	0	0	285	0	0	0	7	0	0	0	452
0	0	0	53	0	55	27	0	0	0	952	22	1	53	696	0	363	6	7	333	39	0	0	0	0	0	0	0	0	103	8	2	544	291	0	0	46	0	0	21	49	0	708	3	26	888	0	0	16	0	0	0	10	21	11	602	0	244	12	15	7	0	249	2	16	2	306	50	0	0	359	33	3	18	0
0	0	0	0	0	3	0	0	0	0	0	0	0	2	0	363	0	0	3	190	102	0	0	0	1	28	0	2	0	17	0	0	0	1	0	0	0	0	0	2	452	0	2	4	0	2	0	0	0	0	0	0	0	0	6	1	0	0	0	14	0	0	0	0	74	0	37	0	0	0	7	0	7	0	10
0	2	2	6	4	5	0	10	0	0	1	0	2	1	0	6	0	0	8	1	74	7	0	0	55	7	0	552	0	1	16	5	0	38	0	0	0	0	1	47	529	0	13	46	0	0	0	0	2	0	1	0	3	52	22	0	0	0	0	16	0	0	0	0	3	1	24	1	0	0	1	3	0	0	7
0	0	1	139	0	0	0	29	0	0	9	0	0	7	0	7	3	8	0	2	2	21	0	0	547	5	0	5	0	0	52	57	0	20	0	0	18	0	0	31	180	0	0	78	0	0	0	0	15	0	0	0	59	5	86	9	0	7	62	122	0	0	0	0	0	97	27	0	0	0	0	20	0	18	18
0	0	0	3	0	42	0	0	0	0	30	0	0	4	21	333	190	1	2	0	2	0	0	0	0	0	0	1	0	5	2	1	32	69	0	0	5	0	0	0	3	2	75	1	0	262	0	0	0	0	0	0	3	0	1	53	0	4	49	6	0	0	31	4	8	2	32	13	0	0	2	3	4	0	2
0	0	28	0	5	172	0	0	0	2	0	0	64	0	0	39	102	74	2	2	0	0	0	0	6	126	0	392	0	1	198	40	6	146	0	52	14	0	0	12	498	0	149	48	0	32	0	0	0	0	3	0	6	8	25	0	0	0	0	7	0	0	0	0	4	36	47	10	0	0	80	60	0	0	7
0	106	5	208	2	0	0	7	0	0	0	0	0	0	0	0	0	7	21	0	0	0	0	0	246	6	0	200	0	0	0	0	0	12	0	0	0	0	0	29	188	0	3	3	0	0	0	0	0	0	0	0	0	276	8	0	0	0	0	10	0	0	0	0	0	0	16	0	0	0	0	0	0	0	91
0	0	0	0	0	0	0	0	0	0	0	0	0	0	0	0	0	0	0	0	0	0	0	0	0	0	0	0	0	0	0	0	0	0	0	0	0	0	0	0	0	0	0	0	0	0	0	0	0	0	0	0	0	0	0	0	0	0	0	0	0	0	0	0	0	0	0	0	0	0	0	0	0	0	0
0	0	0	0	0	0	0	0	0	0	0	0	0	0	0	0	0	0	0	0	0	0	0	0	0	0	0	0	0	0	0	0	0	0	0	0	0	0	0	0	0	0	0	0	0	0	0	0	0	0	0	0	0	0	0	0	0	0	0	0	0	0	0	0	0	0	0	0	0	0	0	0	0	0	0
0	5	31	46	0	43	4	128	0	0	200	1	13	0	0	0	1	55	547	0	6	246	0	0	0	6	0	57	0	4	105	54	4	88	0	0	2	0	91	17	41	0	25	23	0	2	0	0	195	0	0	0	188	123	460	10	0	34	56	26	1	1	1	0	0	773	54	0	0	0	0	97	0	0	5
0	0	31	0	0	34	0	0	0	0	0	0	15	3	0	0	28	7	5	0	126	6	0	0	6	0	0	23	0	0	4	25	14	50	0	41	1	0	0	0	68	7	8	45	2	3	0	0	0	0	0	0	4	0	23	0	0	3	0	48	3	0	0	12	1	5	66	11	0	0	0	43	47	0	0
0	0	0	0	0	0	0	0	0	0	0	0	0	0	0	0	0	0	0	0	0	0	0	0	0	0	0	0	0	0	0	0	0	0	0	0	6	0	0	4	0	0	0	0	0	0	0	0	0	0	0	0	0	0	0	0	0	0	0	0	0	2	0	8	1	0	0	26	0	0	0	0	4	0	0
0	10	4	16	6	8	0	12	0	0	0	0	0	0	0	0	2	552	5	1	392	200	0	0	57	23	0	0	0	0	506	28	0	364	0	1	0	0	0	117	823	0	12	173	0	0	0	0	39	0	0	0	2	240	381	1	0	0	290	810	1	0	0	0	3	2	97	0	0	0	0	35	0	0	15
0	0	0	0	0	0	0	0	0	0	0	0	0	0	0	0	0	0	0	0	0	0	0	0	0	0	0	0	0	0	0	0	0	0	0	0	0	0	0	0	0	0	0	0	0	0	0	0	0	0	0	0	0	0	0	0	0	0	0	0	0	0	0	0	0	0	0	0	0	0	0	0	0	0	0
0	0	0	0	0	0	1	0	0	0	34	5	0	12	6	103	17	1	0	5	1	0	0	0	4	0	0	0	0	0	1	0	47	5	0	0	0	0	0	6	0	0	54	9	0	115	0	0	0	0	0	0	0	0	0	68	0	78	0	0	10	0	23	1	1	0	33	0	0	0	69	0	1	0	0
0	0	0	324	0	4	1	0	0	0	0	0	0	0	0	8	0	16	52	2	198	0	0	0	105	4	0	506	0	1	0	0	0	24	0	0	0	0	0	103	689	0	5	13	0	0	0	0	0	0	0	0	0	4	1	0	0	0	0	160	0	0	0	0	0	0	14	0	0	0	0	3	0	0	38
0	0	3	0	2	1	0	0	0	37	0	0	0	0	0	2	0	5	57	1	40	0	0	0	54	25	0	28	0	0	0	0	0	12	0	0	0	0	0	17	46	0	0	829	0	0	0	0	0	0	1	0	0	0	46	0	0	0	0	525	0	0	0	0	3	0	99	0	0	0	0	5	0	0	1
0	0	0	2	0	0	0	0	0	24	0	0	0	2	0	544	0	0	0	32	6	0	0	0	4	14	0	0	0	47	0	0	0	0	0	0	0	0	0	61	4	0	104	5	0	0	0	0	0	0	0	0	0	0	0	35	0	2	0	5	10	0	0	0	167	0	9	0	0	0	7	0	6	0	4
0	0	36	99	0	23	0	9	0	0	10	0	2	0	11	291	1	38	20	69	146	12	0	0	88	50	0	364	0	5	24	12	0	0	0	4	0	0	0	85	495	0	150	324	0	8	0	0	4	0	0	0	6	7	38	3	2	2	4	358	0	2	0	2	0	6	259	0	0	2	9	10	0	0	371
0	0	0	0	0	0	0	0	0	0	0	0	0	0	0	0	0	0	0	0	0	0	0	0	0	0	0	0	0	0	0	0	0	0	0	0	0	0	0	0	0	0	0	0	0	0	0	0	0	0	0	0	0	0	0	0	0	0	0	0	0	0	0	0	0	0	0	0	0	0	0	0	0	0	0
0	0	1	0	1	0	0	0	0	0	0	0	0	2	0	0	0	0	0	0	52	0	0	0	0	41	0	1	0	0	0	0	0	4	0	0	0	0	0	103	38	0	0	422	0	4	0	0	0	0	0	0	0	0	9	3	0	0	0	936	0	0	0	0	70	0	24	0	0	0	5	0	0	0	16
0	0	3	4	0	0	0	0	0	0	0	0	0	2	0	46	0	0	18	5	14	0	0	0	2	1	6	0	0	0	0	0	0	0	0	0	0	0	0	149	30	0	0	6	0	2	0	0	0	0	0	0	0	0	0	0	0	0	0	104	0	0	0	0	633	0	28	0	0	0	0	1	0	0	21
0	0	0	0	0	0	0	0	0	0	0	0	0	0	0	0	0	0	0	0	0	0	0	0	0	0	0	0	0	0	0	0	0	0	0	0	0	0	0	0	0	0	0	0	0	0	0	0	0	0	0	0	0	0	0	0	0	0	0	0	0	0	0	0	0	0	0	0	0	0	0	0	0	0	0
0	0	0	0	0	0	0	31	0	0	0	0	0	0	0	0	0	1	0	0	0	0	0	0	91	0	0	0	0	0	0	0	0	0	0	0	0	0	0	1	0	0	0	114	0	0	0	0	0	0	0	0	0	2	1	0	0	0	0	2	0	0	0	0	0	0	0	0	0	0	0	0	0	0	0
0	0	7	19	0	60	0	0	0	0	55	0	66	33	27	21	2	47	31	0	12	29	0	0	17	0	4	117	0	6	103	17	61	85	0	103	149	0	1	0	342	0	19	651	16	9	0	0	70	4	0	0	76	1	36	29	1	22	15	2355	0	22	1	218	21	64	63	155	0	11	0	117	9	17	3
0	11	5	156	0	588	9	0	0	0	123	0	78	2	193	49	452	529	180	3	498	188	0	0	41	68	0	823	0	0	689	46	4	495	0	38	30	0	0	342	0	0	89	256	3	172	0	0	28	0	2	0	90	48	130	23	0	42	253	1760	0	131	0	18	5	35	60	37	0	3	4	361	37	4	587
0	0	0	0	0	0	0	0	0	82	0	0	0	0	0	0	0	0	0	2	0	0	0	0	0	7	0	0	0	0	0	0	0	0	0	0	0	0	0	0	0	0	1	12	0	0	0	0	0	0	0	0	0	0	0	0	0	0	0	1	0	0	0	0	47	0	0	0	0	0	0	0	3	0	2
0	0	138	394	0	36	65	0	0	0	188	0	0	0	58	708	2	13	0	75	149	3	0	0	25	8	0	12	0	54	5	0	104	150	0	0	0	0	0	19	89	1	0	44	0	27	0	0	47	0	2	0	1	0	22	91	0	12	0	45	1	0	10	0	1	0	379	4	0	0	105	15	0	2	178
0	0	8	2	3	457	0	96	0	0	0	0	43	2	0	3	4	46	78	1	48	3	0	0	23	45	0	173	0	9	13	829	5	324	0	422	6	0	114	651	256	12	44	0	0	0	0	0	9	1	1	0	9	0	586	25	0	51	1	2810	0	1	0	244	3	163	41	16	0	5	12	366	0	6	23
0	0	0	0	1	0	0	0	0	0	0	0	0	10	0	26	0	0	0	0	0	0	0	0	0	2	0	0	0	0	0	0	0	0	0	0	0	0	0	16	3	0	0	0	0	0	0	0	0	0	0	0	0	4	0	0	0	3	0	0	0	0	0	0	4	0	0	0	0	0	0	0	0	1	2
0	0	0	272	0	2	5	0	0	0	26	8	0	15	0	888	2	0	0	262	32	0	0	0	2	3	0	0	0	115	0	0	0	8	0	4	2	0	0	9	172	0	27	0	0	0	1	0	0	0	0	0	0	0	0	8	0	10	0	57	0	0	0	0	139	0	10	8	0	0	3	0	1	0	296
0	0	0	0	0	0	0	0	0	0	0	0	0	0	0	0	0	0	0	0	0	0	0	0	0	0	0	0	0	0	0	0	0	0	0	0	0	0	0	0	0	0	0	0	0	1	0	0	0	0	0	0	0	0	0	0	0	0	0	2	0	0	0	0	0	0	0	7	0	0	0	0	0	0	0
0	0	0	0	0	0	0	0	0	0	0	0	0	0	0	0	0	0	0	0	0	0	0	0	0	0	0	0	0	0	0	0	0	0	0	0	0	0	0	0	0	0	0	0	0	0	0	0	0	0	0	0	0	0	0	0	0	0	0	0	0	0	0	0	0	0	0	0	0	0	0	0	0	0	0
0	26	8	438	1	1	22	11	0	0	0	0	0	0	0	16	0	2	15	0	0	0	0	0	195	0	0	39	0	0	0	0	0	4	0	0	0	0	0	70	28	0	47	9	0	0	0	0	0	0	0	0	0	11	1	0	0	0	0	134	5	0	0	0	12	0	246	0	0	0	0	0	0	0	5
0	0	0	0	0	0	0	0	0	0	0	0	0	0	0	0	0	0	0	0	0	0	0	0	0	0	0	0	0	0	0	0	0	0	0	0	0	0	0	4	0	0	0	1	0	0	0	0	0	0	0	0	0	0	0	0	0	0	0	1	0	0	0	0	0	0	0	0	0	0	0	0	0	0	0
0	0	0	0	0	2	0	0	0	0	0	0	0	0	0	0	0	1	0	0	3	0	0	0	0	0	0	0	0	0	0	1	0	0	0	0	0	0	0	0	2	0	2	1	0	0	0	0	0	0	0	0	0	0	1	0	0	0	0	0	0	0	0	0	0	0	0	0	0	0	0	1	0	0	0
0	0	0	0	0	0	0	0	0	0	0	0	0	0	0	0	0	0	0	0	0	0	0	0	0	0	0	0	0	0	0	0	0	0	0	0	0	0	0	0	0	0	0	0	0	0	0	0	0	0	0	0	0	0	0	0	0	0	0	0	0	0	0	0	0	0	0	0	0	0	0	0	0	0	0
0	194	69	468	2	0	12	23	0	0	0	0	0	0	0	10	0	3	59	3	6	0	0	0	188	4	0	2	0	0	0	0	0	6	0	0	0	0	0	76	90	0	1	9	0	0	0	0	0	0	0	0	0	178	29	0	0	0	0	348	18	0	0	0	1	0	270	0	0	0	1	4	0	0	8
0	210	1	39	0	2	0	16	0	0	4	0	0	0	0	21	0	52	5	0	8	276	0	0	123	0	0	240	0	0	4	0	0	7	0	0	0	0	2	1	48	0	0	0	4	0	0	0	11	0	0	0	178	0	2	0	1	2	118	3	0	0	0	0	2	2	4	0	0	0	0	0	0	0	2
0	2	19	34	5	14	0	24	0	0	28	0	0	0	0	11	6	22	86	1	25	8	0	0	460	23	0	381	0	0	1	46	0	38	0	9	0	0	1	36	130	0	22	586	0	0	0	0	1	0	1	0	29	2	0	2	0	2	3	286	0	0	0	5	11	33	120	9	0	0	2	34	2	0	47
0	0	0	14	0	2	0	1	0	0	0	99	0	2	0	602	1	0	9	53	0	0	0	0	10	0	0	1	0	68	0	0	35	3	0	3	0	0	0	29	23	0	91	25	0	8	0	0	0	0	0	0	0	0	2	0	0	163	0	38	896	0	130	0	1	0	36	2	0	0	0	1	0	0	12
0	30	2	0	0	0	0	0	0	0	0	0	0	0	0	0	0	0	0	0	0	0	0	0	0	0	0	0	0	0	0	0	0	2	0	0	0	0	0	1	0	0	0	0	0	0	0	0	0	0	0	0	0	1	0	0	0	0	0	0	0	0	0	0	2	0	5	0	0	0	0	0	0	0	0
0	0	10	10	1	0	0	0	0	0	0	5	0	4	0	244	0	0	7	4	0	0	0	0	34	3	0	0	0	78	0	0	2	2	0	0	0	0	0	22	42	0	12	51	3	10	0	0	0	0	0	0	0	2	2	163	0	0	0	24	460	0	6	0	13	0	10	5	0	0	0	0	0	4	32
0	128	11	30	0	0	0	0	0	0	0	0	0	0	0	12	0	0	62	49	0	0	0	0	56	0	0	290	0	0	0	0	0	4	0	0	0	0	0	15	253	0	0	1	0	0	0	0	0	0	0	0	0	118	3	0	0	0	0	46	0	0	0	0	1	0	57	0	0	0	0	0	0	0	136
0	57	5	16	2	236	40	9	0	29	2	4	42	8	12	15	14	16	122	6	7	10	0	0	26	48	0	810	0	0	160	525	5	358	0	936	104	0	2	2355	1760	1	45	2810	0	57	2	0	134	1	0	0	348	3	286	38	0	24	46	0	7	58	0	1467	84	530	70	89	0	12	0	1073	62	0	20
0	0	2	22	0	0	0	0	0	0	0	541	0	0	0	7	0	0	0	0	0	0	0	0	1	3	0	1	0	10	0	0	10	0	0	0	0	0	0	0	0	0	1	0	0	0	0	0	5	0	0	0	18	0	0	896	0	460	0	7	0	0	322	0	0	1	0	0	0	0	0	0	0	0	0
0	0	0	0	0	0	0	0	0	0	0	0	0	0	0	0	0	0	0	0	0	0	0	0	1	0	2	0	0	0	0	0	0	2	0	0	0	0	0	22	131	0	0	1	0	0	0	0	0	0	0	0	0	0	0	0	0	0	0	58	0	0	0	0	51	0	6	0	0	0	0	0	0	0	0
0	0	0	0	0	0	0	0	0	0	0	0	0	0	0	249	0	0	0	31	0	0	0	0	1	0	0	0	0	23	0	0	0	0	0	0	0	0	0	1	0	0	10	0	0	0	0	0	0	0	0	0	0	0	0	130	0	6	0	0	322	0	0	0	0	0	0	0	0	0	2	0	0	0	4
0	0	0	2	3	0	9	0	0	82	0	0	0	0	0	2	0	0	0	4	0	0	0	0	0	12	8	0	0	1	0	0	0	2	0	0	0	0	0	218	18	0	0	244	0	0	0	0	0	0	0	0	0	0	5	0	0	0	0	1467	0	0	0	0	157	0	14	0	0	0	3	0	2	0	4
0	0	38	5	0	0	0	0	0	43	0	0	2	16	0	16	74	3	0	8	4	0	0	0	0	1	1	3	0	1	0	3	167	0	0	70	633	0	0	21	5	47	1	3	4	139	0	0	12	0	0	0	1	2	11	1	2	13	1	84	0	51	0	157	0	2	2	728	0	39	1	2	5	20	0
0	2	6	14	0	0	8	49	0	0	0	0	0	0	0	2	0	1	97	2	36	0	0	0	773	5	0	2	0	0	0	0	0	6	0	0	0	0	0	64	35	0	0	163	0	0	0	0	0	0	0	0	0	2	33	0	0	0	0	530	1	0	0	0	2	0	52	0	0	0	0	2	0	0	13
0	161	375	195	0	135	30	0	0	0	345	0	28	2	285	306	37	24	27	32	47	16	0	0	54	66	0	97	0	33	14	99	9	259	0	24	28	0	0	63	60	0	379	41	0	10	0	0	246	0	0	0	270	4	120	36	5	10	57	70	0	6	0	14	2	52	0	39	0	1	153	313	23	33	4
0	2	3	4	1	0	0	0	0	30	0	0	0	4	0	50	0	1	0	13	10	0	0	0	0	11	26	0	0	0	0	0	0	0	0	0	0	0	0	155	37	0	4	16	0	8	7	0	0	0	0	0	0	0	9	2	0	5	0	89	0	0	0	0	728	0	39	0	0	0	4	0	3	1	49
0	0	0	0	0	0	0	0	0	0	0	0	0	0	0	0	0	0	0	0	0	0	0	0	0	0	0	0	0	0	0	0	0	0	0	0	0	0	0	0	0	0	0	0	0	0	0	0	0	0	0	0	0	0	0	0	0	0	0	0	0	0	0	0	0	0	0	0	0	0	0	0	0	0	0
0	0	2	0	0	0	0	0	0	0	0	0	0	0	0	0	0	0	0	0	0	0	0	0	0	0	0	0	0	0	0	0	0	2	0	0	0	0	0	11	3	0	0	5	0	0	0	0	0	0	0	0	0	0	0	0	0	0	0	12	0	0	0	0	39	0	1	0	0	0	0	0	0	0	1
0	0	6	148	0	0	44	0	0	0	7	0	0	0	7	359	7	1	0	2	80	0	0	0	0	0	0	0	0	69	0	0	7	9	0	5	0	0	0	0	4	0	105	12	0	3	0	0	0	0	0	0	1	0	2	0	0	0	0	0	0	0	2	3	1	0	153	4	0	0	0	3	7	0	1
0	0	1	57	0	6	0	0	0	0	0	0	0	0	0	33	0	3	20	3	60	0	0	0	97	43	0	35	0	0	3	5	0	10	0	0	1	0	0	117	361	0	15	366	0	0	0	0	0	0	1	0	4	0	34	1	0	0	0	1073	0	0	0	0	2	2	313	0	0	0	3	0	1	0	12
0	0	0	0	0	1	0	0	0	0	0	0	0	2	0	3	7	0	0	4	0	0	0	0	0	47	4	0	0	1	0	0	6	0	0	0	0	0	0	9	37	3	0	0	0	1	0	0	0	0	0	0	0	0	2	0	0	0	0	62	0	0	0	2	5	0	23	3	0	0	7	1	0	0	10
0	0	1	0	0	0	0	0	0	0	0	0	0	0	0	18	0	0	18	0	0	0	0	0	0	0	0	0	0	0	0	0	0	0	0	0	0	0	0	17	4	0	2	6	1	0	0	0	0	0	0	0	0	0	0	0	0	4	0	0	0	0	0	0	20	0	33	1	0	0	0	0	0	0	0
0	0	7	461	0	47	9	0	0	0	729	1	5	1	452	0	10	7	18	2	7	91	0	0	5	0	0	15	0	0	38	1	4	371	0	16	21	0	0	3	587	2	178	23	2	296	0	0	5	0	0	0	8	2	47	12	0	32	136	20	0	0	4	4	0	13	4	49	0	1	1	12	10	0	0
