0	0	0	0	0	0	0	0	0	0	0	0	0	0	0	0	0	0	0	0	0	0	0	0	0	0	0	0	0	0	0	0	0	0	0	0	0	0	0	0	0	0	0	0	0	0	0	0	0	0	0	0	0	0	0	0	0	0	0	0	0	0	0	0	0	0	0	0	0	0	0	0	0	0	0
0	0	535	0	0	0	0	4	0	0	0	0	0	0	2	0	0	56	12	0	2	286	0	0	4	0	0	0	9	0	0	0	0	0	0	0	0	0	2	2	12	0	43	0	0	0	0	0	86	0	0	0	481	151	4	0	1005	0	529	6	0	0	2	0	0	12	270	0	0	0	0	0	0	2	2
0	535	0	0	9	0	0	0	0	2	0	0	0	0	24	0	0	0	17	0	12	0	0	0	23	0	0	0	4	0	0	0	0	10	19	0	0	0	0	0	0	0	57	105	0	0	0	0	0	0	9	0	0	10	34	0	84	0	0	11	0	0	0	0	36	84	343	0	0	0	10	3	0	9	11
0	0	0	0	7	0	307	0	38	29	122	0	0	0	304	74	1	1	67	0	0	44	0	0	36	0	0	0	17	1	74	4	5	38	0	0	5	0	2	36	21	0	278	43	0	96	0	0	185	0	0	0	119	0	1	0	0	0	27	105	0	0	1	1	9	8	59	2	0	0	42	0	0	30	273
0	0	9	7	0	0	0	1	24	1891	0	4	0	15	2	20	2	33	36	3	15	1	0	0	4	4	0	0	7	10	3	58	29	18	4	0	73	0	56	39	17	2	25	949	0	50	0	0	11	1	13	0	5	0	19	3	1	0	2	224	0	0	3	58	8	3	105	41	0	5	14	13	8	32	1
0	0	0	0	0	0	0	0	0	0	0	0	0	0	19	0	0	0	5	0	2	6	0	0	0	0	0	0	12	0	1	0	0	0	0	0	0	0	16	0	2	0	0	0	0	0	0	0	12	0	0	0	3	0	12	0	0	0	8	4	0	0	0	0	0	0	0	0	0	0	27	0	0	3	0
0	0	0	307	0	0	0	0	0	0	81	0	0	0	64	85	0	2	47	0	0	1	0	0	25	0	0	0	31	0	3	5	0	11	0	0	0	0	2	0	0	0	210	29	0	139	0	0	1	0	0	0	27	0	4	0	0	0	12	0	0	0	0	0	0	0	149	0	0	0	26	0	0	11	153
0	4	0	0	1	0	0	0	1	0	0	0	0	0	175	0	0	10	168	0	0	0	0	0	83	0	0	0	85	0	0	0	0	2	0	0	0	0	15	0	0	0	0	45	0	0	0	0	4	0	0	0	0	2	20	0	0	0	0	37	0	0	0	0	0	139	1	0	0	0	0	0	0	1	0
0	0	0	38	24	0	0	1	0	135	0	0	0	19	0	13	0	0	3	0	106	0	0	0	1	1	0	0	0	0	0	0	0	0	7	0	0	0	0	0	0	0	0	1	0	0	0	0	0	0	0	0	0	0	0	0	0	0	0	0	0	0	0	0	189	9	2	33	0	15	0	0	0	24	1
0	0	2	29	1891	0	0	0	135	0	0	0	0	0	0	0	0	0	0	1	2	0	0	0	0	7	0	0	0	0	0	1334	45	2	0	0	2	0	1755	1067	43	2096	92	2180	0	518	0	0	1	10	0	0	0	0	16	1	0	0	0	604	0	0	0	2013	1661	0	6	680	0	11	0	0	583	352	1
0	0	0	122	0	0	81	0	0	0	0	0	0	11	472	394	0	0	200	10	2	0	0	0	156	0	0	0	44	0	0	0	0	196	0	0	0	0	0	0	0	0	338	3	0	704	0	0	0	0	0	0	0	17	1	0	61	0	0	32	0	0	0	0	0	102	358	0	0	0	10	0	0	0	345
0	0	0	0	4	0	0	0	0	0	0	0	0	0	0	1	0	0	2	0	0	0	0	0	0	0	0	0	0	0	0	0	0	0	27	0	0	0	0	0	0	0	0	0	0	0	0	0	0	0	0	0	0	0	0	5	0	0	0	0	0	0	0	0	0	1	0	0	0	0	0	0	0	4	1
0	0	0	0	0	0	0	0	0	0	0	0	0	0	0	0	0	0	0	0	0	0	0	0	1	0	0	0	0	0	0	0	0	0	0	0	0	0	0	0	0	0	0	2	0	0	0	0	0	0	0	0	0	0	0	0	0	0	0	0	0	0	0	0	0	0	1	0	0	0	0	0	0	0	0
0	0	0	0	15	0	0	0	19	0	11	0	0	0	20	43	0	2	4	0	0	0	0	0	0	1	0	0	0	23	0	0	64	0	0	0	47	0	0	5	42	0	26	0	315	296	0	0	4	0	0	0	0	0	3	12	0	0	0	1	0	0	22	21	9	0	10	23	0	70	0	0	7	50	4
0	2	24	304	2	19	64	175	0	0	472	0	0	20	0	168	0	126	577	0	0	43	0	0	339	0	0	25	561	3	119	0	0	150	0	0	1	0	106	2	20	0	288	0	0	876	0	0	13	0	1	0	98	22	218	6	77	0	62	291	0	0	0	0	0	343	176	2	0	1	16	38	0	5	405
0	0	0	74	20	0	85	0	13	0	394	1	0	43	168	0	5	77	9	102	2	6	0	0	6	5	0	0	89	266	0	23	437	156	52	0	56	0	86	30	68	0	729	19	1	1526	0	0	0	0	0	0	21	0	81	432	0	0	18	24	0	0	365	9	25	9	324	77	0	0	274	67	0	40	2
0	0	0	1	2	0	0	0	0	0	0	0	0	0	0	5	0	0	0	13	0	0	0	0	0	0	14	0	0	0	0	0	0	0	0	0	0	0	0	0	0	0	0	0	0	8	0	0	0	0	0	0	0	0	0	0	0	0	0	0	0	0	0	1	24	1	0	1	0	0	0	0	0	2	0
0	56	0	1	33	0	2	10	0	0	0	0	0	2	126	77	0	0	118	0	62	0	0	0	132	9	0	4	306	0	0	0	0	34	0	0	0	0	0	0	0	0	23	134	0	0	0	0	0	0	9	0	0	59	80	0	2	0	0	76	0	0	0	0	1	238	87	13	0	1	4	0	0	33	96
0	12	17	67	36	5	47	168	3	0	200	2	0	4	577	9	0	118	0	1	2	27	0	0	679	2	0	0	743	0	149	239	9	402	1	0	17	0	796	20	99	0	22	178	5	7	0	0	22	0	0	0	215	36	411	2	1	0	181	258	0	0	0	1	0	1311	60	4	0	0	10	24	0	72	81
0	0	0	0	3	0	0	0	0	1	10	0	0	0	0	102	13	0	1	0	2	0	0	0	0	0	0	0	0	80	0	0	95	150	0	0	0	0	0	0	0	0	45	0	0	109	0	0	0	0	0	0	0	0	0	80	0	0	26	0	0	0	45	0	0	19	0	2	0	0	0	0	0	3	0
0	2	12	0	15	2	0	0	106	2	2	0	0	0	0	2	0	62	2	2	0	0	0	0	2	0	0	0	0	0	274	144	0	0	0	0	0	0	4	0	250	0	14	11	0	0	0	0	0	0	5	0	2	0	2	0	0	0	40	39	0	0	0	0	0	2	43	0	0	32	20	30	0	17	1
0	286	0	44	1	6	1	0	0	0	0	0	0	0	43	6	0	0	27	0	0	0	0	0	90	0	0	2	124	0	0	0	0	84	0	0	0	0	0	0	0	0	0	1	0	0	0	0	0	0	2	0	0	86	4	0	19	0	0	109	0	0	0	0	0	33	20	0	0	0	0	0	0	1	89
0	0	0	0	0	0	0	0	0	0	0	0	0	0	0	0	0	0	0	0	0	0	0	0	0	0	0	0	0	0	0	0	0	0	0	0	0	0	0	0	0	0	0	0	0	0	0	0	0	0	0	0	0	0	0	0	0	0	0	0	0	0	0	0	0	0	0	0	0	0	0	0	0	0	0
0	0	0	0	0	0	0	0	0	0	0	0	0	0	0	0	0	0	0	0	0	0	0	0	0	0	0	0	0	0	0	0	0	0	0	0	0	0	0	0	0	0	0	0	0	0	0	0	0	0	0	0	0	0	0	0	0	0	0	0	0	0	0	0	0	0	0	0	0	0	0	0	0	0	0
0	4	23	36	4	0	25	83	1	0	156	0	1	0	339	6	0	132	679	0	2	90	0	0	0	1	0	1	441	0	167	48	7	346	0	0	1	0	574	25	103	0	19	70	0	4	0	0	38	0	1	0	166	6	529	1	1	0	109	150	0	0	0	1	0	910	86	1	0	0	7	343	0	21	12
0	0	0	0	4	0	0	0	1	7	0	0	0	1	0	5	0	9	2	0	0	0	0	0	1	0	0	0	0	0	0	1	0	1	0	0	4	0	4	0	4	1	3	5	1	0	0	0	0	0	0	0	0	4	2	0	0	0	1	1	0	0	0	0	9	0	0	10	0	0	0	0	0	8	0
0	0	0	0	0	0	0	0	0	0	0	0	0	0	0	0	14	0	0	0	0	0	0	0	0	0	0	0	0	0	0	0	0	0	0	0	0	0	0	0	0	0	0	0	0	0	0	0	0	0	0	0	0	0	0	0	0	0	4	0	0	0	0	0	0	0	10	17	0	0	0	0	6	0	0
0	0	0	0	0	0	0	0	0	0	0	0	0	0	25	0	0	4	0	0	0	2	0	0	1	0	0	0	17	0	4	0	0	4	0	0	0	0	2	0	3	0	0	0	0	0	0	0	0	0	0	0	1	0	5	0	0	0	3	117	0	0	0	0	0	4	0	0	0	0	0	0	0	0	0
0	9	4	17	7	12	31	85	0	0	44	0	0	0	561	89	0	306	743	0	0	124	0	0	441	0	0	17	0	0	116	1	0	256	0	0	3	0	281	21	21	0	22	3	0	0	0	0	43	1	0	0	145	22	249	0	4	0	25	392	0	0	0	1	0	538	6	0	0	0	6	1	0	9	20
0	0	0	1	10	0	0	0	0	0	0	0	0	23	3	266	0	0	0	80	0	0	0	0	0	0	0	0	0	0	0	2	13	0	3	0	2	0	3	0	0	0	118	2	0	1269	0	0	0	0	0	0	0	1	1	14	0	0	0	2	0	0	28	12	48	0	116	114	0	0	0	0	1	10	0
0	0	0	74	3	1	3	0	0	0	0	0	0	0	119	0	0	0	149	0	274	0	0	0	167	0	0	4	116	0	0	0	0	14	0	0	0	0	0	0	0	0	0	4	0	2	0	0	0	0	0	0	0	57	0	0	0	0	0	594	0	0	0	0	0	13	8	0	0	0	2	0	0	3	94
0	0	0	4	58	0	5	0	0	1334	0	0	0	0	0	23	0	0	239	0	144	0	0	0	48	1	0	0	1	2	0	0	0	20	0	0	0	0	0	0	0	0	4	774	0	0	0	0	0	0	11	0	0	1	94	0	0	0	0	168	0	0	0	0	0	454	222	0	0	0	2	2	0	54	0
0	0	0	5	29	0	0	0	0	45	0	0	0	64	0	437	0	0	9	95	0	0	0	0	7	0	0	0	0	13	0	0	0	2	28	0	0	0	0	0	0	0	288	4	0	846	0	0	0	0	0	0	0	0	1	42	0	0	0	2	0	0	0	0	333	10	3	96	0	14	9	0	4	29	2
0	0	10	38	18	0	11	2	0	2	196	0	0	0	150	156	0	34	402	150	0	84	0	0	346	1	0	4	256	0	14	20	2	0	0	0	0	0	38	0	142	0	225	141	0	158	0	0	2	0	9	0	2	18	170	0	7	0	188	81	0	0	0	0	0	458	435	1	0	0	23	12	0	16	230
0	0	19	0	4	0	0	0	7	0	0	27	0	0	0	52	0	0	1	0	0	0	0	0	0	0	0	0	0	3	0	0	28	0	0	0	5	0	0	0	0	0	1	0	0	1	0	0	0	0	0	0	24	0	0	141	0	0	0	25	0	0	147	10	1	0	0	6	0	0	0	0	3	26	0
0	0	0	0	0	0	0	0	0	0	0	0	0	0	0	0	0	0	0	0	0	0	0	0	0	0	0	0	0	0	0	0	0	0	0	0	0	0	0	0	0	0	0	0	0	0	0	0	0	0	0	0	0	0	0	0	0	0	0	0	0	0	0	0	0	0	0	0	0	0	0	0	0	0	0
0	0	0	5	73	0	0	0	0	2	0	0	0	47	1	56	0	0	17	0	0	0	0	0	1	4	0	0	3	2	0	0	0	0	5	0	0	0	0	0	0	0	2	1	0	1928	0	0	0	0	0	0	0	0	0	6	0	0	0	2	0	0	0	0	568	8	6	487	0	44	0	1	0	73	1
0	0	0	0	0	0	0	0	0	0	0	0	0	0	0	0	0	0	0	0	0	0	0	0	0	0	0	0	0	0	0	0	0	0	0	0	0	0	0	0	0	0	0	0	0	0	0	0	0	0	0	0	0	0	0	0	0	0	0	0	0	0	0	0	0	0	0	0	0	0	0	0	0	0	0
0	2	0	2	56	16	2	15	0	1755	0	0	0	0	106	86	0	0	796	0	4	0	0	0	574	4	0	2	281	3	0	0	0	38	0	0	0	0	0	0	0	0	35	1172	0	14	0	0	0	0	13	0	0	7	170	0	1	0	0	894	0	0	0	0	2	1223	266	0	0	0	9	4	0	48	117
0	2	0	36	39	0	0	0	0	1067	0	0	0	5	2	30	0	0	20	0	0	0	0	0	25	0	0	0	21	0	0	0	0	0	0	0	0	0	0	0	0	2	7	668	0	4	0	0	0	0	5	0	0	13	4	0	0	0	0	1157	0	0	0	0	6	53	34	47	0	2	0	2	0	36	3
0	12	0	21	17	2	0	0	0	43	0	0	0	42	20	68	0	0	99	0	250	0	0	0	103	4	0	3	21	0	0	0	0	142	0	0	0	0	0	0	0	0	17	87	0	154	0	0	0	0	0	0	0	6	24	0	0	0	0	812	0	0	0	0	4	124	84	34	0	5	2	1	1	17	466
0	0	0	0	2	0	0	0	0	2096	0	0	0	0	0	0	0	0	0	0	0	0	0	0	0	1	0	0	0	0	0	0	0	0	0	0	0	0	0	2	0	0	0	1	0	0	0	0	0	0	0	0	0	0	0	0	0	0	0	0	0	0	0	2	103	1	0	21	0	7	0	0	4	0	0
0	43	57	278	25	0	210	0	0	92	338	0	0	26	288	729	0	23	22	45	14	0	0	0	19	3	0	0	22	118	0	4	288	225	1	0	2	0	35	7	17	0	0	132	0	1472	0	0	103	0	4	0	6	0	20	89	44	0	9	230	0	0	14	0	29	29	786	22	0	3	184	7	3	21	418
0	0	105	43	949	0	29	45	1	2180	3	0	2	0	0	19	0	134	178	0	11	1	0	0	70	5	0	0	3	2	4	774	4	141	0	0	1	0	1172	668	87	1	132	0	0	0	0	0	5	29	6	0	45	0	510	0	1	0	36	1093	0	0	1	264	0	199	139	1	0	0	47	471	3	260	37
0	0	0	0	0	0	0	0	0	0	0	0	0	315	0	1	0	0	5	0	0	0	0	0	0	1	0	0	0	0	0	0	0	0	0	0	0	0	0	0	0	0	0	0	0	0	0	0	0	0	0	0	0	0	0	0	0	0	0	0	0	0	0	0	0	0	0	0	0	0	0	0	0	0	0
0	0	0	96	50	0	139	0	0	518	704	0	0	296	876	1526	8	0	7	109	0	0	0	0	4	0	0	0	0	1269	2	0	846	158	1	0	1928	0	14	4	154	0	1472	0	0	0	4	0	0	0	0	0	0	0	10	795	0	0	66	21	0	0	2160	134	373	10	37	553	0	53	18	0	29	50	1028
0	0	0	0	0	0	0	0	0	0	0	0	0	0	0	0	0	0	0	0	0	0	0	0	0	0	0	0	0	0	0	0	0	0	0	0	0	0	0	0	0	0	0	0	0	4	0	0	0	0	0	0	0	0	0	0	0	0	0	0	0	0	0	1	0	0	0	1	0	0	0	0	0	0	0
0	0	0	0	0	0	0	0	0	0	0	0	0	0	0	0	0	0	0	0	0	0	0	0	0	0	0	0	0	0	0	0	0	0	0	0	0	0	0	0	0	0	0	0	0	0	0	0	0	0	0	0	0	0	0	0	0	0	0	0	0	0	0	0	0	0	0	0	0	0	0	0	0	0	0
0	86	0	185	11	12	1	4	0	1	0	0	0	4	13	0	0	0	22	0	0	0	0	0	38	0	0	0	43	0	0	0	0	2	0	0	0	0	0	0	0	0	103	5	0	0	0	0	0	0	0	0	0	4	3	0	7	0	0	13	0	0	0	0	5	61	113	7	0	1	0	0	0	11	86
0	0	0	0	1	0	0	0	0	10	0	0	0	0	0	0	0	0	0	0	0	0	0	0	0	0	0	0	1	0	0	0	0	0	0	0	0	0	0	0	0	0	0	29	0	0	0	0	0	0	0	0	0	0	0	0	0	0	0	0	0	0	0	0	12	0	1	17	0	0	0	0	0	1	0
0	0	9	0	13	0	0	0	0	0	0	0	0	0	1	0	0	9	0	0	5	2	0	0	1	0	0	0	0	0	0	11	0	9	0	0	0	0	13	5	0	0	4	6	0	0	0	0	0	0	0	0	2	0	2	0	0	0	0	2	0	0	0	0	0	0	0	0	0	0	5	7	0	4	0
0	0	0	0	0	0	0	0	0	0	0	0	0	0	0	0	0	0	0	0	0	0	0	0	0	0	0	0	0	0	0	0	0	0	0	0	0	0	0	0	0	0	0	0	0	0	0	0	0	0	0	0	0	0	0	0	0	0	0	0	0	0	0	0	0	0	0	0	0	0	0	0	0	0	0
0	481	0	119	5	3	27	0	0	0	0	0	0	0	98	21	0	0	215	0	2	0	0	0	166	0	0	1	145	0	0	0	0	2	24	0	0	0	0	0	0	0	6	45	0	0	0	0	0	0	2	0	0	156	2	0	125	0	0	66	0	0	0	0	0	65	360	0	0	4	0	0	0	5	6
0	151	10	0	0	0	0	2	0	0	17	0	0	0	22	0	0	59	36	0	0	86	0	0	6	4	0	0	22	1	57	1	0	18	0	0	0	0	7	13	6	0	0	0	0	0	0	0	4	0	0	0	156	0	4	0	40	0	151	18	0	0	0	0	0	24	2	0	0	4	0	2	0	0	1
0	4	34	1	19	12	4	20	0	16	1	0	0	3	218	81	0	80	411	0	2	4	0	0	529	2	0	5	249	1	0	94	1	170	0	0	0	0	170	4	24	0	20	510	0	10	0	0	3	0	2	0	2	4	0	1	1	0	14	147	0	0	0	1	3	904	160	13	0	0	10	60	3	21	135
0	0	0	0	3	0	0	0	0	1	0	5	0	12	6	432	0	0	2	80	0	0	0	0	1	0	0	0	0	14	0	0	42	0	141	0	6	0	0	0	0	0	89	0	0	795	0	0	0	0	0	0	0	0	1	0	0	0	0	0	134	0	198	0	18	1	13	3	0	1	0	0	0	3	0
0	1005	84	0	1	0	0	0	0	0	61	0	0	0	77	0	0	2	1	0	0	19	0	0	1	0	0	0	4	0	0	0	0	7	0	0	0	0	1	0	0	0	44	1	0	0	0	0	7	0	0	0	125	40	1	0	0	0	138	1	0	0	0	0	0	4	161	0	0	0	0	0	0	0	1
0	0	0	0	0	0	0	0	0	0	0	0	0	0	0	0	0	0	0	0	0	0	0	0	0	0	0	0	0	0	0	0	0	0	0	0	0	0	0	0	0	0	0	0	0	0	0	0	0	0	0	0	0	0	0	0	0	0	0	0	0	0	0	0	0	0	0	0	0	0	0	0	0	0	0
0	529	0	27	2	8	12	0	0	0	0	0	0	0	62	18	0	0	181	26	40	0	0	0	109	1	4	3	25	0	0	0	0	188	0	0	0	0	0	0	0	0	9	36	0	66	0	0	0	0	0	0	0	151	14	0	138	0	0	87	0	0	0	0	4	110	120	34	0	1	0	0	0	2	429
0	6	11	105	224	4	0	37	0	604	32	0	0	1	291	24	0	76	258	0	39	109	0	0	150	1	0	117	392	2	594	168	2	81	25	0	2	0	894	1157	812	0	230	1093	0	21	0	0	13	0	2	0	66	18	147	0	1	0	87	0	0	0	0	115	5	699	112	3	0	3	3	9	3	130	131
0	0	0	0	0	0	0	0	0	0	0	0	0	0	0	0	0	0	0	0	0	0	0	0	0	0	0	0	0	0	0	0	0	0	0	0	0	0	0	0	0	0	0	0	0	0	0	0	0	0	0	0	0	0	0	134	0	0	0	0	0	0	0	0	0	1	0	0	0	0	0	0	0	0	0
0	0	0	0	0	0	0	0	0	0	0	0	0	0	0	0	0	0	0	0	0	0	0	0	0	0	0	0	0	0	0	0	0	0	0	0	0	0	0	0	0	0	0	0	0	0	0	0	0	0	0	0	0	0	0	0	0	0	0	0	0	0	0	0	0	0	0	0	0	0	0	0	0	0	0
0	2	0	1	3	0	0	0	0	0	0	0	0	22	0	365	0	0	0	45	0	0	0	0	0	0	0	0	0	28	0	0	0	0	147	0	0	0	0	0	0	0	14	1	0	2160	0	0	0	0	0	0	0	0	0	198	0	0	0	0	0	0	0	0	40	0	0	25	0	46	0	0	0	3	20
0	0	0	1	58	0	0	0	0	2013	0	0	0	21	0	9	1	0	1	0	0	0	0	0	1	0	0	0	1	12	0	0	0	0	10	0	0	0	0	0	0	2	0	264	0	134	1	0	0	0	0	0	0	0	1	0	0	0	0	115	0	0	0	0	85	1	3	382	0	52	0	0	13	58	1
0	0	36	9	8	0	0	0	189	1661	0	0	0	9	0	25	24	1	0	0	0	0	0	0	0	9	0	0	0	48	0	0	333	0	1	0	568	0	2	6	4	103	29	0	0	373	0	0	5	12	0	0	0	0	3	18	0	0	4	5	0	0	40	85	0	30	6	1090	0	6	18	0	45	61	1
0	12	84	8	3	0	0	139	9	0	102	1	0	0	343	9	1	238	1311	19	2	33	0	0	910	0	0	4	538	0	13	454	10	458	0	0	8	0	1223	53	124	1	29	199	0	10	0	0	61	0	0	0	65	24	904	1	4	0	110	699	1	0	0	1	30	0	239	2	0	0	7	486	0	13	112
0	270	343	59	105	0	149	1	2	6	358	0	1	10	176	324	0	87	60	0	43	20	0	0	86	0	10	0	6	116	8	222	3	435	0	0	6	0	266	34	84	0	786	139	0	37	0	0	113	1	0	0	360	2	160	13	161	0	120	112	0	0	0	3	6	239	0	20	0	1	281	259	2	42	41
0	0	0	2	41	0	0	0	33	680	0	0	0	23	2	77	1	13	4	2	0	0	0	0	1	10	17	0	0	114	0	0	96	1	6	0	487	0	0	47	34	21	22	1	0	553	1	0	7	17	0	0	0	0	13	3	0	0	34	3	0	0	25	382	1090	2	20	0	0	14	0	1	137	144	41
0	0	0	0	0	0	0	0	0	0	0	0	0	0	0	0	0	0	0	0	0	0	0	0	0	0	0	0	0	0	0	0	0	0	0	0	0	0	0	0	0	0	0	0	0	0	0	0	0	0	0	0	0	0	0	0	0	0	0	0	0	0	0	0	0	0	0	0	0	0	0	0	0	0	0
0	0	0	0	5	0	0	0	15	11	0	0	0	70	1	0	0	1	0	0	32	0	0	0	0	0	0	0	0	0	0	0	14	0	0	0	44	0	0	2	5	7	3	0	0	53	0	0	1	0	0	0	4	4	0	1	0	0	1	3	0	0	46	52	6	0	1	14	0	0	0	0	29	34	1
0	0	10	42	14	27	26	0	0	0	10	0	0	0	16	274	0	4	10	0	20	0	0	0	7	0	0	0	6	0	2	2	9	23	0	0	0	0	9	0	2	0	184	47	0	18	0	0	0	0	5	0	0	0	10	0	0	0	0	3	0	0	0	0	18	7	281	0	0	0	0	13	2	8	57
0	0	3	0	13	0	0	0	0	0	0	0	0	0	38	67	0	0	24	0	30	0	0	0	343	0	0	0	1	0	0	2	0	12	0	0	1	0	4	2	1	0	7	471	0	0	0	0	0	0	7	0	0	2	60	0	0	0	0	9	0	0	0	0	0	486	259	1	0	0	13	0	2	14	1
0	0	0	0	8	0	0	0	0	583	0	0	0	7	0	0	0	0	0	0	0	0	0	0	0	0	6	0	0	1	0	0	4	0	3	0	0	0	0	0	1	4	3	3	0	29	0	0	0	0	0	0	0	0	3	0	0	0	0	3	0	0	0	13	45	0	2	137	0	29	2	2	0	10	0
0	2	9	30	32	3	11	1	24	352	0	4	0	50	5	40	2	33	72	3	17	1	0	0	21	8	0	0	9	10	3	54	29	16	26	0	73	0	48	36	17	0	21	260	0	50	0	0	11	1	4	0	5	0	21	3	0	0	2	130	0	0	3	58	61	13	42	144	0	34	8	14	10	0	12
0	2	11	273	1	0	153	0	1	1	345	1	0	4	405	2	0	96	81	0	1	89	0	0	12	0	0	0	20	0	94	0	2	230	0	0	1	0	117	3	466	0	418	37	0	1028	0	0	86	0	0	0	6	1	135	0	1	0	429	131	0	0	20	1	1	112	41	41	0	1	57	1	0	12	0
