0	0	0	0	0	0	0	0	0	0	0	0	0	0	0	0	0	0	0	0	0	0	0	0	0	0	0	0	0	0	0	0	0	0	0	0	0	0	0	0	0	0	0	0	0	0	0	0	0	0	0	0	0	0	0	0	0	0	0	0	0	0	0	0	0	0	0	0	0	0	0	0	0	0	0
0	0	78	0	0	0	0	1	0	0	4	0	6	0	0	0	0	9	8	0	0	28	0	0	0	0	0	19	31	0	0	0	0	2	0	0	0	0	0	0	4	0	2	0	0	0	0	0	2	0	0	0	28	49	4	0	380	0	66	0	0	0	0	0	0	0	18	0	0	0	0	0	0	0	0
0	78	0	0	0	0	0	0	0	0	0	0	2	0	0	0	0	33	1	0	7	5	0	0	0	0	0	7	0	8	0	0	0	63	0	2	0	0	0	0	3	0	331	0	0	0	0	2	0	0	0	0	90	0	4	0	301	0	0	2	0	2	0	0	0	0	221	0	0	0	244	0	0	0	0
0	0	0	0	0	0	42	1	6	0	590	0	0	0	0	116	0	2	16	0	0	133	2	0	0	0	0	18	0	5	106	0	0	210	0	1	26	0	0	0	11	0	399	0	0	180	0	0	28	0	0	0	228	2	0	0	3	4	30	8	0	0	0	0	0	0	99	0	0	0	8	0	0	0	0
0	0	0	0	0	1	0	0	0	0	0	0	0	0	0	0	0	0	0	0	0	0	0	0	0	0	0	0	0	0	0	0	0	0	0	4	0	0	0	0	1	0	0	1	0	0	0	0	2	0	0	0	0	0	0	0	0	0	0	3	0	0	0	0	0	0	0	0	0	0	0	0	0	0	0
0	0	0	0	1	0	0	0	0	0	0	0	0	0	0	7	0	179	0	3	271	0	0	0	3	0	0	2	0	52	43	0	0	133	0	1	0	0	0	3	370	0	246	10	0	0	0	0	0	0	2	0	1	1	0	0	0	0	0	3	0	1	0	0	1	0	13	0	0	0	0	0	0	0	0
0	0	0	42	0	0	0	0	0	0	9	0	0	0	0	4	0	1	0	0	0	0	0	0	0	0	0	0	0	0	3	0	0	8	0	0	2	0	0	0	1	0	25	0	0	0	0	0	5	0	0	0	3	0	0	0	0	0	0	0	0	0	0	0	0	0	8	0	0	0	5	0	0	0	0
0	1	0	1	0	0	0	0	0	0	0	0	0	0	0	0	0	22	439	0	0	8	0	0	28	0	0	31	8	6	2	0	1	220	0	0	0	0	0	44	78	0	1	42	0	0	0	35	0	0	2	0	41	37	452	1	9	0	0	195	0	2	4	0	0	737	13	0	0	0	0	531	0	0	0
0	0	0	6	0	0	0	0	0	1	0	0	0	0	0	1	0	0	0	0	102	0	0	0	0	0	0	0	0	7	0	0	0	6	0	0	0	0	0	0	0	0	0	0	0	0	0	0	0	0	0	0	0	0	0	0	0	0	0	0	0	0	0	0	1	0	0	4	0	0	1	0	0	0	0
0	0	0	0	0	0	0	0	1	0	0	0	0	0	0	0	0	0	0	0	0	0	0	0	0	0	0	0	0	0	0	0	0	0	0	1	0	0	0	0	0	2	0	0	0	1	0	0	0	0	0	0	0	0	0	0	0	0	0	0	0	1	0	1	1	0	0	2	0	0	1	0	0	0	0
0	4	0	590	0	0	9	0	0	0	0	0	0	0	0	180	0	1	0	7	0	0	0	0	1	0	0	0	7	24	2	0	0	172	0	0	0	0	0	0	135	0	586	0	0	0	0	0	0	0	0	0	0	1	0	0	147	4	0	2	0	0	0	0	0	0	51	0	0	0	97	0	0	0	0
0	0	0	0	0	0	0	0	0	0	0	0	0	0	0	6	0	0	0	50	0	0	0	0	0	0	0	0	0	1	0	0	0	0	0	0	0	0	0	2	1	0	0	0	0	0	0	0	0	0	0	0	0	0	0	0	0	4	0	1	0	0	0	0	0	0	0	0	0	0	0	0	3	0	0
0	6	2	0	0	0	0	0	0	0	0	0	0	0	0	0	0	3	0	0	0	0	0	2	0	0	0	0	0	0	0	0	0	0	0	2	0	0	0	0	4	0	1	1	0	0	0	0	0	0	0	0	0	0	0	0	0	0	1	0	0	0	0	0	1	0	0	0	0	0	0	0	0	0	0
0	0	0	0	0	0	0	0	0	0	0	0	0	0	0	4	4	0	0	0	0	0	0	0	0	0	0	0	0	28	0	0	0	0	0	0	0	0	0	0	3	0	1	0	14	2	0	0	0	0	0	0	0	0	1	0	0	1	0	8	0	1	0	0	1	0	0	3	0	0	0	0	2	0	0
0	0	0	0	0	0	0	0	0	0	0	0	0	0	0	0	0	0	0	0	0	0	0	0	0	0	0	0	0	0	0	0	0	0	0	0	0	0	0	0	0	0	0	0	0	0	0	0	0	0	0	0	0	0	0	0	0	0	0	0	0	0	0	0	0	0	0	0	0	0	0	0	0	0	0
0	0	0	116	0	7	4	0	1	0	180	6	0	4	0	0	5	0	0	358	0	1	3	3	0	0	0	0	0	233	0	0	73	134	0	0	6	0	0	8	14	0	576	0	0	186	1	0	0	0	0	0	0	0	0	58	0	54	0	0	0	0	153	0	0	0	141	17	0	0	114	2	0	0	0
0	0	0	0	0	0	0	0	0	0	0	0	0	4	0	5	0	0	0	104	0	0	0	24	0	0	0	0	0	138	0	0	0	2	8	0	0	0	0	0	1	0	1	0	0	0	0	0	0	0	0	0	0	0	3	57	0	2	0	0	0	0	0	0	0	0	0	0	0	0	0	0	0	0	0
0	9	33	2	0	179	1	22	0	0	1	0	3	0	0	0	0	0	5	0	199	128	3	0	4	0	0	333	8	15	179	0	11	131	4	1	0	0	0	0	896	0	24	8	0	0	3	0	0	0	6	0	0	61	30	0	8	2	6	9	0	3	0	0	1	3	4	5	0	0	2	24	0	0	0
0	8	1	16	0	0	0	439	0	0	0	0	0	0	0	0	0	5	0	1	2	0	0	2	20	0	0	0	12	3	8	0	0	0	0	0	0	0	0	23	60	0	1	7	0	0	0	0	0	0	0	0	0	14	188	0	3	0	1	22	0	0	0	0	1	0	0	0	0	0	0	0	0	0	0
0	0	0	0	0	3	0	0	0	0	7	50	0	0	0	358	104	0	1	0	0	0	0	1	0	0	0	0	0	12	0	0	33	81	0	0	0	0	0	0	3	0	251	0	0	109	0	0	0	0	0	0	0	0	0	98	0	42	0	0	0	4	54	0	1	0	2	1	0	0	0	0	10	0	0
0	0	7	0	0	271	0	0	102	0	0	0	0	0	0	0	0	199	2	0	0	0	2	0	1	0	0	192	18	85	182	0	24	208	0	389	0	0	0	4	783	0	78	2	0	0	3	0	0	0	24	0	0	1	0	0	2	0	0	32	0	56	0	0	0	0	2	0	0	0	26	6	2	0	0
0	28	5	133	0	0	0	8	0	0	0	0	0	0	0	1	0	128	0	0	0	0	0	0	7	0	0	41	148	6	40	0	0	18	0	0	1	0	0	0	239	0	0	0	0	0	0	0	0	0	5	0	101	220	0	0	259	0	0	2	0	0	0	0	0	0	0	0	0	0	0	16	0	0	0
0	0	0	2	0	0	0	0	0	0	0	0	0	0	0	3	0	3	0	0	2	0	0	0	0	0	0	0	0	5	0	0	0	30	0	0	0	0	0	0	0	0	12	0	0	0	0	0	0	0	0	0	0	0	0	0	0	0	0	0	0	0	0	0	0	0	1	0	0	0	0	0	0	0	0
0	0	0	0	0	0	0	0	0	0	0	0	2	0	0	3	24	0	2	1	0	0	0	0	0	0	0	0	0	0	6	0	1	0	0	3	1	0	0	0	1	0	0	0	0	1	0	0	0	0	0	1	4	0	0	22	0	14	0	1	0	0	1	0	0	0	0	0	0	0	0	0	0	0	0
0	0	0	0	0	3	0	28	0	0	1	0	0	0	0	0	0	4	20	0	1	7	0	0	0	0	0	4	0	2	6	0	0	2	1	0	0	0	0	0	3	0	0	0	0	0	0	0	2	0	0	0	7	9	6	0	1	0	0	0	0	0	0	0	0	26	0	0	0	0	0	9	0	0	0
0	0	0	0	0	0	0	0	0	0	0	0	0	0	0	0	0	0	0	0	0	0	0	0	0	0	0	0	0	1	0	0	0	0	0	0	0	0	0	0	0	0	0	0	2	0	0	0	0	0	0	0	0	0	0	0	0	0	0	0	0	0	0	0	0	0	0	1	0	0	0	0	1	0	0
0	0	0	0	0	0	0	0	0	0	0	0	0	0	0	0	0	0	0	0	0	0	0	0	0	0	0	0	0	5	0	0	2	0	0	4	0	0	0	4	0	2	1	1	0	22	0	0	0	24	0	0	0	0	1	0	0	0	0	0	0	4	2	30	0	0	0	34	0	0	6	0	2	0	0
0	19	7	18	0	2	0	31	0	0	0	0	0	0	0	0	0	333	0	0	192	41	0	0	4	0	0	0	0	24	46	0	0	39	0	0	0	0	0	0	419	0	19	3	0	0	2	0	0	0	0	0	0	12	14	0	3	0	0	0	0	24	0	0	0	0	4	0	0	0	0	2	0	0	0
0	31	0	0	0	0	0	8	0	0	7	0	0	0	0	0	0	8	12	0	18	148	0	0	0	0	0	0	0	0	13	0	0	1	0	11	0	0	0	6	6	0	0	2	0	0	0	5	8	0	0	0	182	23	1	0	69	0	11	5	0	1	0	0	0	9	1	0	0	0	0	10	0	0	0
0	0	8	5	0	52	0	6	7	0	24	1	0	28	0	233	138	15	3	12	85	6	5	0	2	1	5	24	0	0	30	0	192	55	6	81	32	0	0	19	20	2	385	81	3	320	1	3	14	0	42	3	19	4	10	208	0	336	0	59	0	3	39	42	31	7	185	113	0	0	2	71	74	0	0
0	0	0	106	0	43	3	2	0	0	2	0	0	0	0	0	0	179	8	0	182	40	0	6	6	0	0	46	13	30	0	0	0	2	0	1	0	0	0	0	897	0	0	0	0	0	3	0	12	0	0	0	29	15	0	0	0	0	1	16	0	1	0	0	0	0	0	0	0	0	0	2	0	0	0
0	0	0	0	0	0	0	0	0	0	0	0	0	0	0	0	0	0	0	0	0	0	0	0	0	0	0	0	0	0	0	0	0	0	0	0	0	0	0	0	0	0	0	1	0	0	0	0	0	0	0	0	0	0	0	0	0	0	0	0	0	0	0	0	0	0	0	0	0	0	0	0	0	0	0
0	0	0	0	0	0	0	1	0	0	0	0	0	0	0	73	0	11	0	33	24	0	0	1	0	0	2	0	0	192	0	0	0	0	0	6	0	0	0	1	0	2	218	0	0	0	0	0	1	0	0	0	0	0	0	1	0	5	0	7	0	0	0	0	14	0	0	0	0	0	18	0	25	0	0
0	2	63	210	0	133	8	220	6	0	172	0	0	0	0	134	2	131	0	81	208	18	30	0	2	0	0	39	1	55	2	0	0	0	0	2	0	0	0	1	388	0	412	16	0	128	1	4	4	0	2	0	2	15	58	0	11	0	14	0	0	0	6	0	0	4	219	2	0	0	206	48	0	0	0
0	0	0	0	0	0	0	0	0	0	0	0	0	0	0	0	8	4	0	0	0	0	0	0	1	0	0	0	0	6	0	0	0	0	0	0	0	0	0	0	0	0	0	0	0	0	0	0	0	0	0	0	0	0	0	7	3	1	0	0	0	0	0	0	0	0	0	1	0	0	0	0	0	0	0
0	0	2	1	4	1	0	0	0	1	0	0	2	0	0	0	0	1	0	0	389	0	0	3	0	0	4	0	11	81	1	0	6	2	0	0	0	0	0	273	40	190	17	322	0	0	1	3	0	3	15	0	0	0	0	0	0	0	0	250	0	0	0	219	1	0	3	1	0	0	2	124	0	0	0
0	0	0	26	0	0	2	0	0	0	0	0	0	0	0	6	0	0	0	0	0	1	0	1	0	0	0	0	0	32	0	0	0	0	0	0	0	0	0	0	3	0	0	0	0	0	0	0	0	0	0	0	0	0	0	0	0	2	0	0	0	0	0	0	35	0	0	35	0	0	0	0	0	0	0
0	0	0	0	0	0	0	0	0	0	0	0	0	0	0	0	0	0	0	0	0	0	0	0	0	0	0	0	0	0	0	0	0	0	0	0	0	0	0	0	0	0	0	0	0	0	0	0	0	0	0	0	0	0	0	0	0	0	0	0	0	0	0	0	0	0	0	0	0	0	0	0	0	0	0
0	0	0	0	0	0	0	0	0	0	0	0	0	0	0	0	0	0	0	0	0	0	0	0	0	0	0	0	0	0	0	0	0	0	0	0	0	0	0	0	0	0	0	0	0	0	0	0	0	0	0	0	0	0	0	0	0	0	0	0	0	0	0	0	0	0	0	0	0	0	0	0	0	0	0
0	0	0	0	0	3	0	44	0	0	0	2	0	0	0	8	0	0	23	0	4	0	0	0	0	0	4	0	6	19	0	0	1	1	0	273	0	0	0	0	228	24	12	154	0	6	1	0	1	1	0	0	3	1	1	0	0	5	0	388	0	0	0	112	0	11	9	3	0	0	0	15	2	0	0
0	4	3	11	1	370	1	78	0	0	135	1	4	3	0	14	1	896	60	3	783	239	0	1	3	0	0	419	6	20	897	0	0	388	0	40	3	0	0	228	0	0	82	8	0	144	1	2	24	0	91	0	70	69	34	0	18	0	29	447	0	245	7	0	16	4	59	54	0	0	0	258	0	0	0
0	0	0	0	0	0	0	0	0	2	0	0	0	0	0	0	0	0	0	0	0	0	0	0	0	0	2	0	0	2	0	0	2	0	0	190	0	0	0	24	0	0	0	7	0	0	0	0	0	0	0	0	0	0	0	0	0	0	0	9	0	0	0	93	2	1	0	0	0	0	0	0	36	0	0
0	2	331	399	0	246	25	1	0	0	586	0	1	1	0	576	1	24	1	251	78	0	12	0	0	0	1	19	0	385	0	0	218	412	0	17	0	0	0	12	82	0	0	5	0	136	0	0	86	0	6	0	0	1	5	75	10	25	0	4	0	0	11	2	1	0	506	15	0	0	492	14	3	0	0
0	0	0	0	1	10	0	42	0	0	0	0	1	0	0	0	0	8	7	0	2	0	0	0	0	0	1	3	2	81	0	1	0	16	0	322	0	0	0	154	8	7	5	0	0	0	1	0	0	4	6	0	3	0	48	0	0	0	0	351	0	1	0	57	0	1	5	2	0	0	1	30	0	0	0
0	0	0	0	0	0	0	0	0	0	0	0	0	14	0	0	0	0	0	0	0	0	0	0	0	2	0	0	0	3	0	0	0	0	0	0	0	0	0	0	0	0	0	0	0	0	0	0	0	0	0	0	0	0	0	0	0	0	0	0	0	0	0	0	0	0	0	2	0	0	0	0	0	0	0
0	0	0	180	0	0	0	0	0	1	0	0	0	2	0	186	0	0	0	109	0	0	0	1	0	0	22	0	0	320	0	0	0	128	0	0	0	0	0	6	144	0	136	0	0	0	0	0	0	0	0	0	0	0	0	0	0	11	1	0	0	0	0	0	4	0	0	0	0	0	0	0	1	0	0
0	0	0	0	0	0	0	0	0	0	0	0	0	0	0	1	0	3	0	0	3	0	0	0	0	0	0	2	0	1	3	0	0	1	0	1	0	0	0	1	1	0	0	1	0	0	0	0	0	0	1	0	1	0	0	0	0	0	0	1	0	1	0	0	0	0	0	0	0	0	0	0	0	0	0
0	0	2	0	0	0	0	35	0	0	0	0	0	0	0	0	0	0	0	0	0	0	0	0	0	0	0	0	5	3	0	0	0	4	0	3	0	0	0	0	2	0	0	0	0	0	0	0	0	0	0	0	0	2	0	0	0	0	0	0	0	0	0	0	0	0	0	0	0	0	0	0	0	0	0
0	2	0	28	2	0	5	0	0	0	0	0	0	0	0	0	0	0	0	0	0	0	0	0	2	0	0	0	8	14	12	0	1	4	0	0	0	0	0	1	24	0	86	0	0	0	0	0	0	0	0	0	0	8	0	0	265	0	0	3	0	0	0	0	0	0	30	2	0	0	6	0	0	5	0
0	0	0	0	0	0	0	0	0	0	0	0	0	0	0	0	0	0	0	0	0	0	0	0	0	0	24	0	0	0	0	0	0	0	0	3	0	0	0	1	0	0	0	4	0	0	0	0	0	0	0	0	0	0	0	0	0	0	0	0	0	0	0	0	0	0	0	0	0	0	0	0	0	0	0
0	0	0	0	0	2	0	2	0	0	0	0	0	0	0	0	0	6	0	0	24	5	0	0	0	0	0	0	0	42	0	0	0	2	0	15	0	0	0	0	91	0	6	6	0	0	1	0	0	0	0	0	0	0	2	0	0	0	0	0	0	0	0	0	0	0	0	0	0	0	2	2	2	0	0
0	0	0	0	0	0	0	0	0	0	0	0	0	0	0	0	0	0	0	0	0	0	0	1	0	0	0	0	0	3	0	0	0	0	0	0	0	0	0	0	0	0	0	0	0	0	0	0	0	0	0	0	0	0	0	0	0	3	0	0	0	0	0	0	0	0	0	0	0	0	0	0	0	0	0
0	28	90	228	0	1	3	41	0	0	0	0	0	0	0	0	0	0	0	0	0	101	0	4	7	0	0	0	182	19	29	0	0	2	0	0	0	0	0	3	70	0	0	3	0	0	1	0	0	0	0	0	0	143	1	0	257	0	0	13	0	0	0	0	0	0	14	0	0	0	0	0	0	0	0
0	49	0	2	0	1	0	37	0	0	1	0	0	0	0	0	0	61	14	0	1	220	0	0	9	0	0	12	23	4	15	0	0	15	0	0	0	0	0	1	69	0	1	0	0	0	0	2	8	0	0	0	143	0	1	0	245	0	150	9	0	0	1	0	0	5	0	0	0	0	0	0	0	0	0
0	4	4	0	0	0	0	452	0	0	0	0	0	1	0	0	3	30	188	0	0	0	0	0	6	0	1	14	1	10	0	0	0	58	0	0	0	0	0	1	34	0	5	48	0	0	0	0	0	0	2	0	1	1	0	0	3	0	4	0	0	0	0	9	0	18	95	3	0	0	3	284	4	0	0
0	0	0	0	0	0	0	1	0	0	0	0	0	0	0	58	57	0	0	98	0	0	0	22	0	0	0	0	0	208	0	0	1	0	7	0	0	0	0	0	0	0	75	0	0	0	0	0	0	0	0	0	0	0	0	0	0	4	0	0	0	0	29	0	0	0	0	0	0	0	0	0	0	0	0
0	380	301	3	0	0	0	9	0	0	147	0	0	0	0	0	0	8	3	0	2	259	0	0	1	0	0	3	69	0	0	0	0	11	3	0	0	0	0	0	18	0	10	0	0	0	0	0	265	0	0	0	257	245	3	0	0	0	0	0	0	0	0	0	0	3	391	0	0	0	8	0	0	0	0
0	0	0	4	0	0	0	0	0	0	4	4	0	1	0	54	2	2	0	42	0	0	0	14	0	0	0	0	0	336	0	0	5	0	1	0	2	0	0	5	0	0	25	0	0	11	0	0	0	0	0	3	0	0	0	4	0	0	0	2	0	0	0	0	0	0	6	16	0	0	4	13	3	0	0
0	66	0	30	0	0	0	0	0	0	0	0	1	0	0	0	0	6	1	0	0	0	0	0	0	0	0	0	11	0	1	0	0	14	0	0	0	0	0	0	29	0	0	0	0	1	0	0	0	0	0	0	0	150	4	0	0	0	0	1	0	0	0	0	0	0	0	0	0	0	0	0	0	0	0
0	0	2	8	3	3	0	195	0	0	2	1	0	8	0	0	0	9	22	0	32	2	0	1	0	0	0	0	5	59	16	0	7	0	0	250	0	0	0	388	447	9	4	351	0	0	1	0	3	0	0	0	13	9	0	0	0	2	1	0	0	0	0	259	1	8	7	11	0	0	1	26	0	0	0
0	0	0	0	0	0	0	0	0	0	0	0	0	0	0	0	0	0	0	0	0	0	0	0	0	0	0	0	0	0	0	0	0	0	0	0	0	0	0	0	0	0	0	0	0	0	0	0	0	0	0	0	0	0	0	0	0	0	0	0	0	0	0	0	0	0	0	0	0	0	0	0	0	0	0
0	0	2	0	0	1	0	2	0	1	0	0	0	1	0	0	0	3	0	4	56	0	0	0	0	0	4	24	1	3	1	0	0	0	0	0	0	0	0	0	245	0	0	1	0	0	1	0	0	0	0	0	0	0	0	0	0	0	0	0	0	0	0	0	3	0	0	0	0	0	9	0	34	0	0
0	0	0	0	0	0	0	4	0	0	0	0	0	0	0	153	0	0	0	54	0	0	0	1	0	0	2	0	0	39	0	0	0	6	0	0	0	0	0	0	7	0	11	0	0	0	0	0	0	0	0	0	0	1	0	29	0	0	0	0	0	0	0	0	10	0	0	2	0	0	0	0	0	0	0
0	0	0	0	0	0	0	0	0	1	0	0	0	0	0	0	0	0	0	0	0	0	0	0	0	0	30	0	0	42	0	0	0	0	0	219	0	0	0	112	0	93	2	57	0	0	0	0	0	0	0	0	0	0	9	0	0	0	0	259	0	0	0	0	0	0	0	12	0	0	0	0	44	0	0
0	0	0	0	0	1	0	0	1	1	0	0	1	1	0	0	0	1	1	1	0	0	0	0	0	0	0	0	0	31	0	0	14	0	0	1	35	0	0	0	16	2	1	0	0	4	0	0	0	0	0	0	0	0	0	0	0	0	0	1	0	3	10	0	0	1	0	41	0	0	4	1	0	0	0
0	0	0	0	0	0	0	737	0	0	0	0	0	0	0	0	0	3	0	0	0	0	0	0	26	0	0	0	9	7	0	0	0	4	0	0	0	0	0	11	4	1	0	1	0	0	0	0	0	0	0	0	0	5	18	0	3	0	0	8	0	0	0	0	1	0	0	0	0	0	0	0	0	0	0
0	18	221	99	0	13	8	13	0	0	51	0	0	0	0	141	0	4	0	2	2	0	1	0	0	0	0	4	1	185	0	0	0	219	0	3	0	0	0	9	59	0	506	5	0	0	0	0	30	0	0	0	14	0	95	0	391	6	0	7	0	0	0	0	0	0	0	0	0	0	196	15	0	0	0
0	0	0	0	0	0	0	0	4	2	0	0	0	3	0	17	0	5	0	1	0	0	0	0	0	1	34	0	0	113	0	0	0	2	1	1	35	0	0	3	54	0	15	2	2	0	0	0	2	0	0	0	0	0	3	0	0	16	0	11	0	0	2	12	41	0	0	0	0	0	18	0	10	0	0
0	0	0	0	0	0	0	0	0	0	0	0	0	0	0	0	0	0	0	0	0	0	0	0	0	0	0	0	0	0	0	0	0	0	0	0	0	0	0	0	0	0	0	0	0	0	0	0	0	0	0	0	0	0	0	0	0	0	0	0	0	0	0	0	0	0	0	0	0	0	0	0	0	0	0
0	0	0	0	0	0	0	0	0	0	0	0	0	0	0	0	0	0	0	0	0	0	0	0	0	0	0	0	0	0	0	0	0	0	0	0	0	0	0	0	0	0	0	0	0	0	0	0	0	0	0	0	0	0	0	0	0	0	0	0	0	0	0	0	0	0	0	0	0	0	0	0	0	0	0
0	0	244	8	0	0	5	0	1	1	97	0	0	0	0	114	0	2	0	0	26	0	0	0	0	0	6	0	0	2	0	0	18	206	0	2	0	0	0	0	0	0	492	1	0	0	0	0	6	0	2	0	0	0	3	0	8	4	0	1	0	9	0	0	4	0	196	18	0	0	0	0	15	0	0
0	0	0	0	0	0	0	531	0	0	0	0	0	0	0	2	0	24	0	0	6	16	0	0	9	0	0	2	10	71	2	0	0	48	0	124	0	0	0	15	258	0	14	30	0	0	0	0	0	0	2	0	0	0	284	0	0	13	0	26	0	0	0	0	1	0	15	0	0	0	0	0	0	0	0
0	0	0	0	0	0	0	0	0	0	0	3	0	2	0	0	0	0	0	10	2	0	0	0	0	1	2	0	0	74	0	0	25	0	0	0	0	0	0	2	0	36	3	0	0	1	0	0	0	0	2	0	0	0	4	0	0	3	0	0	0	34	0	44	0	0	0	10	0	0	15	0	0	0	0
0	0	0	0	0	0	0	0	0	0	0	0	0	0	0	0	0	0	0	0	0	0	0	0	0	0	0	0	0	0	0	0	0	0	0	0	0	0	0	0	0	0	0	0	0	0	0	0	5	0	0	0	0	0	0	0	0	0	0	0	0	0	0	0	0	0	0	0	0	0	0	0	0	0	0
0	0	0	0	0	0	0	0	0	0	0	0	0	0	0	0	0	0	0	0	0	0	0	0	0	0	0	0	0	0	0	0	0	0	0	0	0	0	0	0	0	0	0	0	0	0	0	0	0	0	0	0	0	0	0	0	0	0	0	0	0	0	0	0	0	0	0	0	0	0	0	0	0	0	0
