0	0	0	0	0	0	0	0	0	0	0	0	0	0	0	0	0	0	0	0	0	0	0	0	0	0	0	0	0	0	0	0	0	0	0	0	0	0	0	0	0	0	0	0	0	0	0	0	0	0	0	0	0	0	0	0	0	0	0	0	0	0	0	0	0	0	0	0	0	0	0	0	0	0	0
0	0	0	0	0	0	0	0	0	0	0	0	0	0	0	0	0	0	0	0	0	0	0	0	0	0	0	0	0	0	0	0	0	0	0	0	0	0	0	0	0	0	0	0	0	0	0	0	0	0	0	0	0	0	0	4	0	0	0	0	0	0	0	0	0	0	0	0	0	0	0	0	0	0	0
0	0	0	0	0	1	0	12	0	0	2	0	0	0	1	153	0	0	0	0	0	0	7	0	2	0	0	0	17	0	0	0	0	2	0	0	0	0	0	0	0	0	166	1	0	0	1	15	0	0	0	0	2	0	0	0	0	0	0	0	0	0	0	0	0	2	3	0	0	0	0	0	0	0	0
0	0	0	0	2	0	0	2	0	0	68	0	0	0	70	32	0	0	0	0	0	0	1	0	3	0	0	0	1	0	20	0	0	4	0	0	0	0	0	0	0	0	194	0	0	2	0	0	100	0	0	0	34	16	0	0	4	0	0	0	0	0	0	0	0	0	26	0	0	0	0	0	0	0	0
0	0	0	2	0	7	0	0	0	0	0	0	0	0	0	0	0	0	0	8	0	0	0	0	0	0	0	0	0	0	0	16	0	0	0	0	0	0	5	0	0	0	3	18	0	0	0	0	0	16	0	0	0	0	0	0	0	0	0	1	0	0	0	17	0	0	1	0	0	0	0	0	1	0	0
0	0	1	0	7	0	0	0	0	0	0	0	1	0	0	23	5	12	0	5	0	0	0	0	0	0	0	3	0	0	59	0	0	5	0	0	0	0	0	2	0	0	133	24	0	0	0	233	0	0	3	0	0	0	5	1	0	0	0	0	0	1	0	0	0	0	1	0	0	0	0	0	1	0	0
0	0	0	0	0	0	0	0	0	0	0	0	0	0	0	0	0	0	0	0	0	0	0	0	0	0	0	0	0	0	0	0	0	0	0	0	0	0	0	0	0	0	0	0	0	0	0	0	0	0	0	0	0	0	0	0	0	0	0	0	0	0	0	0	0	0	0	0	0	0	0	0	0	0	0
0	0	12	2	0	0	0	0	2	0	3	0	2	0	0	0	0	15	71	0	0	0	0	0	39	0	0	1	100	0	0	0	1	0	0	0	0	0	52	2	0	0	1	12	0	0	0	11	0	0	0	0	25	0	38	0	0	2	0	2	0	1	0	0	0	370	0	0	0	0	0	0	0	0	0
0	0	0	0	0	0	0	2	0	0	0	0	0	0	0	1	2	0	0	12	0	0	0	0	0	0	0	0	0	0	0	0	0	0	0	0	0	0	0	0	0	0	0	0	0	0	0	0	0	12	0	1	0	0	0	0	0	0	0	0	0	0	1	0	0	1	0	0	0	0	0	0	0	0	0
0	0	0	0	0	0	0	0	0	0	0	0	0	0	0	0	0	0	0	0	0	0	0	0	0	0	0	0	0	0	0	0	0	0	0	0	0	0	0	0	0	0	0	0	0	0	0	1	0	0	0	0	0	0	0	0	0	0	0	1	0	0	0	1	0	0	0	0	0	0	0	0	0	0	0
0	0	2	68	0	0	0	3	0	0	0	0	0	1	0	132	0	0	0	0	0	0	3	0	5	0	0	0	1	0	0	0	0	2	0	0	0	0	0	0	0	0	245	0	0	4	0	0	0	0	0	0	0	0	0	1	0	0	0	0	0	0	0	0	0	6	0	0	0	0	0	0	0	0	0
0	0	0	0	0	0	0	0	0	0	0	0	0	0	0	0	0	0	0	63	0	0	0	0	0	0	0	0	0	0	0	0	0	0	0	0	0	0	0	0	0	0	0	0	2	0	0	0	0	63	0	0	0	0	0	0	0	0	0	0	0	0	0	0	0	0	0	0	0	0	0	0	0	0	0
0	0	0	0	0	1	0	2	0	0	0	0	0	2	0	4	0	0	0	0	0	0	0	0	1	0	0	0	8	0	0	0	0	0	0	0	0	0	0	0	0	0	38	1	0	0	1	34	0	0	0	0	0	0	0	0	0	0	0	0	0	0	0	0	0	1	0	0	0	0	0	0	0	0	0
0	0	0	0	0	0	0	0	0	0	1	0	2	0	0	135	1	0	0	9	0	0	0	0	0	0	0	0	0	0	0	0	0	0	0	0	0	0	1	0	0	0	56	0	137	1	0	0	0	7	0	2	1	0	0	0	0	2	0	0	0	0	0	2	0	0	0	0	0	0	0	0	1	0	0
0	0	1	70	0	0	0	0	0	0	0	0	0	0	0	14	0	0	0	0	0	0	0	0	0	0	0	0	0	0	0	0	0	0	0	0	0	0	0	0	0	0	198	0	0	2	0	0	0	0	0	0	0	0	0	0	0	0	0	0	0	0	0	0	0	0	0	0	0	0	0	0	0	0	0
0	0	153	32	0	23	0	0	1	0	132	0	4	135	14	0	18	1	0	170	0	0	3	0	0	0	0	0	0	0	0	0	136	40	6	0	2	0	0	0	0	0	227	0	0	204	0	0	0	6	0	0	0	0	0	125	0	56	0	0	0	1	15	1	0	0	85	0	0	0	0	0	1	0	0
0	0	0	0	0	5	0	0	2	0	0	0	0	1	0	18	0	1	0	9	0	0	0	0	0	0	0	0	0	0	9	0	2	2	0	0	0	0	0	0	0	0	2	0	0	4	2	0	0	6	0	19	0	0	0	37	0	0	0	0	0	1	41	0	0	2	0	0	0	0	0	0	1	0	0
0	0	0	0	0	12	0	15	0	0	0	0	0	0	0	1	1	0	1	0	0	0	0	0	1	0	0	9	50	0	26	1	0	4	0	0	0	0	8	0	0	0	33	0	0	0	3	44	0	0	2	1	0	0	33	0	0	0	0	0	0	1	0	0	0	10	1	0	0	0	0	0	0	0	0
0	0	0	0	0	0	0	71	0	0	0	0	0	0	0	0	0	1	0	0	0	0	0	0	33	0	0	0	89	0	2	0	0	0	0	0	0	0	0	9	0	0	0	3	0	0	0	3	0	0	0	0	0	0	0	0	0	0	0	1	0	0	0	0	0	192	0	0	0	0	0	0	0	0	0
0	0	0	0	8	5	0	0	12	0	0	63	0	9	0	170	9	0	0	0	0	0	0	0	0	0	0	2	0	0	0	2	2	3	0	0	16	0	0	0	0	0	45	13	59	5	2	0	0	7	0	0	0	0	0	6	0	4	0	0	0	15	15	32	12	0	1	0	0	0	0	0	18	0	0
0	0	0	0	0	0	0	0	0	0	0	0	0	0	0	0	0	0	0	0	0	0	0	0	0	0	0	0	0	0	0	0	0	0	0	0	0	0	0	0	0	0	0	0	0	0	0	0	0	0	0	0	0	0	0	0	0	0	0	0	0	0	0	0	0	0	0	0	0	0	0	0	0	0	0
0	0	0	0	0	0	0	0	0	0	0	0	0	0	0	0	0	0	0	0	0	0	0	0	0	0	0	0	0	0	1	0	0	0	0	0	0	0	0	0	0	0	0	0	0	0	0	0	0	0	0	0	0	14	0	0	0	0	0	0	0	0	0	0	0	0	0	0	0	0	0	0	0	0	0
0	0	7	1	0	0	0	0	0	0	3	0	0	0	0	3	0	0	0	0	0	0	0	0	0	0	0	0	0	0	0	0	0	0	0	0	0	0	0	0	0	0	0	0	0	0	0	1	0	0	1	0	0	0	0	0	0	0	0	0	0	0	0	0	0	0	3	0	0	0	0	0	0	0	0
0	0	0	0	0	0	0	0	0	0	0	0	0	0	0	0	0	0	0	0	0	0	0	0	0	0	0	0	0	0	0	0	0	0	0	0	0	0	0	0	0	0	0	0	2	0	0	0	0	2	0	0	0	0	0	0	0	0	0	0	0	0	0	0	0	0	0	0	0	0	0	0	0	0	0
0	0	2	3	0	0	0	39	0	0	5	0	1	0	0	0	0	1	33	0	0	0	0	0	0	0	0	1	2	0	1	0	0	0	0	0	0	0	16	0	0	0	0	0	0	0	0	0	1	0	0	0	4	0	0	0	0	0	0	1	0	0	0	0	0	28	0	0	0	2	0	0	0	0	0
0	0	0	0	0	0	0	0	0	0	0	0	0	0	0	0	0	0	0	0	0	0	0	0	0	0	0	0	0	0	0	0	0	0	0	0	0	0	0	0	0	0	0	0	0	0	0	0	0	0	0	0	0	0	0	0	0	0	0	0	0	0	0	0	0	0	0	0	0	0	0	0	0	0	0
0	0	0	0	0	0	0	0	0	0	0	0	0	0	0	0	0	0	0	0	0	0	0	0	0	0	0	0	0	0	0	0	0	0	0	0	0	0	0	0	0	0	0	0	0	0	0	0	0	0	0	0	0	0	0	0	0	0	0	0	0	0	0	0	0	0	0	0	0	0	422	616	0	0	0
0	0	0	0	0	3	0	1	0	0	0	0	0	0	0	0	0	9	0	2	0	0	0	0	1	0	0	0	95	0	12	0	0	0	0	0	0	0	1	0	0	0	2	0	0	0	2	6	0	1	0	1	0	0	29	0	0	0	0	0	0	0	0	0	0	12	0	0	0	0	0	0	0	0	0
0	0	17	1	0	0	0	100	0	0	1	0	8	0	0	0	0	50	89	0	0	0	0	0	2	0	0	95	0	0	1	0	0	0	0	0	0	0	83	0	0	0	1	0	0	0	0	0	7	0	0	0	9	0	0	0	0	0	0	0	0	0	0	0	0	48	0	0	0	3	0	0	0	0	0
0	0	0	0	0	0	0	0	0	0	0	0	0	0	0	0	0	0	0	0	0	0	0	0	0	0	0	0	0	0	0	0	0	0	0	0	0	0	0	0	0	0	0	0	0	0	0	0	0	0	0	0	0	0	0	0	0	0	0	0	0	0	0	0	0	0	0	0	0	0	0	0	0	0	0
0	0	0	20	0	59	0	0	0	0	0	0	0	0	0	0	9	26	2	0	0	1	0	0	1	0	0	12	1	0	0	0	0	0	0	0	0	0	0	1	0	0	2	0	0	1	4	7	4	0	0	2	2	3	0	1	0	0	0	1	0	0	1	0	0	0	0	0	0	0	0	0	2	0	0
0	0	0	0	16	0	0	0	0	0	0	0	0	0	0	0	0	1	0	2	0	0	0	0	0	0	0	0	0	0	0	0	0	0	0	0	0	0	0	13	0	0	0	44	0	0	0	195	0	2	0	0	0	0	1	0	0	0	0	1	0	0	0	0	0	0	0	0	0	0	0	0	0	0	0
0	0	0	0	0	0	0	1	0	0	0	0	0	0	0	136	2	0	0	2	0	0	0	0	0	0	0	0	0	0	0	0	0	0	4	0	0	0	0	0	0	0	186	0	0	2	0	0	0	1	0	0	0	0	0	2	0	0	0	0	0	0	6	0	0	1	0	0	0	0	0	0	1	0	0
0	0	2	4	0	5	0	0	0	0	2	0	0	0	0	40	2	4	0	3	0	0	0	0	0	0	0	0	0	0	0	0	0	0	0	0	0	0	0	0	0	0	67	0	0	2	1	2	0	0	0	0	0	0	1	0	0	0	0	0	0	0	0	0	0	0	2	0	0	0	0	0	0	0	0
0	0	0	0	0	0	0	0	0	0	0	0	0	0	0	6	0	0	0	0	0	0	0	0	0	0	0	0	0	0	0	0	4	0	0	0	0	0	0	0	0	0	0	0	0	0	0	0	0	0	0	0	0	0	0	5	0	3	0	0	0	0	3	0	0	0	0	0	0	0	0	0	0	0	0
0	0	0	0	0	0	0	0	0	0	0	0	0	0	0	0	0	0	0	0	0	0	0	0	0	0	0	0	0	0	0	0	0	0	0	0	0	0	0	0	0	0	0	0	0	0	0	0	0	0	0	0	0	0	0	0	0	0	0	0	0	0	0	0	0	0	0	0	0	0	0	0	0	0	0
0	0	0	0	0	0	0	0	0	0	0	0	0	0	0	2	0	0	0	16	0	0	0	0	0	0	0	0	0	0	0	0	0	0	0	0	0	0	0	33	0	0	5	4	0	2	0	0	0	16	0	0	0	0	0	0	0	0	0	0	0	0	0	0	1	0	0	0	0	0	0	0	0	0	0
0	0	0	0	0	0	0	0	0	0	0	0	0	0	0	0	0	0	0	0	0	0	0	0	0	0	0	0	0	0	0	0	0	0	0	0	0	0	0	0	0	0	0	0	0	0	0	0	0	0	0	0	0	0	0	0	0	0	0	0	0	0	0	0	0	0	0	0	0	0	0	0	0	0	0
0	0	0	0	5	0	0	52	0	0	0	0	0	1	0	0	0	8	0	0	0	0	0	0	16	0	0	1	83	0	0	0	0	0	0	0	0	0	0	9	0	0	1	36	0	0	0	168	0	0	0	0	0	0	44	0	0	0	0	0	0	0	0	0	0	211	0	0	0	0	0	0	0	0	0
0	0	0	0	0	2	0	2	0	0	0	0	0	0	0	0	0	0	9	0	0	0	0	0	0	0	0	0	0	0	1	13	0	0	0	0	33	0	9	0	0	0	32	14	0	0	0	5	0	0	0	0	0	0	0	0	0	0	0	4	0	6	0	20	0	0	22	0	0	0	0	0	1	0	0
0	0	0	0	0	0	0	0	0	0	0	0	0	0	0	0	0	0	0	0	0	0	0	0	0	0	0	0	0	0	0	0	0	0	0	0	0	0	0	0	0	0	0	0	0	0	0	0	0	0	0	0	0	0	0	0	0	0	0	0	0	0	0	0	0	0	0	0	0	0	0	0	0	0	0
0	0	0	0	0	0	0	0	0	0	0	0	0	0	0	0	0	0	0	0	0	0	0	0	0	0	0	0	0	0	0	0	0	0	0	0	0	0	0	0	0	0	0	0	0	0	0	0	0	0	0	0	0	0	0	0	0	0	0	0	0	0	0	0	0	0	0	0	0	0	0	0	0	0	0
0	0	166	194	3	133	0	1	0	0	245	0	38	56	198	227	2	33	0	45	0	0	0	0	0	0	0	2	1	0	2	0	186	67	0	0	5	0	1	32	0	0	0	3	0	43	0	21	82	9	5	4	0	0	1	55	10	1	0	0	0	0	0	1	0	2	161	0	0	0	0	0	15	0	0
0	0	1	0	18	24	0	12	0	0	0	0	1	0	0	0	0	0	3	13	0	0	0	0	0	0	0	0	0	0	0	44	0	0	0	0	4	0	36	14	0	0	3	0	0	0	1	167	0	14	3	0	1	0	22	1	0	0	0	12	0	3	0	15	0	85	0	0	0	0	0	0	2	0	0
0	0	0	0	0	0	0	0	0	0	0	2	0	137	0	0	0	0	0	59	0	0	0	2	0	0	0	0	0	0	0	0	0	0	0	0	0	0	0	0	0	0	0	0	0	0	0	0	0	61	0	0	0	0	0	0	0	0	0	0	0	0	0	0	0	0	0	0	0	0	0	0	0	0	0
0	0	0	2	0	0	0	0	0	0	4	0	0	1	2	204	4	0	0	5	0	0	0	0	0	0	0	0	0	0	1	0	2	2	0	0	2	0	0	0	0	0	43	0	0	0	0	0	0	0	0	354	0	0	0	3	0	6	0	1	0	0	30	0	0	0	0	0	0	0	0	0	0	0	0
0	0	1	0	0	0	0	0	0	0	0	0	1	0	0	0	2	3	0	2	0	0	0	0	0	0	0	2	0	0	4	0	0	1	0	0	0	0	0	0	0	0	0	1	0	0	0	2	0	0	3	0	0	0	0	0	0	0	0	0	0	1	0	0	0	0	1	0	0	0	0	0	1	0	0
0	0	15	0	0	233	0	11	0	1	0	0	34	0	0	0	0	44	3	0	0	0	1	0	0	0	0	6	0	0	7	195	0	2	0	0	0	0	168	5	0	0	21	167	0	0	2	0	1	0	212	0	1	0	1	1	0	1	0	1	0	7	1	0	0	4	31	0	0	0	0	0	51	0	0
0	0	0	100	0	0	0	0	0	0	0	0	0	0	0	0	0	0	0	0	0	0	0	0	1	0	0	0	7	0	4	0	0	0	0	0	0	0	0	0	0	0	82	0	0	0	0	1	0	0	0	1	0	0	1	0	0	0	0	0	0	0	0	0	0	0	0	0	0	0	0	0	0	0	0
0	0	0	0	16	0	0	0	12	0	0	63	0	7	0	6	6	0	0	7	0	0	0	2	0	0	0	1	0	0	0	2	1	0	0	0	16	0	0	0	0	0	9	14	61	0	0	0	0	0	0	0	0	0	0	0	0	4	0	0	0	15	10	32	12	0	1	0	0	0	0	0	18	0	0
0	0	0	0	0	3	0	0	0	0	0	0	0	0	0	0	0	2	0	0	0	0	1	0	0	0	0	0	0	0	0	0	0	0	0	0	0	0	0	0	0	0	5	3	0	0	3	212	0	0	0	0	0	0	8	1	0	0	0	0	0	0	0	0	0	0	0	0	0	0	0	0	0	0	0
0	0	0	0	0	0	0	0	1	0	0	0	0	2	0	0	19	1	0	0	0	0	0	0	0	0	0	1	0	0	2	0	0	0	0	0	0	0	0	0	0	0	4	0	0	354	0	0	1	0	0	0	1	0	0	16	0	269	0	1	0	9	38	0	0	0	0	0	0	0	0	0	2	0	0
0	0	2	34	0	0	0	25	0	0	0	0	0	1	0	0	0	0	0	0	0	0	0	0	4	0	0	0	9	0	2	0	0	0	0	0	0	0	0	0	0	0	0	1	0	0	0	1	0	0	0	1	0	0	0	1	0	0	0	0	0	0	0	0	0	11	0	0	0	0	0	0	0	0	0
0	0	0	16	0	0	0	0	0	0	0	0	0	0	0	0	0	0	0	0	0	14	0	0	0	0	0	0	0	0	3	0	0	0	0	0	0	0	0	0	0	0	0	0	0	0	0	0	0	0	0	0	0	0	0	0	0	0	0	0	0	0	1	0	0	0	0	0	0	0	0	0	0	0	0
0	0	0	0	0	5	0	38	0	0	0	0	0	0	0	0	0	33	0	0	0	0	0	0	0	0	0	29	0	0	0	1	0	1	0	0	0	0	44	0	0	0	1	22	0	0	0	1	1	0	8	0	0	0	0	0	0	0	0	1	0	3	0	0	0	22	8	0	0	0	0	0	0	0	0
0	4	0	0	0	1	0	0	0	0	1	0	0	0	0	125	37	0	0	6	0	0	0	0	0	0	0	0	0	0	1	0	2	0	5	0	0	0	0	0	0	0	55	1	0	3	0	1	0	0	1	16	1	0	0	0	0	2	0	1	0	0	39	0	0	0	0	0	0	0	0	0	0	0	0
0	0	0	4	0	0	0	0	0	0	0	0	0	0	0	0	0	0	0	0	0	0	0	0	0	0	0	0	0	0	0	0	0	0	0	0	0	0	0	0	0	0	10	0	0	0	0	0	0	0	0	0	0	0	0	0	0	0	0	0	0	0	0	0	0	1	0	0	0	0	0	0	0	0	0
0	0	0	0	0	0	0	2	0	0	0	0	0	2	0	56	0	0	0	4	0	0	0	0	0	0	0	0	0	0	0	0	0	0	3	0	0	0	0	0	0	0	1	0	0	6	0	1	0	4	0	269	0	0	0	2	0	0	0	0	0	0	18	0	0	0	0	0	0	0	0	0	2	0	0
0	0	0	0	0	0	0	0	0	0	0	0	0	0	0	0	0	0	0	0	0	0	0	0	0	0	0	0	0	0	0	0	0	0	0	0	0	0	0	0	0	0	0	0	0	0	0	0	0	0	0	0	0	0	0	0	0	0	0	0	0	0	0	0	0	0	0	0	0	0	0	0	0	0	0
0	0	0	0	1	0	0	2	0	1	0	0	0	0	0	0	0	0	1	0	0	0	0	0	1	0	0	0	0	0	1	1	0	0	0	0	0	0	0	4	0	0	0	12	0	1	0	1	0	0	0	1	0	0	1	1	0	0	0	0	0	0	0	1	0	97	0	0	0	0	0	0	0	0	0
0	0	0	0	0	0	0	0	0	0	0	0	0	0	0	0	0	0	0	0	0	0	0	0	0	0	0	0	0	0	0	0	0	0	0	0	0	0	0	0	0	0	0	0	0	0	0	0	0	0	0	0	0	0	0	0	0	0	0	0	0	0	0	0	0	0	0	0	0	0	0	0	0	0	0
0	0	0	0	0	1	0	1	0	0	0	0	0	0	0	1	1	1	0	15	0	0	0	0	0	0	0	0	0	0	0	0	0	0	0	0	0	0	0	6	0	0	0	3	0	0	1	7	0	15	0	9	0	0	3	0	0	0	0	0	0	0	1	0	0	3	0	0	0	0	0	0	0	0	0
0	0	0	0	0	0	0	0	1	0	0	0	0	0	0	15	41	0	0	15	0	0	0	0	0	0	0	0	0	0	1	0	6	0	3	0	0	0	0	0	0	0	0	0	0	30	0	1	0	10	0	38	0	1	0	39	0	18	0	0	0	1	0	0	0	0	0	0	0	1	0	0	0	0	0
0	0	0	0	17	0	0	0	0	1	0	0	0	2	0	1	0	0	0	32	0	0	0	0	0	0	0	0	0	0	0	0	0	0	0	0	0	0	0	20	0	0	1	15	0	0	0	0	0	32	0	0	0	0	0	0	0	0	0	1	0	0	0	0	0	0	0	0	0	0	0	0	0	0	0
0	0	0	0	0	0	0	0	0	0	0	0	0	0	0	0	0	0	0	12	0	0	0	0	0	0	0	0	0	0	0	0	0	0	0	0	1	0	0	0	0	0	0	0	0	0	0	0	0	12	0	0	0	0	0	0	0	0	0	0	0	0	0	0	0	0	0	0	0	0	0	0	0	0	0
0	0	2	0	0	0	0	370	1	0	6	0	1	0	0	0	2	10	192	0	0	0	0	0	28	0	0	12	48	0	0	0	1	0	0	0	0	0	211	0	0	0	2	85	0	0	0	4	0	0	0	0	11	0	22	0	1	0	0	97	0	3	0	0	0	0	0	0	0	0	0	0	6	0	0
0	0	3	26	1	1	0	0	0	0	0	0	0	0	0	85	0	1	0	1	0	0	3	0	0	0	0	0	0	0	0	0	0	2	0	0	0	0	0	22	0	0	161	0	0	0	1	31	0	1	0	0	0	0	8	0	0	0	0	0	0	0	0	0	0	0	0	0	0	0	0	0	0	0	0
0	0	0	0	0	0	0	0	0	0	0	0	0	0	0	0	0	0	0	0	0	0	0	0	0	0	0	0	0	0	0	0	0	0	0	0	0	0	0	0	0	0	0	0	0	0	0	0	0	0	0	0	0	0	0	0	0	0	0	0	0	0	0	0	0	0	0	0	0	0	0	0	0	0	0
0	0	0	0	0	0	0	0	0	0	0	0	0	0	0	0	0	0	0	0	0	0	0	0	0	0	0	0	0	0	0	0	0	0	0	0	0	0	0	0	0	0	0	0	0	0	0	0	0	0	0	0	0	0	0	0	0	0	0	0	0	0	0	0	0	0	0	0	0	0	0	0	0	0	0
0	0	0	0	0	0	0	0	0	0	0	0	0	0	0	0	0	0	0	0	0	0	0	0	2	0	0	0	3	0	0	0	0	0	0	0	0	0	0	0	0	0	0	0	0	0	0	0	0	0	0	0	0	0	0	0	0	0	0	0	0	0	1	0	0	0	0	0	0	0	0	0	0	0	0
0	0	0	0	0	0	0	0	0	0	0	0	0	0	0	0	0	0	0	0	0	0	0	0	0	0	422	0	0	0	0	0	0	0	0	0	0	0	0	0	0	0	0	0	0	0	0	0	0	0	0	0	0	0	0	0	0	0	0	0	0	0	0	0	0	0	0	0	0	0	0	1	0	0	0
0	0	0	0	0	0	0	0	0	0	0	0	0	0	0	0	0	0	0	0	0	0	0	0	0	0	616	0	0	0	0	0	0	0	0	0	0	0	0	0	0	0	0	0	0	0	0	0	0	0	0	0	0	0	0	0	0	0	0	0	0	0	0	0	0	0	0	0	0	0	1	0	0	0	0
0	0	0	0	1	1	0	0	0	0	0	0	0	1	0	1	1	0	0	18	0	0	0	0	0	0	0	0	0	0	2	0	1	0	0	0	0	0	0	1	0	0	15	2	0	0	1	51	0	18	0	2	0	0	0	0	0	2	0	0	0	0	0	0	0	6	0	0	0	0	0	0	0	0	0
0	0	0	0	0	0	0	0	0	0	0	0	0	0	0	0	0	0	0	0	0	0	0	0	0	0	0	0	0	0	0	0	0	0	0	0	0	0	0	0	0	0	0	0	0	0	0	0	0	0	0	0	0	0	0	0	0	0	0	0	0	0	0	0	0	0	0	0	0	0	0	0	0	0	0
0	0	0	0	0	0	0	0	0	0	0	0	0	0	0	0	0	0	0	0	0	0	0	0	0	0	0	0	0	0	0	0	0	0	0	0	0	0	0	0	0	0	0	0	0	0	0	0	0	0	0	0	0	0	0	0	0	0	0	0	0	0	0	0	0	0	0	0	0	0	0	0	0	0	0
