0	0	0	0	0	0	0	0	0	0	0	0	0	0	0	0	0	0	0	0	0	0	0	0	0	0	0	0	0	0	0	0	0	0	0	0	0	0	0	0	0	0	0	0	0	0	0	0	0	0	0	0	0	0	0	0	0	0	0	0	0	0	0	0	0	0	0	0	0	0	0	0	0	0	0
0	0	367	141	0	0	6	0	0	0	251	0	0	0	0	0	4	165	0	0	4	1112	0	0	10	0	0	115	433	0	8	8	0	0	0	0	0	0	78	0	119	0	16	15	0	0	0	0	138	0	24	0	367	2	43	0	1618	0	0	34	0	0	0	0	0	19	52	9	0	0	4	18	0	4	2
0	367	0	0	0	0	0	0	0	0	5	1	0	0	0	0	0	9	0	0	10	115	0	0	1	0	0	2	6	0	0	2	0	0	0	0	0	0	4	0	1	0	79	5	0	0	0	0	2	1	17	0	150	27	4	0	10	5	0	0	0	0	0	1	0	22	188	1	0	0	134	2	0	1	0
0	141	0	0	0	0	305	0	0	0	418	0	0	2	0	165	0	9	0	0	0	145	0	0	4	1	0	2	16	2	147	0	0	52	0	0	0	0	2	0	43	0	282	1	0	83	0	0	77	0	0	0	243	15	2	0	68	0	0	0	0	0	0	0	0	5	1	1	0	0	68	2	0	1	353
0	0	0	0	0	0	0	0	0	0	0	0	0	3	0	0	1	0	0	0	2	0	0	0	0	0	0	0	0	0	0	3	4	0	0	0	0	0	2	2	0	4	2	3	0	0	0	0	0	0	3	0	0	0	0	0	0	2	0	0	0	0	0	3	8	0	0	8	0	2	0	3	0	0	1
0	0	0	0	0	0	0	0	0	0	0	0	0	0	0	0	0	0	0	0	0	0	0	0	0	0	0	0	0	0	0	0	0	0	0	0	0	0	0	0	0	0	0	0	0	0	0	0	0	0	0	0	0	0	0	0	0	0	0	0	0	0	0	0	0	0	0	5	0	0	0	0	0	0	0
0	6	0	305	0	0	0	0	0	0	63	0	0	15	0	90	0	2	0	0	0	18	0	0	5	1	0	0	6	13	50	0	0	54	0	0	0	0	0	0	26	0	26	0	0	61	0	0	4	16	0	0	12	4	0	0	1	0	0	0	0	0	0	0	0	3	5	0	0	0	49	0	0	0	27
0	0	0	0	0	0	0	0	0	0	0	0	0	0	0	0	0	0	0	0	0	0	0	0	0	0	0	0	0	0	0	0	0	0	0	0	0	0	0	0	0	0	0	0	0	0	0	0	0	0	0	0	0	0	0	0	0	0	0	0	0	0	0	0	0	0	0	0	0	0	0	0	0	0	0
0	0	0	0	0	0	0	0	0	0	0	0	0	0	0	0	0	0	0	0	6	0	0	0	0	0	0	0	0	0	0	0	0	0	0	0	0	0	0	0	0	0	0	0	0	0	0	0	0	0	1	0	0	0	0	0	0	0	0	0	0	0	0	0	0	0	1	20	0	0	0	0	0	0	0
0	0	0	0	0	0	0	0	0	0	0	0	0	0	0	0	0	0	0	0	0	0	0	0	0	0	0	0	0	0	0	0	0	0	0	0	0	0	0	0	0	0	0	0	0	0	0	0	0	0	0	0	0	0	0	0	0	0	0	0	0	0	0	0	0	0	0	0	0	0	0	0	0	0	0
0	251	5	418	0	0	63	0	0	0	0	0	0	13	0	186	0	24	0	3	0	23	0	0	243	0	0	10	206	0	0	0	0	0	0	0	0	0	8	0	269	0	153	0	0	0	0	0	88	0	4	0	11	0	22	0	6	19	0	0	0	0	0	0	0	154	145	0	0	0	3	0	0	0	0
0	0	1	0	0	0	0	0	0	0	0	0	0	0	0	0	0	0	0	0	0	0	0	0	0	0	0	0	0	0	0	0	0	0	0	0	0	0	9	0	0	0	0	0	0	0	0	0	0	0	0	0	0	0	0	5	0	0	0	0	0	0	0	0	0	0	0	9	0	0	0	10	0	0	0
0	0	0	0	0	0	0	0	0	0	0	0	0	0	0	0	0	0	0	0	0	0	0	0	0	0	0	0	0	0	0	0	0	0	0	0	0	0	0	0	0	0	0	0	0	0	0	0	0	0	0	0	0	0	0	0	0	0	0	0	0	0	0	0	0	0	0	0	0	0	0	0	0	0	0
0	0	0	2	3	0	15	0	0	0	13	0	0	0	0	27	19	0	0	3	3	0	0	0	0	4	4	0	0	9	0	1	11	2	0	0	0	0	0	0	4	0	4	0	314	42	0	0	0	0	0	7	0	0	9	1	0	36	0	0	0	0	0	0	4	0	0	68	0	1	2	0	0	9	2
0	0	0	0	0	0	0	0	0	0	0	0	0	0	0	0	0	0	0	0	0	0	0	0	0	0	0	0	0	0	0	0	0	0	0	0	0	0	0	0	0	0	0	0	0	0	0	0	0	0	0	0	0	0	0	0	0	0	0	0	0	0	0	0	0	0	0	0	0	0	0	0	0	0	0
0	0	0	165	0	0	90	0	0	0	186	0	0	27	0	0	218	0	0	38	7	0	0	0	2	0	1	0	0	106	1	0	43	127	1	0	0	0	0	0	15	0	229	1	0	175	0	0	13	1	1	7	0	0	2	132	0	44	0	0	0	0	0	0	4	0	9	8	0	0	140	0	0	4	0
0	4	0	0	1	0	0	0	0	0	0	0	0	19	0	218	0	0	0	27	30	0	0	0	6	0	107	1	1	0	0	0	0	0	2	0	0	0	0	0	512	0	18	11	0	0	0	0	0	0	110	0	0	0	11	12	0	7	0	0	0	0	0	61	4	4	0	563	0	34	0	0	2	0	0
0	165	9	9	0	0	2	0	0	0	24	0	0	0	0	0	0	0	0	0	144	364	0	0	179	0	0	306	519	0	135	0	4	1	0	0	0	0	347	2	776	0	6	181	0	0	0	0	0	0	791	0	10	64	308	0	6	0	0	0	0	0	0	1	0	202	109	4	0	1	0	2	1	1	0
0	0	0	0	0	0	0	0	0	0	0	0	0	0	0	0	0	0	0	0	0	0	0	0	0	0	0	0	0	0	0	0	0	0	0	0	0	0	0	0	0	0	0	0	0	0	0	0	0	0	0	0	0	0	0	0	0	0	0	0	0	0	0	0	0	0	0	0	0	0	0	0	0	0	0
0	0	0	0	0	0	0	0	0	0	3	0	0	3	0	38	27	0	0	0	0	0	0	0	0	0	0	0	0	27	0	0	0	8	0	0	0	0	0	0	419	0	1	0	0	32	0	0	0	26	0	0	0	0	2	6	0	0	0	0	0	0	0	0	10	1	0	0	0	0	10	0	0	0	0
0	4	10	0	2	0	0	0	6	0	0	0	0	3	0	7	30	144	0	0	0	3	0	0	27	0	2	144	2	0	44	0	0	0	2	0	0	0	6	0	524	0	6	179	0	0	0	0	0	0	1602	0	5	11	32	0	0	0	0	0	0	0	0	0	3	4	10	3	0	27	0	0	1	0	0
0	1112	115	145	0	0	18	0	0	0	23	0	0	0	0	0	0	364	0	0	3	0	0	0	214	0	0	142	659	0	288	1	0	0	0	0	0	0	56	0	473	0	1	13	0	0	0	0	70	0	465	0	244	81	51	0	112	0	0	1	0	0	0	0	1	59	21	1	0	0	0	1	2	0	11
0	0	0	0	0	0	0	0	0	0	0	0	0	0	0	0	0	0	0	0	0	0	0	0	0	0	0	0	0	0	0	0	0	0	0	0	0	0	0	0	0	0	0	0	0	0	0	0	0	0	0	0	0	0	0	0	0	0	0	0	0	0	0	0	0	0	0	0	0	0	0	0	0	0	0
0	0	0	0	0	0	0	0	0	0	0	0	0	0	0	0	0	0	0	0	0	0	0	0	0	0	0	0	0	0	0	0	0	0	0	0	0	0	0	0	0	0	0	0	0	0	0	0	0	0	0	0	0	0	0	0	0	0	0	0	0	0	0	0	0	0	0	0	0	0	0	0	0	0	0
0	10	1	4	0	0	5	0	0	0	243	0	0	0	0	2	6	179	0	0	27	214	0	0	0	0	0	97	759	0	357	22	3	40	0	0	0	0	525	9	257	0	18	24	0	0	0	0	0	0	160	1	147	35	654	2	9	0	0	2	0	0	0	0	1	857	2	56	0	0	3	98	6	1	4
0	0	0	1	0	0	1	0	0	0	0	0	0	4	0	0	0	0	0	0	0	0	0	0	0	0	9	1	0	0	0	0	0	0	0	0	0	0	0	0	26	0	0	18	0	0	0	0	0	0	20	0	0	0	0	0	0	0	0	0	0	0	0	2	1	0	0	4	0	7	2	0	0	0	0
0	0	0	0	0	0	0	0	0	0	0	0	0	4	0	1	107	0	0	0	2	0	0	0	0	9	0	0	0	0	0	0	15	1	0	0	0	0	0	0	14	64	30	2	0	0	0	0	0	7	2	0	0	0	5	1	0	5	0	3	0	0	0	204	159	2	11	289	0	198	0	23	0	98	0
0	115	2	2	0	0	0	0	0	0	10	0	0	0	0	0	1	306	0	0	144	142	0	0	97	1	0	0	497	0	247	0	3	72	0	0	0	0	293	1	675	0	7	106	0	0	0	0	4	0	432	0	33	7	222	0	42	0	0	0	0	0	0	2	1	151	0	2	0	2	4	3	0	0	0
0	433	6	16	0	0	6	0	0	0	206	0	0	0	0	0	1	519	0	0	2	659	0	0	759	0	0	497	0	0	143	60	13	93	0	0	0	0	358	10	335	0	33	10	0	0	0	0	1	1	17	0	359	62	413	0	29	0	0	1	0	0	0	0	3	760	0	0	0	0	8	15	0	3	12
0	0	0	2	0	0	13	0	0	0	0	0	0	9	0	106	0	0	0	27	0	0	0	0	0	0	0	0	0	0	0	0	0	0	31	0	0	0	0	0	0	0	140	2	0	0	0	0	0	0	0	0	0	0	0	33	0	72	0	0	0	0	0	0	0	0	15	0	0	0	0	0	0	0	0
0	8	0	147	0	0	50	0	0	0	0	0	0	0	0	1	0	135	0	0	44	288	0	0	357	0	0	247	143	0	0	0	0	0	0	0	0	0	0	0	729	0	3	4	0	0	0	0	15	0	394	0	21	22	18	0	1	0	0	0	0	0	0	1	0	8	0	1	0	0	0	0	1	0	0
0	8	2	0	3	0	0	0	0	0	0	0	0	1	0	0	0	0	0	0	0	1	0	0	22	0	0	0	60	0	0	0	0	0	0	0	0	0	3	0	1	0	0	179	0	0	0	0	0	0	176	0	0	0	1	0	1	0	0	0	0	0	0	0	0	34	0	0	0	0	0	0	0	0	0
0	0	0	0	4	0	0	0	0	0	0	0	0	11	0	43	0	4	0	0	0	0	0	0	3	0	15	3	13	0	0	0	0	0	100	0	0	0	0	0	3	0	89	5	0	0	0	0	0	0	12	0	2	0	1	10	0	67	0	0	0	0	0	11	114	3	0	159	0	22	0	0	0	0	0
0	0	0	52	0	0	54	0	0	0	0	0	0	2	0	127	0	1	0	8	0	0	0	0	40	0	1	72	93	0	0	0	0	0	0	0	0	0	105	0	301	0	139	93	0	0	0	0	18	0	111	0	2	1	11	0	1	0	0	0	0	0	0	0	0	119	57	0	0	1	3	0	0	0	0
0	0	0	0	0	0	0	0	0	0	0	0	0	0	0	1	2	0	0	0	2	0	0	0	0	0	0	0	0	31	0	0	100	0	0	0	0	0	0	0	0	0	0	0	0	1	0	0	0	0	0	0	1	0	0	165	0	75	0	0	0	0	0	0	1	0	0	2	0	0	1	0	0	1	0
0	0	0	0	0	0	0	0	0	0	0	0	0	0	0	0	0	0	0	0	0	0	0	0	0	0	0	0	0	0	0	0	0	0	0	0	0	0	0	0	0	0	0	0	0	0	0	0	0	0	0	0	0	0	0	0	0	0	0	0	0	0	0	0	0	0	0	0	0	0	0	0	0	0	0
0	0	0	0	0	0	0	0	0	0	0	0	0	0	0	0	0	0	0	0	0	0	0	0	0	0	0	0	0	0	0	0	0	0	0	0	0	0	0	0	0	0	0	0	0	0	0	0	0	0	0	0	0	0	0	0	0	0	0	0	0	0	0	0	1	0	0	1	0	0	0	0	0	0	0
0	0	0	0	0	0	0	0	0	0	0	0	0	0	0	0	0	0	0	0	0	0	0	0	0	0	0	0	0	0	0	0	0	0	0	0	0	0	0	0	0	0	0	0	0	0	0	0	0	0	0	0	0	0	0	0	0	0	0	0	0	0	0	0	0	0	0	0	0	0	0	0	0	0	0
0	78	4	2	2	0	0	0	0	0	8	9	0	0	0	0	0	347	0	0	6	56	0	0	525	0	0	293	358	0	0	3	0	105	0	0	0	0	0	1	316	0	22	947	0	0	0	0	0	0	959	0	24	7	357	0	16	1	0	0	0	0	0	2	0	594	96	1	0	1	0	5	2	2	0
0	0	0	0	2	0	0	0	0	0	0	0	0	0	0	0	0	2	0	0	0	0	0	0	9	0	0	1	10	0	0	0	0	0	0	0	0	0	1	0	67	0	0	315	0	0	0	0	0	0	115	0	3	0	4	0	0	0	0	0	0	0	0	190	0	11	0	0	0	188	0	0	0	0	0
0	119	1	43	0	0	26	0	0	0	269	0	0	4	0	15	512	776	0	419	524	473	0	0	257	26	14	675	335	0	729	1	3	301	0	0	0	0	316	67	0	0	94	206	0	163	0	0	24	2	1281	18	76	4	217	8	31	1	0	43	0	0	0	2	1	332	0	34	0	11	11	29	0	18	483
0	0	0	0	4	0	0	0	0	0	0	0	0	0	0	0	0	0	0	0	0	0	0	0	0	0	64	0	0	0	0	0	0	0	0	0	0	0	0	0	0	0	0	128	0	0	0	0	0	0	118	0	0	0	0	0	0	1	0	0	0	0	0	170	1	0	0	6	0	120	0	0	0	0	0
0	16	79	282	2	0	26	0	0	0	153	0	0	4	0	229	18	6	0	1	6	1	0	0	18	0	30	7	33	140	3	0	89	139	0	0	0	0	22	0	94	0	0	44	0	97	0	0	8	0	53	0	2	6	4	4	28	6	0	0	0	0	0	0	9	22	146	32	0	11	124	2	0	3	49
0	15	5	1	3	0	0	0	0	0	0	0	0	0	0	1	11	181	0	0	179	13	0	0	24	18	2	106	10	2	4	179	5	93	0	0	0	0	947	315	206	128	44	0	0	2	0	0	0	62	2035	0	4	0	1092	2	7	1	0	72	0	0	0	302	4	263	5	5	0	2	17	126	15	81	2
0	0	0	0	0	0	0	0	0	0	0	0	0	314	0	0	0	0	0	0	0	0	0	0	0	0	0	0	0	0	0	0	0	0	0	0	0	0	0	0	0	0	0	0	0	0	0	0	0	0	0	0	0	0	0	0	0	0	0	0	0	0	0	0	0	0	0	0	0	1	0	0	0	0	0
0	0	0	83	0	0	61	0	0	0	0	0	0	42	0	175	0	0	0	32	0	0	0	0	0	0	0	0	0	0	0	0	0	0	1	0	0	0	0	0	163	0	97	2	0	0	0	0	0	0	0	0	2	0	0	10	0	77	0	0	0	0	0	0	0	1	0	0	0	1	0	0	0	0	0
0	0	0	0	0	0	0	0	0	0	0	0	0	0	0	0	0	0	0	0	0	0	0	0	0	0	0	0	0	0	0	0	0	0	0	0	0	0	0	0	0	0	0	0	0	0	0	0	0	0	0	0	0	0	0	0	0	0	0	0	0	0	0	0	0	0	0	0	0	0	0	0	0	0	0
0	0	0	0	0	0	0	0	0	0	0	0	0	0	0	0	0	0	0	0	0	0	0	0	0	0	0	0	0	0	0	0	0	0	0	0	0	0	0	0	0	0	0	0	0	0	0	0	0	0	0	0	0	0	0	0	0	0	0	0	0	0	0	0	0	0	0	0	0	0	0	0	0	0	0
0	138	2	77	0	0	4	0	0	0	88	0	0	0	0	13	0	0	0	0	0	70	0	0	0	0	0	4	1	0	15	0	0	18	0	0	0	0	0	0	24	0	8	0	0	0	0	0	0	0	0	0	19	7	0	0	14	0	0	0	0	0	0	0	0	0	1	0	0	0	62	3	0	0	18
0	0	1	0	0	0	16	0	0	0	0	0	0	0	0	1	0	0	0	26	0	0	0	0	0	0	7	0	1	0	0	0	0	0	0	0	0	0	0	0	2	0	0	62	0	0	0	0	0	0	0	0	0	0	0	0	0	0	0	0	0	0	0	15	0	0	0	29	0	13	0	0	0	0	0
0	24	17	0	3	0	0	0	1	0	4	0	0	0	0	1	110	791	0	0	1602	465	0	0	160	20	2	432	17	0	394	176	12	111	0	0	0	0	959	115	1281	118	53	2035	0	0	0	0	0	0	0	0	43	0	573	0	14	1	0	55	0	0	0	1	0	17	66	0	0	0	24	181	49	94	4
0	0	0	0	0	0	0	0	0	0	0	0	0	7	0	7	0	0	0	0	0	0	0	0	1	0	0	0	0	0	0	0	0	0	0	0	0	0	0	0	18	0	0	0	0	0	0	0	0	0	0	0	0	0	0	16	0	103	0	0	0	0	0	0	0	0	0	7	0	1	0	0	0	0	0
0	367	150	243	0	0	12	0	0	0	11	0	0	0	0	0	0	10	0	0	5	244	0	0	147	0	0	33	359	0	21	0	2	2	1	0	0	0	24	3	76	0	2	4	0	2	0	0	19	0	43	0	0	77	13	0	9	0	0	0	0	0	0	0	1	79	9	0	0	0	2	0	0	0	7
0	2	27	15	0	0	4	0	0	0	0	0	0	0	0	0	0	64	0	0	11	81	0	0	35	0	0	7	62	0	22	0	0	1	0	0	0	0	7	0	4	0	6	0	0	0	0	0	7	0	0	0	77	0	34	0	5	0	0	1	0	0	0	0	0	19	0	0	0	0	0	5	0	0	0
0	43	4	2	0	0	0	0	0	0	22	0	0	9	0	2	11	308	0	2	32	51	0	0	654	0	5	222	413	0	18	1	1	11	0	0	0	0	357	4	217	0	4	1092	0	0	0	0	0	0	573	0	13	34	0	1	7	1	0	1	0	0	0	2	1	762	97	128	0	2	3	4	2	2	8
0	0	0	0	0	0	0	0	0	0	0	5	0	1	0	132	12	0	0	6	0	0	0	0	2	0	1	0	0	33	0	0	10	0	165	0	0	0	0	0	8	0	4	2	0	10	0	0	0	0	0	16	0	0	1	0	0	357	0	0	0	0	0	5	7	2	1	59	0	2	0	0	0	1	0
0	1618	10	68	0	0	1	0	0	0	6	0	0	0	0	0	0	6	0	0	0	112	0	0	9	0	0	42	29	0	1	1	0	1	0	0	0	0	16	0	31	0	28	7	0	0	0	0	14	0	14	0	9	5	7	0	0	0	0	0	0	0	0	0	0	13	1	1	0	0	0	0	0	0	0
0	0	5	0	2	0	0	0	0	0	19	0	0	36	0	44	7	0	0	0	0	0	0	0	0	0	5	0	0	72	0	0	67	0	75	0	0	0	1	0	1	1	6	1	0	77	0	0	0	0	1	103	0	0	1	357	0	0	0	0	0	0	0	0	5	41	0	74	0	30	0	0	0	2	1
0	0	0	0	0	0	0	0	0	0	0	0	0	0	0	0	0	0	0	0	0	0	0	0	0	0	0	0	0	0	0	0	0	0	0	0	0	0	0	0	0	0	0	0	0	0	0	0	0	0	0	0	0	0	0	0	0	0	0	0	0	0	0	0	0	0	0	0	0	0	0	0	0	0	0
0	34	0	0	0	0	0	0	0	0	0	0	0	0	0	0	0	0	0	0	0	1	0	0	2	0	3	0	1	0	0	0	0	0	0	0	0	0	0	0	43	0	0	72	0	0	0	0	0	0	55	0	0	1	1	0	0	0	0	0	0	0	0	38	0	22	0	5	0	35	0	0	0	0	0
0	0	0	0	0	0	0	0	0	0	0	0	0	0	0	0	0	0	0	0	0	0	0	0	0	0	0	0	0	0	0	0	0	0	0	0	0	0	0	0	0	0	0	0	0	0	0	0	0	0	0	0	0	0	0	0	0	0	0	0	0	0	0	0	0	0	0	0	0	0	0	0	0	0	0
0	0	0	0	0	0	0	0	0	0	0	0	0	0	0	0	0	0	0	0	0	0	0	0	0	0	0	0	0	0	0	0	0	0	0	0	0	0	0	0	0	0	0	0	0	0	0	0	0	0	0	0	0	0	0	0	0	0	0	0	0	0	0	0	0	0	0	0	0	0	0	0	0	0	0
0	0	0	0	0	0	0	0	0	0	0	0	0	0	0	0	0	0	0	0	0	0	0	0	0	0	0	0	0	0	0	0	0	0	0	0	0	0	0	0	0	0	0	0	0	0	0	0	0	0	0	0	0	0	0	0	0	0	0	0	0	0	0	0	0	0	0	0	0	0	0	0	0	0	0
0	0	1	0	3	0	0	0	0	0	0	0	0	0	0	0	61	1	0	0	0	0	0	0	0	2	204	2	0	0	1	0	11	0	0	0	0	0	2	190	2	170	0	302	0	0	0	0	0	15	1	0	0	0	2	5	0	0	0	38	0	0	0	0	26	0	0	438	0	431	0	0	0	105	0
0	0	0	0	8	0	0	0	0	0	0	0	0	4	0	4	4	0	0	10	3	1	0	0	1	1	159	1	3	0	0	0	114	0	1	0	1	0	0	0	1	1	9	4	0	0	0	0	0	0	0	0	1	0	1	7	0	5	0	0	0	0	0	26	0	5	0	898	0	11	1	1	0	76	0
0	19	22	5	0	0	3	0	0	0	154	0	0	0	0	0	4	202	0	1	4	59	0	0	857	0	2	151	760	0	8	34	3	119	0	0	0	0	594	11	332	0	22	263	0	1	0	0	0	0	17	0	79	19	762	2	13	41	0	22	0	0	0	0	5	0	3	5	0	27	0	43	0	3	8
0	52	188	1	0	0	5	0	1	0	145	0	0	0	0	9	0	109	0	0	10	21	0	0	2	0	11	0	0	15	0	0	0	57	0	0	0	0	96	0	0	0	146	5	0	0	0	0	1	0	66	0	9	0	97	1	1	0	0	0	0	0	0	0	0	3	0	5	0	1	55	189	16	0	0
0	9	1	1	8	5	0	0	20	0	0	9	0	68	0	8	563	4	0	0	3	1	0	0	56	4	289	2	0	0	1	0	159	0	2	0	1	0	1	0	34	6	32	5	0	0	0	0	0	29	0	7	0	0	128	59	1	74	0	5	0	0	0	438	898	5	5	0	0	223	0	0	0	151	32
0	0	0	0	0	0	0	0	0	0	0	0	0	0	0	0	0	0	0	0	0	0	0	0	0	0	0	0	0	0	0	0	0	0	0	0	0	0	0	0	0	0	0	0	0	0	0	0	0	0	0	0	0	0	0	0	0	0	0	0	0	0	0	0	0	0	0	0	0	0	0	0	0	0	0
0	0	0	0	2	0	0	0	0	0	0	0	0	1	0	0	34	1	0	0	27	0	0	0	0	7	198	2	0	0	0	0	22	1	0	0	0	0	1	188	11	120	11	2	1	1	0	0	0	13	0	1	0	0	2	2	0	30	0	35	0	0	0	431	11	27	1	223	0	0	1	0	0	110	1
0	4	134	68	0	0	49	0	0	0	3	0	0	2	0	140	0	0	0	10	0	0	0	0	3	2	0	4	8	0	0	0	0	3	1	0	0	0	0	0	11	0	124	17	0	0	0	0	62	0	24	0	2	0	3	0	0	0	0	0	0	0	0	0	1	0	55	0	0	1	0	2	0	0	0
0	18	2	2	3	0	0	0	0	0	0	10	0	0	0	0	0	2	0	0	0	1	0	0	98	0	23	3	15	0	0	0	0	0	0	0	0	0	5	0	29	0	2	126	0	0	0	0	3	0	181	0	0	5	4	0	0	0	0	0	0	0	0	0	1	43	189	0	0	0	2	0	0	0	0
0	0	0	0	0	0	0	0	0	0	0	0	0	0	0	0	2	1	0	0	1	2	0	0	6	0	0	0	0	0	1	0	0	0	0	0	0	0	2	0	0	0	0	15	0	0	0	0	0	0	49	0	0	0	2	0	0	0	0	0	0	0	0	0	0	0	16	0	0	0	0	0	0	0	0
0	4	1	1	0	0	0	0	0	0	0	0	0	9	0	4	0	1	0	0	0	0	0	0	1	0	98	0	3	0	0	0	0	0	1	0	0	0	2	0	18	0	3	81	0	0	0	0	0	0	94	0	0	0	2	1	0	2	0	0	0	0	0	105	76	3	0	151	0	110	0	0	0	0	0
0	2	0	353	1	0	27	0	0	0	0	0	0	2	0	0	0	0	0	0	0	11	0	0	4	0	0	0	12	0	0	0	0	0	0	0	0	0	0	0	483	0	49	2	0	0	0	0	18	0	4	0	7	0	8	0	0	1	0	0	0	0	0	0	0	8	0	32	0	1	0	0	0	0	0
