0	0	0	0	0	0	0	0	0	0	0	0	0	0	0	0	0	0	0	0	0	0	0	0	0	0	0	0	0	0	0	0	0	0	0	0	0	0	0	0	0	0	0	0	0	0	0	0	0	0	0	0	0	0	0	0	0	0	0	0	0	0	0	0	0	0	0	0	0	0	0	0	0	0	0
0	0	46	0	0	0	0	1	0	0	8	0	6	0	0	0	0	9	20	0	0	24	0	0	0	0	0	24	1	0	0	0	0	2	0	0	0	0	0	0	6	0	2	0	0	0	0	0	29	0	0	0	40	126	4	0	26	0	132	0	0	0	0	0	0	0	24	0	0	0	2	0	0	0	0
0	46	0	0	0	0	0	0	0	0	0	0	2	0	0	2	0	4	0	0	23	4	0	0	0	0	0	0	1	0	0	0	0	2	0	1	0	0	0	3	1	0	316	0	0	0	0	0	0	0	0	0	0	0	3	0	0	0	0	0	0	0	0	0	0	0	1	0	0	0	133	0	0	0	0
0	0	0	0	0	0	26	14	8	0	910	0	0	0	0	121	0	2	16	0	0	92	0	0	0	0	0	0	3	0	116	0	0	202	0	1	0	0	0	0	20	0	266	0	0	186	0	0	341	0	0	0	216	3	0	0	0	0	34	2	0	0	0	0	0	0	184	0	0	0	8	0	0	0	60
0	0	0	0	0	0	0	0	0	0	0	0	0	0	0	0	0	0	0	0	0	0	0	0	0	0	0	0	0	0	0	0	0	0	0	2	0	0	0	2	0	0	1	5	0	0	0	0	2	0	0	0	0	0	3	0	0	0	0	1	0	0	0	8	0	0	0	0	0	0	0	0	0	0	0
0	0	0	0	0	0	0	0	0	0	0	0	0	0	0	0	1	0	0	0	0	0	0	0	0	0	0	0	0	0	0	0	0	0	0	0	0	0	0	0	0	0	1	0	0	1	0	0	0	0	0	0	0	0	0	0	0	3	0	0	0	0	0	0	0	0	0	0	0	0	0	0	0	0	0
0	0	0	26	0	0	0	0	0	0	50	0	0	0	0	3	0	0	0	0	0	0	0	0	0	0	0	0	1	0	2	0	0	2	0	0	0	0	0	0	0	0	146	0	0	2	0	0	48	0	0	0	9	0	0	0	0	0	1	0	0	0	0	0	0	0	12	0	0	0	0	0	0	0	0
0	1	0	14	0	0	0	0	1	0	3	0	1	0	0	0	0	94	240	0	12	116	0	0	0	0	0	33	68	0	16	0	4	180	0	0	0	0	0	114	27	0	1	51	0	0	0	9	7	4	2	0	147	2	268	1	0	0	16	90	0	0	0	0	0	533	68	0	0	0	3	227	0	0	0
0	0	0	8	0	0	0	1	0	1	0	0	0	0	0	0	0	0	0	0	0	0	0	0	0	0	0	0	4	0	0	0	0	2	0	0	0	0	0	0	0	0	0	0	0	0	0	0	0	0	0	0	0	0	0	0	0	0	0	0	0	0	0	0	0	0	0	0	0	0	0	0	0	0	0
0	0	0	0	0	0	0	0	1	0	0	0	0	0	0	0	0	0	0	0	0	0	0	0	0	0	0	0	0	0	0	0	0	0	0	0	0	0	0	0	0	1	0	0	0	0	0	0	0	0	0	0	0	0	0	0	0	0	0	0	0	1	0	0	0	0	0	1	0	0	1	0	0	0	0
0	8	0	910	0	0	50	3	0	0	0	0	0	0	0	246	0	0	0	1	0	0	0	0	0	0	0	0	7	0	0	0	0	60	0	0	0	0	0	2	70	0	909	0	0	168	0	0	262	0	0	0	0	1	0	0	0	0	0	2	0	0	0	0	0	0	0	0	0	0	73	0	0	0	8
0	0	0	0	0	0	0	0	0	0	0	0	0	0	0	8	0	0	0	0	0	0	0	0	0	0	0	0	0	0	0	0	0	0	0	0	0	0	0	2	0	0	0	0	0	6	0	0	0	0	0	0	0	0	0	26	0	611	0	0	378	0	0	0	0	0	0	2	0	0	0	0	0	0	0
0	6	2	0	0	0	0	1	0	0	0	0	0	2	0	0	0	3	0	0	0	0	0	2	0	0	0	0	0	0	0	0	0	0	0	2	0	0	0	0	4	0	1	1	0	0	0	0	2	0	0	0	0	0	0	0	0	0	1	0	0	0	0	0	1	0	0	0	0	0	0	0	0	0	0
0	0	0	0	0	0	0	0	0	0	0	0	2	0	0	0	3	0	0	0	0	0	0	0	0	0	11	0	0	0	1	0	2	0	0	4	0	0	0	20	5	0	5	0	43	5	0	0	1	0	0	0	0	0	0	0	0	6	0	8	0	2	0	0	1	0	0	20	0	3	1	1	0	0	0
0	0	0	0	0	0	0	0	0	0	0	0	0	0	0	0	0	0	0	0	0	0	0	0	0	0	0	0	0	0	0	0	0	0	0	0	0	0	0	0	0	0	0	0	0	0	0	0	0	0	0	0	0	0	0	0	0	0	0	0	0	0	0	0	0	0	0	0	0	0	0	0	0	0	0
0	0	2	121	0	0	3	0	0	0	246	8	0	0	0	0	24	10	0	357	0	0	0	3	0	0	0	1	0	4	0	0	102	107	0	0	6	0	0	21	20	0	626	0	0	587	0	0	0	0	0	0	0	0	0	125	0	460	0	0	0	0	157	0	0	0	205	3	0	0	166	2	0	0	0
0	0	0	0	0	1	0	0	0	0	0	0	0	3	0	24	0	1	0	143	8	0	0	19	0	0	0	0	0	5	0	0	0	0	0	1	0	0	0	12	181	0	28	0	0	438	1	0	0	0	0	0	0	0	2	108	0	0	0	0	0	0	0	0	1	0	0	61	0	1	0	0	0	0	0
0	9	4	2	0	0	0	94	0	0	0	0	3	0	0	10	1	0	1	0	134	9	0	0	0	0	0	559	23	0	55	0	0	404	0	1	0	0	0	0	872	0	67	9	0	0	0	0	0	0	5	0	3	43	298	0	15	0	13	9	0	271	0	0	0	10	5	0	0	0	22	2	0	0	0
0	20	0	16	0	0	0	240	0	0	0	0	0	0	0	0	0	1	0	0	0	0	0	2	0	0	0	0	61	0	4	0	0	14	0	0	0	0	0	24	36	0	1	4	0	0	0	0	5	0	0	0	0	27	187	0	0	1	3	5	0	0	0	0	0	0	0	2	0	0	0	1	0	0	0
0	0	0	0	0	0	0	0	0	0	1	0	0	0	0	357	143	0	0	0	0	0	0	1	0	0	0	0	0	3	0	0	62	43	0	0	0	0	0	0	3	0	151	0	0	110	0	0	0	0	0	0	0	0	0	16	0	77	0	0	0	0	213	0	1	0	0	1	0	0	0	0	0	0	0
0	0	23	0	0	0	0	12	0	0	0	0	0	0	0	0	8	134	0	0	0	0	0	0	0	0	0	13	14	0	35	0	0	44	0	129	0	0	0	0	622	0	56	2	0	0	0	0	0	0	7	0	0	0	0	0	0	0	0	1	0	4	0	0	0	0	0	69	0	0	7	10	0	0	0
0	24	4	92	0	0	0	116	0	0	0	0	0	0	0	0	0	9	0	0	0	0	0	0	0	0	0	21	32	0	3	0	0	6	0	0	0	0	0	0	120	0	0	0	0	0	0	0	54	0	0	0	0	269	0	0	0	0	0	0	0	0	0	0	0	0	0	0	0	0	0	0	0	0	0
0	0	0	0	0	0	0	0	0	0	0	0	0	0	0	0	0	0	0	0	0	0	0	0	0	0	0	0	0	0	0	0	0	0	0	0	0	0	0	0	0	0	0	0	0	0	0	0	0	0	0	0	0	0	0	0	0	0	0	0	0	0	0	0	0	0	0	0	0	0	0	0	0	0	0
0	0	0	0	0	0	0	0	0	0	0	0	2	0	0	3	19	0	2	1	0	0	0	0	0	0	0	0	0	0	6	0	0	0	0	3	1	0	0	0	1	0	0	0	0	1	0	0	0	0	0	1	4	0	0	18	0	9	0	1	0	0	1	0	0	0	0	0	0	0	0	0	0	0	0
0	0	0	0	0	0	0	0	0	0	0	0	0	0	0	0	0	0	0	0	0	0	0	0	0	0	0	0	0	0	0	0	0	0	0	0	0	0	0	0	0	0	0	0	0	0	0	0	0	0	0	0	0	0	0	0	0	0	0	0	0	0	0	0	0	0	0	0	0	0	0	0	0	0	0
0	0	0	0	0	0	0	0	0	0	0	0	0	0	0	0	0	0	0	0	0	0	0	0	0	0	0	0	0	0	0	0	0	0	0	0	0	0	0	0	0	0	0	0	2	0	0	0	0	0	0	0	0	0	0	0	0	0	0	0	0	0	0	0	0	0	0	0	0	0	0	0	0	0	0
0	0	0	0	0	0	0	0	0	0	0	0	0	11	0	0	0	0	0	0	0	0	0	0	0	0	0	0	0	0	0	0	0	0	0	4	0	0	0	4	0	2	1	1	0	32	0	0	0	24	0	0	0	0	1	0	0	0	0	0	0	0	2	30	0	0	0	30	0	0	0	0	0	0	0
0	24	0	0	0	0	0	33	0	0	0	0	0	0	0	1	0	559	0	0	13	21	0	0	0	0	0	0	17	0	60	0	0	115	0	0	0	0	0	0	232	0	17	0	0	0	0	0	0	0	0	0	3	3	15	0	0	0	59	0	0	48	0	0	0	0	2	0	0	0	0	2	0	0	0
0	1	1	3	0	0	1	68	4	0	7	0	0	0	0	0	0	23	61	0	14	32	0	0	0	0	0	17	0	0	19	0	0	33	0	11	0	0	0	6	9	0	4	2	0	0	0	2	5	0	0	0	52	10	16	0	7	0	12	5	0	3	0	0	0	43	3	1	0	0	2	14	0	0	0
0	0	0	0	0	0	0	0	0	0	0	0	0	0	0	4	5	0	0	3	0	0	0	0	0	0	0	0	0	0	0	0	1	3	0	1	0	0	0	0	0	0	50	0	0	34	0	0	0	0	0	0	0	0	0	1	0	20	0	0	1	0	0	5	0	0	17	5	0	0	21	32	0	0	0
0	0	0	116	0	0	2	16	0	0	0	0	0	1	0	0	0	55	4	0	35	3	0	6	0	0	0	60	19	0	0	0	0	2	0	0	0	0	0	18	853	0	6	0	0	0	0	0	28	0	0	0	12	3	0	0	0	2	1	3	0	2	0	0	0	0	0	0	0	1	1	1	0	0	0
0	0	0	0	0	0	0	0	0	0	0	0	0	0	0	0	0	0	0	0	0	0	0	0	0	0	0	0	0	0	0	0	0	0	0	0	0	0	0	0	0	0	0	0	0	0	0	0	0	0	0	0	0	0	0	0	0	0	0	0	0	0	0	0	0	0	0	0	0	0	0	0	0	0	0
0	0	0	0	0	0	0	4	0	0	0	0	0	2	0	102	0	0	0	62	0	0	0	0	0	0	0	0	0	1	0	0	0	0	0	6	0	0	0	0	2	0	451	0	0	82	0	0	1	0	0	0	0	0	4	35	0	299	0	7	15	0	0	0	3	0	0	19	0	0	4	0	0	0	0
0	2	2	202	0	0	2	180	2	0	60	0	0	0	0	107	0	404	14	43	44	6	0	0	0	0	0	115	33	3	2	0	0	0	0	19	0	0	0	0	216	0	195	17	0	4	0	0	14	0	3	0	4	7	84	0	4	0	18	0	0	18	6	0	0	14	82	0	0	0	103	24	0	0	0
0	0	0	0	0	0	0	0	0	0	0	0	0	0	0	0	0	0	0	0	0	0	0	0	0	0	0	0	0	0	0	0	0	0	0	0	0	0	0	0	0	0	0	0	0	0	0	0	0	0	0	0	0	0	0	0	0	0	0	0	0	0	0	0	0	0	0	0	0	0	0	0	0	0	0
0	0	1	1	2	0	0	0	0	0	0	0	2	4	0	0	1	1	0	0	129	0	0	3	0	0	4	0	11	1	0	0	6	19	0	0	0	0	0	357	27	64	19	304	0	0	0	0	5	3	14	0	0	0	1	0	0	0	0	56	0	0	0	199	0	0	1	1	0	0	2	120	0	0	0
0	0	0	0	0	0	0	0	0	0	0	0	0	0	0	6	0	0	0	0	0	0	0	1	0	0	0	0	0	0	0	0	0	0	0	0	0	0	0	0	0	0	4	0	0	0	1	0	0	0	0	0	0	0	0	0	0	0	0	0	0	0	0	0	14	0	0	29	0	1	0	0	0	0	10
0	0	0	0	0	0	0	0	0	0	0	0	0	0	0	0	0	0	0	0	0	0	0	0	0	0	0	0	0	0	0	0	0	0	0	0	0	0	0	0	0	0	0	0	0	0	0	0	0	0	0	0	0	0	0	0	0	0	0	0	0	0	0	0	0	0	0	0	0	0	0	0	0	0	0
0	0	0	0	0	0	0	0	0	0	0	0	0	0	0	0	0	0	0	0	0	0	0	0	0	0	0	0	0	0	0	0	0	0	0	0	0	0	0	0	0	0	0	0	0	0	0	0	0	0	0	0	0	0	0	0	0	0	0	0	0	0	0	0	0	0	0	0	0	0	0	0	0	0	0
0	0	3	0	2	0	0	114	0	0	2	2	0	20	0	21	12	0	24	0	0	0	0	0	0	0	4	0	6	0	18	0	0	0	0	357	0	0	0	0	157	0	46	148	0	6	0	0	1	1	0	0	9	0	1	0	0	103	6	193	0	0	0	160	2	36	43	11	0	0	15	39	0	0	0
0	6	1	20	0	0	0	27	0	0	70	0	4	5	0	20	181	872	36	3	622	120	0	1	0	0	0	232	9	0	853	0	2	216	0	27	0	0	0	157	0	0	69	5	0	11	0	0	27	0	15	0	69	27	37	0	6	3	78	257	0	405	1	0	14	0	0	58	0	0	8	121	0	0	9
0	0	0	0	0	0	0	0	0	1	0	0	0	0	0	0	0	0	0	0	0	0	0	0	0	0	2	0	0	0	0	0	0	0	0	64	0	0	0	0	0	0	0	1	0	0	0	0	0	0	0	0	0	0	0	0	0	2	0	4	0	0	0	13	0	0	0	0	0	0	0	0	0	0	0
0	2	316	266	1	1	146	1	0	0	909	0	1	5	0	626	28	67	1	151	56	0	0	0	0	0	1	17	4	50	6	0	451	195	0	19	4	0	0	46	69	0	0	3	0	52	1	0	266	0	2	0	0	1	0	73	1	15	0	1	0	7	19	1	1	1	853	117	0	0	840	17	0	0	1
0	0	0	0	5	0	0	51	0	0	0	0	1	0	0	0	0	9	4	0	2	0	0	0	0	0	1	0	2	0	0	0	0	17	0	304	0	0	0	148	5	1	3	0	0	1	0	0	2	3	0	0	4	0	67	0	0	2	0	52	0	0	0	28	0	4	1	1	0	0	0	17	0	0	0
0	0	0	0	0	0	0	0	0	0	0	0	0	43	0	0	0	0	0	0	0	0	0	0	0	2	0	0	0	0	0	0	0	0	0	0	0	0	0	0	0	0	0	0	0	0	0	0	0	0	0	0	0	0	0	0	0	0	0	0	2	0	0	0	0	0	0	0	0	0	0	0	0	0	0
0	0	0	186	0	1	2	0	0	0	168	6	0	5	0	587	438	0	0	110	0	0	0	1	0	0	32	0	0	34	0	0	82	4	0	0	0	0	0	6	11	0	52	1	0	0	1	0	1	0	0	0	0	0	1	13	0	404	1	0	0	0	18	0	3	0	0	58	0	2	0	0	0	0	0
0	0	0	0	0	0	0	0	0	0	0	0	0	0	0	0	1	0	0	0	0	0	0	0	0	0	0	0	0	0	0	0	0	0	0	0	1	0	0	0	0	0	1	0	0	1	0	0	0	0	0	0	0	0	0	0	0	2	0	0	0	0	1	0	0	0	0	0	0	0	0	0	0	0	0
0	0	0	0	0	0	0	9	0	0	0	0	0	0	0	0	0	0	0	0	0	0	0	0	0	0	0	0	2	0	0	0	0	0	0	0	0	0	0	0	0	0	0	0	0	0	0	0	0	0	0	0	0	0	0	0	0	0	0	0	0	0	0	0	0	0	0	0	0	0	0	0	0	0	0
0	29	0	341	2	0	48	7	0	0	262	0	2	1	0	0	0	0	5	0	0	54	0	0	0	0	0	0	5	0	28	0	1	14	0	5	0	0	0	1	27	0	266	2	0	1	0	0	0	0	0	0	166	72	0	0	77	1	0	3	0	1	0	1	0	3	213	8	0	0	102	5	0	5	6
0	0	0	0	0	0	0	4	0	0	0	0	0	0	0	0	0	0	0	0	0	0	0	0	0	0	24	0	0	0	0	0	0	0	0	3	0	0	0	1	0	0	0	3	0	0	0	0	0	0	0	0	0	0	0	0	0	0	0	0	0	0	0	0	0	0	0	0	0	0	0	0	0	0	0
0	0	0	0	0	0	0	2	0	0	0	0	0	0	0	0	0	5	0	0	7	0	0	0	0	0	0	0	0	0	0	0	0	3	0	14	0	0	0	0	15	0	2	0	0	0	0	0	0	0	0	0	0	0	0	0	0	0	0	0	0	2	0	0	0	0	0	0	0	0	2	4	0	0	0
0	0	0	0	0	0	0	0	0	0	0	0	0	0	0	0	0	0	0	0	0	0	0	1	0	0	0	0	0	0	0	0	0	0	0	0	0	0	0	0	0	0	0	0	0	0	0	0	0	0	0	0	0	0	0	0	0	4	0	0	0	0	0	0	0	0	0	0	0	0	0	0	0	0	0
0	40	0	216	0	0	9	147	0	0	0	0	0	0	0	0	0	3	0	0	0	0	0	4	0	0	0	3	52	0	12	0	0	4	0	0	0	0	0	9	69	0	0	4	0	0	0	0	166	0	0	0	0	164	0	0	0	0	0	4	0	0	0	0	0	0	0	0	0	0	0	0	0	0	1
0	126	0	3	0	0	0	2	0	0	1	0	0	0	0	0	0	43	27	0	0	269	0	0	0	0	0	3	10	0	3	0	0	7	0	0	0	0	0	0	27	0	1	0	0	0	0	0	72	0	0	0	164	0	1	0	90	0	240	0	0	0	1	0	0	4	0	0	0	0	3	0	0	0	0
0	4	3	0	3	0	0	268	0	0	0	0	0	0	0	0	2	298	187	0	0	0	0	0	0	0	1	15	16	0	0	0	4	84	0	1	0	0	0	1	37	0	0	67	0	1	0	0	0	0	0	0	0	1	0	0	0	5	4	0	0	1	0	2	0	38	95	15	0	0	3	297	3	0	0
0	0	0	0	0	0	0	1	0	0	0	26	0	0	0	125	108	0	0	16	0	0	0	18	0	0	0	0	0	1	0	0	35	0	0	0	0	0	0	0	0	0	73	0	0	13	0	0	0	0	0	0	0	0	0	0	0	460	0	0	442	0	129	0	0	0	0	5	0	1	0	0	0	0	0
0	26	0	0	0	0	0	0	0	0	0	0	0	0	0	0	0	15	0	0	0	0	0	0	0	0	0	0	7	0	0	0	0	4	0	0	0	0	0	0	6	0	1	0	0	0	0	0	77	0	0	0	0	90	0	0	0	0	0	0	0	0	0	0	0	0	0	0	0	0	0	0	0	0	0
0	0	0	0	0	3	0	0	0	0	0	611	0	6	0	460	0	0	1	77	0	0	0	9	0	0	0	0	0	20	2	0	299	0	0	0	0	0	0	103	3	2	15	2	0	404	2	0	1	0	0	4	0	0	5	460	0	0	0	2	241	57	22	1	0	1	0	26	0	0	0	0	5	0	1
0	132	0	34	0	0	1	16	0	0	0	0	1	0	0	0	0	13	3	0	0	0	0	0	0	0	0	59	12	0	1	0	0	18	0	0	0	0	0	6	78	0	0	0	0	1	0	0	0	0	0	0	0	240	4	0	0	0	0	1	0	0	0	0	0	0	0	16	0	0	0	2	0	0	0
0	0	0	2	1	0	0	90	0	0	2	0	0	8	0	0	0	9	5	0	1	0	0	1	0	0	0	0	5	0	3	0	7	0	0	56	0	0	0	193	257	4	1	52	0	0	0	0	3	0	0	0	4	0	0	0	0	2	1	0	0	0	0	10	1	7	7	22	0	0	1	10	0	0	0
0	0	0	0	0	0	0	0	0	0	0	378	0	0	0	0	0	0	0	0	0	0	0	0	0	0	0	0	0	1	0	0	15	0	0	0	0	0	0	0	0	0	0	0	2	0	0	0	0	0	0	0	0	0	0	442	0	241	0	0	0	0	240	1	0	0	0	0	0	12	0	0	0	0	0
0	0	0	0	0	0	0	0	0	1	0	0	0	2	0	0	0	271	0	0	4	0	0	0	0	0	0	48	3	0	2	0	0	18	0	0	0	0	0	0	405	0	7	0	0	0	0	0	1	0	2	0	0	0	1	0	0	57	0	0	0	0	0	0	1	0	0	37	0	1	1	0	0	0	6
0	0	0	0	0	0	0	0	0	0	0	0	0	0	0	157	0	0	0	213	0	0	0	1	0	0	2	0	0	0	0	0	0	6	0	0	0	0	0	0	1	0	19	0	0	18	1	0	0	0	0	0	0	1	0	129	0	22	0	0	240	0	0	0	9	0	0	2	0	2	1	0	0	0	0
0	0	0	0	8	0	0	0	0	0	0	0	0	0	0	0	0	0	0	0	0	0	0	0	0	0	30	0	0	5	0	0	0	0	0	199	0	0	0	160	0	13	1	28	0	0	0	0	1	0	0	0	0	0	2	0	0	1	0	10	1	0	0	0	0	0	0	218	0	0	0	0	0	0	0
0	0	0	0	0	0	0	0	0	0	0	0	1	1	0	0	1	0	0	1	0	0	0	0	0	0	0	0	0	0	0	0	3	0	0	0	14	0	0	2	14	0	1	0	0	3	0	0	0	0	0	0	0	0	0	0	0	0	0	1	0	1	9	0	0	0	0	28	0	0	0	0	0	0	0
0	0	0	0	0	0	0	533	0	0	0	0	0	0	0	0	0	10	0	0	0	0	0	0	0	0	0	0	43	0	0	0	0	14	0	0	0	0	0	36	0	0	1	4	0	0	0	0	3	0	0	0	0	4	38	0	0	1	0	7	0	0	0	0	0	0	0	6	0	0	0	0	0	0	0
0	24	1	184	0	0	12	68	0	0	0	0	0	0	0	205	0	5	0	0	0	0	0	0	0	0	0	2	3	17	0	0	0	82	0	1	0	0	0	43	0	0	853	1	0	0	0	0	213	0	0	0	0	0	95	0	0	0	0	7	0	0	0	0	0	0	0	2	0	2	120	0	0	0	2
0	0	0	0	0	0	0	0	0	1	0	2	0	20	0	3	61	0	2	1	69	0	0	0	0	0	30	0	1	5	0	0	19	0	0	1	29	0	0	11	58	0	117	1	0	58	0	0	8	0	0	0	0	0	15	5	0	26	16	22	0	37	2	218	28	6	2	0	0	3	2	0	19	0	5
0	0	0	0	0	0	0	0	0	0	0	0	0	0	0	0	0	0	0	0	0	0	0	0	0	0	0	0	0	0	0	0	0	0	0	0	0	0	0	0	0	0	0	0	0	0	0	0	0	0	0	0	0	0	0	0	0	0	0	0	0	0	0	0	0	0	0	0	0	0	0	0	0	0	0
0	0	0	0	0	0	0	0	0	0	0	0	0	3	0	0	1	0	0	0	0	0	0	0	0	0	0	0	0	0	1	0	0	0	0	0	1	0	0	0	0	0	0	0	0	2	0	0	0	0	0	0	0	0	0	1	0	0	0	0	12	1	2	0	0	0	2	3	0	0	0	0	0	0	0
0	2	133	8	0	0	0	3	0	1	73	0	0	1	0	166	0	22	0	0	7	0	0	0	0	0	0	0	2	21	1	0	4	103	0	2	0	0	0	15	8	0	840	0	0	0	0	0	102	0	2	0	0	3	3	0	0	0	0	1	0	1	1	0	0	0	120	2	0	0	0	0	1	0	0
0	0	0	0	0	0	0	227	0	0	0	0	0	1	0	2	0	2	1	0	10	0	0	0	0	0	0	2	14	32	1	0	0	24	0	120	0	0	0	39	121	0	17	17	0	0	0	0	5	0	4	0	0	0	297	0	0	0	2	10	0	0	0	0	0	0	0	0	0	0	0	0	0	0	0
0	0	0	0	0	0	0	0	0	0	0	0	0	0	0	0	0	0	0	0	0	0	0	0	0	0	0	0	0	0	0	0	0	0	0	0	0	0	0	0	0	0	0	0	0	0	0	0	0	0	0	0	0	0	3	0	0	5	0	0	0	0	0	0	0	0	0	19	0	0	1	0	0	0	0
0	0	0	0	0	0	0	0	0	0	0	0	0	0	0	0	0	0	0	0	0	0	0	0	0	0	0	0	0	0	0	0	0	0	0	0	0	0	0	0	0	0	0	0	0	0	0	0	5	0	0	0	0	0	0	0	0	0	0	0	0	0	0	0	0	0	0	0	0	0	0	0	0	0	0
0	0	0	60	0	0	0	0	0	0	8	0	0	0	0	0	0	0	0	0	0	0	0	0	0	0	0	0	0	0	0	0	0	0	0	0	10	0	0	0	9	0	1	0	0	0	0	0	6	0	0	0	1	0	0	0	0	1	0	0	0	6	0	0	0	0	2	5	0	0	0	0	0	0	0
