0	0	0	0	0	0	0	0	0	0	0	0	0	0	0	0	0	0	0	0	0	0	0	0	0	0	0	0	0	0	0	0	0	0	0	0	0	0	0	0	0	0	0	0	0	0	0	0	0	0	0	0	0	0	0	0	0	0	0	0	0	0	0	0	0	0	0	0	0	0	0	0	0	0	0
0	0	693	7	0	0	4	0	0	0	532	0	0	0	0	0	2	104	12	2	4	1368	0	0	15	0	0	2	358	0	6	0	0	2	0	0	0	0	44	0	42	0	41	3	0	0	0	0	93	0	9	0	277	108	54	0	1121	7	308	0	0	0	0	0	0	5	52	5	0	0	0	0	0	0	2
0	693	0	0	0	0	3	0	0	0	1	1	0	4	0	0	0	39	0	0	82	119	0	0	16	0	0	3	91	0	0	0	0	0	0	0	0	0	11	0	57	0	15	5	0	0	0	0	3	0	113	0	110	2	23	0	0	9	2	2	0	0	0	0	0	35	176	0	0	0	10	0	37	0	0
0	7	0	0	0	0	337	0	0	0	113	0	0	0	0	30	0	8	0	1	0	9	0	0	11	0	0	12	15	0	95	0	0	0	0	0	0	0	6	0	23	0	3	0	0	0	0	0	0	0	0	0	115	22	6	0	0	4	0	1	0	0	0	1	0	13	0	0	0	0	12	0	0	0	50
0	0	0	0	0	0	0	0	0	0	0	0	0	0	0	0	5	0	0	0	1	0	0	0	0	0	0	2	0	1	0	7	4	0	0	0	0	0	2	0	5	0	6	4	0	0	0	0	0	0	2	0	0	0	2	5	0	0	0	12	0	0	0	8	6	0	3	1	0	1	2	5	0	0	0
0	0	0	0	0	0	0	0	0	0	0	0	0	0	0	0	0	0	0	0	0	0	0	0	0	0	0	0	0	0	0	0	0	0	0	0	0	0	0	0	0	0	0	0	0	0	0	0	0	0	0	0	0	0	0	0	0	0	0	0	0	0	0	0	0	0	0	5	0	0	0	0	0	0	0
0	4	3	337	0	0	0	0	0	0	55	0	0	0	0	69	0	1	0	1	0	1	0	0	1	0	0	1	1	2	20	1	0	0	0	0	0	0	0	0	2	0	1	0	0	0	0	0	0	0	0	0	28	8	0	0	0	12	0	0	0	0	0	0	0	0	0	0	0	0	3	0	0	0	20
0	0	0	0	0	0	0	0	0	0	0	0	0	0	0	0	0	0	0	0	0	0	0	0	0	0	0	0	0	0	0	0	0	0	0	0	0	0	0	0	0	0	0	0	0	0	0	0	0	0	0	0	0	0	0	0	0	0	0	0	0	0	0	0	0	0	0	0	0	0	0	0	0	0	0
0	0	0	0	0	0	0	0	0	0	0	0	0	4	0	0	0	0	0	0	8	0	0	0	1	0	0	0	0	0	0	0	0	0	7	0	0	0	0	0	0	0	0	0	0	0	0	0	0	0	4	0	0	0	0	0	0	1	0	0	0	0	0	0	0	0	1	20	0	0	0	0	0	0	0
0	0	0	0	0	0	0	0	0	0	0	0	0	0	0	0	0	0	0	0	0	0	0	0	0	0	0	0	0	0	0	0	0	0	0	0	0	0	0	0	0	0	0	0	0	0	0	0	0	0	0	0	0	0	0	0	0	0	0	0	0	0	0	0	0	0	0	0	0	0	0	0	0	0	0
0	532	1	113	0	0	55	0	0	0	0	0	0	38	0	208	0	0	2	11	0	30	0	0	31	0	0	1	22	0	0	0	0	0	0	0	0	0	0	0	161	0	110	0	0	0	0	0	30	0	1	0	8	0	5	0	66	19	0	0	0	0	0	0	0	4	102	0	0	0	1	0	1	0	0
0	0	1	0	0	0	0	0	0	0	0	0	0	0	0	0	0	10	0	0	0	0	0	0	1	0	0	0	0	0	4	0	0	0	0	0	0	0	0	0	0	0	0	0	0	0	0	0	0	0	124	0	0	6	0	5	0	0	0	0	0	0	0	0	0	0	0	9	0	0	0	0	0	0	0
0	0	0	0	0	0	0	0	0	0	0	0	0	0	0	0	0	2	0	0	0	0	0	0	5	0	0	0	11	0	0	0	0	0	0	0	0	0	0	0	37	0	0	0	0	0	0	0	0	0	150	0	0	0	0	0	0	0	0	0	0	0	0	0	0	0	1	0	0	0	0	0	81	0	0
0	0	4	0	0	0	0	0	4	0	38	0	0	0	0	0	0	0	0	0	0	0	0	0	0	1	0	0	0	26	1	0	0	0	0	0	0	0	0	0	3	0	0	0	168	0	0	0	0	0	0	0	0	0	0	0	0	17	0	0	0	0	0	0	1	0	1	18	0	0	0	0	0	0	0
0	0	0	0	0	0	0	0	0	0	0	0	0	0	0	0	0	0	20	10	0	11	0	0	29	0	0	8	17	0	0	0	0	0	0	0	0	0	0	0	0	0	0	0	0	0	0	0	0	0	0	0	0	0	0	0	0	0	0	0	0	0	0	0	0	14	0	0	0	0	0	0	0	0	0
0	0	0	30	0	0	69	0	0	0	208	0	0	0	0	0	42	0	0	329	1	0	0	0	0	0	0	0	0	231	0	0	99	58	0	0	0	0	0	0	1	0	215	2	0	128	0	0	2	0	0	0	0	0	0	85	0	78	0	0	0	0	0	0	0	0	1	3	0	1	5	0	0	0	2
0	2	0	0	5	0	0	0	0	0	0	0	0	0	0	42	0	0	0	164	66	0	0	0	0	0	0	18	0	0	0	0	0	0	0	0	0	0	0	0	90	0	20	7	0	0	0	0	0	0	52	0	0	0	7	11	0	1	0	0	0	0	0	32	0	3	1	337	0	34	0	0	16	0	0
0	104	39	8	0	0	1	0	0	0	0	10	2	0	0	0	0	0	21	14	74	486	0	0	196	0	0	182	609	0	90	0	0	0	0	0	0	0	230	0	441	0	10	66	0	1	0	0	0	0	828	0	1	0	178	0	6	17	0	8	0	0	0	8	0	161	212	18	0	1	0	0	85	0	1
0	12	0	0	0	0	0	0	0	0	2	0	0	0	20	0	0	21	0	15	0	25	0	0	141	0	0	95	245	0	16	57	0	33	0	0	0	0	182	0	8	0	2	123	0	1	0	0	7	0	0	1	17	0	100	0	0	2	5	6	0	0	0	3	0	173	1	0	0	0	0	43	1	1	0
0	2	0	1	0	0	1	0	0	0	11	0	0	0	10	329	164	14	15	0	22	13	0	0	10	0	5	11	28	202	3	3	78	23	0	0	0	0	7	0	479	0	116	8	0	98	0	0	7	0	0	4	3	0	9	34	0	7	0	0	0	0	0	2	46	4	1	9	0	2	60	0	8	1	26
0	4	82	0	1	0	0	0	8	0	0	0	0	0	0	1	66	74	0	22	0	7	0	0	24	0	2	126	6	0	178	8	0	8	0	0	0	0	7	0	331	0	41	100	0	0	0	0	0	0	1120	0	0	0	33	0	0	5	0	4	0	0	0	0	6	5	21	1	0	0	2	10	51	0	0
0	1368	119	9	0	0	1	0	0	0	30	0	0	0	11	0	0	486	25	13	7	0	0	0	302	0	0	138	708	0	564	2	0	8	0	0	0	0	55	0	635	0	2	15	0	0	0	0	8	0	527	0	107	29	82	0	263	5	112	3	0	0	0	0	0	191	25	0	0	1	1	0	60	0	38
0	0	0	0	0	0	0	0	0	0	0	0	0	0	0	0	0	0	0	0	0	0	0	0	0	0	0	0	0	0	0	0	0	0	0	0	0	0	0	0	0	0	0	0	0	0	0	0	0	0	0	0	0	0	0	0	0	0	0	0	0	0	0	0	0	0	0	0	0	0	0	0	0	0	0
0	0	0	0	0	0	0	0	0	0	0	0	0	0	0	0	0	0	0	0	0	0	0	0	0	0	0	0	0	0	0	0	0	0	0	0	0	0	0	0	0	0	0	0	0	0	0	0	0	0	0	0	0	0	0	0	0	0	0	0	0	0	0	0	0	0	0	0	0	0	0	0	0	0	0
0	15	16	11	0	0	1	0	1	0	31	1	5	0	29	0	0	196	141	10	24	302	0	0	0	0	0	117	966	0	375	10	0	24	0	0	0	0	921	0	206	0	7	16	0	0	0	0	10	0	160	1	43	6	739	1	0	19	0	57	0	0	0	0	1	655	78	27	0	0	3	114	34	1	6
0	0	0	0	0	0	0	0	0	0	0	0	0	1	0	0	0	0	0	0	0	0	0	0	0	0	0	0	0	0	0	0	0	0	0	0	0	0	0	0	0	0	0	0	3	0	0	0	0	0	0	0	0	0	0	0	0	0	0	0	0	0	0	0	0	0	0	0	0	0	0	0	0	0	0
0	0	0	0	0	0	0	0	0	0	0	0	0	0	0	0	0	0	0	5	2	0	0	0	0	0	0	0	1	0	0	1	0	2	0	0	0	0	1	0	1	8	3	2	0	2	0	0	0	12	0	0	4	0	0	0	0	0	0	1	0	0	0	2	26	0	0	196	0	46	3	0	0	5	0
0	2	3	12	2	0	1	0	0	0	1	0	0	0	8	0	18	182	95	11	126	138	0	0	117	0	0	0	330	0	79	51	0	38	0	0	0	0	236	0	128	0	22	116	0	0	0	0	2	0	8	0	8	18	76	0	0	3	6	1	0	0	0	30	0	115	5	0	0	0	3	22	0	3	0
0	358	91	15	0	0	1	0	0	0	22	0	11	0	17	0	0	609	245	28	6	708	0	0	966	0	1	330	0	0	386	16	0	66	0	0	0	0	815	0	258	0	19	8	0	0	0	0	11	0	20	0	50	23	590	0	7	34	0	59	0	0	0	0	2	659	77	0	0	0	1	7	154	1	7
0	0	0	0	1	0	2	0	0	0	0	0	0	26	0	231	0	0	0	202	0	0	0	0	0	0	0	0	0	0	0	0	0	0	6	0	0	0	0	0	0	0	100	1	0	0	0	0	0	0	0	0	0	0	1	4	0	124	0	0	0	0	0	0	0	0	0	0	0	0	1	0	0	0	0
0	6	0	95	0	0	20	0	0	0	0	4	0	1	0	0	0	90	16	3	178	564	0	0	375	0	0	79	386	0	0	0	0	0	0	0	0	0	0	0	507	0	8	9	0	0	0	0	1	0	430	0	1	7	16	0	1	0	0	0	0	0	0	0	0	4	1	0	0	1	0	0	101	0	0
0	0	0	0	7	0	1	0	0	0	0	0	0	0	0	0	0	0	57	3	8	2	0	0	10	0	1	51	16	0	0	0	0	0	0	0	0	0	153	0	0	0	3	230	0	0	0	0	0	0	9	0	0	0	11	0	0	1	0	0	0	0	0	59	0	184	98	0	0	0	0	0	0	0	0
0	0	0	0	4	0	0	0	0	0	0	0	0	0	0	99	0	0	0	78	0	0	0	0	0	0	0	0	0	0	0	0	0	0	0	0	0	0	0	0	0	0	11	0	0	0	0	0	0	0	0	0	0	0	0	0	0	11	0	0	0	0	0	0	0	0	0	0	0	0	0	0	0	0	0
0	2	0	0	0	0	0	0	0	0	0	0	0	0	0	58	0	0	33	23	8	8	0	0	24	0	2	38	66	0	0	0	0	0	0	0	0	0	25	0	0	0	34	18	0	0	0	0	3	0	0	0	0	0	0	0	0	0	0	0	0	0	0	9	0	15	1	1	0	0	0	0	0	0	0
0	0	0	0	0	0	0	0	7	0	0	0	0	0	0	0	0	0	0	0	0	0	0	0	0	0	0	0	0	6	0	0	0	0	0	0	0	0	0	0	0	0	0	0	0	0	0	0	0	0	0	0	0	0	0	70	0	37	0	0	0	0	0	0	0	0	0	0	0	0	0	0	0	0	0
0	0	0	0	0	0	0	0	0	0	0	0	0	0	0	0	0	0	0	0	0	0	0	0	0	0	0	0	0	0	0	0	0	0	0	0	0	0	0	0	0	0	0	0	0	0	0	0	0	0	0	0	0	0	0	0	0	0	0	0	0	0	0	0	0	0	0	0	0	0	0	0	0	0	0
0	0	0	0	0	0	0	0	0	0	0	0	0	0	0	0	0	0	0	0	0	0	0	0	0	0	0	0	0	0	0	0	0	0	0	0	0	0	0	0	0	0	0	0	0	0	0	0	0	0	0	0	0	0	0	0	0	0	0	0	0	0	0	0	0	0	0	0	0	0	0	0	0	0	0
0	0	0	0	0	0	0	0	0	0	0	0	0	0	0	0	0	0	0	0	0	0	0	0	0	0	0	0	0	0	0	0	0	0	0	0	0	0	0	0	0	0	0	0	0	0	0	0	0	0	0	0	0	0	0	0	0	0	0	0	0	0	0	0	0	0	0	0	0	0	0	0	0	0	0
0	44	11	6	2	0	0	0	0	0	0	0	0	0	0	0	0	230	182	7	7	55	0	0	921	0	1	236	815	0	0	153	0	25	0	0	0	0	0	0	147	1	25	843	0	0	0	0	1	2	1078	0	1	0	246	0	0	11	0	34	0	0	0	97	1	580	252	53	0	1	0	88	62	8	0
0	0	0	0	0	0	0	0	0	0	0	0	0	0	0	0	0	0	0	0	0	0	0	0	0	0	0	0	0	0	0	0	0	0	0	0	0	0	0	0	0	0	0	7	0	0	0	0	0	0	0	0	0	0	0	0	0	0	0	0	0	0	0	0	0	1	0	0	0	10	0	0	0	0	0
0	42	57	23	5	0	2	0	0	0	161	0	37	3	0	1	90	441	8	479	331	635	0	0	206	0	1	128	258	0	507	0	0	0	0	0	0	0	147	0	0	0	41	120	0	0	0	0	0	0	1005	0	3	2	170	7	1	13	0	74	0	0	0	4	0	145	50	13	0	10	2	0	185	0	410
0	0	0	0	0	0	0	0	0	0	0	0	0	0	0	0	0	0	0	0	0	0	0	0	0	0	8	0	0	0	0	0	0	0	0	0	0	0	1	0	0	0	0	45	0	0	0	0	0	0	79	0	0	0	0	0	0	0	0	0	0	0	0	3	0	0	0	3	0	10	0	0	9	0	0
0	41	15	3	6	0	1	0	0	0	110	0	0	0	0	215	20	10	2	116	41	2	0	0	7	0	3	22	19	100	8	3	11	34	0	0	0	0	25	0	41	0	0	37	0	1	0	0	38	0	14	0	0	0	2	2	0	15	0	0	0	0	0	8	0	5	19	10	0	2	55	4	0	2	38
0	3	5	0	4	0	0	0	0	0	0	0	0	0	0	2	7	66	123	8	100	15	0	0	16	0	2	116	8	1	9	230	0	18	0	0	0	0	843	7	120	45	37	0	0	0	0	0	0	6	1062	53	7	0	618	0	0	2	0	95	0	0	0	125	1	150	23	6	0	3	2	61	20	8	1
0	0	0	0	0	0	0	0	0	0	0	0	0	168	0	0	0	0	0	0	0	0	0	0	0	3	0	0	0	0	0	0	0	0	0	0	0	0	0	0	0	0	0	0	0	0	0	0	0	0	0	0	0	0	0	0	0	0	0	0	0	0	0	0	0	0	0	0	0	0	0	0	0	0	0
0	0	0	0	0	0	0	0	0	0	0	0	0	0	0	128	0	1	1	98	0	0	0	0	0	0	2	0	0	0	0	0	0	0	0	0	0	0	0	0	0	0	1	0	0	0	0	0	0	0	0	0	0	0	0	0	0	80	0	0	0	0	0	0	0	0	0	8	0	0	0	0	8	0	0
0	0	0	0	0	0	0	0	0	0	0	0	0	0	0	0	0	0	0	0	0	0	0	0	0	0	0	0	0	0	0	0	0	0	0	0	0	0	0	0	0	0	0	0	0	0	0	0	0	0	0	0	0	0	0	0	0	0	0	0	0	0	0	0	0	0	0	0	0	0	0	0	0	0	0
0	0	0	0	0	0	0	0	0	0	0	0	0	0	0	0	0	0	0	0	0	0	0	0	0	0	0	0	0	0	0	0	0	0	0	0	0	0	0	0	0	0	0	0	0	0	0	0	0	0	0	0	0	0	0	0	0	0	0	0	0	0	0	0	0	0	0	0	0	0	0	0	0	0	0
0	93	3	0	0	0	0	0	0	0	30	0	0	0	0	2	0	0	7	7	0	8	0	0	10	0	0	2	11	0	1	0	0	3	0	0	0	0	1	0	0	0	38	0	0	0	0	0	0	0	0	0	5	0	0	1	0	0	7	0	0	0	0	0	0	0	0	0	0	0	0	0	0	0	4
0	0	0	0	0	0	0	0	0	0	0	0	0	0	0	0	0	0	0	0	0	0	0	0	0	0	12	0	0	0	0	0	0	0	0	0	0	0	2	0	0	0	0	6	0	0	0	0	0	0	0	0	0	0	0	0	0	5	0	0	0	0	0	3	0	0	0	14	0	14	0	0	0	0	0
0	9	113	0	2	0	0	0	4	0	1	124	150	0	0	0	52	828	0	0	1120	527	0	0	160	0	0	8	20	0	430	9	0	0	0	0	0	0	1078	0	1005	79	14	1062	0	0	0	0	0	0	0	0	5	0	475	0	6	11	0	89	0	0	0	0	0	5	90	0	0	1	6	8	341	4	5
0	0	0	0	0	0	0	0	0	0	0	0	0	0	0	0	0	0	1	4	0	0	0	0	1	0	0	0	0	0	0	0	0	0	0	0	0	0	0	0	0	0	0	53	0	0	0	0	0	0	0	0	0	0	0	2	0	44	0	0	0	0	0	0	0	0	0	7	0	0	0	0	0	0	0
0	277	110	115	0	0	28	0	0	0	8	0	0	0	0	0	0	1	17	3	0	107	0	0	43	0	4	8	50	0	1	0	0	0	0	0	0	0	1	0	3	0	0	7	0	0	0	0	5	0	5	0	0	56	2	0	0	0	4	0	0	0	0	0	0	15	1	0	0	0	0	0	0	0	0
0	108	2	22	0	0	8	0	0	0	0	6	0	0	0	0	0	0	0	0	0	29	0	0	6	0	0	18	23	0	7	0	0	0	0	0	0	0	0	0	2	0	0	0	0	0	0	0	0	0	0	0	56	0	0	0	0	0	0	0	0	0	0	0	0	7	0	0	0	0	0	0	0	0	0
0	54	23	6	2	0	0	0	0	0	5	0	0	0	0	0	7	178	100	9	33	82	0	0	739	0	0	76	590	1	16	11	0	0	0	0	0	0	246	0	170	0	2	618	0	0	0	0	0	0	475	0	2	0	0	0	1	10	0	2	0	0	0	23	0	615	309	47	0	1	2	10	89	0	7
0	0	0	0	5	0	0	0	0	0	0	5	0	0	0	85	11	0	0	34	0	0	0	0	1	0	0	0	0	4	0	0	0	0	70	0	0	0	0	0	7	0	2	0	0	0	0	0	1	0	0	2	0	0	0	0	0	354	0	0	0	0	0	0	0	2	5	55	0	0	0	0	0	1	0
0	1121	0	0	0	0	0	0	0	0	66	0	0	0	0	0	0	6	0	0	0	263	0	0	0	0	0	0	7	0	1	0	0	0	0	0	0	0	0	0	1	0	0	0	0	0	0	0	0	0	6	0	0	0	1	0	0	0	0	0	0	0	0	0	0	0	1	0	0	0	0	0	0	0	0
0	7	9	4	0	0	12	0	1	0	19	0	0	17	0	78	1	17	2	7	5	5	0	0	19	0	0	3	34	124	0	1	11	0	37	0	0	0	11	0	13	0	15	2	0	80	0	0	0	5	11	44	0	0	10	354	0	0	0	0	0	0	0	0	4	34	31	83	0	6	2	2	11	4	0
0	308	2	0	0	0	0	0	0	0	0	0	0	0	0	0	0	0	5	0	0	112	0	0	0	0	0	6	0	0	0	0	0	0	0	0	0	0	0	0	0	0	0	0	0	0	0	0	7	0	0	0	4	0	0	0	0	0	0	0	0	0	0	0	0	0	0	0	0	0	0	0	0	0	0
0	0	2	1	12	0	0	0	0	0	0	0	0	0	0	0	0	8	6	0	4	3	0	0	57	0	1	1	59	0	0	0	0	0	0	0	0	0	34	0	74	0	0	95	0	0	0	0	0	0	89	0	0	0	2	0	0	0	0	0	0	0	0	45	0	155	1	1	0	125	0	0	94	0	0
0	0	0	0	0	0	0	0	0	0	0	0	0	0	0	0	0	0	0	0	0	0	0	0	0	0	0	0	0	0	0	0	0	0	0	0	0	0	0	0	0	0	0	0	0	0	0	0	0	0	0	0	0	0	0	0	0	0	0	0	0	0	0	0	0	0	0	0	0	0	0	0	0	0	0
0	0	0	0	0	0	0	0	0	0	0	0	0	0	0	0	0	0	0	0	0	0	0	0	0	0	0	0	0	0	0	0	0	0	0	0	0	0	0	0	0	0	0	0	0	0	0	0	0	0	0	0	0	0	0	0	0	0	0	0	0	0	0	0	0	0	0	0	0	0	0	0	0	0	0
0	0	0	0	0	0	0	0	0	0	0	0	0	0	0	0	0	0	0	0	0	0	0	0	0	0	0	0	0	0	0	0	0	0	0	0	0	0	0	0	0	0	0	0	0	0	0	0	0	0	0	0	0	0	0	0	0	0	0	0	0	0	0	0	0	0	0	0	0	0	0	0	0	0	0
0	0	0	1	8	0	0	0	0	0	0	0	0	0	0	0	32	8	3	2	0	0	0	0	0	0	2	30	0	0	0	59	0	9	0	0	0	0	97	0	4	3	8	125	0	0	0	0	0	3	0	0	0	0	23	0	0	0	0	45	0	0	0	0	30	14	0	2	0	160	0	5	11	13	1
0	0	0	0	6	0	0	0	0	0	0	0	0	1	0	0	0	0	0	46	6	0	0	0	1	0	26	0	2	0	0	0	0	0	0	0	0	0	1	0	0	0	0	1	0	0	0	0	0	0	0	0	0	0	0	0	0	4	0	0	0	0	0	30	0	0	0	283	0	104	0	0	12	0	0
0	5	35	13	0	0	0	0	0	0	4	0	0	0	14	0	3	161	173	4	5	191	0	0	655	0	0	115	659	0	4	184	0	15	0	0	0	0	580	1	145	0	5	150	0	0	0	0	0	0	5	0	15	7	615	2	0	34	0	155	0	0	0	14	0	0	163	1	0	2	1	115	0	0	1
0	52	176	0	3	0	0	0	1	0	102	0	1	1	0	1	1	212	1	1	21	25	0	0	78	0	0	5	77	0	1	98	0	1	0	0	0	0	252	0	50	0	19	23	0	0	0	0	0	0	90	0	1	0	309	5	1	31	0	1	0	0	0	0	0	163	0	12	0	0	12	208	31	14	2
0	5	0	0	1	5	0	0	20	0	0	9	0	18	0	3	337	18	0	9	1	0	0	0	27	0	196	0	0	0	0	0	0	1	0	0	0	0	53	0	13	3	10	6	0	8	0	0	0	14	0	7	0	0	47	55	0	83	0	1	0	0	0	2	283	1	12	0	0	111	7	3	10	8	9
0	0	0	0	0	0	0	0	0	0	0	0	0	0	0	0	0	0	0	0	0	0	0	0	0	0	0	0	0	0	0	0	0	0	0	0	0	0	0	0	0	0	0	0	0	0	0	0	0	0	0	0	0	0	0	0	0	0	0	0	0	0	0	0	0	0	0	0	0	0	0	0	0	0	0
0	0	0	0	1	0	0	0	0	0	0	0	0	0	0	1	34	1	0	2	0	1	0	0	0	0	46	0	0	0	1	0	0	0	0	0	0	0	1	10	10	10	2	3	0	0	0	0	0	14	1	0	0	0	1	0	0	6	0	125	0	0	0	160	104	2	0	111	0	0	0	0	0	20	1
0	0	10	12	2	0	3	0	0	0	1	0	0	0	0	5	0	0	0	60	2	1	0	0	3	0	3	3	1	1	0	0	0	0	0	0	0	0	0	0	2	0	55	2	0	0	0	0	0	0	6	0	0	0	2	0	0	2	0	0	0	0	0	0	0	1	12	7	0	0	0	2	0	2	0
0	0	0	0	5	0	0	0	0	0	0	0	0	0	0	0	0	0	43	0	10	0	0	0	114	0	0	22	7	0	0	0	0	0	0	0	0	0	88	0	0	0	4	61	0	0	0	0	0	0	8	0	0	0	10	0	0	2	0	0	0	0	0	5	0	115	208	3	0	0	2	0	0	0	0
0	0	37	0	0	0	0	0	0	0	1	0	81	0	0	0	16	85	1	8	51	60	0	0	34	0	0	0	154	0	101	0	0	0	0	0	0	0	62	0	185	9	0	20	0	8	0	0	0	0	341	0	0	0	89	0	0	11	0	94	0	0	0	11	12	0	31	10	0	0	0	0	0	0	0
0	0	0	0	0	0	0	0	0	0	0	0	0	0	0	0	0	0	1	1	0	0	0	0	1	0	5	3	1	0	0	0	0	0	0	0	0	0	8	0	0	0	2	8	0	0	0	0	0	0	4	0	0	0	0	1	0	4	0	0	0	0	0	13	0	0	14	8	0	20	2	0	0	0	0
0	2	0	50	0	0	20	0	0	0	0	0	0	0	0	2	0	1	0	26	0	38	0	0	6	0	0	0	7	0	0	0	0	0	0	0	0	0	0	0	410	0	38	1	0	0	0	0	4	0	5	0	0	0	7	0	0	0	0	0	0	0	0	1	0	1	2	9	0	1	0	0	0	0	0
