0	0	0	0	0	0	0	0	0	0	0	0	0	0	0	0	0	0	0	0	0	0	0	0	0	0	0	0	0	0	0	0	0	0	0	0	0	0	0	0	0	0	0	0	0	0	0	0	0	0	0	0	0	0	0	0	0	0	0	0	0	0	0	0	0	0	0	0	0	0	0	0	0	0	0
0	0	867	82	0	0	0	2	0	0	350	0	384	0	14	0	0	182	41	0	0	1057	0	0	4	0	0	0	0	0	2	0	0	20	0	0	0	0	2	0	46	0	114	0	0	0	0	0	266	0	2	0	944	368	10	2	1864	0	1102	36	0	0	2	2	0	19	315	0	0	0	48	38	0	0	2
0	867	0	28	3	0	0	1	0	0	0	0	134	0	1	3	0	97	24	0	293	94	0	0	32	13	0	0	104	0	0	234	0	18	0	0	1	0	9	1	55	1	346	41	0	0	0	0	91	0	234	0	365	31	73	0	273	0	13	2	0	0	0	0	48	63	594	0	0	2	79	7	0	1	1
0	82	28	0	8	0	210	1	167	0	610	0	1	8	6	328	34	8	14	9	8	257	0	0	6	11	0	0	24	31	242	0	41	71	2	0	0	0	1	13	80	43	460	2	0	188	0	0	27	29	3	0	362	16	3	0	29	10	37	37	0	0	11	5	77	2	174	6	0	5	285	1	0	21	258
0	0	3	8	0	0	0	5	25	0	1	0	25	30	3	7	13	21	17	11	61	2	0	0	7	9	48	0	1	0	7	213	33	80	5	0	11	0	777	484	126	183	171	1216	1	10	0	0	7	280	774	9	12	6	104	2	1	12	10	429	0	0	35	426	53	5	99	84	0	703	49	312	16	36	2
0	0	0	0	0	0	0	0	0	0	0	0	0	0	0	0	0	0	0	0	0	0	0	0	0	0	0	0	0	0	0	0	0	0	0	0	0	0	0	0	0	0	0	0	0	0	0	0	0	0	0	0	0	0	0	0	0	0	0	0	0	0	0	0	0	0	0	0	0	0	0	0	0	0	0
0	0	0	210	0	0	0	0	0	0	13	0	0	4	3	64	0	2	4	1	0	82	0	0	3	0	0	0	1	22	4	0	0	9	0	0	0	0	0	0	0	0	63	0	0	13	0	0	2	11	2	0	0	3	2	0	7	0	0	0	0	0	0	0	0	1	95	0	0	0	0	1	0	0	9
0	2	1	1	5	0	0	0	0	0	0	0	0	1	0	0	0	48	248	0	4	0	0	0	185	0	0	0	214	0	0	157	0	2	1	0	0	0	0	0	3	0	0	170	0	0	0	0	52	0	17	0	1	1	13	0	0	0	0	0	0	0	0	0	16	248	82	0	0	0	0	0	0	0	0
0	0	0	167	25	0	0	0	0	0	0	0	0	5	0	12	163	3	2	69	434	1	0	0	0	11	114	0	0	4	0	0	0	0	11	0	0	0	0	0	43	50	0	2	0	0	0	0	13	0	3	0	0	0	0	0	0	10	0	0	0	0	3	0	184	0	3	32	0	35	0	0	0	25	0
0	0	0	0	0	0	0	0	0	0	0	0	0	0	0	0	0	0	0	0	0	0	0	0	0	0	0	0	0	0	0	0	0	0	0	0	0	0	0	0	0	0	0	0	0	0	0	0	0	0	0	0	0	0	0	0	0	0	0	0	0	0	0	0	0	0	0	0	0	0	0	0	0	0	0
0	350	0	610	1	0	13	0	0	0	0	0	0	80	0	727	0	3	182	26	0	75	0	0	89	1	0	0	76	476	0	0	0	50	0	0	0	0	0	0	67	0	507	0	0	48	0	0	220	0	1	0	152	23	1	0	48	6	0	0	0	0	0	0	0	57	405	2	0	3	7	0	0	1	0
0	0	0	0	0	0	0	0	0	0	0	0	0	2	0	3	0	19	5	1	0	0	0	0	0	0	0	0	0	0	0	0	0	0	0	0	8	0	0	0	0	0	0	0	0	0	0	0	0	0	0	0	0	0	0	1	0	0	3	0	0	0	0	0	0	0	0	0	0	1	0	3	0	0	0
0	384	134	1	25	0	0	0	0	0	0	0	0	8	0	0	10	1	3	0	8	7	0	0	2	0	28	0	0	0	0	1	0	0	0	0	0	0	0	0	10	0	14	2	0	0	0	0	6	0	104	0	218	2	7	0	31	3	0	0	0	0	0	0	1	0	140	15	0	19	0	0	0	0	0
0	0	0	8	30	0	4	1	5	0	80	2	8	0	0	69	65	4	1	130	1	0	0	0	0	14	78	0	1	67	3	0	8	5	0	0	1	0	0	0	16	9	69	3	682	131	0	0	62	3	0	11	0	0	7	1	0	53	1	3	0	0	54	6	24	3	2	83	0	25	23	0	47	84	10
0	14	1	6	3	0	3	0	0	0	0	0	0	0	0	1	0	19	487	0	0	26	0	0	265	0	0	0	112	0	0	0	0	6	0	0	0	0	0	0	18	0	0	1	0	0	0	0	119	0	0	0	3	165	29	0	0	2	0	0	0	0	0	0	0	249	15	0	0	0	0	0	0	3	0
0	0	3	328	7	0	64	0	12	0	727	3	0	69	1	0	377	2	0	1057	6	0	0	0	17	1	77	0	3	1359	0	0	548	300	131	0	0	0	0	2	6	1	976	11	2	824	0	0	4	40	0	1	13	0	10	340	0	307	28	0	0	0	592	8	15	0	299	86	0	35	660	3	7	16	0
0	0	0	34	13	0	0	0	163	0	0	0	10	65	0	377	0	3	30	787	837	0	0	0	1	21	415	0	0	268	30	2	19	21	10	0	0	0	0	0	463	25	81	6	2	509	0	0	42	4	48	1	0	0	4	0	0	0	0	0	0	0	45	58	226	1	16	373	0	166	3	1	7	16	0
0	182	97	8	21	0	2	48	3	0	3	19	1	4	19	2	3	0	198	1	684	335	0	0	76	44	0	0	457	0	315	73	2	147	5	0	0	0	265	7	674	3	28	55	0	9	0	0	212	1	590	6	20	411	283	0	29	8	303	30	0	0	2	0	1	121	97	54	0	3	1	175	0	14	0
0	41	24	14	17	0	4	248	2	0	182	5	3	1	487	0	30	198	0	1	22	151	0	0	824	3	0	0	1180	2	224	810	5	210	0	0	12	0	709	34	86	0	15	428	0	0	0	0	420	4	47	47	336	149	609	0	30	7	184	264	0	0	2	8	0	1198	56	71	0	14	43	177	0	16	45
0	0	0	9	11	0	1	0	69	0	26	1	0	130	0	1057	787	1	1	0	45	1	0	0	36	0	74	0	0	1171	1	0	369	128	167	0	0	0	1	0	13	5	499	8	14	912	0	0	10	21	3	97	18	0	5	345	0	462	51	0	0	0	660	8	173	0	4	230	0	13	294	7	94	26	7
0	0	293	8	61	0	0	4	434	0	0	0	8	1	0	6	837	684	22	45	0	45	0	0	7	39	18	0	5	1	1088	314	126	154	9	0	4	0	0	6	922	0	339	81	0	4	0	0	8	2	2128	0	28	2	49	0	2	3	4	86	0	0	0	6	45	9	211	68	0	86	817	574	8	11	2
0	1057	94	257	2	0	82	0	1	0	75	0	7	0	26	0	0	335	151	1	45	0	0	0	80	0	0	0	207	3	491	6	0	83	0	0	0	0	8	18	483	0	0	2	0	2	0	0	236	1	303	10	795	800	32	0	313	1	458	48	0	0	1	0	0	48	19	0	0	2	25	87	0	5	77
0	0	0	0	0	0	0	0	0	0	0	0	0	0	0	0	0	0	0	0	0	0	0	0	0	0	0	0	0	0	0	0	0	0	0	0	0	0	0	0	0	0	0	0	0	0	0	0	0	0	0	0	0	0	0	0	0	0	0	0	0	0	0	0	0	0	0	0	0	0	0	0	0	0	0
0	0	0	0	0	0	0	0	0	0	0	0	0	0	0	0	0	0	0	0	0	0	0	0	0	0	0	0	0	0	0	0	0	0	0	0	0	0	0	0	0	0	0	0	0	0	0	0	0	0	0	0	0	0	0	0	0	0	0	0	0	0	0	0	0	0	0	0	0	0	0	0	0	0	0
0	4	32	6	7	0	3	185	0	0	89	0	2	0	265	17	1	76	824	36	7	80	0	0	0	1	0	0	490	7	139	54	0	113	0	0	0	0	422	31	47	0	15	10	0	0	0	0	199	10	52	20	246	15	515	2	29	4	164	45	0	0	3	5	3	717	87	24	0	10	60	243	0	12	23
0	0	13	11	9	0	0	0	11	0	1	0	0	14	0	1	21	44	3	0	39	0	0	0	1	0	0	0	0	1	5	33	13	5	0	0	0	0	0	0	0	14	25	10	4	16	0	0	109	4	42	11	2	0	68	0	0	24	6	19	0	0	3	9	6	4	58	8	0	17	39	35	0	32	14
0	0	0	0	48	0	0	0	114	0	0	0	28	78	0	77	415	0	0	74	18	0	0	0	0	0	0	0	0	0	0	0	24	0	0	0	122	0	0	62	0	101	45	3	2	40	0	0	0	150	0	0	0	0	28	56	2	31	0	142	0	0	76	472	301	0	78	571	0	408	4	0	12	119	2
0	0	0	0	0	0	0	0	0	0	0	0	0	0	0	0	0	0	0	0	0	0	0	0	0	0	0	0	0	0	0	0	0	0	0	0	0	0	0	0	0	0	0	0	0	0	0	0	0	0	0	0	0	0	0	0	0	0	0	0	0	0	0	0	0	0	0	0	0	0	0	0	0	0	0
0	0	104	24	1	0	1	214	0	0	76	0	0	1	112	3	0	457	1180	0	5	207	0	0	490	0	0	0	0	2	314	6	0	238	0	0	1	0	148	47	195	0	27	18	0	0	0	0	372	17	47	61	304	87	185	0	27	2	80	115	0	0	1	0	4	548	23	3	0	1	52	96	0	8	42
0	0	0	31	0	0	22	0	4	0	476	0	0	67	0	1359	268	0	2	1171	1	3	0	0	7	1	0	0	2	0	0	0	471	146	415	0	2	0	0	7	1	0	884	1	2	915	0	0	0	22	0	1	19	4	2	511	0	817	2	0	0	0	724	35	1	0	191	15	0	2	542	1	0	1	0
0	2	0	242	7	0	4	0	0	0	0	0	0	3	0	0	30	315	224	1	1088	491	0	0	139	5	0	0	314	0	0	0	0	3	0	0	0	0	0	0	659	0	19	2	0	0	0	0	146	0	380	0	38	160	2	0	0	0	0	0	0	0	0	0	1	21	34	1	0	2	3	4	0	7	0
0	0	234	0	213	0	0	157	0	0	0	0	1	0	0	0	2	73	810	0	314	6	0	0	54	33	0	0	6	0	0	0	6	262	9	0	0	0	885	3	73	6	20	1160	0	0	0	0	23	0	1600	0	1	0	751	0	1	0	1	8	0	0	0	33	2	843	430	1	0	0	72	694	0	32	0
0	0	0	41	33	0	0	0	0	0	0	0	0	8	0	548	19	2	5	369	126	0	0	0	0	13	24	0	0	471	0	6	0	0	458	0	0	0	0	0	8	38	326	6	0	28	0	0	19	0	25	0	0	0	7	64	0	139	0	0	0	0	4	0	221	8	15	152	0	57	3	0	9	26	0
0	20	18	71	80	0	9	2	0	0	50	0	0	5	6	300	21	147	210	128	154	83	0	0	113	5	0	0	238	146	3	262	0	0	16	0	0	0	8	0	235	0	338	197	0	56	0	0	72	2	406	0	19	70	67	0	1	6	32	0	0	0	0	0	0	228	378	1	0	1	16	7	0	2	28
0	0	0	2	5	0	0	1	11	0	0	0	0	0	0	131	10	5	0	167	9	0	0	0	0	0	0	0	0	415	0	9	458	16	0	0	3	0	4	1	2	4	1	0	0	14	0	0	1	0	8	0	0	0	5	532	3	509	0	1	0	0	488	11	30	0	1	30	0	10	4	0	0	29	0
0	0	0	0	0	0	0	0	0	0	0	0	0	0	0	0	0	0	0	0	0	0	0	0	0	0	0	0	0	0	0	0	0	0	0	0	0	0	0	0	0	0	0	0	0	0	0	0	0	0	0	0	0	0	0	0	0	0	0	0	0	0	0	0	0	0	0	0	0	0	0	0	0	0	0
0	0	1	0	11	0	0	0	0	0	0	8	0	1	0	0	0	0	12	0	4	0	0	0	0	0	122	0	1	2	0	0	0	0	3	0	0	0	0	0	5	0	0	0	0	0	0	0	0	0	0	0	0	0	1	0	0	7	0	0	0	0	7	0	200	0	7	226	0	54	0	0	0	11	0
0	0	0	0	0	0	0	0	0	0	0	0	0	0	0	0	0	0	0	0	0	0	0	0	0	0	0	0	0	0	0	0	0	0	0	0	0	0	0	0	0	0	0	0	0	0	0	0	0	0	0	0	0	0	0	0	0	0	0	0	0	0	0	0	0	0	0	0	0	0	0	0	0	0	0
0	2	9	1	777	0	0	0	0	0	0	0	0	0	0	0	0	265	709	1	0	8	0	0	422	0	0	0	148	0	0	885	0	8	4	0	0	0	0	0	100	2	6	563	0	0	0	0	36	0	709	0	5	48	90	0	3	1	0	0	0	0	0	0	1	454	374	0	0	7	0	3	0	19	0
0	0	1	13	484	0	0	0	0	0	0	0	0	0	0	2	0	7	34	0	6	18	0	0	31	0	62	0	47	7	0	3	0	0	1	0	0	0	0	0	230	0	3	373	0	0	0	0	13	0	274	0	0	5	4	0	0	1	0	0	0	0	0	0	11	94	39	12	0	230	0	0	2	3	0
0	46	55	80	126	0	0	3	43	0	67	0	10	16	18	6	463	674	86	13	922	483	0	0	47	0	0	0	195	1	659	73	8	235	2	0	5	0	100	230	0	1	226	74	12	215	0	0	46	4	883	0	65	244	96	0	13	2	264	476	0	0	2	15	40	34	71	123	0	27	87	283	14	28	219
0	0	1	43	183	0	0	0	50	0	0	0	0	9	0	1	25	3	0	5	0	0	0	0	0	14	101	0	0	0	0	6	38	0	4	0	0	0	2	0	1	0	2	12	2	0	0	0	27	121	161	0	1	0	0	0	0	0	5	72	0	0	2	270	97	0	8	13	0	434	0	3	7	41	1
0	114	346	460	171	0	63	0	0	0	507	0	14	69	0	976	81	28	15	499	339	0	0	0	15	25	45	0	27	884	19	20	326	338	1	0	0	0	6	3	226	2	0	74	1	123	0	0	145	0	263	4	8	0	31	134	34	9	11	6	0	0	90	0	34	3	830	116	0	77	430	13	5	40	84
0	0	41	2	1216	0	0	170	2	0	0	0	2	3	1	11	6	55	428	8	81	2	0	0	10	10	3	0	18	1	2	1160	6	197	0	0	0	0	563	373	74	12	74	0	0	9	0	0	6	93	685	1	23	4	379	3	8	16	16	465	0	0	2	139	7	159	60	25	0	40	63	471	0	44	11
0	0	0	0	1	0	0	0	0	0	0	0	0	682	0	2	2	0	0	14	0	0	0	0	0	4	2	0	0	2	0	0	0	0	0	0	0	0	0	0	12	2	1	0	0	0	0	0	5	0	0	0	0	4	0	0	0	1	0	0	0	0	0	0	2	0	0	6	0	0	0	0	0	0	0
0	0	0	188	10	0	13	0	0	0	48	0	0	131	0	824	509	9	0	912	4	2	0	0	0	16	40	0	0	915	0	0	28	56	14	0	0	0	0	0	215	0	123	9	0	0	0	0	50	0	1	346	1	0	9	2	0	602	0	0	0	0	11	0	3	4	12	93	0	58	0	6	2	22	0
0	0	0	0	0	0	0	0	0	0	0	0	0	0	0	0	0	0	0	0	0	0	0	0	0	0	0	0	0	0	0	0	0	0	0	0	0	0	0	0	0	0	0	0	0	0	0	0	0	0	0	0	0	0	0	0	0	0	0	0	0	0	0	0	0	0	0	0	0	0	0	0	0	0	0
0	0	0	0	0	0	0	0	0	0	0	0	0	0	0	0	0	0	0	0	0	0	0	0	0	0	0	0	0	0	0	0	0	0	0	0	0	0	0	0	0	0	0	0	0	0	0	0	0	0	0	0	0	0	0	0	0	0	0	0	0	0	0	0	0	0	0	0	0	0	0	0	0	0	0
0	266	91	27	7	0	2	52	13	0	220	0	6	62	119	4	42	212	420	10	8	236	0	0	199	109	0	0	372	0	146	23	19	72	1	0	0	0	36	13	46	27	145	6	5	50	0	0	0	1	14	31	261	45	183	0	141	37	28	78	0	0	13	12	31	332	67	35	0	8	25	32	0	46	24
0	0	0	29	280	0	11	0	0	0	0	0	0	3	0	40	4	1	4	21	2	1	0	0	10	4	150	0	17	22	0	0	0	2	0	0	0	0	0	0	4	121	0	93	0	0	0	0	1	0	16	0	2	2	0	0	0	1	0	0	0	0	0	0	8	2	2	221	0	159	1	0	11	15	0
0	2	234	3	774	0	2	17	3	0	1	0	104	0	0	0	48	590	47	3	2128	303	0	0	52	42	0	0	47	0	380	1600	25	406	8	0	0	0	709	274	883	161	263	685	0	1	0	0	14	16	0	3	87	4	297	0	3	2	202	413	0	0	1	13	1	55	332	0	0	0	324	650	0	60	13
0	0	0	0	9	0	0	0	0	0	0	0	0	11	0	1	1	6	47	97	0	10	0	0	20	11	0	0	61	1	0	0	0	0	0	0	0	0	0	0	0	0	4	1	0	346	0	0	31	0	3	0	12	25	1	2	0	435	0	0	0	0	4	0	0	0	1	1	0	1	0	0	0	7	0
0	944	365	362	12	0	0	1	0	0	152	0	218	0	3	13	0	20	336	18	28	795	0	0	246	2	0	0	304	19	38	1	0	19	0	0	0	0	5	0	65	1	8	23	0	1	0	0	261	2	87	12	0	566	3	0	290	2	433	28	0	0	0	2	2	142	357	14	0	20	28	31	0	2	1
0	368	31	16	6	0	3	1	0	0	23	0	2	0	165	0	0	411	149	0	2	800	0	0	15	0	0	0	87	4	160	0	0	70	0	0	0	0	48	5	244	0	0	4	4	0	0	0	45	2	4	25	566	0	60	0	205	2	643	16	0	0	0	0	1	5	7	1	0	1	14	4	0	5	7
0	10	73	3	104	0	2	13	0	0	1	0	7	7	29	10	4	283	609	5	49	32	0	0	515	68	28	0	185	2	2	751	7	67	5	0	1	0	90	4	96	0	31	379	0	9	0	0	183	0	297	1	3	60	0	0	3	35	30	3	0	0	0	0	21	552	282	90	0	6	14	96	4	27	9
0	2	0	0	2	0	0	0	0	0	0	1	0	1	0	340	0	0	0	345	0	0	0	0	2	0	56	0	0	511	0	0	64	0	532	0	0	0	0	0	0	0	134	3	0	2	0	0	0	0	0	2	0	0	0	0	0	437	0	0	0	0	121	0	23	1	16	2	0	1	0	0	0	5	0
0	1864	273	29	1	0	7	0	0	0	48	0	31	0	0	0	0	29	30	0	2	313	0	0	29	0	2	0	27	0	0	1	0	1	3	0	0	0	3	0	13	0	34	8	0	0	0	0	141	0	3	0	290	205	3	0	0	0	150	0	0	0	0	0	0	21	73	0	0	0	0	2	0	0	0
0	0	0	10	12	0	0	0	10	0	6	0	3	53	2	307	0	8	7	462	3	1	0	0	4	24	31	0	2	817	0	0	139	6	509	0	7	0	1	1	2	0	9	16	1	602	0	0	37	1	2	435	2	2	35	437	0	0	12	0	0	0	482	19	9	9	6	165	0	11	0	0	0	47	16
0	1102	13	37	10	0	0	0	0	0	0	3	0	1	0	28	0	303	184	51	4	458	0	0	164	6	0	0	80	2	0	1	0	32	0	0	0	0	0	0	264	5	11	16	0	0	0	0	28	0	202	0	433	643	30	0	150	12	0	0	0	0	0	0	0	127	124	20	0	4	0	0	0	0	0
0	36	2	37	429	0	0	0	0	0	0	0	0	3	0	0	0	30	264	0	86	48	0	0	45	19	142	0	115	0	0	8	0	0	1	0	0	0	0	0	476	72	6	465	0	0	0	0	78	0	413	0	28	16	3	0	0	0	0	0	0	0	0	0	0	259	39	30	0	371	1	0	0	5	0
0	0	0	0	0	0	0	0	0	0	0	0	0	0	0	0	0	0	0	0	0	0	0	0	0	0	0	0	0	0	0	0	0	0	0	0	0	0	0	0	0	0	0	0	0	0	0	0	0	0	0	0	0	0	0	0	0	0	0	0	0	0	0	0	0	0	0	0	0	0	0	0	0	0	0
0	0	0	0	0	0	0	0	0	0	0	0	0	0	0	0	0	0	0	0	0	0	0	0	0	0	0	0	0	0	0	0	0	0	0	0	0	0	0	0	0	0	0	0	0	0	0	0	0	0	0	0	0	0	0	0	0	0	0	0	0	0	0	0	0	0	0	0	0	0	0	0	0	0	0
0	2	0	11	35	0	0	0	3	0	0	0	0	54	0	592	45	2	2	660	0	1	0	0	3	3	76	0	1	724	0	0	4	0	488	0	7	0	0	0	2	2	90	2	0	11	0	0	13	0	1	4	0	0	0	121	0	482	0	0	0	0	0	0	18	3	0	21	0	82	1	0	7	40	0
0	2	0	5	426	0	0	0	0	0	0	0	0	6	0	8	58	0	8	8	6	0	0	0	5	9	472	0	0	35	0	33	0	0	11	0	0	0	0	0	15	270	0	139	0	0	0	0	12	0	13	0	2	0	0	0	0	19	0	0	0	0	0	0	109	0	4	695	0	552	0	0	4	20	0
0	0	48	77	53	0	0	16	184	0	0	0	1	24	0	15	226	1	0	173	45	0	0	0	3	6	301	0	4	1	1	2	221	0	30	0	200	0	1	11	40	97	34	7	2	3	0	0	31	8	1	0	2	1	21	23	0	9	0	0	0	0	18	109	0	1	8	1548	0	84	27	9	2	171	0
0	19	63	2	5	0	1	248	0	0	57	0	0	3	249	0	1	121	1198	0	9	48	0	0	717	4	0	0	548	0	21	843	8	228	0	0	0	0	454	94	34	0	3	159	0	4	0	0	332	2	55	0	142	5	552	1	21	9	127	259	0	0	3	0	1	0	319	0	0	0	13	415	0	10	26
0	315	594	174	99	0	95	82	3	0	405	0	140	2	15	299	16	97	56	4	211	19	0	0	87	58	78	0	23	191	34	430	15	378	1	0	7	0	374	39	71	8	830	60	0	12	0	0	67	2	332	1	357	7	282	16	73	6	124	39	0	0	0	4	8	319	0	45	0	1	525	385	0	14	50
0	0	0	6	84	0	0	0	32	0	2	0	15	83	0	86	373	54	71	230	68	0	0	0	24	8	571	0	3	15	1	1	152	1	30	0	226	0	0	12	123	13	116	25	6	93	0	0	35	221	0	1	14	1	90	2	0	165	20	30	0	0	21	695	1548	0	45	0	0	336	39	3	42	336	20
0	0	0	0	0	0	0	0	0	0	0	0	0	0	0	0	0	0	0	0	0	0	0	0	0	0	0	0	0	0	0	0	0	0	0	0	0	0	0	0	0	0	0	0	0	0	0	0	0	0	0	0	0	0	0	0	0	0	0	0	0	0	0	0	0	0	0	0	0	0	0	0	0	0	0
0	0	2	5	703	0	0	0	35	0	3	1	19	25	0	35	166	3	14	13	86	2	0	0	10	17	408	0	1	2	2	0	57	1	10	0	54	0	7	230	27	434	77	40	0	58	0	0	8	159	0	1	20	1	6	1	0	11	4	371	0	0	82	552	84	0	1	336	0	0	36	3	33	89	6
0	48	79	285	49	0	0	0	0	0	7	0	0	23	0	660	3	1	43	294	817	25	0	0	60	39	4	0	52	542	3	72	3	16	4	0	0	0	0	0	87	0	430	63	0	0	0	0	25	1	324	0	28	14	14	0	0	0	0	1	0	0	1	0	27	13	525	39	0	36	0	5	3	18	1
0	38	7	1	312	0	1	0	0	0	0	3	0	0	0	3	1	175	177	7	574	87	0	0	243	35	0	0	96	1	4	694	0	7	0	0	0	0	3	0	283	3	13	471	0	6	0	0	32	0	650	0	31	4	96	0	2	0	0	0	0	0	0	0	9	415	385	3	0	3	5	0	0	13	0
0	0	0	0	16	0	0	0	0	0	0	0	0	47	0	7	7	0	0	94	8	0	0	0	0	0	12	0	0	0	0	0	9	0	0	0	0	0	0	2	14	7	5	0	0	2	0	0	0	11	0	0	0	0	4	0	0	0	0	0	0	0	7	4	2	0	0	42	0	33	3	0	0	2	0
0	0	1	21	36	0	0	0	25	0	1	0	0	84	3	16	16	14	16	26	11	5	0	0	12	32	119	0	8	1	7	32	26	2	29	0	11	0	19	3	28	41	40	44	0	22	0	0	46	15	60	7	2	5	27	5	0	47	0	5	0	0	40	20	171	10	14	336	0	89	18	13	2	0	2
0	2	1	258	2	0	9	0	0	0	0	0	0	10	0	0	0	0	45	7	2	77	0	0	23	14	2	0	42	0	0	0	0	28	0	0	0	0	0	0	219	1	84	11	0	0	0	0	24	0	13	0	1	7	9	0	0	16	0	0	0	0	0	0	0	26	50	20	0	6	1	0	0	2	0
