0	0	0	0	0	0	0	0	0	0	0	0	0	0	0	0	0	0	0	0	0	0	0	0	0	0	0	0	0	0	0	0	0	0	0	0	0	0	0	0	0	0	0	0	0	0	0	0	0	0	0	0	0	0	0	0	0	0	0	0	0	0	0	0	0	0	0	0	0	0	0	0	0	0	0
0	0	74	0	0	0	0	1	0	0	0	0	2	0	0	0	0	9	0	0	0	18	0	0	0	0	0	11	31	0	0	0	0	0	0	0	0	0	0	0	4	0	2	0	0	0	0	0	2	0	0	0	22	47	0	0	372	0	46	0	0	0	0	0	0	0	18	0	0	0	0	0	0	0	0
0	74	0	0	0	0	0	0	0	0	0	0	2	0	0	0	0	34	1	0	7	5	0	0	0	0	0	7	0	8	0	0	0	61	0	4	0	0	0	0	3	0	326	1	0	0	0	2	0	0	0	0	90	0	3	0	301	0	0	2	0	2	0	0	0	0	235	0	0	0	237	2	0	0	0
0	0	0	0	0	0	63	2	6	0	482	0	0	0	0	116	0	0	8	0	0	134	4	0	0	0	0	18	0	5	104	0	0	194	0	1	26	0	0	0	9	0	397	0	0	172	0	0	28	0	0	0	214	2	0	0	3	4	30	8	0	0	0	0	0	0	97	0	0	0	8	0	0	0	0
0	0	0	0	0	1	0	0	0	0	0	0	0	0	0	0	0	0	0	0	0	0	0	0	0	0	0	0	0	0	0	0	0	0	0	4	0	0	0	0	1	0	0	1	0	0	0	0	0	0	0	0	0	0	0	0	0	0	0	3	0	0	0	0	0	0	0	0	0	0	0	0	0	0	0
0	0	0	0	1	0	0	0	0	0	0	0	0	1	0	12	0	180	0	3	423	0	0	0	3	0	12	2	0	53	45	0	0	146	0	1	0	0	0	89	371	0	246	14	0	0	0	0	0	0	3	0	1	1	1	0	0	0	0	3	0	1	0	0	1	0	14	0	0	0	0	1	0	0	0
0	0	0	63	0	0	0	0	0	0	9	0	0	0	0	4	0	1	0	0	0	0	0	0	0	0	0	0	0	0	3	0	0	8	0	0	2	0	0	0	1	0	25	0	0	0	0	0	5	0	0	0	3	0	0	0	0	0	0	0	0	0	0	0	0	0	8	0	0	0	5	0	0	0	0
0	1	0	2	0	0	0	0	0	0	0	0	0	0	0	0	0	22	462	0	0	8	0	0	28	0	0	31	7	6	2	7	1	220	0	0	0	0	0	57	71	0	1	68	0	0	0	35	0	0	2	0	41	80	308	1	9	0	0	190	0	2	4	0	0	885	25	0	0	0	0	512	0	0	0
0	0	0	6	0	0	0	0	0	0	0	0	0	0	0	2	0	0	0	0	206	0	0	0	0	0	0	0	0	8	0	0	0	6	1	0	0	0	0	0	0	0	0	0	0	0	0	0	0	0	0	0	0	0	0	0	0	0	0	0	0	0	0	0	1	0	0	4	0	0	1	0	0	0	0
0	0	0	0	0	0	0	0	0	0	0	0	0	0	0	0	0	0	0	0	0	0	0	0	0	0	0	0	0	0	0	0	0	0	0	1	0	0	0	0	0	1	0	0	0	1	0	0	0	0	0	0	0	0	0	0	0	0	0	0	0	0	0	1	1	0	0	1	0	0	1	0	0	0	0
0	0	0	482	0	0	9	0	0	0	0	0	0	0	0	76	0	1	0	7	0	0	0	0	1	0	0	0	7	31	2	0	0	168	0	0	0	0	0	0	127	0	509	0	0	0	0	0	0	0	0	0	0	1	0	0	147	4	0	2	0	0	0	0	0	0	54	0	0	0	96	0	0	0	0
0	0	0	0	0	0	0	0	0	0	0	0	0	0	0	7	0	0	0	50	0	0	0	0	0	0	0	0	0	76	0	0	0	0	4	0	0	0	0	2	1	0	0	0	0	0	0	0	0	0	0	0	0	0	0	0	0	4	0	1	0	0	0	0	0	0	0	0	0	0	0	0	3	0	0
0	2	2	0	0	0	0	0	0	0	0	0	0	0	0	0	0	3	0	0	0	0	0	2	0	0	0	0	0	0	0	0	0	4	0	2	0	0	0	9	1	0	0	1	0	0	0	0	0	0	0	0	0	0	0	0	0	0	1	0	0	0	0	0	1	3	9	0	0	0	0	0	0	0	0
0	0	0	0	0	1	0	0	0	0	0	0	0	0	0	8	4	0	0	0	0	0	0	0	0	0	6	0	0	43	0	0	0	0	0	0	0	0	0	0	4	0	1	0	18	6	0	0	0	0	0	0	0	0	1	0	0	2	0	8	0	2	0	1	1	0	0	3	0	0	0	0	4	0	0
0	0	0	0	0	0	0	0	0	0	0	0	0	0	0	0	0	0	0	0	0	0	0	0	0	0	0	0	0	0	0	0	0	0	0	0	0	0	0	0	0	0	0	0	0	0	0	0	0	0	0	0	0	0	0	0	0	0	0	0	0	0	0	0	0	0	0	0	0	0	0	0	0	0	0
0	0	0	116	0	12	4	0	2	0	76	7	0	8	0	0	3	0	0	260	0	1	3	3	0	0	0	0	0	311	0	0	52	99	0	0	6	0	0	9	10	0	477	0	0	92	1	0	0	0	0	0	0	0	0	42	0	42	0	0	0	0	39	0	0	0	49	17	0	0	122	2	1	0	0
0	0	0	0	0	0	0	0	0	0	0	0	0	4	0	3	0	1	0	81	0	0	0	39	0	0	30	0	0	149	0	0	0	2	8	0	0	0	0	0	1	0	1	0	0	0	0	0	0	0	0	0	0	0	3	36	0	19	0	0	0	0	0	0	1	0	0	0	0	0	0	0	0	0	0
0	9	34	0	0	180	1	22	0	0	1	0	3	0	0	0	1	0	5	2	203	130	3	0	5	2	15	280	7	15	178	0	11	126	4	2	0	0	0	11	776	0	24	25	0	2	3	0	0	0	6	0	0	62	25	0	8	2	4	9	0	1	0	0	1	5	6	6	0	0	2	25	0	0	0
0	0	1	8	0	0	0	462	0	0	0	0	0	0	0	0	0	5	0	1	2	1	0	2	21	0	0	0	11	3	8	0	0	0	0	0	0	0	0	23	54	0	1	7	0	0	0	0	0	0	0	0	0	7	4	0	3	0	1	23	0	0	0	0	1	82	0	0	0	0	0	0	0	0	0
0	0	0	0	0	3	0	0	0	0	7	50	0	0	0	260	81	2	1	0	0	0	0	1	0	0	0	0	0	134	0	0	33	82	0	0	0	0	0	1	2	0	189	0	0	70	0	0	0	0	0	0	0	0	0	97	0	42	0	0	0	4	13	2	1	0	2	1	0	0	0	0	10	0	0
0	0	7	0	0	423	0	0	206	0	0	0	0	0	0	0	0	203	2	0	0	0	2	0	1	0	0	209	7	85	278	6	24	218	0	505	0	0	0	20	869	0	126	2	0	18	3	0	0	0	172	0	0	1	0	0	2	0	0	32	0	60	0	0	0	0	2	0	0	0	76	110	2	0	0
0	18	5	134	0	0	0	8	0	0	0	0	0	0	0	1	0	130	1	0	0	0	0	0	7	0	0	41	270	6	40	0	0	22	0	0	1	0	0	0	227	0	0	0	0	0	0	0	0	0	5	0	101	210	2	0	259	0	0	2	0	0	0	0	0	0	1	0	0	0	0	16	0	0	0
0	0	0	4	0	0	0	0	0	0	0	0	0	0	0	3	0	3	0	0	2	0	0	0	0	0	0	0	0	10	0	0	0	30	0	1	0	0	0	0	0	0	12	0	0	0	0	0	0	0	0	0	0	0	0	0	0	0	0	0	0	0	0	0	0	0	2	0	0	0	0	0	0	0	0
0	0	0	0	0	0	0	0	0	0	0	0	2	0	0	3	39	0	2	1	0	0	0	0	0	0	0	0	0	11	6	0	2	0	14	3	1	0	0	0	1	0	0	0	0	1	0	0	0	0	0	7	4	0	0	31	0	14	0	1	0	0	13	0	0	0	0	0	0	0	0	0	0	0	0
0	0	0	0	0	3	0	28	0	0	1	0	0	0	0	0	0	5	21	0	1	7	0	0	0	0	0	5	0	2	7	0	0	2	1	1	0	0	0	0	4	0	0	0	0	0	0	0	2	0	0	0	7	10	6	0	1	0	0	0	0	0	0	0	0	26	1	0	0	0	0	10	0	0	0
0	0	0	0	0	0	0	0	0	0	0	0	0	0	0	0	0	2	0	0	0	0	0	0	0	0	0	0	0	1	0	0	0	0	0	0	0	0	0	0	0	0	0	0	2	0	0	0	0	0	0	0	0	0	0	0	0	0	0	0	0	0	0	0	0	0	0	1	0	0	0	0	1	0	0
0	0	0	0	0	12	0	0	0	0	0	0	0	6	0	0	30	15	0	0	0	0	0	0	0	0	0	0	0	6	0	0	6	0	2	22	228	0	0	4	0	150	7	1	0	22	0	0	0	26	0	0	0	0	1	0	0	0	0	18	0	6	4	298	45	0	0	312	0	0	6	0	86	0	0
0	11	7	18	0	2	0	31	0	0	0	0	0	0	0	0	0	280	0	0	209	41	0	0	5	0	0	0	0	24	12	0	0	30	0	0	0	0	0	0	414	0	19	6	0	0	2	0	0	0	0	0	0	12	18	0	3	5	0	0	0	0	0	0	0	0	6	0	0	0	0	0	0	0	0
0	31	0	0	0	0	0	7	0	0	7	0	0	0	0	0	0	7	11	0	7	270	0	0	0	0	0	0	0	0	12	0	0	0	0	3	0	0	0	6	6	0	0	2	0	0	0	5	8	0	0	0	290	136	0	0	69	0	11	5	0	0	0	0	0	8	1	0	0	0	0	10	0	0	0
0	0	8	5	0	53	0	6	8	0	31	76	0	43	0	311	149	15	3	134	85	6	10	11	2	1	6	24	0	0	30	0	222	72	64	81	33	0	0	19	20	2	388	81	3	417	1	3	14	1	42	3	19	4	10	267	0	332	0	59	0	3	125	43	31	7	185	115	0	0	3	50	74	0	0
0	0	0	104	0	45	3	2	0	0	2	0	0	0	0	0	0	178	8	0	278	40	0	6	7	0	0	12	12	30	0	0	0	2	0	1	0	0	0	89	746	0	0	0	0	0	4	0	12	0	0	0	29	15	0	0	0	0	1	16	0	0	0	0	0	0	0	0	0	0	0	2	0	0	0
0	0	0	0	0	0	0	7	0	0	0	0	0	0	0	0	0	0	0	0	6	0	0	0	0	0	0	0	0	0	0	0	0	0	0	7	0	0	0	27	0	0	0	107	0	0	0	0	0	0	0	0	0	0	4	0	0	0	0	0	0	0	0	0	0	38	0	0	0	0	0	0	0	0	0
0	0	0	0	0	0	0	1	0	0	0	0	0	0	0	52	0	11	0	33	24	0	0	2	0	0	6	0	0	222	0	0	0	0	1	6	0	0	0	2	0	3	191	0	0	0	0	0	0	0	0	0	0	0	0	0	0	9	0	7	0	0	0	0	21	0	0	0	0	0	18	0	25	0	0
0	0	61	194	0	146	8	220	6	0	168	0	4	0	0	99	2	126	0	82	218	22	30	0	2	0	0	30	0	72	2	0	0	0	0	2	0	0	0	44	325	0	331	18	0	124	2	4	4	0	2	0	2	17	6	0	11	0	10	0	0	0	2	0	0	4	224	2	0	0	200	46	0	0	0
0	0	0	0	0	0	0	0	1	0	0	4	0	0	0	0	8	4	0	0	0	0	0	14	1	0	2	0	0	64	0	0	1	0	0	0	0	0	0	0	0	1	0	0	0	2	0	0	0	0	0	0	0	0	0	10	3	1	0	0	0	1	2	0	2	0	0	1	0	0	0	0	1	0	0
0	0	4	1	4	1	0	0	0	1	0	0	2	0	0	0	0	2	0	0	505	0	1	3	1	0	22	0	3	81	1	7	6	2	0	0	0	0	0	283	40	348	18	439	0	0	1	3	0	3	22	0	0	0	4	0	0	0	0	252	0	0	0	222	1	0	3	1	0	0	2	127	0	0	0
0	0	0	26	0	0	2	0	0	0	0	0	0	0	0	6	0	0	0	0	0	1	0	1	0	0	228	0	0	33	0	0	0	0	0	0	0	0	0	0	3	0	0	2	0	2	0	0	0	0	0	0	0	0	0	0	0	3	0	0	0	0	0	0	53	0	0	35	0	0	0	0	0	0	0
0	0	0	0	0	0	0	0	0	0	0	0	0	0	0	0	0	0	0	0	0	0	0	0	0	0	0	0	0	0	0	0	0	0	0	0	0	0	0	0	0	0	0	0	0	0	0	0	0	0	0	0	0	0	0	0	0	0	0	0	0	0	0	0	0	0	0	0	0	0	0	0	0	0	0
0	0	0	0	0	0	0	0	0	0	0	0	0	0	0	0	0	0	0	0	0	0	0	0	0	0	0	0	0	0	0	0	0	0	0	0	0	0	0	0	0	0	0	0	0	0	0	0	0	0	0	0	0	0	0	0	0	0	0	0	0	0	0	0	0	0	0	0	0	0	0	0	0	0	0
0	0	0	0	0	89	0	57	0	0	0	2	9	0	0	9	0	11	23	1	20	0	0	0	0	0	4	0	6	19	89	27	2	44	0	283	0	0	0	0	316	24	30	193	0	27	1	0	1	1	74	0	3	1	1	0	0	12	0	471	0	1	0	112	1	13	10	3	0	0	13	105	2	0	0
0	4	3	9	1	371	1	71	0	0	127	1	1	4	0	10	1	776	54	2	869	227	0	1	4	0	0	414	6	20	746	0	0	325	0	40	3	0	0	316	0	0	82	6	0	142	2	2	24	0	83	0	49	69	2	0	18	3	26	387	0	158	7	0	16	4	59	54	0	0	0	241	0	0	0
0	0	0	0	0	0	0	0	0	1	0	0	0	0	0	0	0	0	0	0	0	0	0	0	0	0	150	0	0	2	0	0	3	0	1	348	0	0	0	24	0	0	0	34	0	0	0	0	0	1	0	0	0	0	0	0	0	0	0	11	0	0	0	250	2	1	0	0	0	0	0	0	43	0	0
0	2	326	397	0	246	25	1	0	0	509	0	0	1	0	477	1	24	1	189	126	0	12	0	0	0	7	19	0	388	0	0	191	331	0	18	0	0	0	30	82	0	0	26	0	132	0	0	86	0	5	0	0	1	6	75	11	25	0	4	0	0	9	2	1	0	434	15	0	0	404	13	3	0	0
0	0	1	0	1	14	0	68	0	0	0	0	1	0	0	0	0	25	7	0	2	0	0	0	0	0	1	6	2	81	0	107	0	18	0	439	2	0	0	193	6	34	26	0	0	0	1	0	0	3	48	0	2	0	16	0	0	0	0	406	0	1	0	92	0	1	10	2	0	0	8	136	0	0	0
0	0	0	0	0	0	0	0	0	0	0	0	0	18	0	0	0	0	0	0	0	0	0	0	0	2	0	0	0	3	0	0	0	0	0	0	0	0	0	0	0	0	0	0	0	0	0	0	0	0	0	0	0	0	0	0	0	0	0	0	0	0	0	0	0	0	0	2	0	0	0	0	0	0	0
0	0	0	172	0	0	0	0	0	1	0	0	0	6	0	92	0	2	0	70	18	0	0	1	0	0	22	0	0	417	0	0	0	124	2	0	2	0	0	27	142	0	132	0	0	0	0	0	0	0	0	0	0	0	0	0	1	24	1	0	0	0	0	0	7	0	0	0	0	0	0	0	1	0	0
0	0	0	0	0	0	0	0	0	0	0	0	0	0	0	1	0	3	0	0	3	0	0	0	0	0	0	2	0	1	4	0	0	2	0	1	0	0	0	1	2	0	0	1	0	0	0	0	0	0	2	0	1	0	0	0	0	0	0	1	0	1	0	0	0	0	0	0	0	0	0	1	0	0	0
0	0	2	0	0	0	0	35	0	0	0	0	0	0	0	0	0	0	0	0	0	0	0	0	0	0	0	0	5	3	0	0	0	4	0	3	0	0	0	0	2	0	0	0	0	0	0	0	0	0	0	0	0	2	0	0	0	0	0	0	0	0	0	0	0	0	0	0	0	0	0	0	0	0	0
0	2	0	28	0	0	5	0	0	0	0	0	0	0	0	0	0	0	0	0	0	0	0	0	2	0	0	0	8	14	12	0	0	4	0	0	0	0	0	1	24	0	86	0	0	0	0	0	0	0	0	0	0	8	0	0	265	0	0	2	0	0	0	0	0	0	30	0	0	0	5	0	0	0	0
0	0	0	0	0	0	0	0	0	0	0	0	0	0	0	0	0	0	0	0	0	0	0	0	0	0	26	0	0	1	0	0	0	0	0	3	0	0	0	1	0	1	0	3	0	0	0	0	0	0	0	0	0	0	0	0	0	0	0	0	0	0	0	0	0	0	0	0	0	0	0	0	0	0	0
0	0	0	0	0	3	0	2	0	0	0	0	0	0	0	0	0	6	0	0	172	5	0	0	0	0	0	0	0	42	0	0	0	2	0	22	0	0	0	74	83	0	5	48	0	0	2	0	0	0	0	0	0	0	3	0	0	0	0	0	0	0	0	0	0	0	0	0	0	0	2	2	2	0	0
0	0	0	0	0	0	0	0	0	0	0	0	0	0	0	0	0	0	0	0	0	0	0	7	0	0	0	0	0	3	0	0	0	0	0	0	0	0	0	0	0	0	0	0	0	0	0	0	0	0	0	0	0	0	0	0	0	3	0	0	0	0	0	0	0	0	0	0	0	0	0	0	0	0	0
0	22	90	214	0	1	3	41	0	0	0	0	0	0	0	0	0	0	0	0	0	101	0	4	7	0	0	0	290	19	29	0	0	2	0	0	0	0	0	3	49	0	0	2	0	0	1	0	0	0	0	0	0	134	1	0	257	0	0	13	0	0	0	0	0	0	18	0	0	0	0	0	0	0	0
0	47	0	2	0	1	0	80	0	0	1	0	0	0	0	0	0	62	7	0	1	210	0	0	10	0	0	12	136	4	15	0	0	17	0	0	0	0	0	1	69	0	1	0	0	0	0	2	8	0	0	0	134	0	7	0	245	0	138	9	0	0	1	0	0	4	0	0	0	0	0	0	0	0	0
0	0	3	0	0	1	0	308	0	0	0	0	0	1	0	0	3	25	4	0	0	2	0	0	6	0	1	18	0	10	0	4	0	6	0	4	0	0	0	1	2	0	6	16	0	0	0	0	0	0	3	0	1	7	0	0	3	0	0	0	0	4	0	9	0	23	1	3	0	0	0	10	4	0	0
0	0	0	0	0	0	0	1	0	0	0	0	0	0	0	42	36	0	0	97	0	0	0	31	0	0	0	0	0	267	0	0	0	0	10	0	0	0	0	0	0	0	75	0	0	0	0	0	0	0	0	0	0	0	0	0	0	4	0	0	0	0	13	0	0	0	0	0	0	0	0	0	0	0	0
0	372	301	3	0	0	0	9	0	0	147	0	0	0	0	0	0	8	3	0	2	259	0	0	1	0	0	3	69	0	0	0	0	11	3	0	0	0	0	0	18	0	11	0	0	1	0	0	265	0	0	0	257	245	3	0	0	1	0	0	0	0	0	0	0	3	391	0	0	0	8	0	0	0	0
0	0	0	4	0	0	0	0	0	0	4	4	0	2	0	42	19	2	0	42	0	0	0	14	0	0	0	5	0	332	0	0	9	0	1	0	3	0	0	12	3	0	25	0	0	24	0	0	0	0	0	3	0	0	0	4	1	0	0	2	0	0	0	0	3	4	6	26	0	0	4	13	3	0	0
0	46	0	30	0	0	0	0	0	0	0	0	1	0	0	0	0	4	1	0	0	0	0	0	0	0	0	0	11	0	1	0	0	10	0	0	0	0	0	0	26	0	0	0	0	1	0	0	0	0	0	0	0	138	0	0	0	0	0	1	0	0	0	0	0	0	0	0	0	0	0	0	0	0	0
0	0	2	8	3	3	0	190	0	0	2	1	0	8	0	0	0	9	23	0	32	2	0	1	0	0	18	0	5	59	16	0	7	0	0	252	0	0	0	471	387	11	4	406	0	0	1	0	2	0	0	0	13	9	0	0	0	2	1	0	0	0	0	259	0	66	7	11	0	0	1	27	0	0	0
0	0	0	0	0	0	0	0	0	0	0	0	0	0	0	0	0	0	0	0	0	0	0	0	0	0	0	0	0	0	0	0	0	0	0	0	0	0	0	0	0	0	0	0	0	0	0	0	0	0	0	0	0	0	0	0	0	0	0	0	0	0	0	0	0	0	0	0	0	0	0	0	0	0	0
0	0	2	0	0	1	0	2	0	0	0	0	0	2	0	0	0	1	0	4	60	0	0	0	0	0	6	0	0	3	0	0	0	0	1	0	0	0	0	1	158	0	0	1	0	0	1	0	0	0	0	0	0	0	4	0	0	0	0	0	0	0	0	0	6	0	0	0	0	0	9	0	34	0	0
0	0	0	0	0	0	0	4	0	0	0	0	0	0	0	39	0	0	0	13	0	0	0	13	0	0	4	0	0	125	0	0	0	2	2	0	0	0	0	0	7	0	9	0	0	0	0	0	0	0	0	0	0	1	0	13	0	0	0	0	0	0	0	0	10	0	0	2	0	0	0	0	0	0	0
0	0	0	0	0	0	0	0	0	1	0	0	0	1	0	0	0	0	0	2	0	0	0	0	0	0	298	0	0	43	0	0	0	0	0	222	0	0	0	112	0	250	2	92	0	0	0	0	0	0	0	0	0	0	9	0	0	0	0	259	0	0	0	0	0	0	0	12	0	0	0	0	44	0	0
0	0	0	0	0	1	0	0	1	1	0	0	1	1	0	0	1	1	1	1	0	0	0	0	0	0	45	0	0	31	0	0	21	0	2	1	53	0	0	1	16	2	1	0	0	7	0	0	0	0	0	0	0	0	0	0	0	3	0	0	0	6	10	0	0	1	0	48	0	0	4	1	0	0	0
0	0	0	0	0	0	0	885	0	0	0	0	3	0	0	0	0	5	82	0	0	0	0	0	26	0	0	0	8	7	0	38	0	4	0	0	0	0	0	13	4	1	0	1	0	0	0	0	0	0	0	0	0	4	23	0	3	4	0	66	0	0	0	0	1	0	1	0	0	0	2	0	0	0	0
0	18	235	97	0	14	8	25	0	0	54	0	9	0	0	49	0	6	0	2	2	1	2	0	1	0	0	6	1	185	0	0	0	224	0	3	0	0	0	10	59	0	434	10	0	0	0	0	30	0	0	0	18	0	1	0	391	6	0	7	0	0	0	0	0	1	0	0	0	0	198	17	0	0	0
0	0	0	0	0	0	0	0	4	1	0	0	0	3	0	17	0	6	0	1	0	0	0	0	0	1	312	0	0	115	0	0	0	2	1	1	35	0	0	3	54	0	15	2	2	0	0	0	0	0	0	0	0	0	3	0	0	26	0	11	0	0	2	12	48	0	0	0	0	0	18	0	10	0	0
0	0	0	0	0	0	0	0	0	0	0	0	0	0	0	0	0	0	0	0	0	0	0	0	0	0	0	0	0	0	0	0	0	0	0	0	0	0	0	0	0	0	0	0	0	0	0	0	0	0	0	0	0	0	0	0	0	0	0	0	0	0	0	0	0	0	0	0	0	0	0	0	0	0	0
0	0	0	0	0	0	0	0	0	0	0	0	0	0	0	0	0	0	0	0	0	0	0	0	0	0	0	0	0	0	0	0	0	0	0	0	0	0	0	0	0	0	0	0	0	0	0	0	0	0	0	0	0	0	0	0	0	0	0	0	0	0	0	0	0	0	0	0	0	0	0	0	0	0	0
0	0	237	8	0	0	5	0	1	1	96	0	0	0	0	122	0	2	0	0	76	0	0	0	0	0	6	0	0	3	0	0	18	200	0	2	0	0	0	13	0	0	404	8	0	0	0	0	5	0	2	0	0	0	0	0	8	4	0	1	0	9	0	0	4	2	198	18	0	0	0	0	15	0	0
0	0	2	0	0	1	0	512	0	0	0	0	0	0	0	2	0	25	0	0	110	16	0	0	10	0	0	0	10	50	2	0	0	46	0	127	0	0	0	105	241	0	13	136	0	0	1	0	0	0	2	0	0	0	10	0	0	13	0	27	0	0	0	0	1	0	17	0	0	0	0	0	0	0	0
0	0	0	0	0	0	0	0	0	0	0	3	0	4	0	1	0	0	0	10	2	0	0	0	0	1	86	0	0	74	0	0	25	0	1	0	0	0	0	2	0	43	3	0	0	1	0	0	0	0	2	0	0	0	4	0	0	3	0	0	0	34	0	44	0	0	0	10	0	0	15	0	0	0	0
0	0	0	0	0	0	0	0	0	0	0	0	0	0	0	0	0	0	0	0	0	0	0	0	0	0	0	0	0	0	0	0	0	0	0	0	0	0	0	0	0	0	0	0	0	0	0	0	0	0	0	0	0	0	0	0	0	0	0	0	0	0	0	0	0	0	0	0	0	0	0	0	0	0	0
0	0	0	0	0	0	0	0	0	0	0	0	0	0	0	0	0	0	0	0	0	0	0	0	0	0	0	0	0	0	0	0	0	0	0	0	0	0	0	0	0	0	0	0	0	0	0	0	0	0	0	0	0	0	0	0	0	0	0	0	0	0	0	0	0	0	0	0	0	0	0	0	0	0	0
