0	0	0	0	0	0	0	0	0	0	0	0	0	0	0	0	0	0	0	0	0	0	0	0	0	0	0	0	0	0	0	0	0	0	0	0	0	0	0	0	0	0	0	0	0	0	0	0	0	0	0	0	0	0	0	0	0	0	0	0	0	0	0	0	0	0	0	0	0	0	0	0	0	0	0
0	0	86	0	0	0	0	1	0	0	8	0	6	0	0	0	0	7	8	0	0	28	0	0	0	0	0	23	27	0	0	0	0	2	0	0	0	0	0	0	6	0	2	0	0	0	0	0	4	0	0	0	46	62	4	0	292	0	96	0	0	0	0	0	0	0	16	0	0	0	0	0	0	0	0
0	86	0	0	0	0	0	0	0	0	0	0	2	0	0	2	0	16	1	0	7	4	0	0	0	0	0	7	1	7	0	0	0	47	0	2	0	0	0	0	4	0	331	0	0	0	0	2	0	0	0	0	89	0	4	0	280	0	0	2	0	2	0	0	0	0	209	0	0	0	232	0	0	0	0
0	0	0	0	0	0	21	15	12	0	610	0	0	0	0	116	0	2	16	0	0	46	2	0	0	0	0	18	3	5	110	0	0	208	0	1	26	0	0	0	2	0	316	0	0	180	0	0	34	0	0	0	228	2	0	0	3	4	30	2	0	0	0	0	0	0	101	0	0	0	8	0	0	0	0
0	0	0	0	0	1	0	0	0	0	0	0	0	0	0	0	0	0	0	0	0	0	0	0	0	0	0	0	0	0	0	0	0	0	0	4	0	0	0	0	1	0	1	5	0	0	0	0	2	0	0	0	0	0	0	0	0	0	0	3	0	0	0	3	0	0	0	0	0	0	0	0	0	0	0
0	0	0	0	1	0	0	0	0	0	0	0	0	0	0	5	0	83	0	0	267	0	0	0	3	0	0	2	0	49	41	0	0	13	0	1	0	0	0	2	243	0	141	9	0	0	0	0	0	0	2	0	1	0	0	0	0	0	0	3	0	1	0	0	0	0	5	0	0	0	0	0	0	0	0
0	0	0	21	0	0	0	0	0	0	17	0	0	0	0	5	0	0	0	0	0	0	0	0	0	0	0	0	0	0	3	0	0	2	0	0	2	0	0	0	1	0	28	0	0	0	0	0	30	0	0	0	7	0	0	0	0	0	0	0	0	0	0	0	0	0	17	0	0	0	5	0	0	0	0
0	1	0	15	0	0	0	0	1	0	0	0	1	0	0	0	0	15	417	0	4	77	0	0	25	0	0	19	19	6	6	0	4	217	0	0	0	0	0	33	71	0	1	42	0	0	0	35	2	4	2	0	38	9	471	1	9	0	16	153	0	2	0	0	0	773	10	0	0	0	0	555	0	0	0
0	0	0	12	0	0	0	1	0	1	0	0	0	0	0	1	0	0	0	0	100	0	0	0	0	0	0	0	3	0	0	0	0	0	0	0	0	0	0	0	0	0	0	0	0	0	0	0	0	0	0	0	0	0	0	0	0	0	0	0	0	0	0	0	0	0	0	0	0	0	1	0	0	0	0
0	0	0	0	0	0	0	0	1	0	0	0	0	0	0	0	0	0	0	0	0	0	0	0	0	0	0	0	0	0	0	0	0	0	0	1	0	0	0	0	0	2	0	0	0	1	0	0	0	0	0	0	0	0	0	0	0	0	0	0	0	1	0	1	1	0	0	2	0	0	1	0	0	0	0
0	8	0	610	0	0	17	0	0	0	0	0	0	0	0	242	0	0	0	7	0	0	0	0	1	0	0	0	7	24	2	0	0	70	0	0	0	0	0	0	135	0	556	0	0	0	0	0	76	0	0	0	0	1	0	0	138	4	0	2	0	0	0	0	0	0	39	0	0	0	95	0	0	0	0
0	0	0	0	0	0	0	0	0	0	0	0	0	0	0	6	0	0	0	50	0	0	0	0	0	0	0	0	0	0	0	0	0	0	0	0	0	0	0	2	1	0	0	0	0	0	0	0	0	0	0	0	0	0	0	0	0	0	0	1	0	0	0	0	0	0	0	0	0	0	0	0	3	0	0
0	6	2	0	0	0	0	1	0	0	0	0	0	2	0	0	0	3	0	0	0	0	0	2	0	0	0	0	0	0	0	0	0	0	0	2	0	0	0	0	4	0	1	1	0	0	0	0	2	0	0	0	0	0	0	0	0	0	1	0	0	0	0	0	1	0	0	0	0	0	0	0	0	0	0
0	0	0	0	0	0	0	0	0	0	0	0	2	0	0	2	2	0	0	0	0	0	0	0	0	0	11	0	0	5	0	0	0	0	0	4	0	0	0	0	3	0	0	0	44	6	0	0	1	0	0	0	0	0	0	0	0	1	0	8	0	1	0	0	1	0	0	1	0	0	0	1	0	0	0
0	0	0	0	0	0	0	0	0	0	0	0	0	0	0	0	0	0	0	0	0	0	0	0	0	0	0	0	0	0	0	0	0	0	0	0	0	0	0	0	0	0	0	0	0	0	0	0	0	0	0	0	0	0	0	0	0	0	0	0	0	0	0	0	0	0	0	0	0	0	0	0	0	0	0
0	0	2	116	0	5	5	0	1	0	242	6	0	2	0	0	8	0	0	505	0	0	0	3	0	0	0	0	0	233	0	0	113	114	0	0	6	0	0	8	14	0	562	0	0	180	1	0	0	0	0	0	0	0	0	129	0	93	0	0	0	0	154	0	0	0	217	5	0	0	158	2	0	0	0
0	0	0	0	0	0	0	0	0	0	0	0	0	2	0	8	0	0	0	220	0	0	0	22	0	0	0	0	0	137	0	0	0	2	8	1	0	0	0	0	77	0	1	0	0	0	0	0	0	0	0	0	0	0	3	108	0	1	0	0	0	0	0	0	1	0	0	0	0	0	0	0	0	0	0
0	7	16	2	0	83	0	15	0	0	0	0	3	0	0	0	0	0	5	0	200	74	2	0	4	0	0	258	10	15	111	0	0	126	0	1	0	0	0	0	853	0	6	3	0	0	3	0	0	0	5	0	0	60	47	0	1	2	6	9	0	10	0	0	0	2	3	5	0	0	2	2	0	0	0
0	8	1	16	0	0	0	417	0	0	0	0	0	0	0	0	0	5	0	1	2	0	0	2	15	0	0	0	25	3	9	0	0	0	0	0	0	0	0	22	60	0	1	8	0	0	0	0	1	0	0	0	0	14	191	0	0	0	1	21	0	0	0	0	0	0	0	0	0	0	0	1	0	0	0
0	0	0	0	0	0	0	0	0	0	7	50	0	0	0	505	220	0	1	0	0	0	0	1	0	0	0	0	0	11	0	0	64	73	0	0	0	0	0	0	3	0	206	0	0	160	0	0	0	0	0	0	0	0	0	108	0	109	0	0	0	4	212	0	1	0	0	1	0	0	0	0	10	0	0
0	0	7	0	0	267	0	4	100	0	0	0	0	0	0	0	0	200	2	0	0	0	2	0	1	0	0	192	18	85	181	0	24	112	0	386	0	0	0	4	762	0	53	2	0	0	3	0	0	0	20	0	0	1	0	0	2	0	0	32	0	56	0	0	0	0	2	0	0	0	27	2	2	0	0
0	28	4	46	0	0	0	77	0	0	0	0	0	0	0	0	0	74	0	0	0	0	0	0	5	0	0	4	71	6	5	0	0	6	0	0	0	0	0	0	122	0	0	0	0	0	0	0	2	0	0	0	0	223	0	0	257	0	0	2	0	0	0	0	0	0	0	0	0	0	0	0	0	0	0
0	0	0	2	0	0	0	0	0	0	0	0	0	0	0	0	0	2	0	0	2	0	0	0	0	0	0	0	0	5	0	0	0	2	0	0	0	0	0	0	0	0	1	0	0	0	0	0	0	0	0	0	0	0	0	0	0	0	0	0	0	0	0	0	0	0	1	0	0	0	0	0	0	0	0
0	0	0	0	0	0	0	0	0	0	0	0	2	0	0	3	22	0	2	1	0	0	0	0	0	0	0	0	0	0	6	0	0	0	0	3	1	0	0	0	1	0	0	0	0	1	0	0	0	0	0	1	4	0	0	22	0	12	0	1	0	0	1	0	0	0	0	0	0	0	0	0	0	0	0
0	0	0	0	0	3	0	25	0	0	1	0	0	0	0	0	0	4	15	0	1	5	0	0	0	0	0	2	0	2	6	0	0	2	0	0	0	0	0	0	2	0	0	0	0	0	0	0	2	0	0	0	6	5	5	0	0	0	0	0	0	0	0	0	0	22	0	0	0	0	0	9	0	0	0
0	0	0	0	0	0	0	0	0	0	0	0	0	0	0	0	0	0	0	0	0	0	0	0	0	0	0	0	0	1	0	0	0	0	0	0	0	0	0	0	0	0	0	0	2	0	0	0	0	0	0	0	0	0	0	0	0	0	0	0	0	0	0	0	0	0	0	1	0	0	0	0	1	0	0
0	0	0	0	0	0	0	0	0	0	0	0	0	11	0	0	0	0	0	0	0	0	0	0	0	0	0	0	0	5	0	0	2	0	0	4	0	0	0	4	0	2	1	1	0	32	0	0	0	24	0	0	0	0	1	0	0	0	0	0	0	4	2	30	0	0	0	34	0	0	6	0	2	0	0
0	23	7	18	0	2	0	19	0	0	0	0	0	0	0	0	0	258	0	0	192	4	0	0	2	0	0	0	4	24	57	0	0	51	0	0	0	0	0	0	440	0	19	3	0	0	2	0	0	0	0	0	0	13	25	0	0	0	16	0	0	24	0	0	0	0	4	0	0	0	0	2	0	0	0
0	27	1	3	0	0	0	19	3	0	7	0	0	0	0	0	0	10	25	0	18	71	0	0	0	0	0	4	0	0	19	0	0	4	0	11	0	0	0	6	8	0	0	2	0	0	0	5	7	0	0	0	77	21	6	0	61	0	11	5	0	1	0	0	0	19	0	0	0	0	0	12	0	0	0
0	0	7	5	0	49	0	6	0	0	24	0	0	5	0	233	137	15	3	11	85	6	5	0	2	1	5	24	0	0	30	0	167	48	6	81	1	0	0	13	18	0	341	81	0	266	1	3	14	0	42	0	19	4	10	208	0	285	0	58	0	3	39	14	3	4	185	18	0	0	2	42	15	0	0
0	0	0	110	0	41	3	6	0	0	2	0	0	0	0	0	0	111	9	0	181	5	0	6	6	0	0	57	19	30	0	0	0	2	0	1	0	0	0	0	905	0	0	0	0	0	3	0	12	0	0	0	31	9	0	0	0	0	1	16	0	1	0	0	0	0	0	0	0	0	0	2	0	0	0
0	0	0	0	0	0	0	0	0	0	0	0	0	0	0	0	0	0	0	0	0	0	0	0	0	0	0	0	0	0	0	0	0	0	0	0	0	0	0	0	0	0	0	1	0	0	0	0	0	0	0	0	0	0	0	0	0	0	0	0	0	0	0	0	0	0	0	0	0	0	0	0	0	0	0
0	0	0	0	0	0	0	4	0	0	0	0	0	0	0	113	0	0	0	64	24	0	0	0	0	0	2	0	0	167	0	0	0	0	0	6	0	0	0	1	1	1	185	0	0	0	0	0	1	0	0	0	0	0	4	27	0	0	0	7	0	0	0	0	9	0	0	0	0	0	18	0	25	0	0
0	2	47	208	0	13	2	217	0	0	70	0	0	0	0	114	2	126	0	73	112	6	2	0	2	0	0	51	4	48	2	0	0	0	0	3	0	0	0	1	354	0	334	14	0	8	1	4	18	0	0	0	0	18	66	0	15	0	18	0	0	0	6	0	0	4	107	2	0	0	143	12	0	0	0
0	0	0	0	0	0	0	0	0	0	0	0	0	0	0	0	8	0	0	0	0	0	0	0	0	0	0	0	0	6	0	0	0	0	0	0	0	0	0	0	0	0	0	0	0	0	0	0	0	0	0	0	0	0	0	7	0	1	0	0	0	0	0	0	0	0	0	1	0	0	0	0	0	0	0
0	0	2	1	4	1	0	0	0	1	0	0	2	4	0	0	1	1	0	0	386	0	0	3	0	0	4	0	11	81	1	0	6	3	0	0	0	0	0	264	41	140	17	313	0	0	1	3	5	3	10	0	0	0	1	0	0	0	0	166	0	0	0	214	1	0	3	1	0	0	2	120	0	0	0
0	0	0	26	0	0	2	0	0	0	0	0	0	0	0	6	0	0	0	0	0	0	0	1	0	0	0	0	0	1	0	0	0	0	0	0	0	0	0	0	3	0	0	0	0	0	0	0	0	0	0	0	0	0	0	0	0	0	0	0	0	0	0	0	21	0	0	0	0	0	0	0	0	0	0
0	0	0	0	0	0	0	0	0	0	0	0	0	0	0	0	0	0	0	0	0	0	0	0	0	0	0	0	0	0	0	0	0	0	0	0	0	0	0	0	0	0	0	0	0	0	0	0	0	0	0	0	0	0	0	0	0	0	0	0	0	0	0	0	0	0	0	0	0	0	0	0	0	0	0
0	0	0	0	0	0	0	0	0	0	0	0	0	0	0	0	0	0	0	0	0	0	0	0	0	0	0	0	0	0	0	0	0	0	0	0	0	0	0	0	0	0	0	0	0	0	0	0	0	0	0	0	0	0	0	0	0	0	0	0	0	0	0	0	0	0	0	0	0	0	0	0	0	0	0
0	0	0	0	0	2	0	33	0	0	0	2	0	0	0	8	0	0	22	0	4	0	0	0	0	0	4	0	6	13	0	0	1	1	0	264	0	0	0	0	155	0	10	130	0	6	1	0	1	1	0	0	3	1	1	0	0	2	0	303	0	0	0	106	0	11	9	3	0	0	0	9	2	0	0
0	6	4	2	1	243	1	71	0	0	135	1	4	3	0	14	77	853	60	3	762	122	0	1	2	0	0	440	8	18	905	0	1	354	0	41	3	0	0	155	0	0	95	8	0	35	1	2	24	0	28	0	90	67	36	0	16	0	72	371	0	286	7	0	16	3	59	54	0	0	0	142	0	0	0
0	0	0	0	0	0	0	0	0	2	0	0	0	0	0	0	0	0	0	0	0	0	0	0	0	0	2	0	0	0	0	0	1	0	0	140	0	0	0	0	0	0	0	7	0	0	0	0	0	0	0	0	0	0	0	0	0	0	0	4	0	0	0	80	2	0	0	0	0	0	0	0	9	0	0
0	2	331	316	1	141	28	1	0	0	556	0	1	0	0	562	1	6	1	206	53	0	1	0	0	0	1	19	0	341	0	0	185	334	0	17	0	0	0	10	95	0	0	7	0	57	0	0	86	0	3	0	0	1	5	76	10	6	0	4	0	0	11	2	1	1	473	4	0	0	467	11	3	0	0
0	0	0	0	5	9	0	42	0	0	0	0	1	0	0	0	0	3	8	0	2	0	0	0	0	0	1	3	2	81	0	1	0	14	0	313	0	0	0	130	8	7	7	0	0	1	1	0	2	3	1	0	4	0	60	0	0	0	0	273	0	1	0	42	0	2	5	2	0	0	1	17	0	0	0
0	0	0	0	0	0	0	0	0	0	0	0	0	44	0	0	0	0	0	0	0	0	0	0	0	2	0	0	0	0	0	0	0	0	0	0	0	0	0	0	0	0	0	0	0	0	0	0	0	0	0	0	0	0	0	0	0	0	0	0	0	0	0	0	0	0	0	0	0	0	0	0	0	0	0
0	0	0	180	0	0	0	0	0	1	0	0	0	6	0	180	0	0	0	160	0	0	0	1	0	0	32	0	0	266	0	0	0	8	0	0	0	0	0	6	35	0	57	1	0	0	0	0	1	0	0	0	0	0	0	1	0	5	1	0	0	0	0	0	5	0	0	0	0	0	0	0	1	0	0
0	0	0	0	0	0	0	0	0	0	0	0	0	0	0	1	0	3	0	0	3	0	0	0	0	0	0	2	0	1	3	0	0	1	0	1	0	0	0	1	1	0	0	1	0	0	0	0	0	0	1	0	1	0	0	0	0	0	0	1	0	1	0	0	0	0	0	0	0	0	0	0	0	0	0
0	0	2	0	0	0	0	35	0	0	0	0	0	0	0	0	0	0	0	0	0	0	0	0	0	0	0	0	5	3	0	0	0	4	0	3	0	0	0	0	2	0	0	0	0	0	0	0	0	0	0	0	0	2	0	0	0	0	0	0	0	0	0	0	0	0	0	0	0	0	0	0	0	0	0
0	4	0	34	2	0	30	2	0	0	76	0	2	1	0	0	0	0	1	0	0	2	0	0	2	0	0	0	7	14	12	0	1	18	0	5	0	0	0	1	24	0	86	2	0	1	0	0	0	0	0	0	61	8	0	0	305	0	0	4	0	1	0	1	0	1	87	3	0	0	54	5	0	5	0
0	0	0	0	0	0	0	4	0	0	0	0	0	0	0	0	0	0	0	0	0	0	0	0	0	0	24	0	0	0	0	0	0	0	0	3	0	0	0	1	0	0	0	3	0	0	0	0	0	0	0	0	0	0	0	0	0	0	0	0	0	0	0	0	0	0	0	0	0	0	0	0	0	0	0
0	0	0	0	0	2	0	2	0	0	0	0	0	0	0	0	0	5	0	0	20	0	0	0	0	0	0	0	0	42	0	0	0	0	0	10	0	0	0	0	28	0	3	1	0	0	1	0	0	0	0	0	0	0	1	0	0	0	0	0	0	0	0	0	0	0	0	0	0	0	2	2	2	0	0
0	0	0	0	0	0	0	0	0	0	0	0	0	0	0	0	0	0	0	0	0	0	0	1	0	0	0	0	0	0	0	0	0	0	0	0	0	0	0	0	0	0	0	0	0	0	0	0	0	0	0	0	0	0	0	0	0	0	0	0	0	0	0	0	0	0	0	0	0	0	0	0	0	0	0
0	46	89	228	0	1	7	38	0	0	0	0	0	0	0	0	0	0	0	0	0	0	0	4	6	0	0	0	77	19	31	0	0	0	0	0	0	0	0	3	90	0	0	4	0	0	1	0	61	0	0	0	0	150	0	0	256	0	0	13	0	0	0	0	0	0	11	0	0	0	0	0	0	0	0
0	62	0	2	0	0	0	9	0	0	1	0	0	0	0	0	0	60	14	0	1	223	0	0	5	0	0	13	21	4	9	0	0	18	0	0	0	0	0	1	67	0	1	0	0	0	0	2	8	0	0	0	150	0	1	0	256	0	163	8	0	0	1	0	0	5	0	0	0	0	0	0	0	0	0
0	4	4	0	0	0	0	471	0	0	0	0	0	0	0	0	3	47	191	0	0	0	0	0	5	0	1	25	6	10	0	0	4	66	0	1	0	0	0	1	36	0	5	60	0	0	0	0	0	0	1	0	0	1	0	0	3	0	4	0	0	1	0	9	0	27	95	3	0	0	3	299	4	0	0
0	0	0	0	0	0	0	1	0	0	0	0	0	0	0	129	108	0	0	108	0	0	0	22	0	0	0	0	0	208	0	0	27	0	7	0	0	0	0	0	0	0	76	0	0	1	0	0	0	0	0	0	0	0	0	0	0	54	0	0	0	0	107	0	0	0	0	0	0	0	0	0	0	0	0
0	292	280	3	0	0	0	9	0	0	138	0	0	0	0	0	0	1	0	0	2	257	0	0	0	0	0	0	61	0	0	0	0	15	0	0	0	0	0	0	16	0	10	0	0	0	0	0	305	0	0	0	256	256	3	0	0	0	0	0	0	0	0	0	0	0	369	0	0	0	8	0	0	0	0
0	0	0	4	0	0	0	0	0	0	4	0	0	1	0	93	1	2	0	109	0	0	0	12	0	0	0	0	0	285	0	0	0	0	1	0	0	0	0	2	0	0	6	0	0	5	0	0	0	0	0	0	0	0	0	54	0	0	0	2	0	0	0	0	0	0	6	0	0	0	4	0	3	0	0
0	96	0	30	0	0	0	16	0	0	0	0	1	0	0	0	0	6	1	0	0	0	0	0	0	0	0	16	11	0	1	0	0	18	0	0	0	0	0	0	72	0	0	0	0	1	0	0	0	0	0	0	0	163	4	0	0	0	0	1	0	0	0	0	0	0	0	0	0	0	0	2	0	0	0
0	0	2	2	3	3	0	153	0	0	2	1	0	8	0	0	0	9	21	0	32	2	0	1	0	0	0	0	5	58	16	0	7	0	0	166	0	0	0	303	371	4	4	273	0	0	1	0	4	0	0	0	13	8	0	0	0	2	1	0	0	0	0	184	1	8	7	11	0	0	1	13	0	0	0
0	0	0	0	0	0	0	0	0	0	0	0	0	0	0	0	0	0	0	0	0	0	0	0	0	0	0	0	0	0	0	0	0	0	0	0	0	0	0	0	0	0	0	0	0	0	0	0	0	0	0	0	0	0	0	0	0	0	0	0	0	0	0	0	0	0	0	0	0	0	0	0	0	0	0
0	0	2	0	0	1	0	2	0	1	0	0	0	1	0	0	0	10	0	4	56	0	0	0	0	0	4	24	1	3	1	0	0	0	0	0	0	0	0	0	286	0	0	1	0	0	1	0	1	0	0	0	0	0	1	0	0	0	0	0	0	0	0	0	4	0	0	0	0	0	9	0	34	0	0
0	0	0	0	0	0	0	0	0	0	0	0	0	0	0	154	0	0	0	212	0	0	0	1	0	0	2	0	0	39	0	0	0	6	0	0	0	0	0	0	7	0	11	0	0	0	0	0	0	0	0	0	0	1	0	107	0	0	0	0	0	0	0	0	9	0	0	0	0	0	0	0	0	0	0
0	0	0	0	3	0	0	0	0	1	0	0	0	0	0	0	0	0	0	0	0	0	0	0	0	0	30	0	0	14	0	0	0	0	0	214	0	0	0	106	0	80	2	42	0	0	0	0	1	0	0	0	0	0	9	0	0	0	0	184	0	0	0	0	0	0	0	0	0	0	0	0	44	0	0
0	0	0	0	0	0	0	0	0	1	0	0	1	1	0	0	1	0	0	1	0	0	0	0	0	0	0	0	0	3	0	0	9	0	0	1	21	0	0	0	16	2	1	0	0	5	0	0	0	0	0	0	0	0	0	0	0	0	0	1	0	4	9	0	0	0	0	34	0	0	4	0	0	0	0
0	0	0	0	0	0	0	773	0	0	0	0	0	0	0	0	0	2	0	0	0	0	0	0	22	0	0	0	19	4	0	0	0	4	0	0	0	0	0	11	3	0	1	2	0	0	0	0	1	0	0	0	0	5	27	0	0	0	0	8	0	0	0	0	0	0	0	0	0	0	0	0	0	0	0
0	16	209	101	0	5	17	10	0	0	39	0	0	0	0	217	0	3	0	0	2	0	1	0	0	0	0	4	0	185	0	0	0	107	0	3	0	0	0	9	59	0	473	5	0	0	0	0	87	0	0	0	11	0	95	0	369	6	0	7	0	0	0	0	0	0	0	0	0	0	184	15	0	0	0
0	0	0	0	0	0	0	0	0	2	0	0	0	1	0	5	0	5	0	1	0	0	0	0	0	1	34	0	0	18	0	0	0	2	1	1	0	0	0	3	54	0	4	2	0	0	0	0	3	0	0	0	0	0	3	0	0	0	0	11	0	0	0	0	34	0	0	0	0	0	18	0	10	0	0
0	0	0	0	0	0	0	0	0	0	0	0	0	0	0	0	0	0	0	0	0	0	0	0	0	0	0	0	0	0	0	0	0	0	0	0	0	0	0	0	0	0	0	0	0	0	0	0	0	0	0	0	0	0	0	0	0	0	0	0	0	0	0	0	0	0	0	0	0	0	0	0	0	0	0
0	0	0	0	0	0	0	0	0	0	0	0	0	0	0	0	0	0	0	0	0	0	0	0	0	0	0	0	0	0	0	0	0	0	0	0	0	0	0	0	0	0	0	0	0	0	0	0	0	0	0	0	0	0	0	0	0	0	0	0	0	0	0	0	0	0	0	0	0	0	0	0	0	0	0
0	0	232	8	0	0	5	0	1	1	95	0	0	0	0	158	0	2	0	0	27	0	0	0	0	0	6	0	0	2	0	0	18	143	0	2	0	0	0	0	0	0	467	1	0	0	0	0	54	0	2	0	0	0	3	0	8	4	0	1	0	9	0	0	4	0	184	18	0	0	0	0	15	0	0
0	0	0	0	0	0	0	555	0	0	0	0	0	1	0	2	0	2	1	0	2	0	0	0	9	0	0	2	12	42	2	0	0	12	0	120	0	0	0	9	142	0	11	17	0	0	0	0	5	0	2	0	0	0	299	0	0	0	2	13	0	0	0	0	0	0	15	0	0	0	0	0	0	0	0
0	0	0	0	0	0	0	0	0	0	0	3	0	0	0	0	0	0	0	10	2	0	0	0	0	1	2	0	0	15	0	0	25	0	0	0	0	0	0	2	0	9	3	0	0	1	0	0	0	0	2	0	0	0	4	0	0	3	0	0	0	34	0	44	0	0	0	10	0	0	15	0	0	0	0
0	0	0	0	0	0	0	0	0	0	0	0	0	0	0	0	0	0	0	0	0	0	0	0	0	0	0	0	0	0	0	0	0	0	0	0	0	0	0	0	0	0	0	0	0	0	0	0	5	0	0	0	0	0	0	0	0	0	0	0	0	0	0	0	0	0	0	0	0	0	0	0	0	0	0
0	0	0	0	0	0	0	0	0	0	0	0	0	0	0	0	0	0	0	0	0	0	0	0	0	0	0	0	0	0	0	0	0	0	0	0	0	0	0	0	0	0	0	0	0	0	0	0	0	0	0	0	0	0	0	0	0	0	0	0	0	0	0	0	0	0	0	0	0	0	0	0	0	0	0
