0	0	0	0	0	0	0	0	0	0	0	0	0	0	0	0	0	0	0	0	0	0	0	0	0	0	0	0	0	0	0	0	0	0	0	0	0	0	0	0	0	0	0	0	0	0	0	0	0	0	0	0	0	0	0	0	0	0	0	0	0	0	0	0	0	0	0	0	0	0	0	0	0	0	0
0	0	233	0	0	0	0	2	0	0	89	0	139	0	0	0	0	0	14	0	0	271	0	0	8	0	0	69	3	0	0	0	0	0	0	0	2	0	0	0	6	2	20	0	0	0	0	0	270	0	0	0	223	365	0	0	145	2	293	2	0	0	0	0	0	0	89	4	0	0	2	0	0	0	0
0	233	0	0	1	1	0	0	0	0	0	0	0	0	0	0	0	5	0	0	28	7	0	0	21	48	0	7	0	0	0	3	1	160	0	3	2	0	2	0	5	0	256	5	0	0	0	0	2	0	0	0	40	1	35	0	145	2	220	2	0	0	0	0	0	3	337	0	0	4	151	1	0	3	7
0	0	0	0	0	24	246	2	0	0	1198	0	0	54	313	15	0	4	58	0	0	350	0	0	45	0	0	12	0	0	240	0	0	50	0	2	2	0	2	0	65	0	409	0	0	338	0	0	734	0	0	0	296	51	24	14	14	8	24	4	22	0	0	0	0	4	170	2	0	0	260	33	0	0	453
0	0	1	0	0	3	0	0	0	0	0	0	2	2	0	0	1	17	0	0	16	2	0	0	0	1	0	16	0	0	10	2	1	4	0	18	1	0	7	2	14	0	1	10	3	8	0	3	1	0	0	0	3	0	5	0	0	6	0	4	0	0	1	13	0	0	3	8	0	0	0	2	0	0	0
0	0	1	24	3	0	0	1	0	0	0	0	2	0	1	38	4	8	0	19	172	0	0	0	34	43	0	8	0	0	4	1	0	12	0	1	1	0	1	18	356	0	6	331	3	3	0	0	4	0	2	0	2	2	12	1	0	4	0	64	0	0	0	0	0	1	48	0	0	3	5	6	1	2	47
0	0	0	246	0	0	0	0	0	0	164	0	0	0	100	25	0	0	0	0	0	42	0	0	4	0	0	0	0	0	10	0	0	0	0	0	0	0	0	0	9	0	255	0	0	6	0	0	22	0	0	0	71	0	0	0	19	0	0	40	0	0	0	9	0	8	60	0	0	0	44	0	0	0	54
0	2	0	2	0	1	0	0	0	0	3	0	16	0	0	0	0	43	284	8	0	27	0	0	357	5	0	24	51	0	2	0	0	96	0	0	0	0	152	45	57	0	0	126	0	0	0	1	22	0	0	0	190	17	1350	2	0	20	2	32	0	0	0	5	0	408	181	0	0	0	4	139	0	0	22
0	0	0	0	0	0	0	0	0	0	0	0	0	0	0	0	0	0	0	0	0	0	0	0	0	0	0	0	0	0	0	0	0	2	0	0	0	0	0	0	0	0	0	0	0	0	0	0	0	0	0	0	0	0	0	0	0	0	0	0	0	0	0	0	0	0	0	0	0	0	0	0	0	0	0
0	0	0	0	0	0	0	0	0	0	0	0	0	0	0	0	0	0	0	0	0	0	0	0	0	0	0	0	0	0	0	0	0	0	0	0	0	0	0	0	0	1	0	0	0	0	0	0	0	0	0	0	0	0	0	0	0	0	0	0	0	0	0	0	0	0	0	1	0	0	0	0	1	2	0
0	89	0	1198	0	0	164	3	0	0	0	0	0	1	3	708	0	0	0	33	0	0	0	0	102	0	0	0	0	5	0	0	0	6	0	0	0	0	0	18	53	0	413	0	0	12	0	0	221	0	0	0	0	2	24	0	0	0	0	2	0	0	0	0	0	0	201	0	0	0	7	0	0	0	555
0	0	0	0	0	0	0	0	0	0	0	0	0	0	0	21	0	0	0	0	0	0	0	0	1	1	0	0	0	5	1	0	0	0	0	0	0	0	0	0	0	0	0	0	0	8	0	0	0	0	0	0	0	0	0	226	0	265	0	0	952	0	0	0	0	0	1	0	0	0	1	0	0	0	1
0	139	0	0	2	2	0	16	0	0	0	0	0	0	0	0	0	2	0	0	64	0	0	0	15	15	0	1	0	0	0	0	0	2	0	0	0	0	0	0	13	0	0	34	0	0	0	0	0	0	0	0	0	0	16	0	0	0	0	2	0	0	0	0	0	0	39	0	0	0	0	0	0	2	6
0	0	0	54	2	0	0	0	0	0	1	0	0	0	1	21	14	1	0	1	0	0	0	0	0	2	0	0	0	0	1	0	2	0	0	2	2	0	0	1	1	0	6	0	39	11	0	0	0	0	0	0	0	0	0	3	0	10	0	8	0	2	3	0	0	0	0	27	0	3	0	0	10	2	0
0	0	0	313	0	1	100	0	0	0	3	0	0	1	0	520	0	0	0	0	0	0	0	0	0	7	0	0	0	3	0	0	0	2	0	0	0	0	0	26	82	0	3	0	3	2	0	0	0	0	0	0	0	0	0	0	0	0	0	12	0	0	0	0	0	0	70	0	0	0	7	0	0	3	241
0	0	0	15	0	38	25	0	0	0	708	21	0	21	520	0	337	1	0	131	1	0	0	0	0	10	0	0	0	29	10	0	406	221	0	0	28	0	3	1	53	0	544	2	23	471	0	37	13	0	0	0	0	12	6	525	0	139	23	7	0	0	290	0	0	0	149	21	0	0	331	0	4	12	0
0	0	0	0	1	4	0	0	0	0	0	0	0	14	0	337	0	1	0	92	104	0	0	0	0	31	0	2	0	16	0	0	0	2	0	0	0	0	0	5	277	0	2	0	0	8	1	0	0	0	0	0	0	0	1	2	0	2	0	3	0	0	0	0	0	0	38	56	0	4	9	0	9	1	19
0	0	5	4	17	8	0	43	0	0	0	0	2	1	0	1	1	0	1	13	79	3	0	0	89	32	0	307	14	0	11	2	0	52	0	4	0	0	20	1	327	0	11	33	0	0	0	0	0	0	2	0	2	54	228	0	0	0	0	3	0	0	0	0	1	0	125	1	0	0	2	3	0	13	13
0	14	0	58	0	0	0	284	0	0	0	0	0	0	0	0	0	1	0	0	2	0	0	0	490	8	0	0	48	0	3	0	0	12	0	0	0	0	0	18	69	0	1	68	0	0	0	0	7	0	0	0	0	21	345	2	0	0	0	23	0	0	0	0	0	0	13	0	0	0	2	0	0	0	33
0	0	0	0	0	19	0	8	0	0	33	0	0	1	0	131	92	13	0	0	20	0	0	0	0	0	0	0	0	0	0	0	35	19	0	1	0	0	21	0	15	0	129	14	0	92	0	31	0	0	0	0	0	0	12	13	0	0	1	0	0	0	64	0	0	0	2	0	0	0	0	0	0	0	2
0	0	28	0	16	172	0	0	0	0	0	0	64	0	0	1	104	79	2	20	0	0	0	0	6	136	0	112	1	0	82	12	0	68	0	62	0	0	0	0	329	0	39	42	0	26	0	0	0	0	4	0	4	8	17	0	0	0	0	2	0	2	0	0	0	0	44	69	0	0	56	47	0	11	8
0	271	7	350	2	0	42	27	0	0	0	0	0	0	0	0	0	3	0	0	0	0	0	0	189	7	0	31	12	0	2	0	0	8	0	0	0	0	0	1	39	0	0	2	0	0	0	0	137	0	0	0	0	235	19	0	0	0	0	1	0	0	0	0	0	0	6	0	0	1	0	0	0	0	86
0	0	0	0	0	0	0	0	0	0	0	0	0	0	0	0	0	0	0	0	0	0	0	0	0	0	0	0	0	0	0	0	0	0	0	0	0	0	0	0	0	0	0	0	0	0	0	0	0	0	0	0	0	0	0	0	0	0	0	0	0	0	0	0	0	0	0	0	0	0	0	0	0	0	0
0	0	0	0	0	0	0	0	0	0	0	0	0	0	0	0	0	0	0	0	0	0	0	0	0	0	0	0	0	0	0	0	0	0	0	0	0	0	0	0	0	0	0	0	0	0	0	0	0	0	0	0	0	0	0	0	0	0	0	0	0	0	0	0	0	0	0	0	0	0	0	0	0	0	0
0	8	21	45	0	34	4	357	0	0	102	1	15	0	0	0	0	89	490	0	6	189	0	0	0	13	0	48	0	0	72	38	2	66	0	39	1	0	206	9	51	0	29	5	2	2	0	2	108	0	0	0	238	109	318	2	2	34	49	28	1	0	1	8	0	557	33	1	0	3	3	45	0	2	0
0	0	48	0	1	43	0	5	0	0	0	1	15	2	7	10	31	32	8	0	136	7	0	0	13	0	0	14	0	0	6	31	16	33	0	67	6	0	3	1	81	7	23	37	15	6	0	0	9	0	0	0	6	0	50	0	0	7	8	53	3	0	0	18	1	18	96	23	0	4	7	43	47	16	1
0	0	0	0	0	0	0	0	0	0	0	0	0	0	0	0	0	0	0	0	0	0	0	0	0	0	0	0	0	0	0	0	0	0	0	0	0	0	0	0	0	0	0	0	0	0	0	0	0	0	0	0	0	0	0	0	0	0	0	0	0	0	0	2	1	0	0	2	0	0	0	0	4	0	0
0	69	7	12	16	8	0	24	0	0	0	0	1	0	0	0	2	307	0	0	112	31	0	0	48	14	0	0	6	0	61	0	0	126	0	1	0	0	16	18	296	0	3	33	0	0	0	1	2	0	0	0	4	27	871	0	4	0	139	42	1	114	0	0	0	0	118	0	0	0	0	13	0	10	15
0	3	0	0	0	0	0	51	0	0	0	0	0	0	0	0	0	14	48	0	1	12	0	0	0	0	0	6	0	0	0	0	0	40	0	0	0	0	4	0	0	0	0	0	0	0	0	0	3	0	0	0	14	3	7	0	2	0	2	0	0	0	0	0	0	32	0	0	0	0	1	0	0	0	0
0	0	0	0	0	0	0	0	0	0	5	5	0	0	3	29	16	0	0	0	0	0	0	0	0	0	0	0	0	0	0	0	24	0	0	4	0	0	0	0	1	0	24	2	0	41	0	0	0	0	0	0	0	0	0	34	0	40	0	0	1	0	5	3	0	0	20	0	0	0	49	0	1	1	0
0	0	0	240	10	4	10	2	0	0	0	1	0	1	0	10	0	11	3	0	82	2	0	0	72	6	0	61	0	0	0	0	0	2	0	2	1	0	0	19	428	0	7	1	4	3	0	0	23	0	0	0	3	8	1	0	0	2	0	9	1	0	0	0	0	0	7	4	0	1	8	2	0	14	16
0	0	3	0	2	1	0	0	0	0	0	0	0	0	0	0	0	2	0	0	12	0	0	0	38	31	0	0	0	0	0	0	0	0	0	0	0	0	0	5	26	0	0	435	0	0	0	0	0	0	1	0	0	0	19	0	0	0	0	202	0	0	0	0	0	0	13	0	0	0	0	2	0	0	1
0	0	1	0	1	0	0	0	0	0	0	0	0	2	0	406	0	0	0	35	0	0	0	0	2	16	0	0	0	24	0	0	0	0	0	0	0	0	0	14	0	0	179	0	0	0	5	0	1	0	0	0	0	0	0	100	0	31	0	9	19	0	0	0	5	0	30	19	0	4	7	0	1	1	6
0	0	160	50	4	12	0	96	2	0	6	0	2	0	2	221	2	52	12	19	68	8	0	0	66	33	0	126	40	0	2	0	0	0	0	22	0	0	10	40	192	0	43	120	0	4	0	2	46	0	2	0	6	7	400	0	2	2	10	101	0	6	0	0	0	16	245	2	0	0	11	16	0	4	231
0	0	0	0	0	0	0	0	0	0	0	0	0	0	0	0	0	0	0	0	0	0	0	0	0	0	0	0	0	0	0	0	0	0	0	0	0	0	0	0	0	0	0	0	0	0	0	0	0	0	0	0	0	0	0	0	0	0	0	0	0	0	0	0	0	0	0	0	0	0	0	0	0	0	0
0	0	3	2	18	1	0	0	0	0	0	0	0	2	0	0	0	4	0	1	62	0	0	0	39	67	0	1	0	4	2	0	0	22	0	0	0	0	0	114	38	0	2	434	0	4	0	0	0	0	3	0	0	0	27	3	0	0	0	321	1	0	0	0	70	0	84	0	0	0	9	0	0	17	21
0	2	2	2	1	1	0	0	0	0	0	0	0	2	0	28	0	0	0	0	0	0	0	0	1	6	0	0	0	0	1	0	0	0	0	0	0	0	0	13	11	0	4	0	0	2	9	0	0	0	0	0	0	1	0	0	0	2	0	1	0	0	0	0	120	0	9	29	0	1	8	0	1	1	26
0	0	0	0	0	0	0	0	0	0	0	0	0	0	0	0	0	0	0	0	0	0	0	0	0	0	0	0	0	0	0	0	0	0	0	0	0	0	0	0	0	0	0	0	0	0	0	0	0	0	0	0	0	0	0	0	0	0	0	0	0	0	0	0	0	0	0	0	0	0	0	0	0	0	0
0	0	2	2	7	1	0	152	0	0	0	0	0	0	0	3	0	20	0	21	0	0	0	0	206	3	0	16	4	0	0	0	0	10	0	0	0	0	0	18	0	0	0	246	0	0	0	0	2	0	0	0	0	2	1010	0	0	0	0	38	0	0	0	0	0	0	133	0	0	0	0	0	0	7	7
0	0	0	0	2	18	0	45	0	0	18	0	0	1	26	1	5	1	18	0	0	1	0	0	9	1	0	18	0	0	19	5	14	40	0	114	13	0	18	0	132	0	13	283	0	8	0	0	10	1	0	0	62	0	30	0	0	33	3	548	6	0	0	101	2	43	17	6	0	0	0	90	0	1	0
0	6	5	65	14	356	9	57	0	0	53	0	13	1	82	53	277	327	69	15	329	39	0	0	51	81	0	296	0	1	428	26	0	192	0	38	11	0	0	132	0	0	92	121	0	46	0	0	25	0	2	0	72	45	169	12	0	44	17	441	0	83	0	17	5	20	67	25	0	0	2	188	32	14	453
0	2	0	0	0	0	0	0	0	1	0	0	0	0	0	0	0	0	0	0	0	0	0	0	0	7	0	0	0	0	0	0	0	0	0	0	0	0	0	0	0	0	0	0	0	0	0	0	0	0	0	0	0	0	0	0	0	2	0	0	0	0	0	0	0	0	0	0	0	0	0	0	2	0	1
0	20	256	409	1	6	255	0	0	0	413	0	0	6	3	544	2	11	1	129	39	0	0	0	29	23	0	3	0	24	7	0	179	43	0	2	4	0	0	13	92	0	0	61	0	80	1	0	155	0	2	0	0	0	34	82	94	8	0	41	1	1	15	0	0	0	627	114	0	0	243	0	0	1	152
0	0	5	0	10	331	0	126	0	0	0	0	34	0	0	2	0	33	68	14	42	2	0	0	5	37	0	33	0	2	1	435	0	120	0	434	0	0	246	283	121	0	61	0	0	0	0	0	6	1	1	0	6	0	559	0	0	3	1	1080	0	0	0	313	0	53	40	7	0	0	0	217	0	9	5
0	0	0	0	3	3	0	0	0	0	0	0	0	39	3	23	0	0	0	0	0	0	0	0	2	15	0	0	0	0	4	0	0	0	0	0	0	0	0	0	0	0	0	0	0	0	0	0	0	0	0	0	0	0	47	0	0	3	0	0	3	0	0	0	0	0	14	0	0	0	4	0	0	3	2
0	0	0	338	8	3	6	0	0	0	12	8	0	11	2	471	8	0	0	92	26	0	0	0	2	6	0	0	0	41	3	0	0	4	0	4	2	0	0	8	46	0	80	0	0	0	3	8	9	0	0	0	0	0	7	10	0	242	0	8	0	0	16	0	119	0	11	74	0	2	5	0	4	8	307
0	0	0	0	0	0	0	0	0	0	0	0	0	0	0	0	1	0	0	0	0	0	0	0	0	0	0	0	0	0	0	0	5	0	0	0	9	0	0	0	0	0	1	0	0	3	0	0	0	0	0	0	0	0	0	0	0	7	0	2	0	0	1	0	0	0	0	16	0	0	0	0	0	5	0
0	0	0	0	3	0	0	1	0	0	0	0	0	0	0	37	0	0	0	31	0	0	0	0	2	0	0	1	0	0	0	0	0	2	0	0	0	0	0	0	0	0	0	0	0	8	0	0	1	0	0	0	0	0	83	2	0	0	0	0	129	0	0	0	0	0	40	0	0	0	0	0	0	3	0
0	270	2	734	1	4	22	22	0	0	221	0	0	0	0	13	0	0	7	0	0	137	0	0	108	9	0	2	3	0	23	0	1	46	0	0	0	0	2	10	25	0	155	6	0	9	0	1	0	0	0	0	126	80	2	0	85	7	1	35	5	0	0	0	0	4	289	6	0	2	82	1	0	0	121
0	0	0	0	0	0	0	0	0	0	0	0	0	0	0	0	0	0	0	0	0	0	0	0	0	0	0	0	0	0	0	0	0	0	0	0	0	0	0	1	0	0	0	1	0	0	0	0	0	0	0	0	0	0	0	0	0	0	0	1	0	0	0	0	0	0	0	0	0	0	0	0	0	0	0
0	0	0	0	0	2	0	0	0	0	0	0	0	0	0	0	0	2	0	0	4	0	0	0	0	0	0	0	0	0	0	1	0	2	0	3	0	0	0	0	2	0	2	1	0	0	0	0	0	0	0	0	0	0	1	0	0	0	0	0	0	2	0	0	0	0	0	0	0	0	0	3	0	0	0
0	0	0	0	0	0	0	0	0	0	0	0	0	0	0	0	0	0	0	0	0	0	0	0	0	0	0	0	0	0	0	0	0	0	0	0	0	0	0	0	0	0	0	0	0	0	0	0	0	0	0	0	0	0	0	0	0	0	0	0	1	0	0	0	0	0	0	0	0	0	0	0	0	0	0
0	223	40	296	3	2	71	190	0	0	0	0	0	0	0	0	0	2	0	0	4	0	0	0	238	6	0	4	14	0	3	0	0	6	0	0	0	0	0	62	72	0	0	6	0	0	0	0	126	0	0	0	0	136	203	0	0	0	0	157	18	0	0	0	0	0	86	0	0	0	3	4	0	1	24
0	365	1	51	0	2	0	17	0	0	2	0	0	0	0	12	0	54	21	0	8	235	0	0	109	0	0	27	3	0	8	0	0	7	0	0	1	0	2	0	45	0	0	0	0	0	0	0	80	0	0	0	136	0	3	0	73	0	95	0	0	0	0	0	0	2	3	0	0	0	3	0	0	0	0
0	0	35	24	5	12	0	1350	0	0	24	0	16	0	0	6	1	228	345	12	17	19	0	0	318	50	0	871	7	0	1	19	0	400	0	27	0	0	1010	30	169	0	34	559	47	7	0	83	2	0	1	0	203	3	0	0	0	14	57	174	0	0	2	51	0	1285	245	17	0	0	0	1115	2	0	49
0	0	0	14	0	1	0	2	0	0	0	226	0	3	0	525	2	0	2	13	0	0	0	0	2	0	0	0	0	34	0	0	100	0	0	3	0	0	0	0	12	0	82	0	0	10	0	2	0	0	0	0	0	0	0	0	0	423	0	1	1536	0	268	0	0	0	11	6	0	1	0	1	0	0	12
0	145	145	14	0	0	19	0	0	0	0	0	0	0	0	0	0	0	0	0	0	0	0	0	2	0	0	4	2	0	0	0	0	2	0	0	0	0	0	0	0	0	94	0	0	0	0	0	85	0	0	0	0	73	0	0	0	0	0	0	0	0	0	0	0	0	43	0	0	0	0	0	0	0	0
0	2	2	8	6	4	0	20	0	0	0	265	0	10	0	139	2	0	0	0	0	0	0	0	34	7	0	0	0	40	2	0	31	2	0	0	2	0	0	33	44	2	8	3	3	242	7	0	7	0	0	0	0	0	14	423	0	0	0	16	987	1	208	1	1	0	14	35	0	0	0	0	10	9	35
0	293	220	24	0	0	0	2	0	0	0	0	0	0	0	23	0	0	0	1	0	0	0	0	49	8	0	139	2	0	0	0	0	10	0	0	0	0	0	3	17	0	0	1	0	0	0	0	1	0	0	0	0	95	57	0	0	0	0	33	0	0	0	0	0	0	77	0	0	0	0	0	0	0	81
0	2	2	4	4	64	40	32	0	0	2	0	2	8	12	7	3	3	23	0	2	1	0	0	28	53	0	42	0	0	9	202	9	101	0	321	1	0	38	548	441	0	41	1080	0	8	2	0	35	1	0	0	157	0	174	1	0	16	33	0	1	0	0	515	0	45	66	10	0	0	1	451	1	2	7
0	0	0	22	0	0	0	0	0	0	0	952	0	0	0	0	0	0	0	0	0	0	0	0	1	3	0	1	0	1	1	0	19	0	0	1	0	0	0	6	0	0	1	0	3	0	0	129	5	0	0	1	18	0	0	1536	0	987	0	1	0	0	805	0	0	0	0	0	0	12	0	0	0	0	0
0	0	0	0	0	0	0	0	0	0	0	0	0	2	0	0	0	0	0	0	2	0	0	0	0	0	0	114	0	0	0	0	0	6	0	0	0	0	0	0	83	0	1	0	0	0	0	0	0	0	2	0	0	0	0	0	0	1	0	0	0	0	0	0	0	0	0	37	0	1	0	0	0	0	6
0	0	0	0	1	0	0	0	0	0	0	0	0	3	0	290	0	0	0	64	0	0	0	0	1	0	0	0	0	5	0	0	0	0	0	0	0	0	0	0	0	0	15	0	0	16	1	0	0	0	0	0	0	0	2	268	0	208	0	0	805	0	0	0	0	0	0	0	0	1	2	0	0	1	1
0	0	0	0	13	0	9	5	0	0	0	0	0	0	0	0	0	0	0	0	0	0	0	0	8	18	2	0	0	3	0	0	0	0	0	0	0	0	0	101	17	0	0	313	0	0	0	0	0	0	0	0	0	0	51	0	0	1	0	515	0	0	0	0	0	0	36	176	0	0	5	0	7	8	7
0	0	0	0	0	0	0	0	0	0	0	0	0	0	0	0	0	1	0	0	0	0	0	0	0	1	1	0	0	0	0	0	5	0	0	70	120	0	0	2	5	0	0	0	0	119	0	0	0	0	0	0	0	0	0	0	0	1	0	0	0	0	0	0	0	0	0	145	0	0	0	1	0	0	0
0	0	3	4	0	1	8	408	0	0	0	0	0	0	0	0	0	0	0	0	0	0	0	0	557	18	0	0	32	0	0	0	0	16	0	0	0	0	0	43	20	0	0	53	0	0	0	0	4	0	0	0	0	2	1285	0	0	0	0	45	0	0	0	0	0	0	106	3	0	0	0	0	0	0	7
0	89	337	170	3	48	60	181	0	0	201	1	39	0	70	149	38	125	13	2	44	6	0	0	33	96	0	118	0	20	7	13	30	245	0	84	9	0	133	17	67	0	627	40	14	11	0	40	289	0	0	0	86	3	245	11	43	14	77	66	0	0	0	36	0	106	0	23	0	4	282	258	29	14	14
0	4	0	2	8	0	0	0	0	1	0	0	0	27	0	21	56	1	0	0	69	0	0	0	1	23	2	0	0	0	4	0	19	2	0	0	29	0	0	6	25	0	114	7	0	74	16	0	6	0	0	0	0	0	17	6	0	35	0	10	0	37	0	176	145	3	23	0	0	4	12	0	9	8	44
0	0	0	0	0	0	0	0	0	0	0	0	0	0	0	0	0	0	0	0	0	0	0	0	0	0	0	0	0	0	0	0	0	0	0	0	0	0	0	0	0	0	0	0	0	0	0	0	0	0	0	0	0	0	0	0	0	0	0	0	0	0	0	0	0	0	0	0	0	0	0	0	0	0	0
0	0	4	0	0	3	0	0	0	0	0	0	0	3	0	0	4	0	0	0	0	1	0	0	3	4	0	0	0	0	1	0	4	0	0	0	1	0	0	0	0	0	0	0	0	2	0	0	2	0	0	0	0	0	0	1	0	0	0	0	12	1	1	0	0	0	4	4	0	0	4	0	3	0	0
0	2	151	260	0	5	44	4	0	0	7	1	0	0	7	331	9	2	2	0	56	0	0	0	3	7	0	0	1	49	8	0	7	11	0	9	8	0	0	0	2	0	243	0	4	5	0	0	82	0	0	0	3	3	0	0	0	0	0	1	0	0	2	5	0	0	282	12	0	4	0	7	7	4	13
0	0	1	33	2	6	0	139	0	0	0	0	0	0	0	0	0	3	0	0	47	0	0	0	45	43	0	13	0	0	2	2	0	16	0	0	0	0	0	90	188	0	0	217	0	0	0	0	1	0	3	0	4	0	1115	1	0	0	0	451	0	0	0	0	1	0	258	0	0	0	7	0	3	2	3
0	0	0	0	0	1	0	0	0	1	0	0	0	10	0	4	9	0	0	0	0	0	0	0	0	47	4	0	0	1	0	0	1	0	0	0	1	0	0	0	32	2	0	0	0	4	0	0	0	0	0	0	0	0	2	0	0	10	0	1	0	0	0	7	0	0	29	9	0	3	7	3	0	0	20
0	0	3	0	0	2	0	0	0	2	0	0	2	2	3	12	1	13	0	0	11	0	0	0	2	16	0	10	0	1	14	0	1	4	0	17	1	0	7	1	14	0	1	9	3	8	5	3	0	0	0	0	1	0	0	0	0	9	0	2	0	0	1	8	0	0	14	8	0	0	4	2	0	0	4
0	0	7	453	0	47	54	22	0	0	555	1	6	0	241	0	19	13	33	2	8	86	0	0	0	1	0	15	0	0	16	1	6	231	0	21	26	0	7	0	453	1	152	5	2	307	0	0	121	0	0	0	24	0	49	12	0	35	81	7	0	6	1	7	0	7	14	44	0	0	13	3	20	4	0
