0	0	0	0	0	0	0	0	0	0	0	0	0	0	0	0	0	0	0	0	0	0	0	0	0	0	0	0	0	0	0	0	0	0	0	0	0	0	0	0	0	0	0	0	0	0	0	0	0	0	0	0	0	0	0	0	0	0	0	0	0	0	0	0	0	0	0	0	0	0	0	0	0	0	0
0	0	1034	131	3	0	13	0	0	0	351	1	894	0	0	3	0	106	68	2	2	654	0	0	13	0	0	34	518	0	16	12	0	54	14	0	2	0	62	20	8	0	93	4	0	0	0	0	242	0	0	10	855	229	21	0	1505	0	870	26	0	0	0	0	0	23	458	0	0	1	3	50	0	6	6
0	1034	0	1	3	0	0	0	2	0	26	1	491	0	0	0	0	0	2	0	93	25	0	0	25	0	0	4	57	0	0	3	2	208	0	0	5	0	3	1	3	0	367	4	0	0	0	0	33	0	0	0	435	1	11	0	486	10	28	0	0	0	1	2	59	27	500	1	0	1	468	5	0	3	0
0	131	1	0	2	0	433	0	80	0	433	0	0	19	0	95	37	3	34	5	8	124	0	0	5	0	0	0	8	42	202	3	32	117	2	0	8	0	5	15	34	4	201	4	0	155	0	0	422	31	0	1	180	8	1	0	12	11	14	14	0	0	11	9	27	5	53	53	0	2	155	2	0	9	242
0	3	3	2	0	2	0	0	1	0	73	0	0	0	0	2	3	207	382	4	82	123	0	0	143	0	215	95	321	0	0	388	5	14	0	0	6	0	733	209	79	176	92	749	0	0	0	0	38	190	0	8	50	14	369	0	1	38	81	441	0	0	3	451	4	204	34	18	0	674	1	675	0	191	21
0	0	0	0	2	0	0	0	1	0	0	0	0	0	0	0	1	1	2	0	0	0	0	0	0	0	4	0	0	0	0	1	7	0	1	0	4	0	2	0	1	1	0	0	0	5	0	0	0	0	0	0	0	0	1	0	0	0	0	0	0	0	0	1	4	1	0	8	0	1	0	1	3	0	0
0	13	0	433	0	0	0	0	0	0	54	0	0	0	0	31	0	0	1	0	0	14	0	0	0	0	0	0	0	2	33	0	0	35	0	0	0	0	0	0	1	0	80	0	0	20	0	0	13	0	0	0	49	1	0	0	2	0	0	0	0	0	0	0	0	0	34	0	0	0	9	0	0	0	38
0	0	0	0	0	0	0	0	0	0	0	0	0	0	0	0	0	0	0	0	0	0	0	0	1	0	0	0	0	0	0	0	0	0	0	0	0	0	0	0	0	0	0	0	0	0	0	0	0	0	0	0	0	0	0	0	0	0	0	0	0	0	0	0	0	0	0	0	0	0	0	0	0	0	0
0	0	2	80	1	1	0	0	0	0	0	0	0	24	0	6	145	2	15	5	648	0	0	0	2	0	1	0	0	0	0	0	62	0	28	0	0	0	10	0	21	0	9	0	0	1	0	0	2	0	0	0	2	0	1	0	0	2	0	0	0	0	0	10	240	18	2	27	0	6	59	0	14	0	0
0	0	0	0	0	0	0	0	0	0	0	0	0	0	0	0	0	0	0	0	0	0	0	0	0	0	0	0	0	0	0	0	0	0	0	0	0	0	0	0	0	0	0	0	0	0	0	0	0	0	0	0	0	0	0	0	0	0	0	0	0	0	0	0	0	0	0	0	0	0	0	0	0	0	0
0	351	26	433	73	0	54	0	0	0	0	0	14	110	0	291	1	100	276	75	2	172	0	0	257	0	0	0	225	48	126	1	8	134	3	0	1	0	238	32	352	0	119	8	0	28	0	0	135	11	0	10	160	14	145	0	110	49	26	138	0	0	5	1	0	159	279	12	0	4	97	64	7	19	135
0	1	1	0	0	0	0	0	0	0	0	0	0	0	0	22	0	6	0	6	0	0	0	0	0	0	0	0	0	0	0	0	0	0	7	0	0	0	0	0	0	0	0	0	0	0	0	0	0	0	0	0	1	0	1	0	0	1	0	4	0	0	0	0	0	0	0	0	0	0	0	0	0	0	3
0	894	491	0	0	0	0	0	0	0	14	0	0	21	0	30	0	1	4	1	0	1	0	0	1	0	0	4	94	0	0	0	25	0	2	0	0	0	0	0	4	0	12	11	0	0	0	0	1	0	0	0	227	7	0	0	162	21	0	0	0	0	0	19	10	2	164	57	0	1	4	0	0	0	0
0	0	0	19	0	0	0	0	24	0	110	0	21	0	0	16	16	0	0	26	0	0	0	0	1	0	36	0	19	49	7	0	16	1	5	0	64	0	1	0	18	0	23	7	696	108	0	0	1	6	0	36	0	0	6	2	0	137	2	0	0	0	33	14	7	3	2	275	0	33	1	2	86	41	4
0	0	0	0	0	0	0	0	0	0	0	0	0	0	0	0	0	0	0	0	0	0	0	0	0	0	0	0	0	0	0	0	0	0	0	0	0	0	0	0	0	0	0	0	0	0	0	0	0	0	0	0	0	0	0	0	0	0	0	0	0	0	0	0	0	0	0	0	0	0	0	0	0	0	0
0	3	0	95	2	0	31	0	6	0	291	22	30	16	0	0	322	4	0	825	0	0	0	0	1	0	11	0	1	639	1	0	626	212	13	0	27	0	1	4	4	0	664	1	0	628	0	0	10	20	0	1	1	0	5	227	0	283	16	0	0	0	363	35	40	0	238	204	0	3	485	0	9	54	0
0	0	0	37	3	1	0	0	145	0	1	0	0	16	0	322	0	11	2	693	950	0	0	0	2	0	314	3	1	77	35	0	120	1	9	0	0	0	3	0	307	0	41	14	0	328	0	0	0	6	0	20	1	0	5	1	0	4	0	0	0	0	104	162	275	1	26	373	0	104	3	1	46	6	0
0	106	0	3	207	1	0	0	2	0	100	6	1	0	0	4	11	0	163	4	508	50	0	0	166	0	3	354	277	0	53	12	45	53	8	0	0	0	196	15	373	0	34	117	0	0	0	0	29	2	0	1	38	157	94	0	5	27	67	11	0	0	2	1	5	124	10	41	0	3	1	33	1	6	0
0	68	2	34	382	2	1	0	15	0	276	0	4	0	0	0	2	163	0	1	10	242	0	0	869	0	8	56	874	0	120	225	13	94	2	0	46	0	979	15	159	0	42	400	0	33	0	0	138	19	0	30	353	4	710	1	22	73	291	161	0	0	0	18	3	1133	14	116	0	5	3	298	2	34	7
0	2	0	5	4	0	0	0	5	0	75	6	1	26	0	825	693	4	1	0	24	0	0	0	1	0	3	1	3	497	37	1	350	294	2	0	19	0	1	1	79	0	437	4	0	629	0	0	0	20	0	6	1	0	2	218	0	121	1	0	0	0	410	0	27	3	3	44	0	10	52	1	63	4	3
0	2	93	8	82	0	0	0	648	0	2	0	0	0	0	0	950	508	10	24	0	93	0	0	20	0	35	124	0	2	1282	68	30	644	2	0	12	0	203	372	959	6	469	146	0	3	0	0	3	4	0	0	14	0	38	0	1	19	0	68	0	0	2	4	29	0	28	51	0	0	765	142	38	186	0
0	654	25	124	123	0	14	0	0	0	172	0	1	0	0	0	0	50	242	0	93	0	0	0	245	0	0	95	242	0	63	0	0	12	3	0	9	0	23	10	197	0	5	77	0	0	0	0	170	0	0	0	311	125	6	0	105	6	26	5	0	0	0	0	0	19	1	2	0	3	2	0	0	3	6
0	0	0	0	0	0	0	0	0	0	0	0	0	0	0	0	0	0	0	0	0	0	0	0	0	0	0	0	0	0	0	0	0	0	0	0	0	0	0	0	0	0	0	0	0	0	0	0	0	0	0	0	0	0	0	0	0	0	0	0	0	0	0	0	0	0	0	0	0	0	0	0	0	0	0
0	0	0	0	0	0	0	0	0	0	0	0	0	0	0	0	0	0	0	0	0	0	0	0	0	0	0	0	0	0	0	0	0	0	0	0	0	0	0	0	0	0	0	0	0	0	0	0	0	0	0	0	0	0	0	0	0	0	0	0	0	0	0	0	0	0	0	0	0	0	0	0	0	0	0
0	13	25	5	143	0	0	1	2	0	257	0	1	1	0	1	2	166	869	1	20	245	0	0	0	0	0	65	525	1	226	39	14	52	1	0	3	0	753	75	73	0	50	20	0	5	0	0	90	31	0	6	308	7	608	1	17	56	274	110	0	0	0	3	0	865	19	20	0	1	2	320	1	18	4
0	0	0	0	0	0	0	0	0	0	0	0	0	0	0	0	0	0	0	0	0	0	0	0	0	0	0	0	0	0	0	0	0	0	0	0	0	0	0	0	0	0	0	0	3	0	0	0	0	0	0	0	0	0	0	0	0	0	0	0	0	0	0	0	0	0	0	0	0	0	0	0	0	0	0
0	0	0	0	215	4	0	0	1	0	0	0	0	36	0	11	314	3	8	3	35	0	0	0	0	0	0	2	33	5	2	1	21	0	4	0	93	0	2	0	39	61	46	13	0	131	0	0	0	137	0	0	0	0	3	12	0	48	1	49	0	0	21	437	582	2	24	1091	0	771	36	17	123	203	0
0	34	4	0	95	0	0	0	0	0	0	0	4	0	0	0	3	354	56	1	124	95	0	0	65	0	2	0	129	0	241	34	63	111	2	0	0	0	308	26	179	0	36	20	0	0	0	0	12	3	0	1	25	0	158	0	8	17	120	10	0	0	0	0	0	10	45	0	0	0	3	49	0	6	1
0	518	57	8	321	0	0	0	0	0	225	0	94	19	0	1	1	277	874	3	0	242	0	0	525	0	33	129	0	3	294	31	28	42	4	0	1	0	429	20	233	0	53	10	0	56	0	0	37	31	0	63	303	239	295	0	130	84	372	65	0	0	6	0	3	372	26	10	0	1	1	27	0	19	16
0	0	0	42	0	0	2	0	0	0	48	0	0	49	0	639	77	0	0	497	2	0	0	0	1	0	5	0	3	0	0	0	245	0	81	0	0	0	0	0	15	0	152	1	0	66	0	0	0	0	0	0	0	0	0	0	0	288	0	0	0	0	0	0	43	0	129	88	0	4	109	0	0	0	0
0	16	0	202	0	0	33	0	0	0	126	0	0	7	0	1	35	53	120	37	1282	63	0	0	226	0	2	241	294	0	0	0	0	0	6	0	0	0	2	0	434	0	12	22	0	2	0	0	132	0	0	0	42	115	4	0	2	0	0	7	0	0	0	1	0	0	2	1	0	4	1	0	4	0	0
0	12	3	3	388	1	0	0	0	0	1	0	0	0	0	0	0	12	225	1	68	0	0	0	39	0	1	34	31	0	0	0	16	0	7	0	0	0	43	0	28	0	2	522	0	0	0	0	4	0	0	0	0	0	43	0	1	3	0	0	0	0	0	2	1	107	7	2	0	0	1	162	0	0	0
0	0	2	32	5	7	0	0	62	0	8	0	25	16	0	626	120	45	13	350	30	0	0	0	14	0	21	63	28	245	0	16	0	10	596	0	132	0	42	2	1	21	314	38	0	208	0	0	1	50	0	4	11	0	67	140	0	391	3	12	0	0	172	64	354	5	56	342	0	32	94	23	3	58	0
0	54	208	117	14	0	35	0	0	0	134	0	0	1	0	212	1	53	94	294	644	12	0	0	52	0	0	111	42	0	0	0	10	0	0	0	0	0	3	0	135	0	15	30	0	0	0	0	93	0	0	0	0	17	4	0	2	1	0	0	0	0	0	0	0	3	166	0	0	0	6	20	0	0	0
0	14	0	2	0	1	0	0	28	0	3	7	2	5	0	13	9	8	2	2	2	3	0	0	1	0	4	2	4	81	6	7	596	0	0	0	4	0	15	0	8	1	12	1	0	2	0	0	1	5	0	5	6	0	4	249	5	788	6	3	0	0	526	8	61	3	0	29	0	6	1	12	19	7	1
0	0	0	0	0	0	0	0	0	0	0	0	0	0	0	0	0	0	0	0	0	0	0	0	0	0	0	0	0	0	0	0	0	0	0	0	0	0	0	0	0	0	0	0	0	0	0	0	0	0	0	0	0	0	0	0	0	0	0	0	0	0	0	0	0	0	0	0	0	0	0	0	0	0	0
0	2	5	8	6	4	0	0	0	0	1	0	0	64	0	27	0	0	46	19	12	9	0	0	3	0	93	0	1	0	0	0	132	0	4	0	0	0	0	0	1	0	1	2	0	0	0	0	17	0	0	0	2	0	0	0	0	30	0	0	0	0	0	17	475	0	0	570	0	209	0	0	19	0	0
0	0	0	0	0	0	0	0	0	0	0	0	0	0	0	0	0	0	0	0	0	0	0	0	0	0	0	0	0	0	0	0	0	0	0	0	0	0	0	0	0	0	0	0	0	0	0	0	0	0	0	0	0	0	0	0	0	0	0	0	0	0	0	0	0	0	0	0	0	0	0	0	0	0	0
0	62	3	5	733	2	0	0	10	0	238	0	0	1	0	1	3	196	979	1	203	23	0	0	753	0	2	308	429	0	2	43	42	3	15	0	0	0	0	11	75	0	16	884	0	0	0	0	172	5	0	1	83	14	202	0	2	23	1	64	0	0	0	233	1	342	40	1	0	6	2	286	0	35	2
0	20	1	15	209	0	0	0	0	0	32	0	0	0	0	4	0	15	15	1	372	10	0	0	75	0	0	26	20	0	0	0	2	0	0	0	0	0	11	0	125	0	9	226	0	0	0	0	0	0	0	0	11	1	5	0	1	3	0	6	0	0	0	3	1	0	0	11	0	41	3	0	0	0	0
0	8	3	34	79	1	1	0	21	0	352	0	4	18	0	4	307	373	159	79	959	197	0	0	73	0	39	179	233	15	434	28	1	135	8	0	1	0	75	125	0	1	161	24	0	92	0	0	23	9	0	12	56	13	90	0	2	18	84	342	0	0	2	35	9	133	3	94	0	4	12	101	41	32	163
0	0	0	4	176	1	0	0	0	0	0	0	0	0	0	0	0	0	0	0	6	0	0	0	0	0	61	0	0	0	0	0	21	0	1	0	0	0	0	0	1	0	0	26	0	0	0	0	0	0	0	0	0	1	0	0	0	0	0	0	0	0	0	183	101	0	0	1	0	259	0	0	0	0	0
0	93	367	201	92	0	80	0	9	0	119	0	12	23	0	664	41	34	42	437	469	5	0	0	50	0	46	36	53	152	12	2	314	15	12	0	1	0	16	9	161	0	0	29	0	113	0	0	245	3	0	2	23	1	12	37	26	35	0	5	0	0	28	16	52	35	374	179	0	23	181	13	9	15	34
0	4	4	4	749	0	0	0	0	0	8	0	11	7	0	1	14	117	400	4	146	77	0	0	20	0	13	20	10	1	22	522	38	30	1	0	2	0	884	226	24	26	29	0	0	2	0	0	1	100	0	0	7	0	563	1	0	50	57	628	0	0	1	384	3	187	8	27	0	37	4	650	6	365	1
0	0	0	0	0	0	0	0	0	0	0	0	0	696	0	0	0	0	0	0	0	0	0	0	0	3	0	0	0	0	0	0	0	0	0	0	0	0	0	0	0	0	0	0	0	0	0	0	0	0	0	0	0	0	0	0	0	0	0	0	0	0	0	0	0	0	0	1	0	0	0	0	0	0	0
0	0	0	155	0	5	20	0	1	0	28	0	0	108	0	628	328	0	33	629	3	0	0	0	5	0	131	0	56	66	2	0	208	0	2	0	0	0	0	0	92	0	113	2	0	0	0	0	13	3	0	78	1	0	0	0	0	324	0	0	0	0	37	29	135	0	0	373	0	52	0	0	48	39	2
0	0	0	0	0	0	0	0	0	0	0	0	0	0	0	0	0	0	0	0	0	0	0	0	0	0	0	0	0	0	0	0	0	0	0	0	0	0	0	0	0	0	0	0	0	0	0	0	0	0	0	0	0	0	0	0	0	0	0	0	0	0	0	0	0	0	0	0	0	0	0	0	0	0	0
0	0	0	0	0	0	0	0	0	0	0	0	0	0	0	0	0	0	0	0	0	0	0	0	0	0	0	0	0	0	0	0	0	0	0	0	0	0	0	0	0	0	0	0	0	0	0	0	0	0	0	0	0	0	0	0	0	0	0	0	0	0	0	0	0	0	0	0	0	0	0	0	0	0	0
0	242	33	422	38	0	13	0	2	0	135	0	1	1	0	10	0	29	138	0	3	170	0	0	90	0	0	12	37	0	132	4	1	93	1	0	17	0	172	0	23	0	245	1	0	13	0	0	0	16	0	8	330	228	18	0	15	51	39	32	0	0	0	1	33	77	53	6	0	1	104	52	1	16	49
0	0	0	31	190	0	0	0	0	0	11	0	0	6	0	20	6	2	19	20	4	0	0	0	31	0	137	3	31	0	0	0	50	0	5	0	0	0	5	0	9	0	3	100	0	3	0	0	16	0	0	0	1	6	10	0	0	3	0	5	0	0	0	165	40	0	1	327	0	324	0	0	5	0	0
0	0	0	0	0	0	0	0	0	0	0	0	0	0	0	0	0	0	0	0	0	0	0	0	0	0	0	0	0	0	0	0	0	0	0	0	0	0	0	0	0	0	0	0	0	0	0	0	0	0	0	0	0	0	0	0	0	0	0	0	0	0	0	0	0	0	0	0	0	0	0	0	0	0	0
0	10	0	1	8	0	0	0	0	0	10	0	0	36	0	1	20	1	30	6	0	0	0	0	6	0	0	1	63	0	0	0	4	0	5	0	0	0	1	0	12	0	2	0	0	78	0	0	8	0	0	0	0	0	4	0	1	159	0	0	0	0	9	0	0	9	0	6	0	2	0	0	0	0	0
0	855	435	180	50	0	49	0	2	0	160	1	227	0	0	1	1	38	353	1	14	311	0	0	308	0	0	25	303	0	42	0	11	0	6	0	2	0	83	11	56	0	23	7	0	1	0	0	330	1	0	0	0	286	48	0	309	18	372	14	0	0	0	1	0	67	37	4	0	8	2	4	0	3	1
0	229	1	8	14	0	1	0	0	0	14	0	7	0	0	0	0	157	4	0	0	125	0	0	7	0	0	0	239	0	115	0	0	17	0	0	0	0	14	1	13	1	1	0	0	0	0	0	228	6	0	0	286	0	4	0	51	1	455	7	0	0	21	0	0	6	0	0	0	0	0	3	0	0	17
0	21	11	1	369	1	0	0	1	0	145	1	0	6	0	5	5	94	710	2	38	6	0	0	608	0	3	158	295	0	4	43	67	4	4	0	0	0	202	5	90	0	12	563	0	0	0	0	18	10	0	4	48	4	0	0	3	34	24	12	0	0	4	18	6	295	16	62	0	2	0	242	19	16	0
0	0	0	0	0	0	0	0	0	0	0	0	0	2	0	227	1	0	1	218	0	0	0	0	1	0	12	0	0	0	0	0	140	0	249	0	0	0	0	0	0	0	37	1	0	0	0	0	0	0	0	0	0	0	0	0	0	0	0	0	0	0	0	0	3	0	19	3	0	4	0	0	0	0	0
0	1505	486	12	1	0	2	0	0	0	110	0	162	0	0	0	0	5	22	0	1	105	0	0	17	0	0	8	130	0	2	1	0	2	5	0	0	0	2	1	2	0	26	0	0	0	0	0	15	0	0	1	309	51	3	0	0	0	135	3	0	0	0	0	0	2	260	2	0	1	2	1	0	0	1
0	0	10	11	38	0	0	0	2	0	49	1	21	137	0	283	4	27	73	121	19	6	0	0	56	0	48	17	84	288	0	3	391	1	788	0	30	0	23	3	18	0	35	50	0	324	0	0	51	3	0	159	18	1	34	0	0	0	12	10	0	0	136	36	63	50	1	315	0	20	1	7	48	26	4
0	870	28	14	81	0	0	0	0	0	26	0	0	2	0	16	0	67	291	1	0	26	0	0	274	0	1	120	372	0	0	0	3	0	6	0	0	0	1	0	84	0	0	57	0	0	0	0	39	0	0	0	372	455	24	0	135	12	0	15	0	0	0	0	1	63	1	0	0	6	2	0	0	0	0
0	26	0	14	441	0	0	0	0	0	138	4	0	0	0	0	0	11	161	0	68	5	0	0	110	0	49	10	65	0	7	0	12	0	3	0	0	0	64	6	342	0	5	628	0	0	0	0	32	5	0	0	14	7	12	0	3	10	15	0	0	0	0	245	0	177	0	3	0	751	0	16	0	0	0
0	0	0	0	0	0	0	0	0	0	0	0	0	0	0	0	0	0	0	0	0	0	0	0	0	0	0	0	0	0	0	0	0	0	0	0	0	0	0	0	0	0	0	0	0	0	0	0	0	0	0	0	0	0	0	0	0	0	0	0	0	0	0	0	0	0	0	0	0	0	0	0	0	0	0
0	0	0	0	0	0	0	0	0	0	0	0	0	0	0	0	0	0	0	0	0	0	0	0	0	0	0	0	0	0	0	0	0	0	0	0	0	0	0	0	0	0	0	0	0	0	0	0	0	0	0	0	0	0	0	0	0	0	0	0	0	0	0	0	0	0	0	0	0	0	0	0	0	0	0
0	0	1	11	3	0	0	0	0	0	5	0	0	33	0	363	104	2	0	410	2	0	0	0	0	0	21	0	6	0	0	0	172	0	526	0	0	0	0	0	2	0	28	1	0	37	0	0	0	0	0	9	0	21	4	0	0	136	0	0	0	0	0	2	35	0	0	26	0	36	2	0	2	0	0
0	0	2	9	451	1	0	0	10	0	1	0	19	14	0	35	162	1	18	0	4	0	0	0	3	0	437	0	0	0	1	2	64	0	8	0	17	0	233	3	35	183	16	384	0	29	0	0	1	165	0	0	1	0	18	0	0	36	0	245	0	0	2	0	139	7	1	1477	0	1202	3	18	126	133	0
0	0	59	27	4	4	0	0	240	0	0	0	10	7	0	40	275	5	3	27	29	0	0	0	0	0	582	0	3	43	0	1	354	0	61	0	475	0	1	1	9	101	52	3	0	135	0	0	33	40	0	0	0	0	6	3	0	63	1	0	0	0	35	139	0	1	1	2088	0	93	2	2	135	176	0
0	23	27	5	204	1	0	0	18	0	159	0	2	3	0	0	1	124	1133	3	0	19	0	0	865	0	2	10	372	0	0	107	5	3	3	0	0	0	342	0	133	0	35	187	0	0	0	0	77	0	0	9	67	6	295	0	2	50	63	177	0	0	0	7	1	0	6	1	0	5	2	274	0	23	0
0	458	500	53	34	0	34	0	2	0	279	0	164	2	0	238	26	10	14	3	28	1	0	0	19	0	24	45	26	129	2	7	56	166	0	0	0	0	40	0	3	0	374	8	0	0	0	0	53	1	0	0	37	0	16	19	260	1	1	0	0	0	0	1	1	6	0	42	0	4	41	30	1	8	10
0	0	1	53	18	8	0	0	27	0	12	0	57	275	0	204	373	41	116	44	51	2	0	0	20	0	1091	0	10	88	1	2	342	0	29	0	570	0	1	11	94	1	179	27	1	373	0	0	6	327	0	6	4	0	62	3	2	315	0	3	0	0	26	1477	2088	1	42	0	0	895	19	4	358	435	66
0	0	0	0	0	0	0	0	0	0	0	0	0	0	0	0	0	0	0	0	0	0	0	0	0	0	0	0	0	0	0	0	0	0	0	0	0	0	0	0	0	0	0	0	0	0	0	0	0	0	0	0	0	0	0	0	0	0	0	0	0	0	0	0	0	0	0	0	0	0	0	0	0	0	0
0	1	1	2	674	1	0	0	6	0	4	0	1	33	0	3	104	3	5	10	0	3	0	0	1	0	771	0	1	4	4	0	32	0	6	0	209	0	6	41	4	259	23	37	0	52	0	0	1	324	0	2	8	0	2	4	1	20	6	751	0	0	36	1202	93	5	4	895	0	0	2	1	218	205	0
0	3	468	155	1	0	9	0	59	0	97	0	4	1	0	485	3	1	3	52	765	2	0	0	2	0	36	3	1	109	1	1	94	6	1	0	0	0	2	3	12	0	181	4	0	0	0	0	104	0	0	0	2	0	0	0	2	1	2	0	0	0	2	3	2	2	41	19	0	2	0	4	1	2	37
0	50	5	2	675	1	0	0	0	0	64	0	0	2	0	0	1	33	298	1	142	0	0	0	320	0	17	49	27	0	0	162	23	20	12	0	0	0	286	0	101	0	13	650	0	0	0	0	52	0	0	0	4	3	242	0	1	7	0	16	0	0	0	18	2	274	30	4	0	1	4	0	0	1	0
0	0	0	0	0	3	0	0	14	0	7	0	0	86	0	9	46	1	2	63	38	0	0	0	1	0	123	0	0	0	4	0	3	0	19	0	19	0	0	0	41	0	9	6	0	48	0	0	1	5	0	0	0	0	19	0	0	48	0	0	0	0	2	126	135	0	1	358	0	218	1	0	0	2	0
0	6	3	9	191	0	0	0	0	0	19	0	0	41	0	54	6	6	34	4	186	3	0	0	18	0	203	6	19	0	0	0	58	0	7	0	0	0	35	0	32	0	15	365	0	39	0	0	16	0	0	0	3	0	16	0	0	26	0	0	0	0	0	133	176	23	8	435	0	205	2	1	2	0	0
0	6	0	242	21	0	38	0	0	0	135	3	0	4	0	0	0	0	7	3	0	6	0	0	4	0	0	1	16	0	0	0	0	0	1	0	0	0	2	0	163	0	34	1	0	2	0	0	49	0	0	0	1	17	0	0	1	4	0	0	0	0	0	0	0	0	10	66	0	0	37	0	0	0	0
