0	0	0	0	0	0	0	0	0	0	0	0	0	0	0	0	0	0	0	0	0	0	0	0	0	0	0	0	0	0	0	0	0	0	0	0	0	0	0	0	0	0	0	0	0	0	0	0	0	0	0	0	0	0	0	0	0	0	0	0	0	0	0	0	0	0	0	0	0	0	0	0	0	0	0
0	0	196	0	0	0	0	2	0	0	93	0	139	0	0	0	0	5	14	0	0	273	0	0	6	0	0	67	4	0	0	0	0	0	0	0	2	0	0	0	10	2	20	0	0	0	0	0	275	0	0	0	189	264	0	0	155	2	303	0	0	0	0	0	0	0	93	2	0	0	2	0	0	0	0
0	196	0	0	1	0	0	0	0	0	0	0	0	0	0	2	0	3	0	0	22	5	0	0	21	17	0	4	1	0	0	0	1	156	0	2	2	0	2	3	2	0	334	0	0	0	0	0	2	0	0	0	38	0	17	0	144	0	218	2	0	0	0	0	0	1	335	0	0	2	151	0	0	3	0
0	0	0	0	0	0	151	16	6	0	1242	0	0	52	105	20	0	0	18	0	0	284	0	0	1	0	0	0	3	0	134	0	0	2	0	2	0	0	2	0	22	0	479	0	0	292	0	0	715	0	0	0	206	20	0	0	14	0	10	2	0	0	0	0	0	0	268	0	0	0	256	0	0	0	374
0	0	1	0	0	1	0	0	0	0	0	0	2	2	0	0	1	13	0	0	11	0	0	0	0	1	0	10	0	0	10	0	1	4	0	19	1	0	7	2	14	0	2	12	2	8	0	3	0	0	0	0	1	0	3	0	0	5	0	2	0	0	1	16	0	0	3	7	0	0	0	2	0	0	0
0	0	0	0	1	0	0	0	0	0	0	0	0	0	1	7	1	3	0	0	0	0	0	0	0	9	0	0	0	0	0	0	0	0	0	1	1	0	1	0	3	0	4	11	3	1	0	0	3	0	0	0	2	0	0	0	0	4	0	2	0	0	0	0	0	1	5	0	0	3	5	0	0	2	2
0	0	0	151	0	0	0	0	0	0	114	0	0	0	0	2	0	0	0	0	0	42	0	0	0	0	0	0	1	0	10	0	0	2	0	0	0	0	0	0	0	0	331	0	0	3	0	0	48	0	0	0	66	0	0	0	19	0	1	0	0	0	0	0	0	0	52	0	0	0	0	0	0	0	52
0	2	0	16	0	0	0	0	1	0	3	0	17	0	0	0	0	108	412	8	12	136	0	0	229	5	0	45	81	0	18	0	3	247	0	0	0	0	121	117	71	0	0	67	0	0	0	1	18	4	0	0	288	1	1430	1	0	20	18	68	0	0	0	5	0	809	238	0	0	0	7	293	0	0	22
0	0	0	6	0	0	0	1	0	0	0	0	0	0	0	0	0	0	0	0	0	0	0	0	0	0	0	0	4	0	0	0	0	2	0	0	0	0	0	0	0	0	0	0	0	0	0	0	0	0	0	0	0	0	0	0	0	0	0	0	0	0	0	0	0	0	0	0	0	0	0	0	0	0	0
0	0	0	0	0	0	0	0	0	0	0	0	0	0	0	0	0	0	0	0	0	0	0	0	0	0	0	0	0	0	0	0	0	0	0	0	0	0	0	0	0	1	0	0	0	0	0	0	0	0	0	0	0	0	0	0	0	0	0	0	0	0	0	0	0	0	0	1	0	0	0	0	1	2	0
0	93	0	1242	0	0	114	3	0	0	0	0	0	0	3	332	0	0	0	23	0	0	0	0	12	0	0	0	0	2	0	0	0	10	0	0	0	0	0	3	38	0	846	0	0	180	0	0	389	0	0	0	0	0	0	0	0	0	0	0	0	0	0	0	0	0	144	0	0	0	3	0	0	0	282
0	0	0	0	0	0	0	0	0	0	0	0	0	0	0	5	0	0	0	0	0	0	0	0	0	1	0	0	0	0	1	0	0	0	0	0	0	0	0	0	0	0	0	0	0	6	0	0	0	0	0	0	0	0	0	215	0	856	0	0	649	0	0	0	0	0	1	2	0	0	1	0	0	0	0
0	139	0	0	2	0	0	17	0	0	0	0	0	2	0	0	0	0	0	0	0	0	0	0	2	0	0	1	0	0	0	0	0	0	0	0	0	0	0	0	0	0	0	1	0	0	0	0	2	0	0	0	0	0	16	0	0	0	0	1	0	0	0	0	0	0	25	0	0	0	0	0	0	2	6
0	0	0	52	2	0	0	0	0	0	0	0	2	0	0	0	12	0	0	1	0	0	0	0	0	0	11	0	0	0	1	0	2	0	0	4	0	0	0	21	4	0	7	0	68	15	0	0	1	0	0	0	0	0	0	1	0	9	0	3	0	2	3	0	0	0	0	24	0	3	1	1	8	2	0
0	0	0	105	0	1	0	0	0	0	3	0	0	0	0	11	0	0	0	0	0	0	0	0	0	7	0	0	0	0	0	0	0	0	0	0	0	0	0	0	3	0	3	0	3	2	0	0	0	0	0	0	0	0	0	0	0	0	0	0	0	0	0	0	0	0	10	0	0	0	0	0	0	3	2
0	0	2	20	0	7	2	0	0	0	332	5	0	0	11	0	134	10	0	211	0	0	0	0	0	10	0	1	0	0	10	0	197	76	0	0	26	0	3	14	40	0	571	0	15	625	0	37	13	0	0	0	0	12	0	224	0	502	23	7	0	0	141	0	0	0	137	14	0	0	201	0	1	12	0
0	0	0	0	1	1	0	0	0	0	0	0	0	12	0	134	0	1	0	166	10	0	0	0	0	3	0	0	0	5	0	0	0	2	0	1	0	0	0	17	181	0	29	0	0	442	1	0	0	0	0	0	0	0	2	52	0	2	0	1	0	0	0	0	1	0	3	61	0	4	2	0	7	1	9
0	5	3	0	13	3	0	108	0	0	0	0	0	0	0	10	1	0	1	13	133	11	0	0	60	25	0	740	23	0	55	0	0	425	0	4	0	0	19	0	569	0	71	15	0	0	0	0	0	0	3	0	3	6	512	0	15	0	7	1	0	269	0	0	0	8	122	0	0	0	24	1	0	13	11
0	14	0	18	0	0	0	412	0	0	0	0	0	0	0	0	0	1	0	0	0	0	0	0	153	3	0	0	82	0	6	0	0	24	0	0	0	0	0	24	30	0	1	7	0	0	0	0	9	0	0	0	0	18	341	0	0	1	2	6	0	0	0	0	0	0	4	2	0	0	2	1	0	0	16
0	0	0	0	0	0	0	8	0	0	23	0	0	1	0	211	166	13	0	0	20	0	0	0	0	0	0	0	0	0	0	0	52	18	0	1	0	0	21	0	15	0	103	14	0	99	0	31	0	0	0	0	0	0	12	10	0	67	1	0	0	0	191	0	0	0	0	0	0	0	0	0	0	0	0
0	0	22	0	11	0	0	12	0	0	0	0	0	0	0	0	10	133	0	20	0	0	0	0	0	10	0	5	2	0	42	0	0	6	0	51	0	0	0	0	414	0	29	2	0	0	0	0	0	0	3	0	0	0	0	0	0	0	0	0	0	4	0	0	0	0	11	69	0	0	5	10	0	11	1
0	273	5	284	0	0	42	136	0	0	0	0	0	0	0	0	0	11	0	0	0	0	0	0	23	1	0	31	30	0	3	0	0	8	0	0	0	0	0	0	32	0	0	0	0	0	0	0	139	0	0	0	0	139	13	0	0	0	0	0	0	0	0	0	0	0	1	0	0	1	0	0	0	0	51
0	0	0	0	0	0	0	0	0	0	0	0	0	0	0	0	0	0	0	0	0	0	0	0	0	0	0	0	0	0	0	0	0	0	0	0	0	0	0	0	0	0	0	0	0	0	0	0	0	0	0	0	0	0	0	0	0	0	0	0	0	0	0	0	0	0	0	0	0	0	0	0	0	0	0
0	0	0	0	0	0	0	0	0	0	0	0	0	0	0	0	0	0	0	0	0	0	0	0	0	0	0	0	0	0	0	0	0	0	0	0	0	0	0	0	0	0	0	0	0	0	0	0	0	0	0	0	0	0	0	0	0	0	0	0	0	0	0	0	0	0	0	0	0	0	0	0	0	0	0
0	6	21	1	0	0	0	229	0	0	12	0	2	0	0	0	0	60	153	0	0	23	0	0	0	7	0	19	0	0	12	2	2	39	0	39	0	0	115	0	20	0	5	2	2	0	0	2	24	0	0	0	100	3	138	0	2	0	48	13	0	0	0	8	0	209	23	1	0	3	3	14	0	2	0
0	0	17	0	1	9	0	5	0	0	0	1	0	0	7	10	3	25	3	0	10	1	0	0	7	0	0	4	0	0	2	6	2	0	0	26	5	0	3	1	13	0	15	4	15	3	0	0	9	0	0	0	2	0	27	0	0	4	8	5	0	0	0	6	0	13	30	12	0	4	7	0	0	16	1
0	0	0	0	0	0	0	0	0	0	0	0	0	11	0	0	0	0	0	0	0	0	0	0	0	0	0	0	0	0	0	0	0	0	0	0	0	0	0	0	0	0	0	0	0	10	0	0	0	0	0	0	0	0	0	0	0	0	0	0	0	0	0	0	0	0	0	0	0	0	0	0	0	0	0
0	67	4	0	10	0	0	45	0	0	0	0	1	0	0	1	0	740	0	0	5	31	0	0	19	4	0	0	23	0	81	0	0	198	0	0	0	0	16	0	233	0	17	9	0	0	0	1	2	0	0	0	3	23	847	0	4	0	155	2	0	138	0	0	0	0	81	0	0	0	0	7	0	10	5
0	4	1	3	0	0	1	81	4	0	0	0	0	0	0	0	0	23	82	0	2	30	0	0	0	0	0	23	0	0	8	0	0	55	0	0	0	0	4	0	4	0	4	0	0	0	0	0	4	0	0	0	33	3	15	0	2	0	3	0	0	2	0	0	0	55	3	1	0	0	2	4	0	0	0
0	0	0	0	0	0	0	0	0	0	2	0	0	0	0	0	5	0	0	0	0	0	0	0	0	0	0	0	0	0	0	0	1	0	0	5	0	0	0	0	1	0	2	2	0	33	0	0	0	0	0	0	0	0	0	0	0	0	0	0	1	0	4	7	0	0	5	5	0	0	21	0	0	1	0
0	0	0	134	10	0	10	18	0	0	0	1	0	1	0	10	0	55	6	0	42	3	0	0	12	2	0	81	8	0	0	0	0	0	0	2	1	0	0	18	478	0	7	0	4	3	0	0	40	0	0	0	12	5	0	0	0	2	0	2	1	1	0	0	0	0	4	4	0	1	9	0	0	14	6
0	0	0	0	0	0	0	0	0	0	0	0	0	0	0	0	0	0	0	0	0	0	0	0	2	6	0	0	0	0	0	0	0	0	0	0	0	0	0	0	0	0	0	1	0	0	0	0	0	0	0	0	0	0	2	0	0	0	0	0	0	0	0	0	0	0	1	0	0	0	0	0	0	0	0
0	0	1	0	1	0	0	3	0	0	0	0	0	2	0	197	0	0	0	52	0	0	0	0	2	2	0	0	0	1	0	0	0	0	0	0	0	0	0	14	2	0	400	0	0	82	5	0	1	0	0	0	0	0	4	128	0	320	0	9	23	0	0	0	0	0	23	19	0	4	1	0	0	1	2
0	0	156	2	4	0	2	247	2	0	10	0	0	0	0	76	2	425	24	18	6	8	0	0	39	0	0	198	55	0	0	0	0	0	0	21	0	0	10	35	85	0	71	34	0	0	0	2	56	0	3	0	6	5	407	0	4	0	12	2	0	24	0	0	0	28	225	2	0	0	19	34	0	4	39
0	0	0	0	0	0	0	0	0	0	0	0	0	0	0	0	0	0	0	0	0	0	0	0	0	0	0	0	0	0	0	0	0	0	0	0	0	0	0	0	0	0	0	0	0	0	0	0	0	0	0	0	0	0	0	0	0	0	0	0	0	0	0	0	0	0	0	0	0	0	0	0	0	0	0
0	0	2	2	19	1	0	0	0	0	0	0	0	4	0	0	1	4	0	1	51	0	0	0	39	26	0	0	0	5	2	0	0	21	0	0	0	0	0	211	1	1	2	193	0	0	0	0	5	0	9	0	0	0	19	0	0	0	0	103	1	0	0	0	0	0	66	0	0	0	4	2	0	17	5
0	2	2	0	1	1	0	0	0	0	0	0	0	0	0	26	0	0	0	0	0	0	0	0	0	5	0	0	0	0	1	0	0	0	0	0	0	0	0	13	0	0	4	0	0	0	9	0	0	0	0	0	0	1	0	0	0	2	0	0	0	0	0	0	0	0	9	29	0	1	8	0	1	1	10
0	0	0	0	0	0	0	0	0	0	0	0	0	0	0	0	0	0	0	0	0	0	0	0	0	0	0	0	0	0	0	0	0	0	0	0	0	0	0	0	0	0	0	0	0	0	0	0	0	0	0	0	0	0	0	0	0	0	0	0	0	0	0	0	0	0	0	0	0	0	0	0	0	0	0
0	0	2	2	7	1	0	121	0	0	0	0	0	0	0	3	0	19	0	21	0	0	0	0	115	3	0	16	4	0	0	0	0	10	0	0	0	0	0	17	0	0	0	132	0	0	0	0	2	0	0	0	0	0	1009	0	0	0	0	36	0	0	0	0	0	0	133	0	0	0	0	0	0	7	7
0	0	3	0	2	0	0	117	0	0	3	0	0	21	0	14	17	0	24	0	0	0	0	0	0	1	0	0	0	0	18	0	14	35	0	211	13	0	17	0	157	0	47	144	0	9	0	0	0	0	0	0	14	0	0	0	0	123	7	172	6	0	0	142	2	37	43	17	0	0	15	31	0	1	0
0	10	2	22	14	3	0	71	0	0	38	0	0	4	3	40	181	569	30	15	414	32	0	0	20	13	0	233	4	1	478	0	2	85	0	1	0	0	0	157	0	0	44	8	0	17	0	0	3	0	1	0	25	4	64	0	1	6	49	169	0	221	1	0	0	0	36	41	0	0	10	5	3	14	126
0	2	0	0	0	0	0	0	0	1	0	0	0	0	0	0	0	0	0	0	0	0	0	0	0	0	0	0	0	0	0	0	0	0	0	1	0	0	0	0	0	0	0	1	0	0	0	0	0	0	0	0	0	0	0	0	0	2	0	0	0	0	0	0	0	0	0	0	0	0	0	0	2	0	0
0	20	334	479	2	4	331	0	0	0	846	0	0	7	3	571	29	71	1	103	29	0	0	0	5	15	0	17	4	2	7	0	400	71	0	2	4	0	0	47	44	0	0	24	0	80	1	0	349	0	0	0	0	0	15	109	94	14	0	2	0	7	16	0	0	1	951	116	0	0	632	15	0	1	96
0	0	0	0	12	11	0	67	0	0	0	0	1	0	0	0	0	15	7	14	2	0	0	0	2	4	0	9	0	2	0	1	0	34	0	193	0	0	132	144	8	1	24	0	0	1	0	0	2	0	0	0	5	0	352	0	0	2	0	273	0	0	0	126	0	12	25	0	0	0	0	8	0	9	1
0	0	0	0	2	3	0	0	0	0	0	0	0	68	3	15	0	0	0	0	0	0	0	0	2	15	0	0	0	0	4	0	0	0	0	0	0	0	0	0	0	0	0	0	0	0	0	0	0	0	0	0	0	0	47	0	0	0	0	0	3	0	0	0	0	0	14	0	0	0	4	0	0	2	2
0	0	0	292	8	1	3	0	0	0	180	6	0	15	2	625	442	0	0	99	0	0	0	0	0	3	10	0	0	33	3	0	82	0	0	0	0	0	0	9	17	0	80	1	0	0	2	8	10	0	0	0	0	0	8	15	0	609	0	7	0	0	28	0	1	0	3	66	0	2	2	0	3	8	119
0	0	0	0	0	0	0	0	0	0	0	0	0	0	0	0	1	0	0	0	0	0	0	0	0	0	0	0	0	0	0	0	5	0	0	0	9	0	0	0	0	0	1	0	0	2	0	0	0	0	0	0	0	0	0	0	0	7	0	0	0	0	1	0	0	0	0	9	0	0	0	0	0	5	0
0	0	0	0	3	0	0	1	0	0	0	0	0	0	0	37	0	0	0	31	0	0	0	0	2	0	0	1	0	0	0	0	0	2	0	0	0	0	0	0	0	0	0	0	0	8	0	0	1	0	0	0	0	0	83	2	0	0	0	0	129	0	0	0	0	0	40	0	0	0	0	0	0	3	0
0	275	2	715	0	3	48	18	0	0	389	0	2	1	0	13	0	0	9	0	0	139	0	0	24	9	0	2	4	0	40	0	1	56	0	5	0	0	2	0	3	0	349	2	0	10	0	1	0	0	0	0	235	72	2	0	140	7	1	4	0	1	0	1	0	6	394	7	0	2	146	6	0	0	118
0	0	0	0	0	0	0	4	0	0	0	0	0	0	0	0	0	0	0	0	0	0	0	0	0	0	0	0	0	0	0	0	0	0	0	0	0	0	0	0	0	0	0	0	0	0	0	0	0	0	0	0	0	0	0	0	0	0	0	0	0	0	0	0	0	0	0	0	0	0	0	0	0	0	0
0	0	0	0	0	0	0	0	0	0	0	0	0	0	0	0	0	3	0	0	3	0	0	0	0	0	0	0	0	0	0	0	0	3	0	9	0	0	0	0	1	0	0	0	0	0	0	0	0	0	0	0	0	0	0	0	0	0	0	0	0	2	0	0	0	0	0	0	0	0	0	2	0	0	0
0	0	0	0	0	0	0	0	0	0	0	0	0	0	0	0	0	0	0	0	0	0	0	0	0	0	0	0	0	0	0	0	0	0	0	0	0	0	0	0	0	0	0	0	0	0	0	0	0	0	0	0	0	0	0	0	0	4	0	0	1	0	0	0	0	0	0	0	0	0	0	0	0	0	0
0	189	38	206	1	2	66	288	0	0	0	0	0	0	0	0	0	3	0	0	0	0	0	0	100	2	0	3	33	0	12	0	0	6	0	0	0	0	0	14	25	0	0	5	0	0	0	0	235	0	0	0	0	79	174	0	0	0	0	3	0	0	0	0	0	0	31	0	0	0	2	0	0	1	17
0	264	0	20	0	0	0	1	0	0	0	0	0	0	0	12	0	6	18	0	0	139	0	0	3	0	0	23	3	0	5	0	0	5	0	0	1	0	0	0	4	0	0	0	0	0	0	0	72	0	0	0	79	0	3	0	83	0	104	0	0	0	0	0	0	0	0	0	0	0	3	0	0	0	0
0	0	17	0	3	0	0	1430	0	0	0	0	16	0	0	0	2	512	341	12	0	13	0	0	138	27	0	847	15	0	0	2	4	407	0	19	0	0	1009	0	64	0	15	352	47	8	0	83	2	0	0	0	174	3	0	0	0	12	54	4	0	1	2	51	0	1296	227	22	0	0	0	1101	3	0	2
0	0	0	0	0	0	0	1	0	0	0	215	0	1	0	224	52	0	0	10	0	0	0	0	0	0	0	0	0	0	0	0	128	0	0	0	0	0	0	0	0	0	109	0	0	15	0	2	0	0	0	0	0	0	0	0	0	844	0	0	1138	0	342	0	0	0	4	5	0	1	0	0	0	0	1
0	155	144	14	0	0	19	0	0	0	0	0	0	0	0	0	0	15	0	0	0	0	0	0	2	0	0	4	2	0	0	0	0	4	0	0	0	0	0	0	1	0	94	0	0	0	0	0	140	0	0	0	0	83	0	0	0	0	0	0	0	0	0	0	0	0	41	0	0	0	0	0	0	0	0
0	2	0	0	5	4	0	20	0	0	0	856	0	9	0	502	2	0	1	67	0	0	0	0	0	4	0	0	0	0	2	0	320	0	0	0	2	0	0	123	6	2	14	2	0	609	7	0	7	0	0	4	0	0	12	844	0	0	0	7	755	57	204	1	0	1	8	32	0	0	0	0	10	5	3
0	303	218	10	0	0	1	18	0	0	0	0	0	0	0	23	0	7	2	1	0	0	0	0	48	8	0	155	3	0	0	0	0	12	0	0	0	0	0	7	49	0	0	0	0	0	0	0	1	0	0	0	0	104	54	0	0	0	0	0	0	0	0	0	0	0	76	16	0	0	0	2	0	0	29
0	0	2	2	2	2	0	68	0	0	0	0	1	3	0	7	1	1	6	0	0	0	0	0	13	5	0	2	0	0	2	0	9	2	0	103	0	0	36	172	169	0	2	273	0	7	0	0	4	0	0	0	3	0	4	0	0	7	0	0	1	0	0	24	0	6	39	20	0	0	1	0	0	2	3
0	0	0	0	0	0	0	0	0	0	0	649	0	0	0	0	0	0	0	0	0	0	0	0	0	0	0	0	0	1	1	0	23	0	0	1	0	0	0	6	0	0	0	0	3	0	0	129	0	0	0	1	0	0	0	1138	0	755	0	1	0	0	699	1	0	0	0	0	0	12	0	0	0	0	0
0	0	0	0	0	0	0	0	0	0	0	0	0	2	0	0	0	269	0	0	4	0	0	0	0	0	0	138	2	0	1	0	0	24	0	0	0	0	0	0	221	0	7	0	0	0	0	0	1	0	2	0	0	0	1	0	0	57	0	0	0	0	0	0	1	0	0	37	0	1	1	0	0	0	6
0	0	0	0	1	0	0	0	0	0	0	0	0	3	0	141	0	0	0	191	0	0	0	0	0	0	0	0	0	4	0	0	0	0	0	0	0	0	0	0	1	0	16	0	0	28	1	0	0	0	0	0	0	0	2	342	0	204	0	0	699	0	0	0	0	0	0	2	0	2	1	0	0	1	0
0	0	0	0	16	0	0	5	0	0	0	0	0	0	0	0	0	0	0	0	0	0	0	0	8	6	0	0	0	7	0	0	0	0	0	0	0	0	0	142	0	0	0	126	0	0	0	0	1	0	0	0	0	0	51	0	0	1	0	24	1	0	0	0	0	0	23	218	0	0	2	0	5	8	4
0	0	0	0	0	0	0	0	0	0	0	0	0	0	0	0	1	0	0	0	0	0	0	0	0	0	0	0	0	0	0	0	0	0	0	0	0	0	0	2	0	0	0	0	0	1	0	0	0	0	0	0	0	0	0	0	0	0	0	0	0	1	0	0	0	0	0	5	0	0	0	0	0	0	0
0	0	1	0	0	1	0	809	0	0	0	0	0	0	0	0	0	8	0	0	0	0	0	0	209	13	0	0	55	0	0	0	0	28	0	0	0	0	0	37	0	0	1	12	0	0	0	0	6	0	0	0	0	0	1296	0	0	1	0	6	0	0	0	0	0	0	105	6	0	0	0	0	0	0	0
0	93	335	268	3	5	52	238	0	0	144	1	25	0	10	137	3	122	4	0	11	1	0	0	23	30	0	81	3	5	4	1	23	225	0	66	9	0	133	43	36	0	951	25	14	3	0	40	394	0	0	0	31	0	227	4	41	8	76	39	0	0	0	23	0	105	0	20	0	4	150	166	6	14	14
0	2	0	0	7	0	0	0	0	1	0	2	0	24	0	14	61	0	2	0	69	0	0	0	1	12	0	0	1	5	4	0	19	2	0	0	29	0	0	17	41	0	116	0	0	66	9	0	7	0	0	0	0	0	22	5	0	32	16	20	0	37	2	218	5	6	20	0	0	4	8	0	26	7	17
0	0	0	0	0	0	0	0	0	0	0	0	0	0	0	0	0	0	0	0	0	0	0	0	0	0	0	0	0	0	0	0	0	0	0	0	0	0	0	0	0	0	0	0	0	0	0	0	0	0	0	0	0	0	0	0	0	0	0	0	0	0	0	0	0	0	0	0	0	0	0	0	0	0	0
0	0	2	0	0	3	0	0	0	0	0	0	0	3	0	0	4	0	0	0	0	1	0	0	3	4	0	0	0	0	1	0	4	0	0	0	1	0	0	0	0	0	0	0	0	2	0	0	2	0	0	0	0	0	0	1	0	0	0	0	12	1	2	0	0	0	4	4	0	0	4	0	3	0	0
0	2	151	256	0	5	0	7	0	0	3	1	0	1	0	201	2	24	2	0	5	0	0	0	3	7	0	0	2	21	9	0	1	19	0	4	8	0	0	15	10	0	632	0	4	2	0	0	146	0	0	0	2	3	0	0	0	0	0	1	0	1	1	2	0	0	150	8	0	4	0	4	1	4	13
0	0	0	0	2	0	0	293	0	0	0	0	0	1	0	0	0	1	1	0	10	0	0	0	14	0	0	7	4	0	0	0	0	34	0	2	0	0	0	31	5	0	15	8	0	0	0	0	6	0	2	0	0	0	1101	0	0	0	2	0	0	0	0	0	0	0	166	0	0	0	4	0	2	2	0
0	0	0	0	0	0	0	0	0	1	0	0	0	8	0	1	7	0	0	0	0	0	0	0	0	0	0	0	0	0	0	0	0	0	0	0	1	0	0	0	3	2	0	0	0	3	0	0	0	0	0	0	0	0	3	0	0	10	0	0	0	0	0	5	0	0	6	26	0	3	1	2	0	0	10
0	0	3	0	0	2	0	0	0	2	0	0	2	2	3	12	1	13	0	0	11	0	0	0	2	16	0	10	0	1	14	0	1	4	0	17	1	0	7	1	14	0	1	9	2	8	5	3	0	0	0	0	1	0	0	0	0	5	0	2	0	0	1	8	0	0	14	7	0	0	4	2	0	0	4
0	0	0	374	0	2	52	22	0	0	282	0	6	0	2	0	9	11	16	0	1	51	0	0	0	1	0	5	0	0	6	0	2	39	0	5	10	0	7	0	126	0	96	1	2	119	0	0	118	0	0	0	17	0	2	1	0	3	29	3	0	6	0	4	0	0	14	17	0	0	13	0	10	4	0
