0	0	0	0	0	0	0	0	0	0	0	0	0	0	0	0	0	0	0	0	0	0	0	0	0	0	0	0	0	0	0	0	0	0	0	0	0	0	0	0	0	0	0	0	0	0	0	0	0	0	0	0	0	0	0	0	0	0	0	0	0	0	0	0	0	0	0	0	0	0	0	0	0	0	0
0	0	1289	131	3	0	60	0	0	0	325	0	660	0	0	3	0	74	65	1	2	734	0	0	16	0	0	36	522	0	16	14	0	32	14	0	2	0	68	20	4	0	158	5	0	0	0	0	234	0	0	10	997	123	23	0	1391	0	610	22	0	0	0	0	0	23	458	0	0	1	3	50	0	6	6
0	1289	0	0	3	0	0	0	2	0	26	1	492	0	0	0	0	0	4	0	93	30	0	0	27	0	0	46	47	0	0	3	3	238	0	0	5	0	4	1	2	0	529	4	0	0	0	0	16	0	0	0	600	0	11	0	504	10	32	0	0	0	1	2	44	27	500	1	0	2	463	6	0	3	0
0	131	0	0	2	0	683	0	91	0	293	0	0	19	0	98	46	4	35	5	8	113	0	0	6	0	18	1	15	43	226	3	35	111	4	0	8	0	6	15	67	16	206	4	0	155	0	0	406	31	0	1	180	8	2	0	12	11	14	22	0	0	13	12	26	6	53	50	0	2	105	3	10	9	220
0	3	3	2	0	0	0	0	1	0	63	0	0	0	0	2	7	206	378	4	47	122	0	0	141	0	57	95	321	0	0	286	6	13	0	0	6	0	638	181	58	119	61	749	0	0	0	0	38	127	0	8	52	14	355	1	1	39	81	273	0	0	2	312	4	204	20	18	0	361	0	459	1	117	21
0	0	0	0	0	0	0	0	0	0	0	0	0	0	0	0	0	0	0	0	0	0	0	0	0	0	0	0	0	0	0	0	0	0	0	0	0	0	0	0	0	0	0	0	0	0	0	0	0	0	0	0	0	0	0	0	0	0	0	0	0	0	0	0	0	0	0	0	0	0	0	0	0	0	0
0	60	0	683	0	0	0	0	0	0	54	0	0	4	0	50	0	0	1	0	0	39	0	0	0	0	0	0	1	4	58	0	0	47	0	0	3	0	0	0	5	0	100	0	0	41	0	0	13	0	0	0	53	1	0	0	5	0	0	9	0	0	0	0	0	0	34	0	0	0	9	0	0	0	48
0	0	0	0	0	0	0	0	0	0	0	0	0	0	0	0	0	0	0	0	0	0	0	0	1	0	0	0	0	0	0	0	0	0	0	0	0	0	0	0	0	0	0	0	0	0	0	0	0	0	0	0	0	0	0	0	0	0	0	0	0	0	0	0	0	0	0	0	0	0	0	0	0	0	0
0	0	2	91	1	0	0	0	0	0	0	0	0	24	0	6	93	0	3	4	566	0	0	0	1	0	10	0	0	0	0	0	97	0	28	0	0	0	0	0	21	0	9	0	0	1	0	0	0	0	0	0	1	0	0	0	0	1	0	0	0	0	0	14	241	8	2	16	0	5	58	0	14	0	0
0	0	0	0	0	0	0	0	0	0	0	0	0	0	0	0	0	0	0	0	0	0	0	0	0	0	0	0	0	0	0	0	0	0	0	0	0	0	0	0	0	0	0	0	0	0	0	0	0	0	0	0	0	0	0	0	0	0	0	0	0	0	0	0	0	0	0	0	0	0	0	0	0	0	0
0	325	26	293	63	0	54	0	0	0	0	0	14	110	0	291	1	91	239	75	1	151	0	0	251	0	0	0	225	48	8	0	8	88	3	0	1	0	205	22	187	0	111	8	0	9	0	0	132	11	0	10	157	13	145	0	110	49	25	19	0	0	5	1	0	156	279	11	0	4	39	37	7	19	106
0	0	1	0	0	0	0	0	0	0	0	0	0	1	0	3	0	6	0	4	0	0	0	0	0	0	0	0	0	0	0	0	1	0	96	0	0	0	0	0	0	0	0	0	0	0	0	0	0	0	0	0	1	0	1	0	0	1	0	1	0	0	0	4	0	0	0	0	0	3	0	0	0	0	1
0	660	492	0	0	0	0	0	0	0	14	0	0	21	0	30	0	1	3	1	0	6	0	0	1	0	0	4	90	0	0	0	25	0	2	0	0	0	0	0	4	0	12	11	0	0	0	0	1	0	0	0	227	7	0	0	176	21	0	0	0	0	0	19	10	2	164	57	0	1	4	0	0	0	0
0	0	0	19	0	0	4	0	24	0	110	1	21	0	0	37	18	0	7	52	0	0	0	0	3	0	36	0	19	76	7	1	19	1	5	0	64	0	1	0	28	0	26	12	799	136	0	0	1	9	0	43	0	0	25	2	0	145	10	0	0	0	41	58	8	3	2	275	0	73	1	2	86	41	4
0	0	0	0	0	0	0	0	0	0	0	0	0	0	0	0	0	0	0	0	0	0	0	0	0	0	0	0	0	0	0	0	0	0	0	0	0	0	0	0	0	0	0	0	0	0	0	0	0	0	0	0	0	0	0	0	0	0	0	0	0	0	0	0	0	0	0	0	0	0	0	0	0	0	0
0	3	0	98	2	0	50	0	6	0	291	3	30	37	0	0	423	4	0	911	0	0	0	0	1	0	11	0	1	768	1	0	699	277	9	0	27	0	1	4	4	0	817	1	0	716	0	0	5	20	0	1	0	0	5	338	0	330	16	0	0	0	471	35	33	0	241	178	0	2	451	0	9	55	0
0	0	0	46	7	0	0	0	93	0	1	0	0	18	0	423	0	12	2	658	800	0	0	0	1	0	388	7	1	77	3	0	141	1	8	0	0	0	4	0	286	0	47	15	0	204	0	0	0	6	0	20	1	0	4	1	0	4	0	0	0	0	96	254	276	1	26	341	0	91	3	1	37	6	0
0	74	0	4	206	0	0	0	0	0	91	6	1	0	0	4	12	0	128	4	450	28	0	0	208	0	26	362	284	0	8	10	45	6	8	0	0	0	35	15	384	0	39	117	0	0	0	0	10	2	0	1	41	76	88	0	5	27	13	11	0	0	2	1	5	105	13	41	0	3	0	13	1	6	0
0	65	4	35	378	0	1	0	3	0	239	0	3	7	0	0	2	128	0	1	9	229	0	0	747	0	10	53	939	0	106	216	13	127	1	0	16	0	858	6	135	0	37	422	0	33	0	0	52	19	0	29	343	3	637	1	21	57	323	137	0	0	0	18	2	993	4	26	0	3	0	208	1	24	4
0	1	0	5	4	0	0	0	4	0	75	4	1	52	0	911	658	4	1	0	18	0	0	0	1	0	6	1	3	605	37	1	378	260	0	0	19	0	2	1	71	0	429	4	0	639	0	0	0	20	0	5	1	0	4	314	0	175	1	0	0	0	538	1	27	3	3	44	0	12	31	1	22	4	3
0	2	93	8	47	0	0	0	566	0	1	0	0	0	0	0	800	450	9	18	0	88	0	0	19	0	0	123	0	2	1052	64	18	590	0	0	4	0	198	372	698	6	393	146	0	3	0	0	3	4	0	0	14	0	35	0	1	19	0	50	0	0	2	4	25	0	23	4	0	0	617	142	36	164	0
0	734	30	113	122	0	39	0	0	0	151	0	6	0	0	0	0	28	229	0	88	0	0	0	270	0	4	102	272	0	64	0	0	6	3	0	9	0	10	10	213	0	5	78	0	0	0	0	128	0	0	0	385	38	6	0	130	5	18	4	0	0	0	0	0	22	3	1	0	4	2	1	0	3	9
0	0	0	0	0	0	0	0	0	0	0	0	0	0	0	0	0	0	0	0	0	0	0	0	0	0	0	0	0	0	0	0	0	0	0	0	0	0	0	0	0	0	0	0	0	0	0	0	0	0	0	0	0	0	0	0	0	0	0	0	0	0	0	0	0	0	0	0	0	0	0	0	0	0	0
0	0	0	0	0	0	0	0	0	0	0	0	0	0	0	0	0	0	0	0	0	0	0	0	0	0	0	0	0	0	0	0	0	0	0	0	0	0	0	0	0	0	0	0	0	0	0	0	0	0	0	0	0	0	0	0	0	0	0	0	0	0	0	0	0	0	0	0	0	0	0	0	0	0	0
0	16	27	6	141	0	0	1	1	0	251	0	1	3	0	1	1	208	747	1	19	270	0	0	0	0	3	118	667	1	289	61	14	123	1	0	2	0	689	74	77	0	53	20	0	3	0	0	24	33	0	4	324	4	576	1	13	54	294	85	0	0	0	3	0	788	20	19	0	2	0	308	1	15	7
0	0	0	0	0	0	0	0	0	0	0	0	0	0	0	0	0	0	0	0	0	0	0	0	0	0	0	0	0	0	0	0	0	0	0	0	0	0	0	0	0	0	0	0	3	0	0	0	0	0	0	0	0	0	0	0	0	0	0	0	0	0	0	0	0	0	0	0	0	0	0	0	0	0	0
0	0	0	18	57	0	0	0	10	0	0	0	0	36	0	11	388	26	10	6	0	4	0	0	3	0	0	5	89	5	27	3	65	3	5	0	104	0	28	0	117	84	55	23	0	137	0	0	0	174	0	0	1	0	5	12	0	44	5	29	0	0	21	588	497	2	32	827	0	714	14	44	170	170	0
0	36	46	1	95	0	0	0	0	0	0	0	4	0	0	0	7	362	53	1	123	102	0	0	118	0	5	0	130	0	238	40	63	119	2	0	0	0	295	26	315	0	39	20	0	0	0	0	7	3	0	1	42	0	148	0	5	17	111	10	0	0	0	0	0	8	41	0	0	0	1	51	0	5	1
0	522	47	15	321	0	1	0	0	0	225	0	90	19	0	1	1	284	939	3	0	272	0	0	667	0	89	130	0	3	562	31	28	42	4	0	1	0	450	20	422	0	64	10	0	56	0	0	37	38	0	63	383	239	298	0	130	84	384	80	0	0	7	0	3	374	26	10	0	1	1	230	0	19	17
0	0	0	43	0	0	4	0	0	0	48	0	0	76	0	768	77	0	0	605	2	0	0	0	1	0	5	0	3	0	0	0	284	0	80	0	0	0	0	0	15	0	202	1	0	65	0	0	0	0	0	0	0	0	0	0	0	265	0	0	0	0	0	0	43	0	129	88	0	4	109	0	0	0	0
0	16	0	226	0	0	58	0	0	0	8	0	0	7	0	1	3	8	106	37	1052	64	0	0	289	0	27	238	562	0	0	0	0	0	6	0	0	0	0	0	457	0	17	22	0	2	0	0	124	0	0	0	43	46	4	0	2	0	0	7	0	0	0	1	1	0	1	1	0	4	0	0	4	0	0
0	14	3	3	286	0	0	0	0	0	0	0	0	1	0	0	0	10	216	1	64	0	0	0	61	0	3	40	31	0	0	0	17	0	7	0	0	0	19	0	20	0	3	611	0	0	0	0	4	0	0	0	0	0	42	0	1	3	0	0	0	0	0	2	1	82	8	1	0	0	1	162	0	0	0
0	0	3	35	6	0	0	0	97	0	8	1	25	19	0	699	141	45	13	378	18	0	0	0	14	0	65	63	28	284	0	17	0	10	626	0	162	0	42	2	1	21	385	43	0	213	0	0	1	74	0	5	11	0	122	179	0	328	4	12	0	0	218	120	397	5	28	270	0	36	82	23	7	55	0
0	32	238	111	13	0	47	0	0	0	88	0	0	1	0	277	1	6	127	260	590	6	0	0	123	0	3	119	42	0	0	0	10	0	0	0	0	0	3	0	94	0	73	32	0	0	0	0	70	0	0	0	3	3	3	0	2	1	0	0	0	0	0	0	0	8	184	0	0	0	1	20	0	0	0
0	14	0	4	0	0	0	0	28	0	3	96	2	5	0	9	8	8	1	0	0	3	0	0	1	0	5	2	4	80	6	7	626	0	0	0	7	0	15	0	8	2	12	1	0	2	0	0	1	5	0	5	6	0	4	352	5	726	6	3	0	0	640	20	61	3	0	26	0	7	1	12	20	9	1
0	0	0	0	0	0	0	0	0	0	0	0	0	0	0	0	0	0	0	0	0	0	0	0	0	0	0	0	0	0	0	0	0	0	0	0	0	0	0	0	0	0	0	0	0	0	0	0	0	0	0	0	0	0	0	0	0	0	0	0	0	0	0	0	0	0	0	0	0	0	0	0	0	0	0
0	2	5	8	6	0	3	0	0	0	1	0	0	64	0	27	0	0	16	19	4	9	0	0	2	0	104	0	1	0	0	0	162	0	7	0	0	0	0	0	10	0	1	2	0	0	0	0	1	0	0	0	2	0	0	0	0	25	0	0	0	0	0	54	456	0	7	423	0	211	0	0	19	0	0
0	0	0	0	0	0	0	0	0	0	0	0	0	0	0	0	0	0	0	0	0	0	0	0	0	0	0	0	0	0	0	0	0	0	0	0	0	0	0	0	0	0	0	0	0	0	0	0	0	0	0	0	0	0	0	0	0	0	0	0	0	0	0	0	0	0	0	0	0	0	0	0	0	0	0
0	68	4	6	638	0	0	0	0	0	205	0	0	1	0	1	4	35	858	2	198	10	0	0	689	0	28	295	450	0	0	19	42	3	15	0	0	0	0	6	108	0	8	980	0	0	0	0	31	1	0	1	26	14	172	0	2	23	1	31	0	0	0	298	1	324	31	1	0	10	0	177	0	12	0
0	20	1	15	181	0	0	0	0	0	22	0	0	0	0	4	0	15	6	1	372	10	0	0	74	0	0	26	20	0	0	0	2	0	0	0	0	0	6	0	125	0	9	226	0	0	0	0	0	0	0	0	11	1	5	0	1	2	0	6	0	0	0	3	1	0	0	6	0	20	3	0	0	0	0
0	4	2	67	58	0	5	0	21	0	187	0	4	28	0	4	286	384	135	71	698	213	0	0	77	0	117	315	422	15	457	20	1	94	8	0	10	0	108	125	0	1	113	24	0	174	0	0	23	8	0	14	51	4	102	0	2	18	93	330	0	0	2	35	9	136	4	60	0	7	3	146	70	31	187
0	0	0	16	119	0	0	0	0	0	0	0	0	0	0	0	0	0	0	0	6	0	0	0	0	0	84	0	0	0	0	0	21	0	2	0	0	0	0	0	1	0	0	30	0	0	0	0	0	0	0	0	0	0	0	0	0	0	0	0	0	0	0	273	102	0	0	1	0	211	0	0	0	0	0
0	158	529	206	61	0	100	0	9	0	111	0	12	26	0	817	47	39	37	429	393	5	0	0	53	0	55	39	64	202	17	3	385	73	12	0	1	0	8	9	113	0	0	36	0	156	0	0	229	3	0	2	23	1	12	63	26	35	0	7	0	0	36	17	52	36	434	146	0	24	177	20	9	15	67
0	5	4	4	749	0	0	0	0	0	8	0	11	12	0	1	15	117	422	4	146	78	0	0	20	0	23	20	10	1	22	611	43	32	1	0	2	0	980	226	24	30	36	0	0	2	0	0	1	105	0	0	8	0	658	1	0	68	61	734	0	0	1	498	3	193	9	27	0	45	4	703	6	365	10
0	0	0	0	0	0	0	0	0	0	0	0	0	799	0	0	0	0	0	0	0	0	0	0	0	3	0	0	0	0	0	0	0	0	0	0	0	0	0	0	0	0	0	0	0	0	0	0	0	0	0	0	0	0	0	0	0	0	0	0	0	0	0	0	0	0	0	1	0	0	0	0	0	0	0
0	0	0	155	0	0	41	0	1	0	9	0	0	136	0	716	204	0	33	639	3	0	0	0	3	0	137	0	56	65	2	0	213	0	2	0	0	0	0	0	174	0	156	2	0	0	0	0	13	3	0	33	1	0	0	0	0	242	0	0	0	0	20	30	135	0	0	373	0	50	0	0	48	37	1
0	0	0	0	0	0	0	0	0	0	0	0	0	0	0	0	0	0	0	0	0	0	0	0	0	0	0	0	0	0	0	0	0	0	0	0	0	0	0	0	0	0	0	0	0	0	0	0	0	0	0	0	0	0	0	0	0	0	0	0	0	0	0	0	0	0	0	0	0	0	0	0	0	0	0
0	0	0	0	0	0	0	0	0	0	0	0	0	0	0	0	0	0	0	0	0	0	0	0	0	0	0	0	0	0	0	0	0	0	0	0	0	0	0	0	0	0	0	0	0	0	0	0	0	0	0	0	0	0	0	0	0	0	0	0	0	0	0	0	0	0	0	0	0	0	0	0	0	0	0
0	234	16	406	38	0	13	0	0	0	132	0	1	1	0	5	0	10	52	0	3	128	0	0	24	0	0	7	37	0	124	4	1	70	1	0	1	0	31	0	23	0	229	1	0	13	0	0	0	15	0	8	253	164	9	0	15	13	37	18	0	0	0	1	1	23	43	3	0	1	102	17	1	8	47
0	0	0	31	127	0	0	0	0	0	11	0	0	9	0	20	6	2	19	20	4	0	0	0	33	0	174	3	38	0	0	0	74	0	5	0	0	0	1	0	8	0	3	105	0	3	0	0	15	0	0	0	1	6	10	0	0	2	0	5	0	0	0	194	40	0	3	298	0	307	0	0	5	0	0
0	0	0	0	0	0	0	0	0	0	0	0	0	0	0	0	0	0	0	0	0	0	0	0	0	0	0	0	0	0	0	0	0	0	0	0	0	0	0	0	0	0	0	0	0	0	0	0	0	0	0	0	0	0	0	0	0	0	0	0	0	0	0	0	0	0	0	0	0	0	0	0	0	0	0
0	10	0	1	8	0	0	0	0	0	10	0	0	43	0	1	20	1	29	5	0	0	0	0	4	0	0	1	63	0	0	0	5	0	5	0	0	0	1	0	14	0	2	0	0	33	0	0	8	0	0	0	0	0	4	0	1	72	0	0	0	0	0	0	0	9	0	4	0	3	0	0	0	0	0
0	997	600	180	52	0	53	0	1	0	157	1	227	0	0	0	1	41	343	1	14	385	0	0	324	0	1	42	383	0	43	0	11	3	6	0	2	0	26	11	51	0	23	8	0	1	0	0	253	1	0	0	0	203	44	0	309	18	372	15	0	0	0	10	0	73	36	4	0	7	2	6	0	3	1
0	123	0	8	14	0	1	0	0	0	13	0	7	0	0	0	0	76	3	0	0	38	0	0	4	0	0	0	239	0	46	0	0	3	0	0	0	0	14	1	4	0	1	0	0	0	0	0	164	6	0	0	203	0	4	0	51	1	319	7	0	0	5	0	0	6	0	0	0	0	0	3	0	0	11
0	23	11	2	355	0	0	0	0	0	145	1	0	25	0	5	4	88	637	4	35	6	0	0	576	0	5	148	298	0	4	42	122	3	4	0	0	0	172	5	102	0	12	658	0	0	0	0	9	10	0	4	44	4	0	0	3	34	24	12	0	0	4	45	9	252	16	62	0	19	0	235	19	15	0
0	0	0	0	1	0	0	0	0	0	0	0	0	2	0	338	1	0	1	314	0	0	0	0	1	0	12	0	0	0	0	0	179	0	352	0	0	0	0	0	0	0	63	1	0	0	0	0	0	0	0	0	0	0	0	0	0	0	0	0	0	0	0	0	3	1	21	3	0	4	0	0	0	0	0
0	1391	504	12	1	0	5	0	0	0	110	0	176	0	0	0	0	5	21	0	1	130	0	0	13	0	0	5	130	0	2	1	0	2	5	0	0	0	2	1	2	0	26	0	0	0	0	0	15	0	0	1	309	51	3	0	0	0	143	3	0	0	0	0	0	2	260	2	0	1	2	1	0	0	1
0	0	10	11	39	0	0	0	1	0	49	1	21	145	0	330	4	27	57	175	19	5	0	0	54	0	44	17	84	265	0	3	328	1	726	0	25	0	23	2	18	0	35	68	0	242	0	0	13	2	0	72	18	1	34	0	0	0	12	10	0	0	133	40	53	50	2	285	0	21	1	7	48	24	3
0	610	32	14	81	0	0	0	0	0	25	0	0	10	0	16	0	13	323	1	0	18	0	0	294	0	5	111	384	0	0	0	4	0	6	0	0	0	1	0	93	0	0	61	0	0	0	0	37	0	0	0	372	319	24	0	143	12	0	15	0	0	0	2	1	94	1	0	0	7	2	0	0	0	0
0	22	0	22	273	0	9	0	0	0	19	1	0	0	0	0	0	11	137	0	50	4	0	0	85	0	29	10	80	0	7	0	12	0	3	0	0	0	31	6	330	0	7	734	0	0	0	0	18	5	0	0	15	7	12	0	3	10	15	0	0	0	0	354	2	115	0	2	0	696	0	18	0	0	0
0	0	0	0	0	0	0	0	0	0	0	0	0	0	0	0	0	0	0	0	0	0	0	0	0	0	0	0	0	0	0	0	0	0	0	0	0	0	0	0	0	0	0	0	0	0	0	0	0	0	0	0	0	0	0	0	0	0	0	0	0	0	0	0	0	0	0	0	0	0	0	0	0	0	0
0	0	0	0	0	0	0	0	0	0	0	0	0	0	0	0	0	0	0	0	0	0	0	0	0	0	0	0	0	0	0	0	0	0	0	0	0	0	0	0	0	0	0	0	0	0	0	0	0	0	0	0	0	0	0	0	0	0	0	0	0	0	0	0	0	0	0	0	0	0	0	0	0	0	0
0	0	1	13	2	0	0	0	0	0	5	0	0	41	0	471	96	2	0	538	2	0	0	0	0	0	21	0	7	0	0	0	218	0	640	0	0	0	0	0	2	0	36	1	0	20	0	0	0	0	0	0	0	5	4	0	0	133	0	0	0	0	0	12	33	0	4	21	0	38	1	0	2	0	0
0	0	2	12	312	0	0	0	14	0	1	4	19	58	0	35	254	1	18	1	4	0	0	0	3	0	588	0	0	0	1	2	120	0	20	0	54	0	298	3	35	273	17	498	0	30	0	0	1	194	0	0	10	0	45	0	0	40	2	354	0	0	12	0	153	7	2	1373	0	1287	3	28	193	165	0
0	0	44	26	4	0	0	0	241	0	0	0	10	8	0	33	276	5	2	27	25	0	0	0	0	0	497	0	3	43	1	1	397	0	61	0	456	0	1	1	9	102	52	3	0	135	0	0	1	40	0	0	0	0	9	3	0	53	1	2	0	0	33	153	0	1	1	1697	0	91	2	3	135	169	0
0	23	27	6	204	0	0	0	8	0	156	0	2	3	0	0	1	105	993	3	0	22	0	0	788	0	2	8	374	0	0	82	5	8	3	0	0	0	324	0	136	0	36	193	0	0	0	0	23	0	0	9	73	6	252	1	2	50	94	115	0	0	0	7	1	0	5	1	0	6	1	204	0	23	1
0	458	500	53	20	0	34	0	2	0	279	0	164	2	0	241	26	13	4	3	23	3	0	0	20	0	32	41	26	129	1	8	28	184	0	0	7	0	31	0	4	0	434	9	0	0	0	0	43	3	0	0	36	0	16	21	260	2	1	0	0	0	4	2	1	5	0	41	0	5	41	56	1	4	10
0	0	1	50	18	0	0	0	16	0	11	0	57	275	0	178	341	41	26	44	4	1	0	0	19	0	827	0	10	88	1	1	270	0	26	0	423	0	1	6	60	1	146	27	1	373	0	0	3	298	0	4	4	0	62	3	2	285	0	2	0	0	21	1373	1697	1	41	0	0	760	18	4	312	370	61
0	0	0	0	0	0	0	0	0	0	0	0	0	0	0	0	0	0	0	0	0	0	0	0	0	0	0	0	0	0	0	0	0	0	0	0	0	0	0	0	0	0	0	0	0	0	0	0	0	0	0	0	0	0	0	0	0	0	0	0	0	0	0	0	0	0	0	0	0	0	0	0	0	0	0
0	1	2	2	361	0	0	0	5	0	4	3	1	73	0	2	91	3	3	12	0	4	0	0	2	0	714	0	1	4	4	0	36	0	7	0	211	0	10	20	7	211	24	45	0	50	0	0	1	307	0	3	7	0	19	4	1	21	7	696	0	0	38	1287	91	6	5	760	0	0	2	1	234	168	0
0	3	463	105	0	0	9	0	58	0	39	0	4	1	0	451	3	0	0	31	617	2	0	0	0	0	14	1	1	109	0	1	82	1	1	0	0	0	0	3	3	0	177	4	0	0	0	0	102	0	0	0	2	0	0	0	2	1	2	0	0	0	1	3	2	1	41	18	0	2	0	4	1	2	37
0	50	6	3	459	0	0	0	0	0	37	0	0	2	0	0	1	13	208	1	142	1	0	0	308	0	44	51	230	0	0	162	23	20	12	0	0	0	177	0	146	0	20	703	0	0	0	0	17	0	0	0	6	3	235	0	1	7	0	18	0	0	0	28	3	204	56	4	0	1	4	0	0	1	0
0	0	0	10	1	0	0	0	14	0	7	0	0	86	0	9	37	1	1	22	36	0	0	0	1	0	170	0	0	0	4	0	7	0	20	0	19	0	0	0	70	0	9	6	0	48	0	0	1	5	0	0	0	0	19	0	0	48	0	0	0	0	2	193	135	0	1	312	0	234	1	0	0	2	0
0	6	3	9	117	0	0	0	0	0	19	0	0	41	0	55	6	6	24	4	164	3	0	0	15	0	170	5	19	0	0	0	55	0	9	0	0	0	12	0	31	0	15	365	0	37	0	0	8	0	0	0	3	0	15	0	0	24	0	0	0	0	0	165	169	23	4	370	0	168	2	1	2	0	0
0	6	0	220	21	0	48	0	0	0	106	1	0	4	0	0	0	0	4	3	0	9	0	0	7	0	0	1	17	0	0	0	0	0	1	0	0	0	0	0	187	0	67	10	0	1	0	0	47	0	0	0	1	11	0	0	1	3	0	0	0	0	0	0	0	1	10	61	0	0	37	0	0	0	0
