0	0	0	0	0	0	0	0	0	0	0	0	0	0	0	0	0	0	0	0	0	0	0	0	0	0	0	0	0	0	0	0	0	0	0	0	0	0	0	0	0	0	0	0	0	0	0	0	0	0	0	0	0	0	0	0	0	0	0	0	0	0	0	0	0	0	0	0	0	0	0	0	0	0	0
0	0	415	134	0	0	2	0	0	0	435	0	0	0	0	0	2	175	0	0	4	1433	0	0	14	0	0	53	584	0	8	6	0	0	0	0	0	0	64	0	121	0	16	12	0	0	0	0	0	0	14	0	345	0	45	0	1634	0	0	0	0	0	0	0	0	19	52	9	0	0	4	0	0	0	2
0	415	0	0	0	0	0	0	0	0	1	1	0	0	0	0	0	24	0	0	42	115	0	0	7	0	0	0	11	0	0	0	0	0	0	0	0	0	5	0	0	0	1	2	0	0	0	0	0	0	27	0	0	0	5	0	0	0	0	0	0	0	0	0	0	0	114	0	0	0	17	0	0	0	0
0	134	0	0	0	0	185	0	0	0	378	0	0	2	0	156	0	8	0	0	0	141	0	0	4	0	0	1	10	1	112	0	0	21	0	0	0	0	2	0	26	0	244	0	0	57	0	0	0	0	0	0	226	0	2	0	67	0	0	0	0	0	0	0	0	5	0	0	0	0	37	0	0	0	327
0	0	0	0	0	0	0	0	0	0	0	0	0	3	0	0	1	0	0	0	0	0	0	0	0	0	0	0	0	0	0	0	4	0	0	0	0	0	0	0	0	1	2	0	0	0	0	0	0	0	0	0	0	0	0	0	0	2	0	0	0	0	0	0	8	0	0	8	0	0	0	0	0	0	1
0	0	0	0	0	0	0	0	0	0	0	0	0	0	0	0	0	0	0	0	0	0	0	0	0	0	0	0	0	0	0	0	0	0	0	0	0	0	0	0	0	0	0	0	0	0	0	0	0	0	0	0	0	0	0	0	0	0	0	0	0	0	0	0	0	0	0	5	0	0	0	0	0	0	0
0	2	0	185	0	0	0	0	0	0	53	0	0	15	0	77	0	0	0	0	0	9	0	0	0	0	0	0	0	12	44	0	0	46	0	0	0	0	0	0	20	0	7	0	0	46	0	0	0	0	0	0	7	0	0	0	0	0	0	0	0	0	0	0	0	0	3	0	0	0	36	0	0	0	18
0	0	0	0	0	0	0	0	0	0	0	0	0	0	0	0	0	0	0	0	0	0	0	0	0	0	0	0	0	0	0	0	0	0	0	0	0	0	0	0	0	0	0	0	0	0	0	0	0	0	0	0	0	0	0	0	0	0	0	0	0	0	0	0	0	0	0	0	0	0	0	0	0	0	0
0	0	0	0	0	0	0	0	0	0	0	0	0	4	0	0	0	0	0	0	8	0	0	0	1	0	0	0	0	0	0	0	0	0	0	0	0	0	0	0	0	0	0	0	0	0	0	0	0	0	4	0	0	0	0	0	0	0	0	0	0	0	0	0	0	0	1	20	0	0	0	0	0	0	0
0	0	0	0	0	0	0	0	0	0	0	0	0	0	0	0	0	0	0	0	0	0	0	0	0	0	0	0	0	0	0	0	0	0	0	0	0	0	0	0	0	0	0	0	0	0	0	0	0	0	0	0	0	0	0	0	0	0	0	0	0	0	0	0	0	0	0	0	0	0	0	0	0	0	0
0	435	1	378	0	0	53	0	0	0	0	0	0	23	0	147	0	24	0	0	0	28	0	0	224	0	0	10	168	0	0	0	0	0	0	0	0	0	8	0	227	0	65	0	0	0	0	0	0	0	4	0	7	0	21	0	68	19	0	0	0	0	0	0	0	152	104	0	0	0	0	0	0	0	0
0	0	1	0	0	0	0	0	0	0	0	0	0	0	0	0	0	0	0	0	0	0	0	0	0	0	0	0	0	0	4	0	0	0	0	0	0	0	0	0	0	0	0	0	0	0	0	0	0	0	0	0	0	0	0	5	0	0	0	0	0	0	0	0	0	0	0	9	0	0	0	0	0	0	0
0	0	0	0	0	0	0	0	0	0	0	0	0	0	0	0	0	0	0	0	0	0	0	0	0	0	0	0	0	0	0	0	0	0	0	0	0	0	0	0	0	0	0	0	0	0	0	0	0	0	0	0	0	0	0	0	0	0	0	0	0	0	0	0	0	0	0	0	0	0	0	0	0	0	0
0	0	0	2	3	0	15	0	4	0	23	0	0	0	0	26	15	0	0	0	3	0	0	0	0	0	0	0	0	7	1	1	9	2	0	0	0	0	0	0	3	0	3	0	189	37	0	0	0	0	0	6	0	0	6	0	0	20	0	0	0	0	0	0	1	0	1	38	0	1	2	0	0	8	2
0	0	0	0	0	0	0	0	0	0	0	0	0	0	0	0	0	0	0	0	0	0	0	0	0	0	0	0	0	0	0	0	0	0	0	0	0	0	0	0	0	0	0	0	0	0	0	0	0	0	0	0	0	0	0	0	0	0	0	0	0	0	0	0	0	0	0	0	0	0	0	0	0	0	0
0	0	0	156	0	0	77	0	0	0	147	0	0	26	0	0	168	0	0	0	7	0	0	0	2	0	1	0	0	44	1	0	0	78	1	0	0	0	0	0	13	0	58	1	0	113	0	0	0	1	1	7	0	0	1	79	0	1	0	0	0	0	0	0	2	0	1	5	0	0	74	0	0	4	0
0	2	0	0	1	0	0	0	0	0	0	0	0	15	0	168	0	0	0	0	30	0	0	0	6	0	2	1	0	0	0	0	0	0	2	0	0	0	0	0	387	0	3	9	0	0	0	0	0	0	98	0	0	0	8	11	0	5	0	0	0	0	0	3	3	3	0	412	0	2	0	0	2	0	0
0	175	24	8	0	0	0	0	0	0	24	0	0	0	0	0	0	0	0	0	147	436	0	0	191	0	0	292	532	0	141	0	4	1	0	0	0	0	370	0	736	0	6	150	0	0	0	0	0	0	861	0	9	0	331	0	8	0	0	0	0	0	0	1	0	182	120	4	0	1	0	0	6	1	0
0	0	0	0	0	0	0	0	0	0	0	0	0	0	0	0	0	0	0	0	0	0	0	0	0	0	0	0	0	0	0	0	0	0	0	0	0	0	0	0	0	0	0	0	0	0	0	0	0	0	0	0	0	0	0	0	0	0	0	0	0	0	0	0	0	0	0	0	0	0	0	0	0	0	0
0	0	0	0	0	0	0	0	0	0	0	0	0	0	0	0	0	0	0	0	0	0	0	0	0	0	0	0	0	0	0	0	0	0	0	0	0	0	0	0	461	0	0	0	0	0	0	0	0	0	0	0	0	0	0	0	0	0	0	0	0	0	0	0	0	0	0	0	0	0	0	0	0	0	17
0	4	42	0	0	0	0	0	8	0	0	0	0	3	0	7	30	147	0	0	0	7	0	0	36	0	2	136	2	0	54	0	0	0	2	0	0	0	6	0	496	0	3	144	0	0	0	0	0	0	1652	0	2	0	30	0	0	0	0	0	0	0	0	0	3	4	9	3	0	26	0	0	1	0	0
0	1433	115	141	0	0	9	0	0	0	28	0	0	0	0	0	0	436	0	0	7	0	0	0	215	0	0	142	674	0	414	0	0	0	0	0	0	0	57	0	589	0	1	12	0	0	0	0	0	0	559	0	160	0	57	0	266	0	0	0	0	0	0	0	1	59	22	0	0	0	0	0	6	0	11
0	0	0	0	0	0	0	0	0	0	0	0	0	0	0	0	0	0	0	0	0	0	0	0	0	0	0	0	0	0	0	0	0	0	0	0	0	0	0	0	0	0	0	0	0	0	0	0	0	0	0	0	0	0	0	0	0	0	0	0	0	0	0	0	0	0	0	0	0	0	0	0	0	0	0
0	0	0	0	0	0	0	0	0	0	0	0	0	0	0	0	0	0	0	0	0	0	0	0	0	0	0	0	0	0	0	0	0	0	0	0	0	0	0	0	0	0	0	0	0	0	0	0	0	0	0	0	0	0	0	0	0	0	0	0	0	0	0	0	0	0	0	0	0	0	0	0	0	0	0
0	14	7	4	0	0	0	0	1	0	224	0	0	0	0	2	6	191	0	0	36	215	0	0	0	0	0	85	771	0	431	1	3	40	0	0	0	0	635	7	271	0	15	24	0	0	0	0	0	0	205	1	124	0	657	2	7	1	0	0	0	0	0	0	1	703	6	82	0	0	3	2	26	0	7
0	0	0	0	0	0	0	0	0	0	0	0	0	0	0	0	0	0	0	0	0	0	0	0	0	0	0	0	0	0	0	0	0	0	0	0	0	0	0	0	0	0	0	0	0	0	0	0	0	0	0	0	0	0	0	0	0	0	0	0	0	0	0	0	0	0	0	0	0	0	0	0	0	0	0
0	0	0	0	0	0	0	0	0	0	0	0	0	0	0	1	2	0	0	0	2	0	0	0	0	0	0	0	0	0	0	0	0	1	0	0	0	0	0	0	2	0	0	2	0	0	0	0	0	1	2	0	0	0	0	0	0	0	0	0	0	0	0	0	0	0	0	3	0	0	0	0	0	0	0
0	53	0	1	0	0	0	0	0	0	10	0	0	0	0	0	1	292	0	0	136	142	0	0	85	0	0	0	322	0	239	0	3	72	0	0	0	0	289	1	522	0	6	106	0	0	0	0	0	0	267	0	32	0	215	0	40	0	0	0	0	0	0	2	0	133	0	2	0	2	1	0	0	0	0
0	584	11	10	0	0	0	0	0	0	168	0	0	0	0	0	0	532	0	0	2	674	0	0	771	0	0	322	0	0	161	16	13	93	0	0	0	0	479	0	329	0	18	8	0	0	0	0	0	1	18	0	301	0	335	0	22	0	0	0	0	0	0	0	1	612	0	0	0	0	8	0	23	1	14
0	0	0	1	0	0	12	0	0	0	0	0	0	7	0	44	0	0	0	0	0	0	0	0	0	0	0	0	0	0	0	0	0	0	0	0	0	0	0	0	0	0	1	2	0	0	0	0	0	0	0	0	0	0	0	14	0	0	0	0	0	0	0	0	0	0	2	0	0	0	0	0	0	0	0
0	8	0	112	0	0	44	0	0	0	0	4	0	1	0	1	0	141	0	0	54	414	0	0	431	0	0	239	161	0	0	0	0	0	0	0	0	0	0	0	696	0	3	4	0	0	0	0	0	0	503	0	8	0	16	0	1	0	0	0	0	0	0	0	0	8	1	0	0	0	0	0	2	0	0
0	6	0	0	0	0	0	0	0	0	0	0	0	1	0	0	0	0	0	0	0	0	0	0	1	0	0	0	16	0	0	0	0	0	0	0	0	0	0	0	0	0	0	36	0	0	0	0	0	0	41	0	0	0	0	0	0	0	0	0	0	0	0	0	0	4	0	0	0	0	0	0	0	0	0
0	0	0	0	4	0	0	0	0	0	0	0	0	9	0	0	0	4	0	0	0	0	0	0	3	0	0	3	13	0	0	0	0	0	8	0	0	0	0	0	1	0	33	5	0	0	0	0	0	0	12	0	2	0	1	0	0	2	0	0	0	0	0	10	89	2	0	94	0	2	0	0	0	0	0
0	0	0	21	0	0	46	0	0	0	0	0	0	2	0	78	0	1	0	0	0	0	0	0	40	0	1	72	93	0	0	0	0	0	0	0	0	0	105	0	177	0	13	93	0	0	0	0	0	0	111	0	2	0	8	0	1	0	0	0	0	0	0	0	0	119	2	0	0	1	0	0	0	0	0
0	0	0	0	0	0	0	0	0	0	0	0	0	0	0	1	2	0	0	0	2	0	0	0	0	0	0	0	0	0	0	0	8	0	0	0	0	0	0	0	0	0	0	0	0	1	0	0	0	0	0	0	0	0	0	0	0	0	0	0	0	0	0	0	0	0	0	0	0	0	1	0	0	0	0
0	0	0	0	0	0	0	0	0	0	0	0	0	0	0	0	0	0	0	0	0	0	0	0	0	0	0	0	0	0	0	0	0	0	0	0	0	0	0	0	0	0	0	0	0	0	0	0	0	0	0	0	0	0	0	0	0	0	0	0	0	0	0	0	0	0	0	0	0	0	0	0	0	0	0
0	0	0	0	0	0	0	0	0	0	0	0	0	0	0	0	0	0	0	0	0	0	0	0	0	0	0	0	0	0	0	0	0	0	0	0	0	0	0	0	0	0	0	0	0	0	0	0	0	0	0	0	0	0	0	0	0	0	0	0	0	0	0	0	0	0	0	0	0	0	0	0	0	0	0
0	0	0	0	0	0	0	0	0	0	0	0	0	0	0	0	0	0	0	0	0	0	0	0	0	0	0	0	0	0	0	0	0	0	0	0	0	0	0	0	0	0	0	0	0	0	0	0	0	0	0	0	0	0	0	0	0	0	0	0	0	0	0	0	0	0	0	0	0	0	0	0	0	0	0
0	64	5	2	0	0	0	0	0	0	8	0	0	0	0	0	0	370	0	0	6	57	0	0	635	0	0	289	479	0	0	0	0	105	0	0	0	0	0	0	320	0	22	920	0	0	0	0	0	0	1171	0	24	0	392	0	16	0	0	0	0	0	0	0	0	574	113	1	0	1	0	0	4	0	0
0	0	0	0	0	0	0	0	0	0	0	0	0	0	0	0	0	0	0	0	0	0	0	0	7	0	0	1	0	0	0	0	0	0	0	0	0	0	0	0	21	0	0	141	0	0	0	0	0	0	62	0	2	0	0	0	0	0	0	0	0	0	0	70	0	0	0	0	0	87	0	0	0	0	0
0	121	0	26	0	0	20	0	0	0	227	0	0	3	0	13	387	736	0	461	496	589	0	0	271	0	2	522	329	0	696	0	1	177	0	0	0	0	320	21	0	0	41	198	0	38	0	0	0	0	1294	2	51	0	215	8	31	0	0	0	0	0	0	0	0	329	0	25	0	2	1	0	43	2	463
0	0	0	0	1	0	0	0	0	0	0	0	0	0	0	0	0	0	0	0	0	0	0	0	0	0	0	0	0	0	0	0	0	0	0	0	0	0	0	0	0	0	0	114	0	0	0	0	0	0	152	0	0	0	0	0	0	0	0	0	0	0	0	78	1	0	0	4	0	51	0	0	0	0	0
0	16	1	244	2	0	7	0	0	0	65	0	0	3	0	58	3	6	0	0	3	1	0	0	15	0	0	6	18	1	3	0	33	13	0	0	0	0	22	0	41	0	0	41	0	66	0	0	0	0	51	0	2	0	2	0	26	5	0	0	0	0	0	0	9	20	2	31	0	8	1	0	0	1	5
0	12	2	0	0	0	0	0	0	0	0	0	0	0	0	1	9	150	0	0	144	12	0	0	24	0	2	106	8	2	4	36	5	93	0	0	0	0	920	141	198	114	41	0	0	2	0	0	0	29	1768	0	3	0	977	1	2	1	0	0	0	0	0	212	2	215	7	3	0	2	9	0	15	3	1
0	0	0	0	0	0	0	0	0	0	0	0	0	189	0	0	0	0	0	0	0	0	0	0	0	0	0	0	0	0	0	0	0	0	0	0	0	0	0	0	0	0	0	0	0	0	0	0	0	0	0	0	0	0	0	0	0	0	0	0	0	0	0	0	0	0	0	0	0	0	0	0	0	0	0
0	0	0	57	0	0	46	0	0	0	0	0	0	37	0	113	0	0	0	0	0	0	0	0	0	0	0	0	0	0	0	0	0	0	1	0	0	0	0	0	38	0	66	2	0	0	0	0	0	0	0	0	2	0	0	2	0	1	0	0	0	0	0	0	0	0	0	0	0	0	0	0	0	0	0
0	0	0	0	0	0	0	0	0	0	0	0	0	0	0	0	0	0	0	0	0	0	0	0	0	0	0	0	0	0	0	0	0	0	0	0	0	0	0	0	0	0	0	0	0	0	0	0	0	0	0	0	0	0	0	0	0	0	0	0	0	0	0	0	0	0	0	0	0	0	0	0	0	0	0
0	0	0	0	0	0	0	0	0	0	0	0	0	0	0	0	0	0	0	0	0	0	0	0	0	0	0	0	0	0	0	0	0	0	0	0	0	0	0	0	0	0	0	0	0	0	0	0	0	0	0	0	0	0	0	0	0	0	0	0	0	0	0	0	0	0	0	0	0	0	0	0	0	0	0
0	0	0	0	0	0	0	0	0	0	0	0	0	0	0	0	0	0	0	0	0	0	0	0	0	0	0	0	0	0	0	0	0	0	0	0	0	0	0	0	0	0	0	0	0	0	0	0	0	0	0	0	0	0	0	0	0	0	0	0	0	0	0	0	0	0	1	0	0	0	0	3	0	0	0
0	0	0	0	0	0	0	0	0	0	0	0	0	0	0	1	0	0	0	0	0	0	0	0	0	0	1	0	1	0	0	0	0	0	0	0	0	0	0	0	0	0	0	29	0	0	0	0	0	0	0	0	0	0	0	0	0	0	0	0	0	0	0	1	0	0	0	8	0	6	0	0	0	0	0
0	14	27	0	0	0	0	0	4	0	4	0	0	0	0	1	98	861	0	0	1652	559	0	0	205	0	2	267	18	0	503	41	12	111	0	0	0	0	1171	62	1294	152	51	1768	0	0	0	0	0	0	0	0	33	0	496	0	12	1	0	0	0	0	0	1	0	17	64	0	0	0	14	2	93	4	4
0	0	0	0	0	0	0	0	0	0	0	0	0	6	0	7	0	0	0	0	0	0	0	0	1	0	0	0	0	0	0	0	0	0	0	0	0	0	0	0	2	0	0	0	0	0	0	0	0	0	0	0	0	0	0	8	0	34	0	0	0	0	0	0	0	0	0	7	0	0	0	0	0	0	0
0	345	0	226	0	0	7	0	0	0	7	0	0	0	0	0	0	9	0	0	2	160	0	0	124	0	0	32	301	0	8	0	2	2	0	0	0	0	24	2	51	0	2	3	0	2	0	0	0	0	33	0	0	0	13	0	9	0	0	0	0	0	0	0	0	69	0	0	0	0	0	0	0	0	7
0	0	0	0	0	0	0	0	0	0	0	0	0	0	0	0	0	0	0	0	0	0	0	0	0	0	0	0	0	0	0	0	0	0	0	0	0	0	0	0	0	0	0	0	0	0	0	0	0	0	0	0	0	0	0	0	0	0	0	0	0	0	0	0	0	0	0	0	0	0	0	0	0	0	0
0	45	5	2	0	0	0	0	0	0	21	0	0	6	0	1	8	331	0	0	30	57	0	0	657	0	0	215	335	0	16	0	1	8	0	0	0	0	392	0	215	0	2	977	0	0	0	0	0	0	496	0	13	0	0	1	4	0	0	0	0	0	0	2	0	720	116	104	0	1	0	0	2	2	10
0	0	0	0	0	0	0	0	0	0	0	5	0	0	0	79	11	0	0	0	0	0	0	0	2	0	0	0	0	14	0	0	0	0	0	0	0	0	0	0	8	0	0	1	0	2	0	0	0	0	0	8	0	0	1	0	0	280	0	0	0	0	0	0	0	2	0	54	0	0	0	0	0	0	0
0	1634	0	67	0	0	0	0	0	0	68	0	0	0	0	0	0	8	0	0	0	266	0	0	7	0	0	40	22	0	1	0	0	1	0	0	0	0	16	0	31	0	26	2	0	0	0	0	0	0	12	0	9	0	4	0	0	0	0	0	0	0	0	0	0	9	1	0	0	0	0	0	0	0	0
0	0	0	0	2	0	0	0	0	0	19	0	0	20	0	1	5	0	0	0	0	0	0	0	1	0	0	0	0	0	0	0	2	0	0	0	0	0	0	0	0	0	5	1	0	1	0	0	0	0	1	34	0	0	0	280	0	0	0	0	0	0	0	0	2	1	0	41	0	0	0	0	0	2	1
0	0	0	0	0	0	0	0	0	0	0	0	0	0	0	0	0	0	0	0	0	0	0	0	0	0	0	0	0	0	0	0	0	0	0	0	0	0	0	0	0	0	0	0	0	0	0	0	0	0	0	0	0	0	0	0	0	0	0	0	0	0	0	0	0	0	0	0	0	0	0	0	0	0	0
0	0	0	0	0	0	0	0	0	0	0	0	0	0	0	0	0	0	0	0	0	0	0	0	0	0	0	0	0	0	0	0	0	0	0	0	0	0	0	0	0	0	0	0	0	0	0	0	0	0	0	0	0	0	0	0	0	0	0	0	0	0	0	0	0	0	0	0	0	0	0	0	0	0	0
0	0	0	0	0	0	0	0	0	0	0	0	0	0	0	0	0	0	0	0	0	0	0	0	0	0	0	0	0	0	0	0	0	0	0	0	0	0	0	0	0	0	0	0	0	0	0	0	0	0	0	0	0	0	0	0	0	0	0	0	0	0	0	0	0	0	0	0	0	0	0	0	0	0	0
0	0	0	0	0	0	0	0	0	0	0	0	0	0	0	0	0	0	0	0	0	0	0	0	0	0	0	0	0	0	0	0	0	0	0	0	0	0	0	0	0	0	0	0	0	0	0	0	0	0	0	0	0	0	0	0	0	0	0	0	0	0	0	0	0	0	0	0	0	0	0	0	0	0	0
0	0	0	0	0	0	0	0	0	0	0	0	0	0	0	0	0	0	0	0	0	0	0	0	0	0	0	0	0	0	0	0	0	0	0	0	0	0	0	0	0	0	0	0	0	0	0	0	0	0	0	0	0	0	0	0	0	0	0	0	0	0	0	0	0	0	0	0	0	0	0	0	0	0	0
0	0	0	0	0	0	0	0	0	0	0	0	0	0	0	0	3	1	0	0	0	0	0	0	0	0	0	2	0	0	0	0	10	0	0	0	0	0	0	70	0	78	0	212	0	0	0	0	0	1	1	0	0	0	2	0	0	0	0	0	0	0	0	0	0	0	0	173	0	233	0	0	0	2	0
0	0	0	0	8	0	0	0	0	0	0	0	0	1	0	2	3	0	0	0	3	1	0	0	1	0	0	0	1	0	0	0	89	0	0	0	0	0	0	0	0	1	9	2	0	0	0	0	0	0	0	0	0	0	0	0	0	2	0	0	0	0	0	0	0	3	0	460	0	0	0	0	0	39	0
0	19	0	5	0	0	0	0	0	0	152	0	0	0	0	0	3	182	0	0	4	59	0	0	703	0	0	133	612	0	8	4	2	119	0	0	0	0	574	0	329	0	20	215	0	0	0	0	0	0	17	0	69	0	720	2	9	1	0	0	0	0	0	0	3	0	0	4	0	2	0	0	0	1	8
0	52	114	0	0	0	3	0	1	0	104	0	0	1	0	1	0	120	0	0	9	22	0	0	6	0	0	0	0	2	1	0	0	2	0	0	0	0	113	0	0	0	2	7	0	0	0	0	1	0	64	0	0	0	116	0	1	0	0	0	0	0	0	0	0	0	0	5	0	1	2	189	16	0	0
0	9	0	0	8	5	0	0	20	0	0	9	0	38	0	5	412	4	0	0	3	0	0	0	82	0	3	2	0	0	0	0	94	0	0	0	0	0	1	0	25	4	31	3	0	0	0	0	0	8	0	7	0	0	104	54	0	41	0	0	0	0	0	173	460	4	5	0	0	101	0	0	0	48	32
0	0	0	0	0	0	0	0	0	0	0	0	0	0	0	0	0	0	0	0	0	0	0	0	0	0	0	0	0	0	0	0	0	0	0	0	0	0	0	0	0	0	0	0	0	0	0	0	0	0	0	0	0	0	0	0	0	0	0	0	0	0	0	0	0	0	0	0	0	0	0	0	0	0	0
0	0	0	0	0	0	0	0	0	0	0	0	0	1	0	0	2	1	0	0	26	0	0	0	0	0	0	2	0	0	0	0	2	1	0	0	0	0	1	87	2	51	8	2	0	0	0	0	0	6	0	0	0	0	1	0	0	0	0	0	0	0	0	233	0	2	1	101	0	0	1	0	0	0	1
0	4	17	37	0	0	36	0	0	0	0	0	0	2	0	74	0	0	0	0	0	0	0	0	3	0	0	1	8	0	0	0	0	0	1	0	0	0	0	0	1	0	1	9	0	0	0	0	0	0	14	0	0	0	0	0	0	0	0	0	0	0	0	0	0	0	2	0	0	1	0	0	0	0	0
0	0	0	0	0	0	0	0	0	0	0	0	0	0	0	0	0	0	0	0	0	0	0	0	2	0	0	0	0	0	0	0	0	0	0	0	0	0	0	0	0	0	0	0	0	0	0	0	3	0	2	0	0	0	0	0	0	0	0	0	0	0	0	0	0	0	189	0	0	0	0	0	0	0	0
0	0	0	0	0	0	0	0	0	0	0	0	0	0	0	0	2	6	0	0	1	6	0	0	26	0	0	0	23	0	2	0	0	0	0	0	0	0	4	0	43	0	0	15	0	0	0	0	0	0	93	0	0	0	2	0	0	0	0	0	0	0	0	0	0	0	16	0	0	0	0	0	0	0	0
0	0	0	0	0	0	0	0	0	0	0	0	0	8	0	4	0	1	0	0	0	0	0	0	0	0	0	0	1	0	0	0	0	0	0	0	0	0	0	0	2	0	1	3	0	0	0	0	0	0	4	0	0	0	2	0	0	2	0	0	0	0	0	2	39	1	0	48	0	0	0	0	0	0	0
0	2	0	327	1	0	18	0	0	0	0	0	0	2	0	0	0	0	0	17	0	11	0	0	7	0	0	0	14	0	0	0	0	0	0	0	0	0	0	0	463	0	5	1	0	0	0	0	0	0	4	0	7	0	10	0	0	1	0	0	0	0	0	0	0	8	0	32	0	1	0	0	0	0	0
