0	0	0	0	0	0	0	0	0	0	0	0	0	0	0	0	0	0	0	0	0	0	0	0	0	0	0	0	0	0	0	0	0	0	0	0	0	0	0	0	0	0	0	0	0	0	0	0	0	0	0	0	0	0	0	0	0	0	0	0	0	0	0	0	0	0	0	0	0	0	0	0	0	0	0
0	0	21	6	0	0	0	0	0	0	0	0	0	0	2	0	0	0	6	0	0	0	0	0	0	0	0	0	95	0	0	0	0	0	0	0	0	0	0	0	0	0	0	0	0	0	0	0	0	0	0	0	0	0	0	0	46	0	0	0	0	0	0	0	0	1	0	0	0	0	0	0	0	0	0
0	21	0	0	7	0	0	0	0	0	0	0	3	0	19	0	0	3	15	0	0	6	0	0	17	0	0	54	62	0	0	1	0	43	0	0	3	0	5	7	1	0	248	8	0	2	0	0	3	0	0	0	48	0	8	0	9	0	17	0	2	12	0	0	33	45	395	3	0	0	40	10	0	8	2
0	6	0	0	1	0	652	0	0	0	282	0	4	9	1	217	0	0	108	10	0	320	0	0	2	0	0	4	1	0	218	0	0	102	0	0	0	0	4	118	167	2	641	0	0	466	0	0	236	0	0	0	400	2	6	0	14	0	14	15	0	0	0	0	0	13	189	0	0	0	188	0	0	1	862
0	0	7	1	0	0	0	0	0	3	1	0	7	10	0	2	186	11	4	0	3	1	0	0	0	0	0	12	0	0	6	31	62	5	0	0	74	0	84	17	43	38	32	85	0	18	0	0	3	13	0	0	4	0	44	3	1	0	9	88	1	34	10	191	15	0	17	179	0	47	23	42	10	0	1
0	0	0	0	0	0	0	0	0	0	0	0	0	0	0	0	0	0	0	0	0	0	0	0	0	0	0	0	0	0	0	0	0	0	0	0	0	0	0	0	0	0	0	0	0	0	0	0	0	0	0	0	0	0	0	0	0	0	0	0	0	0	0	0	0	0	0	0	0	0	0	0	0	0	0
0	0	0	652	0	0	0	0	0	0	0	0	0	0	0	56	0	0	1	0	0	25	0	0	0	0	0	0	0	0	19	0	0	0	0	0	0	0	0	1	1	0	0	0	0	58	0	0	27	0	0	0	24	0	0	0	4	0	0	0	0	0	0	0	0	1	3	0	0	0	1	0	0	1	184
0	0	0	0	0	0	0	0	0	0	0	0	0	0	0	0	0	0	0	0	0	0	0	0	0	0	0	0	0	0	0	0	0	0	0	0	0	0	0	0	0	0	0	0	0	0	0	0	0	0	0	0	0	0	0	0	0	0	0	0	0	0	0	0	0	0	0	0	0	0	0	0	0	0	0
0	0	0	0	0	0	0	0	0	0	0	0	0	0	0	0	0	0	0	0	0	0	0	0	0	0	0	0	0	0	0	0	0	0	0	0	0	0	0	0	0	0	0	0	0	0	0	0	0	0	0	0	0	0	0	0	0	0	0	0	0	0	0	0	0	0	0	0	0	0	0	0	0	0	0
0	0	0	0	3	0	0	0	0	0	0	0	0	0	0	0	19	2	0	0	2	0	0	0	0	0	0	2	0	0	0	178	31	0	0	0	0	0	0	484	0	460	0	158	0	0	0	0	0	0	0	0	0	0	1	0	0	0	0	592	0	0	0	88	50	0	2	278	0	4	4	0	174	0	0
0	0	0	282	1	0	0	0	0	0	0	0	0	16	0	392	0	0	1	0	0	0	0	0	1	0	0	0	0	11	0	0	0	10	0	0	0	0	0	1	35	0	330	0	0	736	0	0	0	0	0	0	0	2	0	0	0	0	0	0	0	0	0	0	0	0	202	0	0	0	6	0	0	1	495
0	0	0	0	0	0	0	0	0	0	0	0	0	2	0	5	0	0	1	1	0	0	0	0	0	0	0	0	0	5	0	0	0	0	0	0	0	0	0	0	0	0	0	0	0	0	0	0	0	0	0	0	0	0	0	72	0	0	0	2	876	0	0	0	0	0	0	0	0	7	0	0	0	0	0
0	0	3	4	7	0	0	0	0	0	0	0	0	2	10	0	0	0	0	0	0	0	0	0	1	0	0	14	0	0	0	0	0	2	0	0	0	0	0	0	0	0	6	6	0	0	0	0	0	0	0	0	0	0	0	0	0	0	0	8	0	0	0	0	6	1	43	0	0	0	0	0	0	0	1
0	0	0	9	10	0	0	0	0	0	16	2	2	0	0	130	2	0	10	23	0	0	0	0	0	0	6	0	0	17	0	0	19	0	0	0	15	0	3	11	6	1	1	3	355	102	0	0	2	0	0	0	0	0	3	23	0	0	0	4	3	17	9	19	5	0	2	38	0	33	1	1	11	18	3
0	2	19	1	0	0	0	0	0	0	0	0	10	0	0	0	2	108	462	0	0	37	0	0	234	0	0	187	0	0	6	0	21	103	0	0	0	0	196	0	25	0	0	4	0	0	0	0	203	0	0	0	50	0	86	0	0	0	131	73	0	5	0	0	0	352	3	0	0	0	20	5	0	2	10
0	0	0	217	2	0	56	0	0	0	392	5	0	130	0	0	268	4	7	459	1	0	0	0	1	0	9	4	0	68	1	0	540	210	1	0	14	0	1	24	9	1	868	2	0	1401	0	0	13	0	0	0	10	1	10	471	0	73	13	2	4	2	206	1	59	0	269	45	0	2	568	61	0	14	1
0	0	0	0	186	0	0	0	0	19	0	0	0	2	2	268	0	0	4	337	238	0	0	0	0	0	22	0	0	3	0	0	0	2	0	0	0	0	0	1	84	0	29	5	0	378	0	0	0	0	0	0	0	0	4	0	0	0	0	1	0	0	0	0	81	3	53	0	0	11	2	0	1	186	2
0	0	3	0	11	0	0	0	0	2	0	0	0	0	108	4	0	0	55	1	16	0	0	0	62	0	0	40	171	0	0	0	0	8	0	0	0	0	0	23	56	0	11	32	0	0	0	0	0	0	0	0	0	5	20	0	0	0	0	14	0	0	0	0	2	109	30	0	0	2	0	0	0	10	2
0	6	15	108	4	0	1	0	0	0	1	1	0	10	462	7	4	55	0	2	6	109	0	0	844	0	0	175	312	0	378	207	3	118	0	0	18	0	663	30	145	0	13	218	0	2	0	0	247	0	0	0	245	9	479	7	35	7	638	235	0	14	3	0	1	1297	16	2	0	0	12	23	0	34	22
0	0	0	10	0	0	0	0	0	0	0	1	0	23	0	459	337	1	2	0	28	0	0	0	0	0	0	4	0	3	1	0	53	95	0	0	5	0	0	0	3	0	183	1	0	1059	0	0	0	1	0	0	1	0	3	27	0	0	23	1	0	4	189	2	2	0	1	1	0	0	55	0	0	0	4
0	0	0	0	3	0	0	0	0	2	0	0	0	0	0	1	238	16	6	28	0	0	0	0	3	0	0	23	0	0	384	46	0	52	0	0	0	0	2	1	88	0	126	52	0	4	0	0	0	0	3	0	0	0	15	0	0	0	0	6	0	66	0	2	11	20	13	0	0	0	204	7	0	19	7
0	0	6	320	1	0	25	0	0	0	0	0	0	0	37	0	0	0	109	0	0	0	0	0	82	0	0	43	275	0	0	0	0	6	0	0	0	0	0	0	49	0	10	1	0	2	0	0	0	0	0	0	0	141	4	0	0	0	0	12	0	0	0	0	0	96	1	0	0	1	0	0	0	1	75
0	0	0	0	0	0	0	0	0	0	0	0	0	0	0	0	0	0	0	0	0	0	0	0	0	0	0	0	0	0	0	0	0	0	0	0	0	0	0	0	0	0	0	0	0	0	0	0	0	0	0	0	0	0	0	0	0	0	0	0	0	0	0	0	0	0	0	0	0	0	0	0	0	0	0
0	0	0	0	0	0	0	0	0	0	0	0	0	0	0	0	0	0	0	0	0	0	0	0	0	0	0	0	0	0	0	0	0	0	0	0	0	0	0	0	0	0	0	0	0	0	0	0	0	0	0	0	0	0	0	0	0	0	0	0	0	0	0	0	0	0	0	0	0	0	0	0	0	0	0
0	0	17	2	0	0	0	0	0	0	1	0	1	0	234	1	0	62	844	0	3	82	0	0	0	0	0	196	180	0	295	15	10	74	0	0	0	0	536	1	20	0	10	12	0	1	0	0	209	1	0	0	238	7	672	0	15	0	368	61	0	0	0	0	0	945	103	0	0	8	15	194	0	3	1
0	0	0	0	0	0	0	0	0	0	0	0	0	0	0	0	0	0	0	0	0	0	0	0	0	0	0	1	0	0	0	0	0	0	0	0	0	0	0	0	0	0	0	0	6	0	0	0	0	0	0	0	0	0	0	0	0	0	0	0	0	0	0	0	0	0	0	0	0	0	0	0	0	0	0
0	0	0	0	0	0	0	0	0	0	0	0	0	6	0	9	22	0	0	0	0	0	0	0	0	0	0	0	0	0	0	0	0	0	0	0	38	0	0	0	0	18	0	1	0	0	0	0	0	0	0	0	0	0	0	0	0	0	0	0	0	0	0	4	16	0	48	4	0	24	0	0	0	28	0
0	0	54	4	12	0	0	0	0	2	0	0	14	0	187	4	0	40	175	4	23	43	0	0	196	1	0	0	138	0	7	8	38	205	0	0	0	0	102	0	117	0	16	103	0	14	0	0	1	0	0	0	8	1	86	0	0	0	17	25	0	60	0	0	4	152	24	0	0	2	0	2	0	11	26
0	95	62	1	0	0	0	0	0	0	0	0	0	0	0	0	0	171	312	0	0	275	0	0	180	0	0	138	0	0	213	1	13	0	0	0	0	0	193	0	93	0	0	0	0	0	0	0	0	0	0	0	130	0	92	0	43	0	196	19	0	0	0	0	0	355	2	0	0	0	0	50	0	3	0
0	0	0	0	0	0	0	0	0	0	11	5	0	17	0	68	3	0	0	3	0	0	0	0	0	0	0	0	0	0	0	0	50	3	0	0	2	0	0	0	0	2	36	0	0	86	0	0	0	0	0	0	0	0	7	49	0	24	0	0	6	0	34	7	0	0	0	7	0	0	53	0	0	3	0
0	0	0	218	6	0	19	0	0	0	0	0	0	0	6	1	0	0	378	1	384	0	0	0	295	0	0	7	213	0	0	0	0	2	0	0	0	0	0	1	82	0	14	2	0	4	0	0	0	0	0	0	0	78	4	0	0	0	0	43	0	0	0	0	0	6	17	0	0	1	1	1	0	6	53
0	0	1	0	31	0	0	0	0	178	0	0	0	0	0	0	0	0	207	0	46	0	0	0	15	0	0	8	1	0	0	0	0	2	0	0	0	0	0	1	3	0	0	501	0	0	0	0	0	0	0	0	0	0	9	0	0	0	0	26	0	0	0	0	3	94	171	0	0	0	0	3	0	15	0
0	0	0	0	62	0	0	0	0	31	0	0	0	19	21	540	0	0	3	53	0	0	0	0	10	0	0	38	13	50	0	0	0	2	1	0	0	0	0	17	8	0	272	6	0	8	0	0	0	0	0	0	0	0	0	26	0	0	0	1	9	0	0	0	302	10	14	0	0	20	4	0	1	62	4
0	0	43	102	5	0	0	0	0	0	10	0	2	0	103	210	2	8	118	95	52	6	0	0	74	0	0	205	0	3	2	2	2	0	0	0	0	0	4	0	65	0	450	94	0	98	0	0	8	0	0	0	0	9	22	0	0	0	12	10	0	2	0	0	1	44	323	0	0	0	24	10	0	5	632
0	0	0	0	0	0	0	0	0	0	0	0	0	0	0	1	0	0	0	0	0	0	0	0	0	0	0	0	0	0	0	0	1	0	0	0	0	0	0	0	0	0	1	0	0	0	0	0	0	0	0	0	0	0	0	0	0	0	0	0	344	0	0	0	0	0	0	0	0	0	0	0	0	0	0
0	0	0	0	0	0	0	0	0	0	0	0	0	0	0	0	0	0	0	0	0	0	0	0	0	0	0	0	0	0	0	0	0	0	0	0	0	0	0	0	0	0	0	0	0	0	0	0	0	0	0	0	0	0	0	0	0	0	0	0	0	0	0	0	0	0	0	0	0	0	0	0	0	0	0
0	0	3	0	74	0	0	0	0	0	0	0	0	15	0	14	0	0	18	5	0	0	0	0	0	0	38	0	0	2	0	0	0	0	0	0	0	0	0	82	155	0	10	7	0	2	0	0	0	0	0	0	0	5	5	0	0	0	0	3	12	0	0	0	1164	14	38	0	0	37	0	0	0	74	7
0	0	0	0	0	0	0	0	0	0	0	0	0	0	0	0	0	0	0	0	0	0	0	0	0	0	0	0	0	0	0	0	0	0	0	0	0	0	0	0	0	0	0	0	0	0	0	0	0	0	0	0	0	0	0	0	0	0	0	0	0	0	0	0	0	0	0	0	0	0	0	0	0	0	0
0	0	5	4	84	0	0	0	0	0	0	0	0	3	196	1	0	0	663	0	2	0	0	0	536	0	0	102	193	0	0	0	0	4	0	0	0	0	0	0	0	0	5	659	0	0	0	0	0	0	0	0	0	0	20	0	0	0	0	205	0	0	0	0	3	598	129	0	0	8	0	246	0	43	17
0	0	7	118	17	0	1	0	0	484	1	0	0	11	0	24	1	23	30	0	1	0	0	0	1	0	0	0	0	0	1	1	17	0	0	0	82	0	0	0	28	0	2	284	0	1	0	0	28	2	0	0	14	1	1	14	1	0	11	408	0	0	0	34	43	9	49	73	0	7	0	9	0	30	1
0	0	1	167	43	0	1	0	0	0	35	0	0	6	25	9	84	56	145	3	88	49	0	0	20	0	0	117	93	0	82	3	8	65	0	0	155	0	0	28	0	0	4	73	0	50	0	0	4	0	4	0	6	2	9	3	0	0	72	331	1	44	1	1	196	45	50	11	0	12	9	40	0	55	242
0	0	0	2	38	0	0	0	0	460	0	0	0	1	0	1	0	0	0	0	0	0	0	0	0	0	18	0	0	2	0	0	0	0	0	0	0	0	0	0	0	0	0	21	0	0	0	0	0	0	0	0	0	0	0	0	0	0	0	0	0	0	0	0	97	0	3	0	0	1	0	0	0	37	0
0	0	248	641	32	0	0	0	0	0	330	0	6	1	0	868	29	11	13	183	126	10	0	0	10	0	0	16	0	36	14	0	272	450	1	0	10	0	5	2	4	0	0	72	0	359	0	0	108	1	2	0	10	0	17	126	47	1	1	24	11	4	12	2	1	19	617	10	0	4	463	12	0	40	371
0	0	8	0	85	0	0	0	0	158	0	0	6	3	4	2	5	32	218	1	52	1	0	0	12	0	1	103	0	0	2	501	6	94	0	0	7	0	659	284	73	21	72	0	0	1	0	0	5	7	0	0	17	0	682	0	2	32	23	1327	0	15	0	110	3	135	41	5	0	5	98	229	0	268	16
0	0	0	0	0	0	0	0	0	0	0	0	0	355	0	0	0	0	0	0	0	0	0	0	0	6	0	0	0	0	0	0	0	0	0	0	0	0	0	0	0	0	0	0	0	0	0	0	0	0	0	0	0	3	0	0	0	0	0	0	0	0	0	0	1	0	0	0	0	3	0	0	0	0	0
0	0	2	466	18	0	58	0	0	0	736	0	0	102	0	1401	378	0	2	1059	4	2	0	0	1	0	0	14	0	86	4	0	8	98	0	0	2	0	0	1	50	0	359	1	0	0	0	0	0	0	0	0	0	0	6	60	0	0	0	14	10	6	170	2	87	0	0	4	0	7	92	0	1	24	857
0	0	0	0	0	0	0	0	0	0	0	0	0	0	0	0	0	0	0	0	0	0	0	0	0	0	0	0	0	0	0	0	0	0	0	0	0	0	0	0	0	0	0	0	0	0	0	0	0	0	0	0	0	0	0	0	0	0	0	0	0	0	0	0	0	0	0	0	0	0	0	0	0	0	0
0	0	0	0	0	0	0	0	0	0	0	0	0	0	0	0	0	0	0	0	0	0	0	0	0	0	0	0	0	0	0	0	0	0	0	0	0	0	0	0	0	0	0	0	0	0	0	0	0	0	0	0	0	0	0	0	0	0	0	0	0	0	0	0	0	0	0	0	0	0	0	0	0	0	0
0	0	3	236	3	0	27	0	0	0	0	0	0	2	203	13	0	0	247	0	0	0	0	0	209	0	0	1	0	0	0	0	0	8	0	0	0	0	0	28	4	0	108	5	0	0	0	0	0	0	0	0	0	30	2	0	0	0	0	3	0	0	0	0	0	215	342	0	0	1	0	0	0	3	61
0	0	0	0	13	0	0	0	0	0	0	0	0	0	0	0	0	0	0	1	0	0	0	0	1	0	0	0	0	0	0	0	0	0	0	0	0	0	0	2	0	0	1	7	0	0	0	0	0	0	0	0	0	0	0	0	0	0	0	0	0	0	0	0	0	13	4	0	0	3	0	0	0	13	0
0	0	0	0	0	0	0	0	0	0	0	0	0	0	0	0	0	0	0	0	3	0	0	0	0	0	0	0	0	0	0	0	0	0	0	0	0	0	0	0	4	0	2	0	0	0	0	0	0	0	0	0	0	0	0	0	0	0	0	0	0	0	0	0	1	0	0	0	0	0	0	0	0	0	0
0	0	0	0	0	0	0	0	0	0	0	0	0	0	0	0	0	0	0	0	0	0	0	0	0	0	0	0	0	0	0	0	0	0	0	0	0	0	0	0	0	0	0	0	0	0	0	0	0	0	0	0	0	0	0	0	0	0	0	0	2	0	0	0	0	0	0	0	0	0	0	0	0	0	0
0	0	48	400	4	0	24	0	0	0	0	0	0	0	50	10	0	0	245	1	0	0	0	0	238	0	0	8	130	0	0	0	0	0	0	0	0	0	0	14	6	0	10	17	0	0	0	0	0	0	0	0	0	74	4	0	0	0	0	99	0	0	0	0	0	108	230	0	0	0	0	0	0	4	3
0	0	0	2	0	0	0	0	0	0	2	0	0	0	0	1	0	5	9	0	0	141	0	0	7	0	0	1	0	0	78	0	0	9	0	0	5	0	0	1	2	0	0	0	3	0	0	0	30	0	0	0	74	0	2	0	80	2	92	9	0	1	0	0	2	9	0	0	0	0	1	0	0	0	7
0	0	8	6	44	0	0	0	0	1	0	0	0	3	86	10	4	20	479	3	15	4	0	0	672	0	0	86	92	7	4	9	0	22	0	0	5	0	20	1	9	0	17	682	0	6	0	0	2	0	0	0	4	2	0	0	2	0	15	11	0	18	0	2	10	478	180	4	0	0	2	196	0	20	4
0	0	0	0	3	0	0	0	0	0	0	72	0	23	0	471	0	0	7	27	0	0	0	0	0	0	0	0	0	49	0	0	26	0	0	0	0	0	0	14	3	0	126	0	0	60	0	0	0	0	0	0	0	0	0	0	0	70	0	3	2718	0	61	0	22	0	34	0	0	0	0	0	0	3	1
0	46	9	14	1	0	4	0	0	0	0	0	0	0	0	0	0	0	35	0	0	0	0	0	15	0	0	0	43	0	0	0	0	0	0	0	0	0	0	1	0	0	47	2	0	0	0	0	0	0	0	0	0	80	2	0	0	0	0	2	0	0	0	0	2	0	83	0	0	0	0	0	0	1	1
0	0	0	0	0	0	0	0	0	0	0	0	0	0	0	73	0	0	7	0	0	0	0	0	0	0	0	0	0	24	0	0	0	0	0	0	0	0	0	0	0	0	1	32	0	0	0	0	0	0	0	0	0	2	0	70	0	0	0	2	0	0	0	0	0	0	4	0	0	0	0	0	0	0	0
0	0	17	14	9	0	0	0	0	0	0	0	0	0	131	13	0	0	638	23	0	0	0	0	368	0	0	17	196	0	0	0	0	12	0	0	0	0	0	11	72	0	1	23	0	0	0	0	0	0	0	0	0	92	15	0	0	0	0	86	0	0	0	0	15	415	79	0	0	2	0	2	0	9	245
0	0	0	15	88	0	0	0	0	592	0	2	8	4	73	2	1	14	235	1	6	12	0	0	61	0	0	25	19	0	43	26	1	10	0	0	3	0	205	408	331	0	24	1327	0	14	0	0	3	0	0	0	99	9	11	3	2	2	86	0	4	3	0	85	33	261	68	4	0	16	7	104	0	65	8
0	0	2	0	1	0	0	0	0	0	0	876	0	3	0	4	0	0	0	0	0	0	0	0	0	0	0	0	0	6	0	0	9	0	344	0	12	0	0	0	1	0	11	0	0	10	0	0	0	0	0	2	0	0	0	2718	0	0	0	4	0	0	1740	91	0	0	0	0	0	150	0	1	0	19	0
0	0	12	0	34	0	0	0	0	0	0	0	0	17	5	2	0	0	14	4	66	0	0	0	0	0	0	60	0	0	0	0	0	2	0	0	0	0	0	0	44	0	4	15	0	6	0	0	0	0	0	0	0	1	18	0	0	0	0	3	0	0	0	0	199	3	20	0	0	21	1	72	2	34	0
0	0	0	0	10	0	0	0	0	0	0	0	0	9	0	206	0	0	3	189	0	0	0	0	0	0	0	0	0	34	0	0	0	0	0	0	0	0	0	0	1	0	12	0	0	170	0	0	0	0	0	0	0	0	0	61	0	0	0	0	1740	0	0	0	10	1	0	0	0	4	0	0	0	10	21
0	0	0	0	191	0	0	0	0	88	0	0	0	19	0	1	0	0	0	2	2	0	0	0	0	0	4	0	0	7	0	0	0	0	0	0	0	0	0	34	1	0	2	110	0	2	0	0	0	0	0	0	0	0	2	0	0	0	0	85	91	0	0	0	72	0	13	0	0	40	0	1	0	189	0
0	0	33	0	15	0	0	0	0	50	0	0	6	5	0	59	81	2	1	2	11	0	0	0	0	0	16	4	0	0	0	3	302	1	0	0	1164	0	3	43	196	97	1	3	1	87	0	0	0	0	1	0	0	2	10	22	2	0	15	33	0	199	10	72	0	3	6	992	0	25	19	0	0	146	1
0	1	45	13	0	0	1	0	0	0	0	0	1	0	352	0	3	109	1297	0	20	96	0	0	945	0	0	152	355	0	6	94	10	44	0	0	14	0	598	9	45	0	19	135	0	0	0	0	215	13	0	0	108	9	478	0	0	0	415	261	0	3	1	0	3	0	156	14	0	1	17	345	0	2	7
0	0	395	189	17	0	3	0	0	2	202	0	43	2	3	269	53	30	16	1	13	1	0	0	103	0	48	24	2	0	17	171	14	323	0	0	38	0	129	49	50	3	617	41	0	0	0	0	342	4	0	0	230	0	180	34	83	4	79	68	0	20	0	13	6	156	0	54	0	6	503	357	2	66	88
0	0	3	0	179	0	0	0	0	278	0	0	0	38	0	45	0	0	2	1	0	0	0	0	0	0	4	0	0	7	0	0	0	0	0	0	0	0	0	73	11	0	10	5	0	4	0	0	0	0	0	0	0	0	4	0	0	0	0	4	0	0	0	0	992	14	54	0	0	81	0	0	3	179	27
0	0	0	0	0	0	0	0	0	0	0	0	0	0	0	0	0	0	0	0	0	0	0	0	0	0	0	0	0	0	0	0	0	0	0	0	0	0	0	0	0	0	0	0	0	0	0	0	0	0	0	0	0	0	0	0	0	0	0	0	0	0	0	0	0	0	0	0	0	0	0	0	0	0	0
0	0	0	0	47	0	0	0	0	4	0	7	0	33	0	2	11	2	0	0	0	1	0	0	8	0	24	2	0	0	1	0	20	0	0	0	37	0	8	7	12	1	4	5	3	7	0	0	1	3	0	0	0	0	0	0	0	0	2	16	150	21	4	40	25	1	6	81	0	0	0	9	9	66	0
0	0	40	188	23	0	1	0	0	4	6	0	0	1	20	568	2	0	12	55	204	0	0	0	15	0	0	0	0	53	1	0	4	24	0	0	0	0	0	0	9	0	463	98	0	92	0	0	0	0	0	0	0	1	2	0	0	0	0	7	0	1	0	0	19	17	503	0	0	0	0	2	0	7	36
0	0	10	0	42	0	0	0	0	0	0	0	0	1	5	61	0	0	23	0	7	0	0	0	194	0	0	2	50	0	1	3	0	10	0	0	0	0	246	9	40	0	12	229	0	0	0	0	0	0	0	0	0	0	196	0	0	0	2	104	1	72	0	1	0	345	357	0	0	9	2	0	0	163	2
0	0	0	0	10	0	0	0	0	174	0	0	0	11	0	0	1	0	0	0	0	0	0	0	0	0	0	0	0	0	0	0	1	0	0	0	0	0	0	0	0	0	0	0	0	1	0	0	0	0	0	0	0	0	0	0	0	0	0	0	0	2	0	0	0	0	2	3	0	9	0	0	0	11	0
0	0	8	1	0	0	1	0	0	0	1	0	0	18	2	14	186	10	34	0	19	1	0	0	3	0	28	11	3	3	6	15	62	5	0	0	74	0	43	30	55	37	40	268	0	24	0	0	3	13	0	0	4	0	20	3	1	0	9	65	19	34	10	189	146	2	66	179	0	66	7	163	11	0	10
0	0	2	862	1	0	184	0	0	0	495	0	1	3	10	1	2	2	22	4	7	75	0	0	1	0	0	26	0	0	53	0	4	632	0	0	7	0	17	1	242	0	371	16	0	857	0	0	61	0	0	0	3	7	4	1	1	0	245	8	0	0	21	0	1	7	88	27	0	0	36	2	0	10	0
