0	0	0	0	0	0	0	0	0	0	0	0	0	0	0	0	0	0	0	0	0	0	0	0	0	0	0	0	0	0	0	0	0	0	0	0	0	0	0	0	0	0	0	0	0	0	0	0	0	0	0	0	0	0	0	0	0	0	0	0	0	0	0	0	0	0	0	0	0	0	0	0	0	0	0
0	0	316	0	0	0	0	0	0	0	50	0	0	0	112	0	0	2	0	0	0	106	0	0	10	0	0	10	0	0	0	0	0	0	0	0	0	0	0	0	11	0	0	0	0	0	0	0	88	0	0	0	194	210	2	0	30	0	128	57	0	0	0	0	0	2	230	2	0	0	0	0	0	0	0
0	316	0	0	0	1	0	0	0	0	0	0	0	0	0	0	0	5	0	0	28	10	0	0	40	48	0	7	0	0	0	3	1	163	0	3	2	0	2	0	6	0	172	5	0	0	0	0	7	0	0	0	107	1	35	0	146	10	228	7	0	0	0	0	36	6	695	0	0	4	150	1	0	2	7
0	0	0	0	0	24	215	2	0	0	958	0	0	8	637	49	0	6	52	0	0	218	0	0	47	0	0	14	0	0	354	0	2	101	0	2	4	0	0	19	75	0	367	2	0	390	0	0	675	0	0	0	484	53	28	14	6	10	30	7	22	0	0	2	5	8	303	4	0	0	248	57	0	0	450
0	0	0	0	0	3	0	0	0	0	0	0	0	0	0	0	0	4	0	0	5	2	0	0	0	1	0	6	0	0	0	2	0	0	0	2	1	0	0	0	3	0	1	3	3	0	0	0	1	0	0	0	2	0	5	0	0	1	0	3	0	0	0	3	0	0	0	3	0	0	0	0	0	0	0
0	0	1	24	3	0	0	1	0	0	0	0	2	0	1	62	3	8	0	42	172	0	0	0	43	43	0	8	0	0	4	1	0	23	0	1	1	0	1	60	591	0	39	468	3	2	0	0	4	0	2	0	2	2	14	2	0	1	0	238	0	0	0	0	0	1	140	0	0	3	5	6	1	2	49
0	0	0	215	0	0	0	0	0	0	97	0	0	0	100	27	0	0	0	0	0	0	0	0	4	0	0	0	0	1	1	0	0	0	0	0	0	0	0	0	9	0	65	0	0	5	0	0	22	0	0	0	12	0	0	0	0	0	0	40	0	0	0	9	0	8	30	0	0	0	44	0	0	0	9
0	0	0	2	0	1	0	0	0	0	0	0	0	0	0	0	0	37	106	0	0	19	0	0	308	5	0	18	0	0	2	0	0	11	0	0	0	0	79	0	25	0	0	118	0	0	0	0	17	0	0	0	91	16	920	1	0	0	0	25	0	0	0	5	0	159	14	0	0	0	4	20	0	0	2
0	0	0	0	0	0	0	0	0	0	0	0	0	0	0	0	0	0	0	0	0	0	0	0	0	0	0	0	0	0	0	0	0	0	0	0	0	0	0	0	0	0	0	0	0	0	0	0	0	0	0	0	0	0	0	0	0	0	0	0	0	0	0	0	0	0	0	0	0	0	0	0	0	0	0
0	0	0	0	0	0	0	0	0	0	0	0	0	0	0	0	0	0	0	0	0	0	0	0	0	0	0	0	0	0	0	0	0	0	0	0	0	0	0	0	0	0	0	0	0	0	0	0	0	0	0	0	0	0	0	0	0	0	0	0	0	0	0	0	0	0	0	0	0	0	0	0	0	0	0
0	50	0	958	0	0	97	0	0	0	0	0	0	1	5	941	0	1	9	30	0	0	0	0	200	0	0	0	0	23	0	0	0	10	0	0	0	0	0	54	90	0	94	0	0	2	0	0	100	0	0	0	0	4	28	0	0	0	0	2	0	0	0	0	0	0	472	0	0	0	7	0	0	0	713
0	0	0	0	0	0	0	0	0	0	0	0	0	0	0	21	0	0	0	0	0	0	0	0	1	1	0	0	0	5	1	0	0	0	0	0	0	0	0	0	0	0	0	0	0	8	0	0	0	0	0	0	0	0	0	162	0	19	0	2	663	0	0	0	0	0	1	0	0	0	1	0	0	0	1
0	0	0	0	0	2	0	0	0	0	0	0	0	0	0	1	0	2	0	0	64	0	0	0	13	15	0	0	0	0	0	0	0	2	0	0	0	0	0	66	78	0	0	43	0	0	0	0	0	0	0	0	0	0	0	0	0	0	0	42	0	0	0	0	2	0	28	0	0	0	0	0	0	0	5
0	0	0	8	0	0	0	0	0	0	1	0	0	0	1	31	5	1	0	1	0	0	0	0	0	3	0	0	0	0	0	0	2	0	0	2	2	0	0	25	1	0	0	0	10	4	0	0	0	0	0	0	0	0	0	2	0	4	0	8	0	0	2	0	16	0	0	8	0	0	0	0	7	0	0
0	112	0	637	0	1	100	0	0	0	5	0	0	1	0	707	0	0	0	21	0	0	0	0	0	7	0	0	0	6	0	0	0	11	0	0	0	0	0	27	196	0	61	0	3	2	0	0	0	0	0	0	0	0	0	0	0	0	0	12	0	0	0	0	0	0	295	0	0	0	7	0	0	3	454
0	0	0	49	0	62	27	0	0	0	941	21	1	31	707	0	361	2	0	320	39	0	0	0	0	10	0	0	0	54	8	2	563	290	0	0	56	0	1	4	73	0	658	2	41	825	0	0	18	0	0	0	0	21	8	632	0	217	22	20	3	0	275	2	1	2	331	51	0	0	337	9	4	19	0
0	0	0	0	0	3	0	0	0	0	0	0	0	5	0	361	0	0	0	185	94	0	0	0	1	31	0	2	0	17	0	0	0	1	0	0	0	0	0	1	408	0	1	2	0	2	0	0	0	0	0	0	0	0	6	1	0	2	0	14	0	0	0	0	73	0	38	0	0	0	9	0	12	0	19
0	2	5	6	4	8	0	37	0	0	1	0	2	1	0	2	0	0	1	0	75	9	0	0	86	32	0	593	0	1	20	5	0	45	0	4	0	0	20	24	477	0	7	52	0	0	0	0	2	0	1	0	3	53	156	0	0	0	0	11	0	0	0	0	1	1	72	1	0	0	2	3	0	0	10
0	0	0	52	0	0	0	106	0	0	9	0	0	0	0	0	0	1	0	0	2	15	0	0	596	8	0	0	0	0	25	0	0	8	0	0	0	0	0	2	65	0	0	80	0	0	0	0	3	0	0	0	37	3	330	2	0	0	13	110	0	0	0	0	0	6	14	0	0	0	2	2	0	0	20
0	0	0	0	0	42	0	0	0	0	30	0	0	1	21	320	185	0	0	0	2	0	0	0	0	0	0	0	0	5	2	1	27	67	0	0	3	0	0	0	1	2	75	1	0	246	0	0	0	0	0	0	2	0	1	51	0	4	26	6	0	0	31	3	7	2	32	12	0	0	0	3	4	0	2
0	0	28	0	5	172	0	0	0	0	0	0	64	0	0	39	94	75	2	2	0	0	0	0	6	136	0	392	0	1	184	40	6	144	0	54	14	0	0	11	410	0	68	43	0	32	0	0	0	0	3	0	6	8	21	0	0	0	0	2	0	0	0	0	4	36	45	10	0	0	60	55	0	0	7
0	106	10	218	2	0	0	19	0	0	0	0	0	0	0	0	0	9	15	0	0	0	0	0	248	7	0	198	0	0	0	0	0	14	0	0	0	0	0	29	140	0	3	3	0	0	0	0	64	0	0	0	0	272	21	0	0	0	0	9	0	0	0	0	0	0	16	0	0	0	0	0	0	0	136
0	0	0	0	0	0	0	0	0	0	0	0	0	0	0	0	0	0	0	0	0	0	0	0	0	0	0	0	0	0	0	0	0	0	0	0	0	0	0	0	0	0	0	0	0	0	0	0	0	0	0	0	0	0	0	0	0	0	0	0	0	0	0	0	0	0	0	0	0	0	0	0	0	0	0
0	0	0	0	0	0	0	0	0	0	0	0	0	0	0	0	0	0	0	0	0	0	0	0	0	0	0	0	0	0	0	0	0	0	0	0	0	0	0	0	0	0	0	0	0	0	0	0	0	0	0	0	0	0	0	0	0	0	0	0	0	0	0	0	0	0	0	0	0	0	0	0	0	0	0
0	10	40	47	0	43	4	308	0	0	200	1	13	0	0	0	1	86	596	0	6	248	0	0	0	13	0	65	0	4	109	44	6	80	0	23	2	0	182	17	45	0	28	15	2	2	0	0	219	0	0	0	249	122	505	10	2	34	64	38	1	1	1	1	0	821	26	1	0	3	2	105	0	2	5
0	0	48	0	1	43	0	5	0	0	0	1	15	3	7	10	31	32	8	0	136	7	0	0	13	0	0	27	0	0	6	31	16	50	0	67	6	0	3	1	81	7	23	49	16	6	0	0	9	0	0	0	6	0	50	0	0	7	8	53	3	0	0	18	1	18	96	23	0	4	7	43	47	16	1
0	0	0	0	0	0	0	0	0	0	0	0	0	0	0	0	0	0	0	0	0	0	0	0	0	0	0	0	0	0	0	0	0	0	0	0	0	0	0	4	0	0	0	0	0	0	0	0	0	0	0	0	0	0	0	0	0	0	0	0	0	2	0	4	1	0	0	22	0	0	0	0	4	0	0
0	10	7	14	6	8	0	18	0	0	0	0	0	0	0	0	2	593	0	0	392	198	0	0	65	27	0	0	0	0	505	28	0	360	0	1	0	0	0	117	762	0	12	174	0	0	0	0	39	0	0	0	2	240	1004	1	0	0	290	806	1	0	0	0	0	2	122	0	0	0	0	35	0	0	13
0	0	0	0	0	0	0	0	0	0	0	0	0	0	0	0	0	0	0	0	0	0	0	0	0	0	0	0	0	0	0	0	0	0	0	0	0	0	0	0	0	0	0	0	0	0	0	0	0	0	0	0	0	0	0	0	0	0	0	0	0	0	0	0	0	0	0	0	0	0	0	0	0	0	0
0	0	0	0	0	0	1	0	0	0	23	5	0	0	6	54	17	1	0	5	1	0	0	0	4	0	0	0	0	0	1	0	25	2	0	0	0	0	0	6	0	0	36	9	0	61	0	0	0	0	0	0	0	0	0	50	0	54	0	0	4	0	5	1	1	0	33	0	0	0	28	0	1	0	0
0	0	0	354	0	4	1	2	0	0	0	1	0	0	0	8	0	20	25	2	184	0	0	0	109	6	0	505	0	1	0	0	0	24	0	1	1	0	0	102	613	0	6	12	4	2	0	0	7	0	0	0	1	4	1	0	0	0	0	154	1	0	0	0	0	0	9	4	0	0	8	2	0	4	30
0	0	3	0	2	1	0	0	0	0	0	0	0	0	0	2	0	5	0	1	40	0	0	0	44	31	0	28	0	0	0	0	0	10	0	0	0	0	0	16	43	0	0	728	0	0	0	0	0	0	1	0	0	0	46	0	0	0	0	525	0	0	0	0	0	0	35	0	0	0	0	2	0	0	1
0	0	1	2	0	0	0	0	0	0	0	0	0	2	0	563	0	0	0	27	6	0	0	0	6	16	0	0	0	25	0	0	0	0	0	0	0	0	0	44	4	0	61	5	0	0	0	0	0	0	0	0	0	0	0	101	0	14	0	5	17	0	0	0	109	0	12	0	0	0	7	0	6	0	5
0	0	163	101	0	23	0	11	0	0	10	0	2	0	11	290	1	45	8	67	144	14	0	0	80	50	0	360	0	2	24	10	0	0	0	4	0	0	0	85	456	0	70	314	0	4	0	0	46	0	0	0	6	7	60	3	2	2	8	358	0	2	0	2	0	6	383	0	0	2	11	8	0	0	324
0	0	0	0	0	0	0	0	0	0	0	0	0	0	0	0	0	0	0	0	0	0	0	0	0	0	0	0	0	0	0	0	0	0	0	0	0	0	0	0	0	0	0	0	0	0	0	0	0	0	0	0	0	0	0	0	0	0	0	0	0	0	0	0	0	0	0	0	0	0	0	0	0	0	0
0	0	3	2	2	1	0	0	0	0	0	0	0	2	0	0	0	4	0	0	54	0	0	0	23	67	0	1	0	0	1	0	0	4	0	0	0	0	0	104	38	0	0	499	0	4	0	0	0	0	0	0	0	0	9	3	0	0	0	1031	1	0	0	0	70	0	50	0	0	0	9	0	0	1	19
0	0	2	4	1	1	0	0	0	0	0	0	0	2	0	56	0	0	0	3	14	0	0	0	2	6	0	0	0	0	1	0	0	0	0	0	0	0	0	72	23	0	0	2	0	2	3	0	0	0	0	0	0	0	0	0	0	1	0	101	0	0	0	0	454	0	15	0	0	0	8	1	1	1	18
0	0	0	0	0	0	0	0	0	0	0	0	0	0	0	0	0	0	0	0	0	0	0	0	0	0	0	0	0	0	0	0	0	0	0	0	0	0	0	0	0	0	0	0	0	0	0	0	0	0	0	0	0	0	0	0	0	0	0	0	0	0	0	0	0	0	0	0	0	0	0	0	0	0	0
0	0	2	0	0	1	0	79	0	0	0	0	0	0	0	1	0	20	0	0	0	0	0	0	182	3	0	0	0	0	0	0	0	0	0	0	0	0	0	1	0	0	0	225	0	0	0	0	1	0	0	0	0	2	754	0	0	0	0	37	0	0	0	0	0	0	26	0	0	0	0	0	0	0	1
0	0	0	19	0	60	0	0	0	0	54	0	66	25	27	4	1	24	2	0	11	29	0	0	17	1	4	117	0	6	102	16	44	85	0	104	72	0	1	0	318	0	20	560	16	8	0	0	42	2	0	0	62	0	35	15	0	22	4	2242	0	22	1	184	2	60	18	82	0	10	0	108	9	1	3
0	11	6	75	3	591	9	25	0	0	90	0	78	1	196	73	408	477	65	1	410	140	0	0	45	81	0	762	0	0	613	43	4	456	0	38	23	0	0	318	0	0	87	252	3	131	0	0	24	0	2	0	84	47	145	20	0	45	181	1781	0	131	0	18	5	34	58	37	0	3	5	321	38	3	657
0	0	0	0	0	0	0	0	0	0	0	0	0	0	0	0	0	0	0	2	0	0	0	0	0	7	0	0	0	0	0	0	0	0	0	0	0	0	0	0	0	0	1	3	0	0	0	0	0	0	0	0	0	0	0	0	0	0	0	1	0	0	0	0	44	0	0	0	0	0	0	0	4	0	2
0	0	172	367	1	39	65	0	0	0	94	0	0	0	61	658	1	7	0	75	68	3	0	0	28	23	0	12	0	36	6	0	61	70	0	0	0	0	0	20	87	1	0	53	0	3	0	0	129	0	2	0	0	0	29	83	0	14	0	46	1	0	0	0	1	0	486	4	0	0	12	15	0	3	145
0	0	5	2	3	468	0	118	0	0	0	0	43	0	0	2	2	52	80	1	43	3	0	0	15	49	0	174	0	9	12	728	5	314	0	499	2	0	225	560	252	3	53	0	0	0	0	0	6	1	1	0	10	0	751	25	0	19	1	2892	0	1	0	291	1	127	23	12	0	5	4	353	0	0	22
0	0	0	0	3	3	0	0	0	0	0	0	0	10	3	41	0	0	0	0	0	0	0	0	2	16	0	0	0	0	4	0	0	0	0	0	0	0	0	16	3	0	0	0	0	0	0	0	0	0	0	0	0	3	0	0	0	3	0	0	1	0	0	0	3	0	12	0	0	0	4	0	0	3	4
0	0	0	390	0	2	5	0	0	0	2	8	0	4	2	825	2	0	0	246	32	0	0	0	2	6	0	0	0	61	2	0	0	4	0	4	2	0	0	8	131	0	3	0	0	0	1	0	9	0	0	0	0	0	0	9	0	28	0	50	0	0	0	0	139	0	13	16	0	0	5	0	4	0	347
0	0	0	0	0	0	0	0	0	0	0	0	0	0	0	0	0	0	0	0	0	0	0	0	0	0	0	0	0	0	0	0	0	0	0	0	3	0	0	0	0	0	0	0	0	1	0	0	0	0	0	0	0	0	0	0	0	0	0	2	0	0	0	0	0	0	0	11	0	0	0	0	0	0	0
0	0	0	0	0	0	0	0	0	0	0	0	0	0	0	0	0	0	0	0	0	0	0	0	0	0	0	0	0	0	0	0	0	0	0	0	0	0	0	0	0	0	0	0	0	0	0	0	0	0	0	0	0	0	0	0	0	0	0	0	0	0	0	0	0	0	0	0	0	0	0	0	0	0	0
0	88	7	675	1	4	22	17	0	0	100	0	0	0	0	18	0	2	3	0	0	64	0	0	219	9	0	39	0	0	7	0	0	46	0	0	0	0	1	42	24	0	129	6	0	9	0	0	0	0	0	0	67	11	3	0	63	0	1	135	5	0	0	0	12	0	382	0	0	0	48	0	0	0	47
0	0	0	0	0	0	0	0	0	0	0	0	0	0	0	0	0	0	0	0	0	0	0	0	0	0	0	0	0	0	0	0	0	0	0	0	0	0	0	2	0	0	0	1	0	0	0	0	0	0	0	0	0	0	0	0	0	0	0	1	0	0	0	0	0	0	0	0	0	0	0	0	0	0	0
0	0	0	0	0	2	0	0	0	0	0	0	0	0	0	0	0	1	0	0	3	0	0	0	0	0	0	0	0	0	0	1	0	0	0	0	0	0	0	0	2	0	2	1	0	0	0	0	0	0	0	0	0	0	1	0	0	0	0	0	0	0	0	0	0	0	0	0	0	0	0	1	0	0	0
0	0	0	0	0	0	0	0	0	0	0	0	0	0	0	0	0	0	0	0	0	0	0	0	0	0	0	0	0	0	0	0	0	0	0	0	0	0	0	0	0	0	0	0	0	0	0	0	0	0	0	0	0	0	0	0	0	0	0	0	0	0	0	0	0	0	0	0	0	0	0	0	0	0	0
0	194	107	484	2	2	12	91	0	0	0	0	0	0	0	0	0	3	37	2	6	0	0	0	249	6	0	2	0	0	1	0	0	6	0	0	0	0	0	62	84	0	0	10	0	0	0	0	67	0	0	0	0	176	179	0	0	0	0	348	18	0	0	0	1	0	266	0	0	0	3	4	0	0	9
0	210	1	53	0	2	0	16	0	0	4	0	0	0	0	21	0	53	3	0	8	272	0	0	122	0	0	240	0	0	4	0	0	7	0	0	0	0	2	0	47	0	0	0	3	0	0	0	11	0	0	0	176	0	2	0	1	0	113	2	0	0	0	0	0	2	4	0	0	0	0	0	0	0	0
0	2	35	28	5	14	0	920	0	0	28	0	0	0	0	8	6	156	330	1	21	21	0	0	505	50	0	1004	0	0	1	46	0	60	0	9	0	0	754	35	145	0	29	751	0	0	0	0	3	0	1	0	179	2	0	2	0	2	47	288	0	0	0	22	11	937	74	9	0	0	2	749	2	0	47
0	0	0	14	0	2	0	1	0	0	0	162	0	2	0	632	1	0	2	51	0	0	0	0	10	0	0	1	0	50	0	0	101	3	0	3	0	0	0	15	20	0	83	25	0	9	0	0	0	0	0	0	0	0	2	0	0	165	0	35	1116	0	207	0	1	0	20	2	0	0	0	1	0	0	12
0	30	146	6	0	0	0	0	0	0	0	0	0	0	0	0	0	0	0	0	0	0	0	0	2	0	0	0	0	0	0	0	0	2	0	0	0	0	0	0	0	0	0	0	0	0	0	0	63	0	0	0	0	1	0	0	0	0	0	0	0	0	0	0	0	0	44	0	0	0	0	0	0	0	0
0	0	10	10	1	1	0	0	0	0	0	19	0	4	0	217	2	0	0	4	0	0	0	0	34	7	0	0	0	54	0	0	14	2	0	0	1	0	0	22	45	0	14	19	3	28	0	0	0	0	0	0	0	0	2	165	0	0	0	23	551	0	23	0	13	0	10	11	0	0	0	0	0	4	34
0	128	228	30	0	0	0	0	0	0	0	0	0	0	0	22	0	0	13	26	0	0	0	0	64	8	0	290	0	0	0	0	0	8	0	0	0	0	0	4	181	0	0	1	0	0	0	0	1	0	0	0	0	113	47	0	0	0	0	41	0	0	0	0	1	0	92	0	0	0	0	0	0	0	123
0	57	7	7	3	238	40	25	0	0	2	2	42	8	12	20	14	11	110	6	2	9	0	0	38	53	0	806	0	0	154	525	5	358	0	1031	101	0	37	2242	1781	1	46	2892	0	50	2	0	135	1	0	0	348	2	288	35	0	23	41	0	6	58	0	1473	67	535	73	89	0	12	1	1073	62	1	19
0	0	0	22	0	0	0	0	0	0	0	663	0	0	0	3	0	0	0	0	0	0	0	0	1	3	0	1	0	4	1	0	17	0	0	1	0	0	0	0	0	0	1	0	1	0	0	0	5	0	0	0	18	0	0	1116	0	551	0	6	0	0	435	0	0	1	0	0	0	0	0	0	0	0	0
0	0	0	0	0	0	0	0	0	0	0	0	0	0	0	0	0	0	0	0	0	0	0	0	1	0	2	0	0	0	0	0	0	2	0	0	0	0	0	22	131	0	0	1	0	0	0	0	0	0	0	0	0	0	0	0	0	0	0	58	0	0	0	0	51	0	6	0	0	0	0	0	0	0	0
0	0	0	0	0	0	0	0	0	0	0	0	0	2	0	275	0	0	0	31	0	0	0	0	1	0	0	0	0	5	0	0	0	0	0	0	0	0	0	1	0	0	0	0	0	0	0	0	0	0	0	0	0	0	0	207	0	23	0	0	435	0	0	0	0	0	0	0	0	0	2	0	0	0	4
0	0	0	2	3	0	9	5	0	0	0	0	0	0	0	2	0	0	0	3	0	0	0	0	1	18	4	0	0	1	0	0	0	2	0	0	0	0	0	184	18	0	0	291	0	0	0	0	0	0	0	0	0	0	22	0	0	0	0	1473	0	0	0	0	157	0	15	0	0	0	5	0	6	0	6
0	0	36	5	0	0	0	0	0	0	0	0	2	16	0	1	73	1	0	7	4	0	0	0	0	1	1	0	0	1	0	0	109	0	0	70	454	0	0	2	5	44	1	1	3	139	0	0	12	0	0	0	1	0	11	1	0	13	1	67	0	51	0	157	0	0	1	575	0	29	1	2	5	13	0
0	2	6	8	0	1	8	159	0	0	0	0	0	0	0	2	0	1	6	2	36	0	0	0	821	18	0	2	0	0	0	0	0	6	0	0	0	0	0	60	34	0	0	127	0	0	0	0	0	0	0	0	0	2	937	0	0	0	0	535	1	0	0	0	0	0	23	0	0	0	0	0	0	0	13
0	230	695	303	0	140	30	14	0	0	472	1	28	0	295	331	38	72	14	32	45	16	0	0	26	96	0	122	0	33	9	35	12	383	0	50	15	0	26	18	58	0	486	23	12	13	0	0	382	0	0	0	266	4	74	20	44	10	92	73	0	6	0	15	1	23	0	18	0	3	280	206	25	17	5
0	2	0	4	3	0	0	0	0	0	0	0	0	8	0	51	0	1	0	12	10	0	0	0	1	23	22	0	0	0	4	0	0	0	0	0	0	0	0	82	37	0	4	12	0	16	11	0	0	0	0	0	0	0	9	2	0	11	0	89	0	0	0	0	575	0	18	0	0	0	10	0	7	3	58
0	0	0	0	0	0	0	0	0	0	0	0	0	0	0	0	0	0	0	0	0	0	0	0	0	0	0	0	0	0	0	0	0	0	0	0	0	0	0	0	0	0	0	0	0	0	0	0	0	0	0	0	0	0	0	0	0	0	0	0	0	0	0	0	0	0	0	0	0	0	0	0	0	0	0
0	0	4	0	0	3	0	0	0	0	0	0	0	0	0	0	0	0	0	0	0	0	0	0	3	4	0	0	0	0	0	0	0	2	0	0	0	0	0	10	3	0	0	5	0	0	0	0	0	0	0	0	0	0	0	0	0	0	0	12	0	0	0	0	29	0	3	0	0	0	4	0	0	0	1
0	0	150	248	0	5	44	4	0	0	7	1	0	0	7	337	9	2	2	0	60	0	0	0	2	7	0	0	0	28	8	0	7	11	0	9	8	0	0	0	5	0	12	4	4	5	0	0	48	0	0	0	3	0	2	0	0	0	0	1	0	0	2	5	1	0	280	10	0	4	0	3	7	4	4
0	0	1	57	0	6	0	20	0	0	0	0	0	0	0	9	0	3	2	3	55	0	0	0	105	43	0	35	0	0	2	2	0	8	0	0	1	0	0	108	321	0	15	353	0	0	0	0	0	0	1	0	4	0	749	1	0	0	0	1073	0	0	0	0	2	0	206	0	0	0	3	0	1	0	12
0	0	0	0	0	1	0	0	0	0	0	0	0	7	0	4	12	0	0	4	0	0	0	0	0	47	4	0	0	1	0	0	6	0	0	0	1	0	0	9	38	4	0	0	0	4	0	0	0	0	0	0	0	0	2	0	0	0	0	62	0	0	0	6	5	0	25	7	0	0	7	1	0	0	20
0	0	2	0	0	2	0	0	0	0	0	0	0	0	3	19	0	0	0	0	0	0	0	0	2	16	0	0	0	0	4	0	0	0	0	1	1	0	0	1	3	0	3	0	3	0	0	0	0	0	0	0	0	0	0	0	0	4	0	1	0	0	0	0	13	0	17	3	0	0	4	0	0	0	4
0	0	7	450	0	49	9	2	0	0	713	1	5	0	454	0	19	10	20	2	7	136	0	0	5	1	0	13	0	0	30	1	5	324	0	19	18	0	1	3	657	2	145	22	4	347	0	0	47	0	0	0	9	0	47	12	0	34	123	19	0	0	4	6	0	13	5	58	0	1	4	12	20	4	0
