0	0	0	0	0	0	0	0	0	0	0	0	0	0	0	0	0	0	0	0	0	0	0	0	0	0	0	0	0	0	0	0	0	0	0	0	0	0	0	0	0	0	0	0	0	0	0	0	0	0	0	0	0	0	0	0	0	0	0	0	0	0	0	0	0	0	0	0	0	0	0	0	0	0	0
0	0	65	0	0	0	0	0	0	0	50	0	0	0	70	0	0	0	1	0	0	96	0	0	2	0	0	0	69	0	0	0	0	0	0	0	0	0	0	0	0	0	0	0	0	0	0	0	0	0	0	0	104	86	0	0	46	0	100	0	0	0	0	0	0	0	119	0	0	0	0	0	0	0	0
0	65	0	0	7	0	0	0	0	0	0	0	1	0	0	0	0	3	10	0	0	5	0	0	37	0	0	4	62	0	0	1	0	30	0	0	3	0	4	7	2	0	286	8	0	2	0	0	8	0	0	0	44	0	7	0	9	8	16	4	2	5	0	0	69	19	613	3	0	0	40	7	0	8	0
0	0	0	0	0	0	579	0	0	0	600	0	0	6	14	169	0	0	104	3	0	264	0	0	4	0	0	2	1	0	246	0	2	94	0	0	2	0	2	137	161	0	466	0	0	486	0	0	238	0	0	0	400	8	10	0	8	2	14	18	0	0	0	2	5	12	277	2	0	0	200	24	0	0	682
0	0	7	0	0	0	0	0	0	0	1	0	0	10	0	1	167	10	4	0	3	1	0	0	0	0	0	12	0	0	3	25	53	5	0	0	44	0	67	0	38	34	21	76	0	13	0	0	0	13	0	0	1	0	40	2	1	0	8	77	0	23	10	171	7	0	8	152	0	35	12	35	0	0	1
0	0	0	0	0	0	0	0	0	0	0	0	0	0	0	22	0	0	0	21	0	0	0	0	2	0	0	0	0	0	0	0	0	4	0	0	0	0	0	3	103	0	26	85	0	0	0	0	0	0	0	0	0	0	0	0	0	0	0	24	0	0	0	0	0	0	55	0	0	0	0	0	0	0	0
0	0	0	579	0	0	0	0	0	0	0	0	0	0	0	25	0	0	1	0	0	17	0	0	0	0	0	0	0	1	18	0	0	0	0	0	0	0	0	1	0	0	0	0	0	41	0	0	27	0	0	0	16	0	0	0	3	0	0	0	0	0	0	0	0	1	15	0	0	0	1	0	0	1	132
0	0	0	0	0	0	0	0	0	0	0	0	0	0	0	0	0	0	0	0	0	0	0	0	0	0	0	0	0	0	0	0	0	0	0	0	0	0	0	0	0	0	0	0	0	0	0	0	0	0	0	0	0	0	0	0	0	0	0	0	0	0	0	0	0	0	0	0	0	0	0	0	0	0	0
0	0	0	0	0	0	0	0	0	0	0	0	0	0	0	0	0	0	0	0	0	0	0	0	0	0	0	0	0	0	0	0	0	0	0	0	0	0	0	0	0	0	0	0	0	0	0	0	0	0	0	0	0	0	0	0	0	0	0	0	0	0	0	0	0	0	0	0	0	0	0	0	0	0	0
0	0	0	0	0	0	0	0	0	0	0	0	0	0	0	0	0	0	0	0	2	0	0	0	0	0	0	0	0	0	0	37	24	0	0	0	0	0	0	0	0	82	0	0	0	0	0	0	0	0	0	0	0	0	0	0	0	0	0	29	0	0	0	82	43	0	0	30	0	0	0	0	0	0	0
0	50	0	600	1	0	0	0	0	0	0	0	0	16	2	707	0	1	10	19	0	0	0	0	5	0	0	0	0	28	0	0	0	14	0	0	0	0	0	1	64	0	424	0	0	738	0	0	0	0	0	0	0	2	3	0	0	0	0	0	0	0	0	0	0	0	448	0	0	0	6	0	0	1	818
0	0	0	0	0	0	0	0	0	0	0	0	0	2	0	5	0	0	1	1	0	0	0	0	0	0	0	0	0	5	0	0	0	0	0	0	0	0	0	0	0	0	0	0	0	0	0	0	0	0	0	0	0	0	0	83	0	0	0	4	572	0	0	0	0	0	0	0	0	7	0	0	0	0	0
0	0	1	0	0	0	0	0	0	0	0	0	0	0	0	1	0	0	0	0	0	0	0	0	0	0	0	0	0	0	0	0	0	0	0	0	0	0	0	33	23	0	0	3	0	0	0	0	0	0	0	0	0	0	0	0	0	0	0	1	0	0	0	0	0	0	13	0	0	0	0	0	0	0	2
0	0	0	6	10	0	0	0	0	0	16	2	0	0	0	116	1	0	7	8	0	0	0	0	0	1	6	0	0	17	0	0	18	0	0	0	10	0	2	33	6	1	1	3	147	67	0	0	0	0	0	0	0	0	0	22	0	0	0	3	1	0	7	0	20	0	2	17	0	18	1	0	0	17	2
0	70	0	14	0	0	0	0	0	0	2	0	0	0	0	68	0	0	0	12	0	0	0	0	0	0	0	0	0	0	0	0	0	4	0	0	0	0	0	1	52	0	58	0	0	0	0	0	0	0	0	0	0	0	0	0	0	0	0	0	0	0	0	0	0	0	106	0	0	0	0	0	0	0	103
0	0	0	169	1	22	25	0	0	0	707	5	1	116	68	0	306	4	7	590	39	0	0	0	0	0	9	4	0	87	9	2	608	273	0	0	48	0	1	27	29	1	872	2	5	1571	0	0	15	0	0	0	10	9	8	516	0	167	12	15	7	1	183	3	23	1	385	44	0	2	591	70	0	21	1
0	0	0	0	167	0	0	0	0	0	0	0	0	1	0	306	0	0	4	347	238	0	0	0	1	0	22	0	0	3	0	0	0	2	0	0	0	0	0	1	212	0	29	4	0	376	0	0	0	0	0	0	0	0	4	0	0	0	0	2	0	0	0	0	36	0	34	0	0	3	2	0	5	167	0
0	0	3	0	10	0	0	0	0	0	1	0	0	0	0	4	0	0	52	1	16	6	0	0	58	0	0	552	171	1	16	3	0	36	0	0	0	0	0	38	227	0	17	24	0	0	0	0	2	0	0	0	2	5	29	0	0	0	0	12	0	0	0	0	2	57	25	0	0	0	1	1	0	10	4
0	1	10	104	4	0	1	0	0	0	10	1	0	7	0	7	4	52	0	2	6	106	0	0	717	0	0	163	312	0	374	114	0	94	0	0	18	0	406	30	144	0	13	205	0	0	0	0	39	0	0	0	212	9	397	7	35	7	481	209	0	14	0	0	1	829	16	1	0	0	12	24	0	31	15
0	0	0	3	0	21	0	0	0	0	19	1	0	8	12	590	347	1	2	0	30	0	0	0	0	0	0	4	0	6	3	1	55	149	0	0	5	0	0	0	3	2	135	2	0	1084	0	0	0	1	0	0	3	0	4	55	0	4	23	6	0	0	129	4	3	2	31	4	0	0	55	3	4	0	1
0	0	0	0	3	0	0	0	0	2	0	0	0	0	0	39	238	16	6	30	0	0	0	0	3	0	0	307	0	1	500	74	6	132	0	0	14	0	2	12	244	0	166	53	0	10	0	0	0	0	3	0	2	0	19	0	0	0	0	6	0	66	0	2	15	56	17	10	0	0	208	15	0	19	7
0	96	5	264	1	0	17	0	0	0	0	0	0	0	0	0	0	6	106	0	0	0	0	0	116	0	0	206	249	0	0	0	0	10	0	0	0	0	0	0	75	0	0	0	0	2	0	0	0	0	0	0	0	280	5	0	0	0	0	3	0	0	0	0	0	92	8	0	0	0	0	0	0	1	120
0	0	0	0	0	0	0	0	0	0	0	0	0	0	0	0	0	0	0	0	0	0	0	0	0	0	0	0	0	0	0	0	0	0	0	0	0	0	0	0	0	0	0	0	0	0	0	0	0	0	0	0	0	0	0	0	0	0	0	0	0	0	0	0	0	0	0	0	0	0	0	0	0	0	0
0	0	0	0	0	0	0	0	0	0	0	0	0	0	0	0	0	0	0	0	0	0	0	0	0	0	0	0	0	0	0	0	0	0	0	0	0	0	0	0	0	0	0	0	0	0	0	0	0	0	0	0	0	0	0	0	0	0	0	0	0	0	0	0	0	0	0	0	0	0	0	0	0	0	0
0	2	37	4	0	2	0	0	0	0	5	0	0	0	0	0	1	58	717	0	3	116	0	0	0	0	0	206	180	4	322	17	8	90	0	0	0	0	384	1	25	0	10	23	0	1	0	0	131	1	0	0	220	22	621	0	15	0	291	60	0	0	0	0	0	924	42	0	0	0	14	173	0	3	5
0	0	0	0	0	0	0	0	0	0	0	0	0	1	0	0	0	0	0	0	0	0	0	0	0	0	0	13	0	0	0	0	0	17	0	0	0	0	0	0	0	0	0	12	3	0	0	0	0	0	0	0	0	0	0	0	0	0	0	0	0	0	0	0	0	0	0	0	0	0	0	0	0	0	0
0	0	0	0	0	0	0	0	0	0	0	0	0	6	0	9	22	0	0	0	0	0	0	0	0	0	0	0	0	0	0	0	0	0	0	0	38	0	0	4	0	18	0	1	0	0	0	0	0	0	0	0	0	0	0	0	0	0	0	0	0	0	0	4	16	0	0	22	0	24	0	0	0	22	0
0	0	4	2	12	0	0	0	0	0	0	0	0	0	0	4	0	552	163	4	307	206	0	0	206	13	0	0	138	0	508	28	0	367	0	0	0	0	6	2	456	0	25	95	0	14	0	0	39	0	0	0	0	236	363	0	0	0	297	7	0	0	0	0	4	66	29	0	0	1	0	31	0	11	26
0	69	62	1	0	0	0	0	0	0	0	0	0	0	0	0	0	171	312	0	0	249	0	0	180	0	0	138	0	0	213	1	13	0	0	0	0	0	193	0	93	0	0	0	0	0	0	0	0	0	0	0	125	0	92	0	17	0	196	19	0	0	0	0	0	355	2	0	0	0	0	50	0	3	0
0	0	0	0	0	0	1	0	0	0	28	5	0	17	0	87	3	1	0	6	1	0	0	0	4	0	0	0	0	0	1	0	52	5	0	0	2	0	0	6	0	2	50	9	0	125	0	0	0	0	0	0	0	0	7	60	0	29	0	0	9	0	34	7	1	0	18	4	0	0	53	0	0	3	0
0	0	0	246	3	0	18	0	0	0	0	0	0	0	0	9	0	16	374	3	500	0	0	0	322	0	0	508	213	1	0	0	0	24	0	0	0	0	0	47	282	0	17	12	0	4	0	0	0	0	0	0	0	78	4	0	0	0	0	135	0	0	0	0	0	0	11	0	0	0	1	1	0	3	50
0	0	1	0	25	0	0	0	0	37	0	0	0	0	0	2	0	3	114	1	74	0	0	0	17	0	0	28	1	0	0	0	0	10	0	0	0	0	0	3	9	0	0	547	0	0	0	0	0	0	0	0	0	0	30	0	0	0	0	317	0	0	0	0	3	54	67	0	0	0	0	3	0	15	0
0	0	0	2	53	0	0	0	0	24	0	0	0	18	0	608	0	0	0	55	6	0	0	0	8	0	0	0	13	52	0	0	0	2	0	0	0	0	0	59	8	0	304	2	0	8	0	0	0	0	0	0	0	0	0	26	0	0	0	1	1	0	0	0	377	4	4	0	0	19	4	0	5	53	0
0	0	30	94	5	4	0	0	0	0	14	0	0	0	4	273	2	36	94	149	132	10	0	0	90	17	0	367	0	5	24	10	2	0	0	0	0	0	4	73	259	0	460	246	0	98	0	0	8	0	0	0	4	10	24	0	0	0	8	260	0	2	0	2	1	8	444	0	0	0	20	12	0	5	617
0	0	0	0	0	0	0	0	0	0	0	0	0	0	0	0	0	0	0	0	0	0	0	0	0	0	0	0	0	0	0	0	0	0	0	0	0	0	0	0	0	0	1	0	0	0	0	0	0	0	0	0	0	0	0	0	0	0	0	0	49	0	0	0	0	0	0	0	0	0	0	0	0	0	0
0	0	0	0	0	0	0	0	0	0	0	0	0	0	0	0	0	0	0	0	0	0	0	0	0	0	0	0	0	0	0	0	0	0	0	0	0	0	0	0	0	0	0	0	0	0	0	0	0	0	0	0	0	0	0	0	0	0	0	0	0	0	0	0	0	0	0	0	0	0	0	0	0	0	0
0	0	3	2	44	0	0	0	0	0	0	0	0	10	0	48	0	0	18	5	14	0	0	0	0	0	38	0	0	2	0	0	0	0	0	0	0	0	0	139	162	0	5	5	0	0	0	0	0	0	0	0	0	5	5	0	0	0	0	26	0	0	0	0	1176	14	33	0	0	30	0	1	0	44	6
0	0	0	0	0	0	0	0	0	0	0	0	0	0	0	0	0	0	0	0	0	0	0	0	0	0	0	0	0	0	0	0	0	0	0	0	0	0	0	0	0	0	0	0	0	0	0	0	0	0	0	0	0	0	0	0	0	0	0	0	0	0	0	0	0	0	0	0	0	0	0	0	0	0	0
0	0	4	2	67	0	0	0	0	0	0	0	0	2	0	1	0	0	406	0	2	0	0	0	384	0	0	6	193	0	0	0	0	4	0	0	0	0	0	0	0	0	5	479	0	0	0	0	0	0	0	0	0	0	18	0	0	0	0	17	0	0	0	0	2	313	9	0	0	7	0	246	0	43	0
0	0	7	137	0	3	1	0	0	0	1	0	33	33	1	27	1	38	30	0	12	0	0	0	1	0	4	2	0	6	47	3	59	73	0	0	139	0	0	0	155	0	0	433	16	9	0	0	60	2	0	0	15	1	6	14	1	10	15	1484	0	22	1	107	44	21	46	140	0	2	0	27	9	17	3
0	0	2	161	38	103	0	0	0	0	64	0	23	6	52	29	212	227	144	3	244	75	0	0	25	0	0	456	93	0	282	9	8	259	0	0	162	0	0	155	0	0	2	168	3	134	0	0	5	0	4	0	20	6	19	3	0	4	150	1164	0	92	1	2	195	46	42	17	0	10	12	155	7	50	199
0	0	0	0	34	0	0	0	0	82	0	0	0	1	0	1	0	0	0	2	0	0	0	0	0	0	18	0	0	2	0	0	0	0	0	0	0	0	0	0	0	0	1	22	0	0	0	0	0	0	0	0	0	0	0	0	0	0	0	1	0	0	0	0	101	0	3	0	0	1	0	0	3	34	1
0	0	286	466	21	26	0	0	0	0	424	0	0	1	58	872	29	17	13	135	166	0	0	0	10	0	0	25	0	50	17	0	304	460	1	0	5	0	5	0	2	1	0	75	0	302	0	0	155	1	2	0	9	0	15	137	47	12	1	22	11	4	12	0	0	18	723	7	0	2	456	27	0	34	329
0	0	8	0	76	85	0	0	0	0	0	0	3	3	0	2	4	24	205	2	53	0	0	0	23	12	1	95	0	9	12	547	2	246	0	0	5	0	479	433	168	22	75	0	0	1	0	0	4	7	0	0	22	0	773	0	2	48	21	2140	0	10	0	98	3	151	40	6	0	2	84	306	0	268	33
0	0	0	0	0	0	0	0	0	0	0	0	0	147	0	5	0	0	0	0	0	0	0	0	0	3	0	0	0	0	0	0	0	0	0	0	0	0	0	16	3	0	0	0	0	0	0	0	0	0	0	0	0	3	0	0	0	0	0	0	0	0	0	0	4	0	0	0	0	0	0	0	0	0	2
0	0	2	486	13	0	41	0	0	0	738	0	0	67	0	1571	376	0	0	1084	10	2	0	0	1	0	0	14	0	125	4	0	8	98	0	0	0	0	0	9	134	0	302	1	0	0	0	0	0	0	0	0	0	0	4	60	0	0	0	11	0	4	170	0	19	0	2	0	0	0	92	0	0	19	755
0	0	0	0	0	0	0	0	0	0	0	0	0	0	0	0	0	0	0	0	0	0	0	0	0	0	0	0	0	0	0	0	0	0	0	0	0	0	0	0	0	0	0	0	0	0	0	0	0	0	0	0	0	0	0	0	0	0	0	0	0	0	0	0	0	0	0	0	0	0	0	0	0	0	0
0	0	0	0	0	0	0	0	0	0	0	0	0	0	0	0	0	0	0	0	0	0	0	0	0	0	0	0	0	0	0	0	0	0	0	0	0	0	0	0	0	0	0	0	0	0	0	0	0	0	0	0	0	0	0	0	0	0	0	0	0	0	0	0	0	0	0	0	0	0	0	0	0	0	0
0	0	8	238	0	0	27	0	0	0	0	0	0	0	0	15	0	2	39	0	0	0	0	0	131	0	0	39	0	0	0	0	0	8	0	0	0	0	0	60	5	0	155	4	0	0	0	0	0	0	0	0	0	33	2	0	0	0	0	2	0	0	0	0	12	36	433	0	0	0	0	0	0	0	55
0	0	0	0	13	0	0	0	0	0	0	0	0	0	0	0	0	0	0	1	0	0	0	0	1	0	0	0	0	0	0	0	0	0	0	0	0	0	0	2	0	0	1	7	0	0	0	0	0	0	0	0	0	0	0	0	0	0	0	0	0	0	0	0	0	13	4	0	0	3	0	0	0	13	0
0	0	0	0	0	0	0	0	0	0	0	0	0	0	0	0	0	0	0	0	3	0	0	0	0	0	0	0	0	0	0	0	0	0	0	0	0	0	0	0	4	0	2	0	0	0	0	0	0	0	0	0	0	0	0	0	0	0	0	0	0	0	0	0	1	0	0	0	0	0	0	0	0	0	0
0	0	0	0	0	0	0	0	0	0	0	0	0	0	0	0	0	0	0	0	0	0	0	0	0	0	0	0	0	0	0	0	0	0	0	0	0	0	0	0	0	0	0	0	0	0	0	0	0	0	0	0	0	0	0	0	0	0	0	0	0	0	0	0	0	0	0	0	0	0	0	0	0	0	0
0	104	44	400	1	0	16	0	0	0	0	0	0	0	0	10	0	2	212	3	2	0	0	0	220	0	0	0	125	0	0	0	0	4	0	0	0	0	0	15	20	0	9	22	0	0	0	0	0	0	0	0	0	180	4	0	0	0	0	194	0	0	0	0	1	61	389	0	0	0	0	0	0	1	4
0	86	0	8	0	0	0	0	0	0	2	0	0	0	0	9	0	5	9	0	0	280	0	0	22	0	0	236	0	0	78	0	0	10	0	0	5	0	0	1	6	0	0	0	3	0	0	0	33	0	0	0	180	0	4	0	79	2	193	11	0	1	0	0	2	9	0	0	0	0	1	0	0	0	7
0	0	7	10	40	0	0	0	0	0	3	0	0	0	0	8	4	29	397	4	19	5	0	0	621	0	0	363	92	7	4	30	0	24	0	0	5	0	18	6	19	0	15	773	0	4	0	0	2	0	0	0	4	4	0	0	2	0	13	122	0	18	0	2	9	246	85	2	0	0	4	195	0	20	4
0	0	0	0	2	0	0	0	0	0	0	83	0	22	0	516	0	0	7	55	0	0	0	0	0	0	0	0	0	60	0	0	26	0	0	0	0	0	0	14	3	0	137	0	0	60	0	0	0	0	0	0	0	0	0	0	0	87	0	3	1248	0	59	0	9	0	23	0	0	0	0	0	0	2	0
0	46	9	8	1	0	3	0	0	0	0	0	0	0	0	0	0	0	35	0	0	0	0	0	15	0	0	0	17	0	0	0	0	0	0	0	0	0	0	1	0	0	47	2	0	0	0	0	0	0	0	0	0	79	2	0	0	0	0	2	0	0	0	0	2	0	82	0	0	0	0	0	0	1	1
0	0	8	2	0	0	0	0	0	0	0	0	0	0	0	167	0	0	7	4	0	0	0	0	0	0	0	0	0	29	0	0	0	0	0	0	0	0	0	10	4	0	12	48	0	0	0	0	0	0	0	0	0	2	0	87	0	0	0	15	0	0	0	0	12	0	4	0	0	0	0	0	0	0	0
0	100	16	14	8	0	0	0	0	0	0	0	0	0	0	12	0	0	481	23	0	0	0	0	291	0	0	297	196	0	0	0	0	8	0	0	0	0	0	15	150	0	1	21	0	0	0	0	0	0	0	0	0	193	13	0	0	0	0	31	0	0	0	0	1	242	78	0	0	0	0	2	0	8	128
0	0	4	18	77	24	0	0	0	29	0	4	1	3	0	15	2	12	209	6	6	3	0	0	60	0	0	7	19	0	135	317	1	260	0	0	26	0	17	1484	1164	1	22	2140	0	11	0	0	2	0	0	0	194	11	122	3	2	15	31	0	7	1	0	625	46	521	31	12	0	0	2	723	5	59	18
0	0	2	0	0	0	0	0	0	0	0	572	0	1	0	7	0	0	0	0	0	0	0	0	0	0	0	0	0	9	0	0	1	0	49	0	0	0	0	0	0	0	11	0	0	0	0	0	0	0	0	0	0	0	0	1248	0	0	0	7	0	0	891	4	0	0	0	0	0	71	0	0	0	0	0
0	0	5	0	23	0	0	0	0	0	0	0	0	0	0	1	0	0	14	0	66	0	0	0	0	0	0	0	0	0	0	0	0	2	0	0	0	0	0	22	92	0	4	10	0	4	0	0	0	0	0	0	0	1	18	0	0	0	0	1	0	0	0	0	106	0	7	0	0	1	1	72	0	23	0
0	0	0	0	10	0	0	0	0	0	0	0	0	7	0	183	0	0	0	129	0	0	0	0	0	0	0	0	0	34	0	0	0	0	0	0	0	0	0	1	1	0	12	0	0	170	0	0	0	0	0	0	0	0	0	59	0	0	0	0	891	0	0	0	3	0	0	0	0	1	0	0	0	10	1
0	0	0	2	171	0	0	0	0	82	0	0	0	0	0	3	0	0	0	4	2	0	0	0	0	0	4	0	0	7	0	0	0	2	0	0	0	0	0	107	2	0	0	98	0	0	0	0	0	0	0	0	0	0	2	0	0	0	0	625	4	0	0	0	154	0	5	0	0	16	0	1	0	170	0
0	0	69	5	7	0	0	0	0	43	0	0	0	20	0	23	36	2	1	3	15	0	0	0	0	0	16	4	0	1	0	3	377	1	0	0	1176	0	2	44	195	101	0	3	4	19	0	0	12	0	1	0	1	2	9	9	2	12	1	46	0	106	3	154	0	3	1	900	0	23	20	1	5	130	1
0	0	19	12	0	0	1	0	0	0	0	0	0	0	0	1	0	57	829	2	56	92	0	0	924	0	0	66	355	0	0	54	4	8	0	0	14	0	313	21	46	0	18	151	0	0	0	0	36	13	0	0	61	9	246	0	0	0	242	521	0	0	0	0	3	0	43	14	0	0	0	184	0	0	6
0	119	613	277	8	55	15	0	0	0	448	0	13	2	106	385	34	25	16	31	17	8	0	0	42	0	0	29	2	18	11	67	4	444	0	0	33	0	9	46	42	3	723	40	0	2	0	0	433	4	0	0	389	0	85	23	82	4	78	31	0	7	0	5	1	43	0	47	0	2	492	390	0	51	92
0	0	3	2	152	0	0	0	0	30	0	0	0	17	0	44	0	0	1	4	10	0	0	0	0	0	22	0	0	4	0	0	0	0	0	0	0	0	0	140	17	0	7	6	0	0	0	0	0	0	0	0	0	0	2	0	0	0	0	12	0	0	0	0	900	14	47	0	0	56	0	0	2	152	20
0	0	0	0	0	0	0	0	0	0	0	0	0	0	0	0	0	0	0	0	0	0	0	0	0	0	0	0	0	0	0	0	0	0	0	0	0	0	0	0	0	0	0	0	0	0	0	0	0	0	0	0	0	0	0	0	0	0	0	0	0	0	0	0	0	0	0	0	0	0	0	0	0	0	0
0	0	0	0	35	0	0	0	0	0	0	7	0	18	0	2	3	0	0	0	0	0	0	0	0	0	24	1	0	0	0	0	19	0	0	0	30	0	7	2	10	1	2	2	0	0	0	0	0	3	0	0	0	0	0	0	0	0	0	0	71	1	1	16	23	0	2	56	0	0	0	9	0	47	0
0	0	40	200	12	0	1	0	0	0	6	0	0	1	0	591	2	1	12	55	208	0	0	0	14	0	0	0	0	53	1	0	4	20	0	0	0	0	0	0	12	0	456	84	0	92	0	0	0	0	0	0	0	1	4	0	0	0	0	2	0	1	0	0	20	0	492	0	0	0	0	2	0	5	36
0	0	7	24	35	0	0	0	0	0	0	0	0	0	0	70	0	1	24	3	15	0	0	0	173	0	0	31	50	0	1	3	0	12	0	0	1	0	246	27	155	0	27	306	0	0	0	0	0	0	0	0	0	0	195	0	0	0	2	723	0	72	0	1	1	184	390	0	0	9	2	0	0	156	10
0	0	0	0	0	0	0	0	0	0	0	0	0	0	0	0	5	0	0	4	0	0	0	0	0	0	0	0	0	0	0	0	5	0	0	0	0	0	0	9	7	3	0	0	0	0	0	0	0	0	0	0	0	0	0	0	0	0	0	5	0	0	0	0	5	0	0	2	0	0	0	0	0	0	0
0	0	8	0	0	0	1	0	0	0	1	0	0	17	0	21	167	10	31	0	19	1	0	0	3	0	22	11	3	3	3	15	53	5	0	0	44	0	43	17	50	34	34	268	0	19	0	0	0	13	0	0	1	0	20	2	1	0	8	59	0	23	10	170	130	0	51	152	0	47	5	156	0	0	10
0	0	0	682	1	0	132	0	0	0	818	0	2	2	103	1	0	4	15	1	7	120	0	0	5	0	0	26	0	0	50	0	0	617	0	0	6	0	0	3	199	1	329	33	2	755	0	0	55	0	0	0	4	7	4	0	1	0	128	18	0	0	1	0	1	6	92	20	0	0	36	10	0	10	0
