0	0	0	0	0	0	0	0	0	0	0	0	0	0	0	0	0	0	0	0	0	0	0	0	0	0	0	0	0	0	0	0	0	0	0	0	0	0	0	0	0	0	0	0	0	0	0	0	0	0	0	0	0	0	0	0	0	0	0	0	0	0	0	0	0	0	0	0	0	0	0	0	0	0	0
0	0	131	0	0	0	0	0	0	0	50	0	0	0	112	0	0	2	0	0	0	104	0	0	4	0	0	0	0	0	0	0	0	0	0	0	0	0	0	0	11	0	0	0	0	0	0	0	26	0	0	0	142	173	2	0	30	0	106	57	0	0	0	0	0	2	161	0	0	0	0	0	0	0	0
0	131	0	0	0	1	0	0	0	0	0	0	1	0	0	0	0	1	2	0	3	4	0	0	31	0	0	2	0	0	0	3	0	32	0	0	3	0	0	7	4	0	137	8	0	2	0	0	8	0	0	0	68	0	19	0	1	8	9	5	2	0	0	0	69	4	469	3	0	0	1	1	0	1	7
0	0	0	0	0	22	430	0	0	0	740	0	0	8	454	52	0	6	110	3	0	208	0	0	12	0	0	16	0	0	314	0	2	93	0	0	4	0	0	61	144	0	392	2	0	260	0	0	368	0	0	0	424	20	14	0	0	10	30	16	5	0	0	2	5	16	190	4	0	0	144	57	0	0	488
0	0	0	0	0	2	0	0	0	0	0	0	0	6	0	0	0	6	2	0	6	2	0	0	0	0	0	9	0	0	1	5	0	2	0	0	6	0	1	0	4	0	0	4	0	0	0	0	0	0	0	0	2	0	9	1	0	0	0	0	0	8	0	0	2	0	0	0	0	0	2	0	0	0	0
0	0	1	22	2	0	0	0	0	0	0	0	0	0	0	44	0	1	0	23	100	0	0	0	34	27	0	4	0	0	0	0	0	17	0	0	0	0	0	60	563	0	34	331	0	0	0	0	0	0	2	0	0	0	8	2	0	0	0	216	0	0	0	0	0	0	133	0	0	0	0	5	0	0	28
0	0	0	430	0	0	0	0	0	0	90	0	0	0	93	25	0	0	0	0	0	0	0	0	4	0	0	0	0	1	1	0	0	0	0	0	0	0	0	0	9	0	65	0	0	5	0	0	22	0	0	0	12	0	0	0	0	0	0	40	0	0	0	9	0	8	30	0	0	0	40	0	0	0	9
0	0	0	0	0	0	0	0	0	0	0	0	0	0	0	0	0	0	0	0	0	0	0	0	0	0	0	0	0	0	0	0	0	0	0	0	0	0	0	0	0	0	0	0	0	0	0	0	0	0	0	0	0	0	0	0	0	0	0	0	0	0	0	0	0	0	0	0	0	0	0	0	0	0	0
0	0	0	0	0	0	0	0	0	0	0	0	0	0	0	0	0	0	0	0	0	0	0	0	0	0	0	0	0	0	0	0	0	0	0	0	0	0	0	0	0	0	0	0	0	0	0	0	0	0	0	0	0	0	0	0	0	0	0	0	0	0	0	0	0	0	0	0	0	0	0	0	0	0	0
0	0	0	0	0	0	0	0	0	0	0	0	0	0	0	0	0	0	0	0	2	0	0	0	0	0	0	0	0	0	0	37	24	0	0	0	0	0	0	0	0	82	0	0	0	0	0	0	0	0	0	0	0	0	0	0	0	0	0	29	0	0	0	82	43	0	0	30	0	0	0	0	0	0	0
0	50	0	740	0	0	90	0	0	0	0	0	0	1	2	918	0	1	10	20	0	0	0	0	165	0	0	0	0	34	0	0	0	10	0	0	0	0	0	55	119	0	252	0	0	310	0	0	0	0	0	0	0	3	27	0	0	0	0	2	0	0	0	0	0	0	462	0	0	0	2	0	0	0	754
0	0	0	0	0	0	0	0	0	0	0	0	0	0	0	9	0	0	0	1	0	0	0	0	1	0	0	0	0	5	0	0	0	0	0	0	0	0	0	0	0	0	0	0	0	8	0	0	0	0	0	0	0	0	0	97	0	0	0	4	382	0	0	0	0	0	0	0	0	0	0	0	0	0	1
0	0	1	0	0	0	0	0	0	0	0	0	0	0	0	1	0	0	0	0	28	0	0	0	0	14	0	0	0	0	0	0	0	2	0	0	0	0	0	66	77	0	0	10	0	0	0	0	0	0	0	0	0	0	0	0	0	0	0	41	0	0	0	0	2	0	28	0	0	0	0	0	0	0	5
0	0	0	8	6	0	0	0	0	0	1	0	0	0	1	62	2	1	7	8	0	0	0	0	0	2	0	0	0	12	0	0	2	0	0	2	2	0	0	33	4	0	0	3	6	15	0	0	0	0	0	0	0	0	0	2	0	4	0	8	0	0	0	0	19	0	2	4	0	0	0	0	2	6	1
0	112	0	454	0	0	93	0	0	0	2	0	0	1	0	550	0	0	0	21	0	0	0	0	0	0	0	0	0	6	0	0	0	9	0	0	0	0	0	27	193	0	58	0	0	0	0	0	0	0	0	0	0	0	0	0	0	0	0	12	0	0	0	0	0	0	283	0	0	0	2	0	0	0	382
0	0	0	52	0	44	25	0	0	0	918	9	1	62	550	0	340	6	7	443	38	0	0	0	0	0	0	4	0	103	8	2	534	321	0	0	44	0	0	27	40	0	709	4	18	991	0	0	18	0	0	0	10	21	6	539	0	220	12	15	7	1	146	3	17	2	314	49	0	0	326	33	3	18	0
0	0	0	0	0	0	0	0	0	0	0	0	0	2	0	340	0	0	4	207	90	0	0	0	1	14	0	2	0	17	0	0	0	1	0	0	0	0	0	2	445	0	2	5	0	54	0	0	0	0	0	0	0	0	5	1	0	0	0	13	0	0	0	0	77	0	18	0	0	0	0	0	6	0	1
0	2	1	6	6	1	0	0	0	0	1	0	0	1	0	6	0	0	11	1	60	7	0	0	47	6	0	555	0	1	16	4	0	34	0	0	0	0	0	47	521	0	13	32	0	0	0	0	2	0	1	0	3	49	17	0	0	0	0	17	0	0	0	0	3	1	19	1	0	0	1	3	0	2	7
0	0	2	110	2	0	0	0	0	0	10	0	0	7	0	7	4	11	0	2	2	50	0	0	505	5	0	27	0	0	113	61	0	42	0	0	18	0	6	31	168	0	0	60	0	0	0	0	19	0	0	0	84	4	157	7	25	7	168	138	0	2	0	0	1	173	23	1	0	0	2	21	0	25	15
0	0	0	3	0	23	0	0	0	0	20	1	0	8	21	443	207	1	2	0	30	0	0	0	0	0	0	4	0	5	3	1	40	149	0	0	5	0	0	0	3	2	100	2	0	606	0	0	0	0	0	0	3	0	3	47	0	4	49	6	0	0	25	4	8	2	30	13	0	0	49	3	4	0	1
0	0	3	0	6	100	0	0	0	2	0	0	28	0	0	38	90	60	2	30	0	0	0	0	6	51	0	339	0	1	262	34	6	176	0	24	14	0	0	12	462	0	155	46	0	6	0	0	0	0	6	0	2	2	20	0	0	0	0	7	0	6	0	2	12	36	46	10	0	0	98	62	0	13	1
0	104	4	208	2	0	0	0	0	0	0	0	0	0	0	0	0	7	50	0	0	0	0	0	235	6	0	206	0	0	0	0	0	6	0	0	0	0	0	29	189	0	3	3	0	2	0	0	0	0	0	0	0	273	6	0	0	0	0	10	0	0	0	0	0	0	12	0	0	0	0	0	0	0	60
0	0	0	0	0	0	0	0	0	0	0	0	0	0	0	0	0	0	0	0	0	0	0	0	0	0	0	0	0	0	0	0	0	0	0	0	0	0	0	0	0	0	0	0	0	0	0	0	0	0	0	0	0	0	0	0	0	0	0	0	0	0	0	0	0	0	0	0	0	0	0	0	0	0	0
0	0	0	0	0	0	0	0	0	0	0	0	0	0	0	0	0	0	0	0	0	0	0	0	0	0	0	0	0	0	0	0	0	0	0	0	0	0	0	0	0	0	0	0	0	0	0	0	0	0	0	0	0	0	0	0	0	0	0	0	0	0	0	0	0	0	0	0	0	0	0	0	0	0	0
0	4	31	12	0	34	4	0	0	0	165	1	0	0	0	0	1	47	505	0	6	235	0	0	0	6	0	64	0	4	143	54	4	86	0	0	2	0	3	17	36	0	11	21	0	1	0	0	137	0	0	0	196	35	497	8	1	34	79	28	1	1	1	0	0	767	49	0	0	0	8	103	0	1	6
0	0	0	0	0	27	0	0	0	0	0	0	14	2	0	0	14	6	5	0	51	6	0	0	6	0	0	23	0	0	4	22	8	48	0	31	0	0	0	0	53	7	8	45	4	1	0	0	0	0	0	0	3	0	14	0	0	2	0	32	3	0	0	5	1	5	37	10	0	0	0	26	29	0	0
0	0	0	0	0	0	0	0	0	0	0	0	0	0	0	0	0	0	0	0	0	0	0	0	0	0	0	0	0	0	0	0	0	0	0	0	6	0	0	4	0	0	0	0	0	0	0	0	0	0	0	0	0	0	0	0	0	0	0	0	0	2	0	8	1	0	0	26	0	0	0	0	4	4	0
0	0	2	16	9	4	0	0	0	0	0	0	0	0	0	4	2	555	27	4	339	206	0	0	64	23	0	0	0	0	509	28	0	368	0	1	0	0	0	117	842	0	12	178	0	14	0	0	39	0	0	0	2	237	379	1	0	0	297	810	1	0	0	0	4	6	92	0	0	0	0	35	0	3	37
0	0	0	0	0	0	0	0	0	0	0	0	0	0	0	0	0	0	0	0	0	0	0	0	0	0	0	0	0	0	0	0	0	0	0	0	0	0	0	0	0	0	0	0	0	0	0	0	0	0	0	0	0	0	0	0	0	0	0	0	0	0	0	0	0	0	0	0	0	0	0	0	0	0	0
0	0	0	0	0	0	1	0	0	0	34	5	0	12	6	103	17	1	0	5	1	0	0	0	4	0	0	0	0	0	1	0	47	5	0	0	0	0	0	6	0	0	54	9	0	115	0	0	0	0	0	0	0	0	0	68	0	78	0	0	10	0	23	8	1	0	33	0	0	0	69	0	1	0	0
0	0	0	314	1	0	1	0	0	0	0	0	0	0	0	8	0	16	113	3	262	0	0	0	143	4	0	509	0	1	0	0	0	26	0	0	0	0	0	103	678	0	6	12	0	0	0	0	0	0	0	0	0	2	0	0	0	0	0	162	0	0	0	0	0	0	17	0	0	0	1	3	0	1	39
0	0	3	0	5	0	0	0	0	37	0	0	0	0	0	2	0	4	61	1	34	0	0	0	54	22	0	28	0	0	0	0	0	12	0	0	0	0	0	17	42	0	0	749	0	0	0	0	0	0	1	0	0	0	45	0	0	0	0	525	0	0	0	0	3	0	96	0	0	0	0	5	0	3	0
0	0	0	2	0	0	0	0	0	24	0	0	0	2	0	534	0	0	0	40	6	0	0	0	4	8	0	0	0	47	0	0	0	2	0	0	0	0	0	61	5	0	136	5	0	0	0	0	0	0	0	0	0	0	0	34	0	0	0	5	4	0	0	0	237	0	4	0	0	0	2	0	6	0	0
0	0	32	93	2	17	0	0	0	0	10	0	2	0	9	321	1	34	42	149	176	6	0	0	86	48	0	368	0	5	26	12	2	0	0	4	0	0	0	85	510	0	201	345	0	10	0	0	0	0	0	0	4	2	37	3	0	2	2	358	0	2	0	2	1	6	331	0	0	2	4	10	0	2	408
0	0	0	0	0	0	0	0	0	0	0	0	0	0	0	0	0	0	0	0	0	0	0	0	0	0	0	0	0	0	0	0	0	0	0	0	0	0	0	0	0	0	0	0	0	0	0	0	0	0	0	0	0	0	0	0	0	0	0	0	0	0	0	0	0	0	0	0	0	0	0	0	0	0	0
0	0	0	0	0	0	0	0	0	0	0	0	0	2	0	0	0	0	0	0	24	0	0	0	0	31	0	1	0	0	0	0	0	4	0	0	0	0	0	103	16	0	0	289	0	4	0	0	0	0	0	0	0	0	5	1	0	0	0	905	0	0	0	0	70	0	24	0	0	0	0	0	0	0	12
0	0	3	4	6	0	0	0	0	0	0	0	0	2	0	44	0	0	18	5	14	0	0	0	2	0	6	0	0	0	0	0	0	0	0	0	0	0	0	149	49	0	4	6	0	2	0	0	0	0	0	0	0	0	0	0	0	0	0	103	0	0	0	0	766	0	31	0	0	0	0	1	0	6	22
0	0	0	0	0	0	0	0	0	0	0	0	0	0	0	0	0	0	0	0	0	0	0	0	0	0	0	0	0	0	0	0	0	0	0	0	0	0	0	0	0	0	0	0	0	0	0	0	0	0	0	0	0	0	0	0	0	0	0	0	0	0	0	0	0	0	0	0	0	0	0	0	0	0	0
0	0	0	0	1	0	0	0	0	0	0	0	0	0	0	0	0	0	6	0	0	0	0	0	3	0	0	0	0	0	0	0	0	0	0	0	0	0	0	0	0	0	0	6	0	0	0	0	0	0	0	0	0	0	2	0	0	0	0	0	0	0	0	0	0	0	0	0	0	0	0	0	0	1	0
0	0	7	61	0	60	0	0	0	0	55	0	66	33	27	27	2	47	31	0	12	29	0	0	17	0	4	117	0	6	103	17	61	85	0	103	149	0	0	0	342	0	19	650	16	9	0	0	70	4	0	0	76	1	36	29	1	22	15	2354	0	22	1	217	45	64	63	155	0	11	0	117	9	17	4
0	11	4	144	4	563	9	0	0	0	119	0	77	4	193	40	445	521	168	3	462	189	0	0	36	53	0	842	0	0	678	42	5	510	0	16	49	0	0	342	0	0	83	230	3	172	0	0	28	0	6	0	83	48	112	21	0	42	253	1747	0	140	1	7	16	49	48	47	0	3	4	357	21	12	530
0	0	0	0	0	0	0	0	0	82	0	0	0	0	0	0	0	0	0	2	0	0	0	0	0	7	0	0	0	0	0	0	0	0	0	0	0	0	0	0	0	0	1	15	0	0	0	0	0	0	0	0	0	0	0	0	0	0	0	1	0	0	0	0	99	0	0	0	0	0	0	0	3	0	2
0	0	137	392	0	34	65	0	0	0	252	0	0	0	58	709	2	13	0	100	155	3	0	0	11	8	0	12	0	54	6	0	136	201	0	0	4	0	0	19	83	1	0	32	0	82	0	0	47	0	4	0	1	0	19	93	11	12	0	44	1	0	10	0	1	0	513	4	0	0	164	18	0	4	214
0	0	8	2	4	331	0	0	0	0	0	0	10	3	0	4	5	32	60	2	46	3	0	0	21	45	0	178	0	9	12	749	5	345	0	289	6	0	6	650	230	15	32	0	0	1	0	0	9	1	1	0	12	0	694	25	0	48	2	2866	0	3	0	300	3	134	41	9	0	5	34	370	0	131	33
0	0	0	0	0	0	0	0	0	0	0	0	0	6	0	18	0	0	0	0	0	0	0	0	0	4	0	0	0	0	0	0	0	0	0	0	0	0	0	16	3	0	0	0	0	0	0	0	0	0	0	0	0	4	0	0	0	0	0	0	0	0	0	0	4	0	0	0	0	0	0	0	0	0	2
0	0	2	260	0	0	5	0	0	0	310	8	0	15	0	991	54	0	0	606	6	2	0	0	1	1	0	14	0	115	0	0	0	10	0	4	2	0	0	9	172	0	82	1	0	0	0	0	0	0	0	0	0	0	2	14	0	0	0	56	0	0	58	0	139	0	4	4	0	0	0	0	1	6	353
0	0	0	0	0	0	0	0	0	0	0	0	0	0	0	0	0	0	0	0	0	0	0	0	0	0	0	0	0	0	0	0	0	0	0	0	0	0	0	0	0	0	0	0	0	0	0	0	0	0	0	0	0	0	0	0	0	0	0	0	0	0	0	0	0	0	0	0	0	0	0	0	0	0	0
0	0	0	0	0	0	0	0	0	0	0	0	0	0	0	0	0	0	0	0	0	0	0	0	0	0	0	0	0	0	0	0	0	0	0	0	0	0	0	0	0	0	0	0	0	0	0	0	0	0	0	0	0	0	0	0	0	0	0	0	0	0	0	0	0	0	0	0	0	0	0	0	0	0	0
0	26	8	368	0	0	22	0	0	0	0	0	0	0	0	18	0	2	19	0	0	0	0	0	137	0	0	39	0	0	0	0	0	0	0	0	0	0	0	70	28	0	47	9	0	0	0	0	0	0	0	0	0	10	1	0	0	0	0	131	2	0	0	0	12	0	246	0	0	0	0	0	0	0	4
0	0	0	0	0	0	0	0	0	0	0	0	0	0	0	0	0	0	0	0	0	0	0	0	0	0	0	0	0	0	0	0	0	0	0	0	0	0	0	4	0	0	0	1	0	0	0	0	0	0	0	0	0	0	0	0	0	0	0	1	0	0	0	0	0	0	0	0	0	0	0	0	0	0	0
0	0	0	0	0	2	0	0	0	0	0	0	0	0	0	0	0	1	0	0	6	0	0	0	0	0	0	0	0	0	0	1	0	0	0	0	0	0	0	0	6	0	4	1	0	0	0	0	0	0	0	0	0	0	1	0	0	0	0	0	0	0	0	0	1	0	0	0	0	0	0	1	0	0	0
0	0	0	0	0	0	0	0	0	0	0	0	0	0	0	0	0	0	0	0	0	0	0	0	0	0	0	0	0	0	0	0	0	0	0	0	0	0	0	0	0	0	0	0	0	0	0	0	0	0	0	0	0	0	0	0	0	0	0	0	0	0	0	0	0	0	0	0	0	0	0	0	0	0	0
0	142	68	424	2	0	12	0	0	0	0	0	0	0	0	10	0	3	84	3	2	0	0	0	196	3	0	2	0	0	0	0	0	4	0	0	0	0	0	76	83	0	1	12	0	0	0	0	0	0	0	0	0	164	28	0	0	0	0	344	12	0	0	0	1	0	341	0	0	0	1	4	0	0	8
0	173	0	20	0	0	0	0	0	0	3	0	0	0	0	21	0	49	4	0	2	273	0	0	35	0	0	237	0	0	2	0	0	2	0	0	0	0	0	1	48	0	0	0	4	0	0	0	10	0	0	0	164	0	2	0	1	2	117	4	0	0	0	0	2	0	1	0	0	0	0	0	0	0	2
0	2	19	14	9	8	0	0	0	0	27	0	0	0	0	6	5	17	157	3	20	6	0	0	497	14	0	379	0	0	0	45	0	37	0	5	0	0	2	36	112	0	19	694	0	2	0	0	1	0	1	0	28	2	0	2	0	2	5	283	0	2	0	7	18	32	114	11	0	0	3	35	0	6	49
0	0	0	0	1	2	0	0	0	0	0	97	0	2	0	539	1	0	7	47	0	0	0	0	8	0	0	1	0	68	0	0	34	3	0	1	0	0	0	29	21	0	93	25	0	14	0	0	0	0	0	0	0	0	2	0	0	156	0	38	725	0	125	0	10	0	29	0	0	0	0	1	0	1	12
0	30	1	0	0	0	0	0	0	0	0	0	0	0	0	0	0	0	25	0	0	0	0	0	1	0	0	0	0	0	0	0	0	0	0	0	0	0	0	1	0	0	11	0	0	0	0	0	0	0	0	0	0	1	0	0	0	0	0	0	0	0	0	0	2	0	82	0	0	0	0	0	0	0	0
0	0	8	10	0	0	0	0	0	0	0	0	0	4	0	220	0	0	7	4	0	0	0	0	34	2	0	0	0	78	0	0	0	2	0	0	0	0	0	22	42	0	12	48	0	0	0	0	0	0	0	0	0	2	2	156	0	0	0	24	405	0	0	0	13	0	9	0	0	0	0	0	0	0	30
0	106	9	30	0	0	0	0	0	0	0	0	0	0	0	12	0	0	168	49	0	0	0	0	79	0	0	297	0	0	0	0	0	2	0	0	0	0	0	15	253	0	0	2	0	0	0	0	0	0	0	0	0	117	5	0	0	0	0	46	0	0	0	0	1	0	73	0	0	0	0	0	0	0	122
0	57	5	16	0	216	40	0	0	29	2	4	41	8	12	15	13	17	138	6	7	10	0	0	28	32	0	810	0	0	162	525	5	358	0	905	103	0	0	2354	1747	1	44	2866	0	56	0	0	131	1	0	0	344	4	283	38	0	24	46	0	7	58	0	1482	84	533	57	88	0	12	0	1075	61	17	20
0	0	2	5	0	0	0	0	0	0	0	382	0	0	0	7	0	0	0	0	0	0	0	0	1	3	0	1	0	10	0	0	4	0	0	0	0	0	0	0	0	0	1	0	0	0	0	0	2	0	0	0	12	0	0	725	0	405	0	7	0	0	151	0	0	1	0	0	0	0	0	0	0	0	0
0	0	0	0	8	0	0	0	0	0	0	0	0	0	0	1	0	0	2	0	6	0	0	0	1	0	2	0	0	0	0	0	0	2	0	0	0	0	0	22	140	0	0	3	0	0	0	0	0	0	0	0	0	0	2	0	0	0	0	58	0	0	0	0	104	0	6	0	0	0	0	0	0	8	0
0	0	0	0	0	0	0	0	0	0	0	0	0	0	0	146	0	0	0	25	0	0	0	0	1	0	0	0	0	23	0	0	0	0	0	0	0	0	0	1	1	0	10	0	0	58	0	0	0	0	0	0	0	0	0	125	0	0	0	0	151	0	0	0	3	0	0	0	0	0	0	0	0	0	3
0	0	0	2	0	0	9	0	0	82	0	0	0	0	0	3	0	0	0	4	2	0	0	0	0	5	8	0	0	8	0	0	0	2	0	0	0	0	0	217	7	0	0	300	0	0	0	0	0	0	0	0	0	0	7	0	0	0	0	1482	0	0	0	0	188	0	3	0	0	0	0	0	1	0	3
0	0	69	5	2	0	0	0	0	43	0	0	2	19	0	17	77	3	1	8	12	0	0	0	0	1	1	4	0	1	0	3	237	1	0	70	766	0	0	45	16	99	1	3	4	139	0	0	12	0	1	0	1	2	18	10	2	13	1	84	0	104	3	188	0	3	2	812	0	39	5	2	5	105	1
0	2	4	16	0	0	8	0	0	0	0	0	0	0	0	2	0	1	173	2	36	0	0	0	767	5	0	6	0	0	0	0	0	6	0	0	0	0	0	64	49	0	0	134	0	0	0	0	0	0	0	0	0	0	32	0	0	0	0	533	1	0	0	0	3	0	51	0	0	0	0	2	0	0	14
0	161	469	190	0	133	30	0	0	0	462	0	28	2	283	314	18	19	23	30	46	12	0	0	49	37	0	92	0	33	17	96	4	331	0	24	31	0	0	63	48	0	513	41	0	4	0	0	246	0	0	0	341	1	114	29	82	9	73	57	0	6	0	3	2	51	0	37	0	1	206	272	3	35	19
0	0	3	4	0	0	0	0	0	30	0	0	0	4	0	49	0	1	1	13	10	0	0	0	0	10	26	0	0	0	0	0	0	0	0	0	0	0	0	155	47	0	4	9	0	4	0	0	0	0	0	0	0	0	11	0	0	0	0	88	0	0	0	0	812	0	37	0	0	0	0	0	2	0	49
0	0	0	0	0	0	0	0	0	0	0	0	0	0	0	0	0	0	0	0	0	0	0	0	0	0	0	0	0	0	0	0	0	0	0	0	0	0	0	0	0	0	0	0	0	0	0	0	0	0	0	0	0	0	0	0	0	0	0	0	0	0	0	0	0	0	0	0	0	0	0	0	0	0	0
0	0	0	0	0	0	0	0	0	0	0	0	0	0	0	0	0	0	0	0	0	0	0	0	0	0	0	0	0	0	0	0	0	2	0	0	0	0	0	11	3	0	0	5	0	0	0	0	0	0	0	0	0	0	0	0	0	0	0	12	0	0	0	0	39	0	1	0	0	0	0	0	0	0	1
0	0	1	144	2	0	40	0	0	0	2	0	0	0	2	326	0	1	2	49	98	0	0	0	8	0	0	0	0	69	1	0	2	4	0	0	0	0	0	0	4	0	164	34	0	0	0	0	0	0	0	0	1	0	3	0	0	0	0	0	0	0	0	0	5	0	206	0	0	0	0	3	0	2	33
0	0	1	57	0	5	0	0	0	0	0	0	0	0	0	33	0	3	21	3	62	0	0	0	103	26	0	35	0	0	3	5	0	10	0	0	1	0	0	117	357	0	18	370	0	0	0	0	0	0	1	0	4	0	35	1	0	0	0	1075	0	0	0	0	2	2	272	0	0	0	3	0	1	0	13
0	0	0	0	0	0	0	0	0	0	0	0	0	2	0	3	6	0	0	4	0	0	0	0	0	29	4	0	0	1	0	0	6	0	0	0	0	0	0	9	21	3	0	0	0	1	0	0	0	0	0	0	0	0	0	0	0	0	0	61	0	0	0	1	5	0	3	2	0	0	0	1	0	0	0
0	0	1	0	0	0	0	0	0	0	0	0	0	6	0	18	0	2	25	0	13	0	0	0	1	0	4	3	0	0	1	3	0	2	0	0	6	0	1	17	12	0	4	131	0	6	0	0	0	0	0	0	0	0	6	1	0	0	0	17	0	8	0	0	105	0	35	0	0	0	2	0	0	0	6
0	0	7	488	0	28	9	0	0	0	754	1	5	1	382	0	1	7	15	1	1	60	0	0	6	0	0	37	0	0	39	0	0	408	0	12	22	0	0	4	530	2	214	33	2	353	0	0	4	0	0	0	8	2	49	12	0	30	122	20	0	0	3	3	1	14	19	49	0	1	33	13	0	6	0
