0	0	0	0	0	0	0	0	0	0	0	0	0	0	0	0	0	0	0	0	0	0	0	0	0	0	0	0	0	0	0	0	0	0	0	0	0	0	0	0	0	0	0	0	0	0	0	0	0	0	0	0	0	0	0	0	0	0	0	0	0	0	0	0	0	0	0	0	0	0	0	0	0	0	0
0	0	21	6	0	0	0	0	0	0	0	0	0	0	5	0	0	0	6	0	0	0	0	0	2	0	0	0	129	0	0	0	0	0	0	0	0	0	0	0	0	0	0	0	0	0	0	0	0	0	0	0	0	39	0	0	46	0	0	0	0	0	0	0	0	1	0	0	0	0	0	0	0	0	0
0	21	0	0	7	0	0	0	0	0	0	0	3	0	49	0	0	3	17	0	0	6	0	0	19	0	0	128	62	0	0	1	0	40	0	0	0	0	5	0	1	0	210	24	0	2	0	0	0	0	0	0	48	0	8	0	9	0	16	0	0	12	0	0	31	55	388	0	0	0	39	10	0	7	2
0	6	0	0	1	0	659	0	0	0	98	4	4	9	4	256	0	0	19	7	0	305	0	0	3	0	0	2	1	0	298	0	0	106	0	0	0	0	9	118	86	2	464	0	0	378	0	0	230	0	0	0	343	1	0	0	14	0	12	4	0	13	0	0	0	7	182	0	0	0	62	0	0	1	875
0	0	7	1	0	0	0	0	0	3	1	0	7	10	0	3	186	11	4	0	8	1	0	0	0	0	0	12	0	0	6	31	62	5	0	0	88	0	84	17	44	38	33	85	0	35	0	0	3	13	0	0	4	0	47	8	1	0	9	88	1	37	10	203	26	0	17	197	0	54	23	43	10	0	1
0	0	0	0	0	0	0	0	0	0	0	0	0	0	0	0	0	0	0	0	0	0	0	0	0	0	0	0	0	0	0	0	0	0	0	0	0	0	0	0	0	0	0	0	0	0	0	0	0	0	0	0	0	0	0	0	0	0	0	0	0	0	0	0	0	0	0	0	0	0	0	0	0	0	0
0	0	0	659	0	0	0	0	0	0	0	0	0	0	0	56	0	0	1	0	0	25	0	0	0	0	0	0	0	0	19	0	0	0	0	0	0	0	0	1	1	0	0	0	0	58	0	0	27	0	0	0	24	0	0	0	4	0	0	0	0	0	0	0	0	1	3	0	0	0	1	0	0	1	184
0	0	0	0	0	0	0	0	0	0	0	0	0	0	0	0	0	0	0	0	0	0	0	0	0	0	0	0	0	0	0	0	0	0	0	0	0	0	0	0	0	0	0	0	0	0	0	0	0	0	0	0	0	0	0	0	0	0	0	0	0	0	0	0	0	0	0	0	0	0	0	0	0	0	0
0	0	0	0	0	0	0	0	0	0	0	0	0	0	0	0	0	0	0	0	0	0	0	0	0	0	0	0	0	0	0	0	0	0	0	0	0	0	0	0	0	0	0	0	0	0	0	0	0	0	0	0	0	0	0	0	0	0	0	0	0	0	0	0	0	0	0	0	0	0	0	0	0	0	0
0	0	0	0	3	0	0	0	0	0	0	0	0	0	0	0	19	2	0	0	0	0	0	0	0	0	0	2	0	0	0	141	7	0	0	0	0	0	0	484	0	378	0	158	0	0	0	0	0	0	0	0	0	0	1	0	0	0	0	563	0	0	0	6	7	0	2	248	0	4	4	0	174	0	0
0	0	0	98	1	0	0	0	0	0	0	0	0	16	0	289	0	0	2	0	0	0	0	0	1	0	0	0	0	0	0	0	0	8	0	0	0	0	0	0	2	0	236	0	0	712	0	0	0	0	0	0	0	2	0	0	0	0	0	0	0	0	0	0	0	0	185	0	0	0	6	0	0	1	407
0	0	0	4	0	0	0	0	0	0	0	0	0	2	0	1	0	0	1	6	0	0	0	0	0	0	0	0	0	5	0	0	0	0	7	0	0	0	0	0	0	0	0	0	0	0	0	0	0	0	0	0	0	0	0	2	0	0	0	0	1358	0	0	0	0	0	3	0	0	7	0	0	0	0	0
0	0	3	4	7	0	0	0	0	0	0	0	0	3	12	1	0	0	4	16	0	0	0	0	2	0	0	27	0	0	0	0	0	2	0	0	0	0	0	0	0	0	7	13	0	0	0	0	0	0	0	0	0	0	0	0	0	0	0	9	0	0	0	0	12	1	44	0	0	0	0	0	0	0	2
0	0	0	9	10	0	0	0	0	0	16	2	3	0	0	109	2	0	6	27	0	0	0	0	0	0	6	0	0	5	0	0	33	0	0	0	43	0	3	3	17	1	6	2	491	129	0	0	2	0	0	0	0	0	12	23	0	0	0	4	4	30	10	19	6	0	0	54	0	37	1	1	11	20	2
0	5	49	4	0	0	0	0	0	0	0	0	12	0	0	0	2	242	789	0	0	39	0	0	367	0	0	311	0	0	7	0	28	189	0	0	0	0	404	0	34	0	2	7	0	0	0	0	293	0	0	0	79	2	114	0	0	0	163	103	0	5	0	0	0	503	3	0	0	0	20	29	0	2	34
0	0	0	256	3	0	56	0	0	0	289	1	1	109	0	0	190	0	3	603	3	0	0	0	1	0	9	4	0	19	1	0	543	177	3	0	19	0	1	6	6	3	781	2	0	1240	0	0	2	0	0	0	0	1	10	450	0	0	16	0	0	17	166	26	45	0	260	60	0	26	426	37	0	6	1
0	0	0	0	186	0	0	0	0	19	0	0	0	2	2	190	0	0	1	337	230	0	0	0	0	0	22	0	0	3	0	0	0	2	0	0	0	0	0	0	40	0	28	3	0	378	0	0	0	0	0	0	0	0	4	0	0	0	0	1	0	0	0	0	205	3	52	0	0	11	2	0	1	186	2
0	0	3	0	11	0	0	0	0	2	0	0	0	0	242	0	0	0	56	4	16	0	0	0	60	0	0	303	171	0	0	0	0	6	0	0	0	0	0	0	4	0	5	54	0	0	0	0	0	0	0	0	0	18	17	0	0	0	0	12	0	0	0	0	0	116	19	0	0	2	0	0	0	10	1
0	6	17	19	4	0	1	0	0	0	2	1	4	6	789	3	1	56	0	5	8	103	0	0	861	0	0	172	313	0	397	222	8	111	0	0	18	0	791	1	38	0	17	246	0	3	0	0	309	0	0	0	255	10	461	0	35	0	639	245	0	16	4	0	1	1450	2	3	0	5	12	47	0	17	22
0	0	0	7	0	0	0	0	0	0	0	6	16	27	0	603	337	4	5	0	28	0	0	0	0	0	0	4	0	3	7	0	83	97	2	0	5	0	4	0	20	0	188	5	0	1051	0	0	0	1	0	0	0	0	6	71	0	0	23	1	0	10	246	2	1	0	2	5	0	3	53	0	0	3	4
0	0	0	0	8	0	0	0	0	0	0	0	0	0	0	3	230	16	8	28	0	0	0	0	3	0	0	28	0	0	390	46	0	50	0	0	0	0	2	0	0	0	45	54	0	4	0	0	0	0	3	0	0	0	11	18	0	0	0	2	0	66	0	2	11	20	3	0	0	1	184	16	0	26	7
0	0	6	305	1	0	25	0	0	0	0	0	0	0	39	0	0	0	103	0	0	0	0	0	83	0	0	42	331	0	0	0	0	6	0	0	0	0	0	0	1	0	10	1	0	2	0	0	0	0	0	0	0	159	4	0	0	0	0	11	0	0	0	0	0	96	1	0	0	1	0	0	0	1	81
0	0	0	0	0	0	0	0	0	0	0	0	0	0	0	0	0	0	0	0	0	0	0	0	0	0	0	0	0	0	0	0	0	0	0	0	0	0	0	0	0	0	0	0	0	0	0	0	0	0	0	0	0	0	0	0	0	0	0	0	0	0	0	0	0	0	0	0	0	0	0	0	0	0	0
0	0	0	0	0	0	0	0	0	0	0	0	0	0	0	0	0	0	0	0	0	0	0	0	0	0	0	0	0	0	0	0	0	0	0	0	0	0	0	0	0	0	0	0	0	0	0	0	0	0	0	0	0	0	0	0	0	0	0	0	0	0	0	0	0	0	0	0	0	0	0	0	0	0	0
0	2	19	3	0	0	0	0	0	0	1	0	2	0	367	1	0	60	861	0	3	83	0	0	0	0	0	196	180	0	296	3	10	69	0	0	0	0	628	1	19	0	10	3	0	1	0	0	266	1	0	0	236	6	661	0	15	0	368	60	0	0	0	0	0	984	67	0	0	8	15	285	0	3	2
0	0	0	0	0	0	0	0	0	0	0	0	0	0	0	0	0	0	0	0	0	0	0	0	0	0	0	1	0	0	0	0	0	0	0	0	0	0	0	0	0	0	0	0	5	0	0	0	0	0	0	0	0	0	0	0	0	0	0	0	0	0	0	0	0	0	0	0	0	0	0	0	0	0	0
0	0	0	0	0	0	0	0	0	0	0	0	0	6	0	9	22	0	0	0	0	0	0	0	0	0	0	0	0	0	0	0	0	0	0	0	32	0	0	0	0	18	0	1	0	0	0	0	0	0	0	0	0	0	0	0	0	0	0	0	0	0	0	0	16	0	48	0	0	24	0	0	0	28	0
0	0	128	2	12	0	0	0	0	2	0	0	27	0	311	4	0	303	172	4	28	42	0	0	196	1	0	0	138	0	174	10	56	449	0	0	0	0	423	2	233	0	16	115	0	14	0	0	29	0	0	0	8	9	195	0	0	0	298	21	0	246	0	0	1	154	19	0	0	2	0	14	0	11	25
0	129	62	1	0	0	0	0	0	0	0	0	0	0	0	0	0	171	313	0	0	331	0	0	180	0	0	138	0	0	213	1	13	0	0	0	0	0	193	0	93	0	0	0	0	0	0	0	0	0	0	0	248	106	92	0	43	0	279	19	0	0	0	0	0	355	2	0	0	0	0	50	0	3	0
0	0	0	0	0	0	0	0	0	0	0	5	0	5	0	19	3	0	0	3	0	0	0	0	0	0	0	0	0	0	0	0	28	0	0	0	2	0	0	0	0	2	18	0	0	32	0	0	0	0	0	0	0	0	7	31	0	0	0	0	0	0	16	7	0	0	0	7	0	0	12	0	0	3	0
0	0	0	298	6	0	19	0	0	0	0	0	0	0	7	1	0	0	397	7	390	0	0	0	296	0	0	174	213	0	0	0	0	2	0	0	0	0	0	0	4	0	14	1	0	4	0	0	0	0	0	0	0	78	4	0	0	0	0	40	0	0	0	0	0	6	12	0	0	1	1	0	0	6	46
0	0	1	0	31	0	0	0	0	141	0	0	0	0	0	0	0	0	222	0	46	0	0	0	3	0	0	10	1	0	0	0	0	0	0	0	0	0	0	0	0	0	0	524	0	0	0	0	0	0	0	0	0	0	8	0	0	0	0	26	0	0	0	0	0	105	176	0	0	0	0	0	0	15	0
0	0	0	0	62	0	0	0	0	7	0	0	0	33	28	543	0	0	8	83	0	0	0	0	10	0	0	56	13	28	0	0	0	2	8	0	0	0	0	0	8	0	238	8	0	8	0	0	0	0	0	0	0	0	0	0	0	0	0	1	9	0	0	0	275	10	13	0	0	24	4	0	1	62	4
0	0	40	106	5	0	0	0	0	0	8	0	2	0	189	177	2	6	111	97	50	6	0	0	69	0	0	449	0	0	2	0	2	0	0	0	0	0	4	0	26	0	377	133	0	94	0	0	8	0	0	0	0	14	17	5	0	0	12	10	0	2	0	0	3	49	328	0	0	0	20	8	0	5	564
0	0	0	0	0	0	0	0	0	0	0	7	0	0	0	3	0	0	0	2	0	0	0	0	0	0	0	0	0	0	0	0	8	0	0	0	1	0	0	0	0	0	1	0	0	3	0	0	0	0	0	0	0	0	0	16	0	0	0	0	550	0	6	0	0	0	0	0	0	0	0	0	0	0	0
0	0	0	0	0	0	0	0	0	0	0	0	0	0	0	0	0	0	0	0	0	0	0	0	0	0	0	0	0	0	0	0	0	0	0	0	0	0	0	0	0	0	0	0	0	0	0	0	0	0	0	0	0	0	0	0	0	0	0	0	0	0	0	0	0	0	0	0	0	0	0	0	0	0	0
0	0	0	0	88	0	0	0	0	0	0	0	0	43	0	19	0	0	18	5	0	0	0	0	0	0	32	0	0	2	0	0	0	0	1	0	0	0	0	0	148	0	10	5	0	2	0	0	0	0	0	0	0	5	5	0	0	0	0	0	12	0	0	0	1047	14	32	0	0	47	0	0	0	88	4
0	0	0	0	0	0	0	0	0	0	0	0	0	0	0	0	0	0	0	0	0	0	0	0	0	0	0	0	0	0	0	0	0	0	0	0	0	0	0	0	0	0	0	0	0	0	0	0	0	0	0	0	0	0	0	0	0	0	0	0	0	0	0	0	0	0	0	0	0	0	0	0	0	0	0
0	0	5	9	84	0	0	0	0	0	0	0	0	3	404	1	0	0	791	4	2	0	0	0	628	0	0	423	193	0	0	0	0	4	0	0	0	0	0	0	0	0	5	728	0	0	0	0	0	0	0	0	0	0	22	0	0	0	0	206	0	0	0	0	3	722	205	0	0	8	0	246	0	43	17
0	0	0	118	17	0	1	0	0	484	0	0	0	3	0	6	0	0	1	0	0	0	0	0	1	0	0	2	0	0	0	0	0	0	0	0	0	0	0	0	0	0	2	273	0	0	0	0	0	0	0	0	0	0	0	0	0	0	0	342	0	0	0	0	24	13	4	0	0	6	0	0	0	13	1
0	0	1	86	44	0	1	0	0	0	2	0	0	17	34	6	40	4	38	20	0	1	0	0	19	0	0	233	93	0	4	0	8	26	0	0	148	0	0	0	0	0	3	72	0	1	0	0	0	0	4	0	0	1	1	0	0	0	0	316	1	44	1	1	201	45	38	11	0	14	8	0	0	52	251
0	0	0	2	38	0	0	0	0	378	0	0	0	1	0	3	0	0	0	0	0	0	0	0	0	0	18	0	0	2	0	0	0	0	0	0	0	0	0	0	0	0	0	12	0	0	0	0	0	0	0	0	0	0	0	0	0	0	0	0	0	0	0	0	102	0	3	0	0	1	0	0	0	37	0
0	0	210	464	33	0	0	0	0	0	236	0	7	6	2	781	28	5	17	188	45	10	0	0	10	0	0	16	0	18	14	0	238	377	1	0	10	0	5	2	3	0	0	78	0	336	0	0	108	1	2	0	9	0	16	61	47	0	1	25	11	4	2	2	8	19	613	10	0	6	365	12	0	41	332
0	0	24	0	85	0	0	0	0	158	0	0	13	2	7	2	3	54	246	5	54	1	0	0	3	0	1	115	0	0	1	524	8	133	0	0	5	0	728	273	72	12	78	0	0	2	0	0	2	7	0	0	21	0	659	0	2	0	23	1349	0	15	0	115	3	118	19	3	0	5	90	300	0	262	15
0	0	0	0	0	0	0	0	0	0	0	0	0	491	0	0	0	0	0	0	0	0	0	0	0	5	0	0	0	0	0	0	0	0	0	0	0	0	0	0	0	0	0	0	0	0	0	0	0	0	0	0	0	2	0	0	0	0	0	0	0	0	0	0	0	0	0	0	0	3	0	0	0	0	0
0	0	2	378	35	0	58	0	0	0	712	0	0	129	0	1240	378	0	3	1051	4	2	0	0	1	0	0	14	0	32	4	0	8	94	3	0	2	0	0	0	1	0	336	2	0	0	0	0	0	0	0	0	0	0	6	60	0	0	0	7	10	6	170	2	217	0	0	4	0	17	92	0	1	41	837
0	0	0	0	0	0	0	0	0	0	0	0	0	0	0	0	0	0	0	0	0	0	0	0	0	0	0	0	0	0	0	0	0	0	0	0	0	0	0	0	0	0	0	0	0	0	0	0	0	0	0	0	0	0	0	0	0	0	0	0	0	0	0	0	0	0	0	0	0	0	0	0	0	0	0
0	0	0	0	0	0	0	0	0	0	0	0	0	0	0	0	0	0	0	0	0	0	0	0	0	0	0	0	0	0	0	0	0	0	0	0	0	0	0	0	0	0	0	0	0	0	0	0	0	0	0	0	0	0	0	0	0	0	0	0	0	0	0	0	0	0	0	0	0	0	0	0	0	0	0
0	0	0	230	3	0	27	0	0	0	0	0	0	2	293	2	0	0	309	0	0	0	0	0	266	0	0	29	0	0	0	0	0	8	0	0	0	0	0	0	0	0	108	2	0	0	0	0	0	0	0	0	0	31	2	0	0	0	0	3	0	0	0	0	0	230	308	0	0	1	0	0	0	3	61
0	0	0	0	13	0	0	0	0	0	0	0	0	0	0	0	0	0	0	1	0	0	0	0	1	0	0	0	0	0	0	0	0	0	0	0	0	0	0	0	0	0	1	7	0	0	0	0	0	0	0	0	0	0	0	0	0	0	0	0	0	0	0	0	0	13	4	0	0	4	0	0	0	13	0
0	0	0	0	0	0	0	0	0	0	0	0	0	0	0	0	0	0	0	0	3	0	0	0	0	0	0	0	0	0	0	0	0	0	0	0	0	0	0	0	4	0	2	0	0	0	0	0	0	0	0	0	0	0	0	0	0	0	0	0	0	0	0	0	1	0	0	0	0	0	0	0	0	0	0
0	0	0	0	0	0	0	0	0	0	0	0	0	0	0	0	0	0	0	0	0	0	0	0	0	0	0	0	0	0	0	0	0	0	0	0	0	0	0	0	0	0	0	0	0	0	0	0	0	0	0	0	0	0	0	0	0	0	0	0	3	0	0	0	0	0	0	0	0	0	0	0	0	0	0
0	0	48	343	4	0	24	0	0	0	0	0	0	0	79	0	0	0	255	0	0	0	0	0	236	0	0	8	248	0	0	0	0	0	0	0	0	0	0	0	0	0	9	21	0	0	0	0	0	0	0	0	0	120	4	0	0	0	0	102	0	0	0	0	0	115	207	0	0	0	0	0	0	4	10
0	39	0	1	0	0	0	0	0	0	2	0	0	0	2	1	0	18	10	0	0	159	0	0	6	0	0	9	106	0	78	0	0	14	0	0	5	0	0	0	1	0	0	0	2	0	0	0	31	0	0	0	120	0	2	0	80	0	89	8	0	1	0	0	0	9	0	0	0	0	1	0	0	0	5
0	0	8	0	47	0	0	0	0	1	0	0	0	12	114	10	4	17	461	6	11	4	0	0	661	0	0	195	92	7	4	8	0	17	0	0	5	0	22	0	1	0	16	659	0	6	0	0	2	0	0	0	4	2	0	1	2	0	15	11	0	18	0	2	11	577	185	4	0	4	2	196	0	23	4
0	0	0	0	8	0	0	0	0	0	0	2	0	23	0	450	0	0	0	71	18	0	0	0	0	0	0	0	0	31	0	0	0	5	16	0	0	0	0	0	0	0	61	0	0	60	0	0	0	0	0	0	0	0	1	0	0	0	0	0	3234	0	2	0	24	0	29	11	0	0	0	0	0	8	1
0	46	9	14	1	0	4	0	0	0	0	0	0	0	0	0	0	0	35	0	0	0	0	0	15	0	0	0	43	0	0	0	0	0	0	0	0	0	0	0	0	0	47	2	0	0	0	0	0	0	0	0	0	80	2	0	0	0	0	2	0	0	0	0	0	0	81	0	0	0	0	0	0	1	1
0	0	0	0	0	0	0	0	0	0	0	0	0	0	0	0	0	0	0	0	0	0	0	0	0	0	0	0	0	0	0	0	0	0	0	0	0	0	0	0	0	0	0	0	0	0	0	0	0	0	0	0	0	0	0	0	0	0	0	0	0	0	0	0	0	0	0	0	0	0	0	0	0	0	0
0	0	16	12	9	0	0	0	0	0	0	0	0	0	163	16	0	0	639	23	0	0	0	0	368	0	0	298	279	0	0	0	0	12	0	0	0	0	0	0	0	0	1	23	0	0	0	0	0	0	0	0	0	89	15	0	0	0	0	82	0	0	0	0	15	441	51	0	0	2	0	2	0	9	230
0	0	0	4	88	0	0	0	0	563	0	0	9	4	103	0	1	12	245	1	2	11	0	0	60	0	0	21	19	0	40	26	1	10	0	0	0	0	206	342	316	0	25	1349	0	7	0	0	3	0	0	0	102	8	11	0	2	0	82	0	2	3	0	143	16	268	57	4	0	16	7	108	0	65	6
0	0	0	0	1	0	0	0	0	0	0	1358	0	4	0	0	0	0	0	0	0	0	0	0	0	0	0	0	0	0	0	0	9	0	550	0	12	0	0	0	1	0	11	0	0	10	0	0	0	0	0	3	0	0	0	3234	0	0	0	2	0	10	2223	91	0	0	0	0	0	150	0	1	0	20	0
0	0	12	13	37	0	0	0	0	0	0	0	0	30	5	17	0	0	16	10	66	0	0	0	0	0	0	246	0	0	0	0	0	2	0	0	0	0	0	0	44	0	4	15	0	6	0	0	0	0	0	0	0	1	18	0	0	0	0	3	10	0	0	0	290	3	20	0	0	30	1	72	2	37	0
0	0	0	0	10	0	0	0	0	0	0	0	0	10	0	166	0	0	4	246	0	0	0	0	0	0	0	0	0	16	0	0	0	0	6	0	0	0	0	0	1	0	2	0	0	170	0	0	0	0	0	0	0	0	0	2	0	0	0	0	2223	0	0	0	13	1	0	0	0	8	0	0	0	10	21
0	0	0	0	203	0	0	0	0	6	0	0	0	19	0	26	0	0	0	2	2	0	0	0	0	0	0	0	0	7	0	0	0	0	0	0	0	0	0	0	1	0	2	115	0	2	0	0	0	0	0	0	0	0	2	0	0	0	0	143	91	0	0	0	74	0	14	0	0	41	0	1	0	201	0
0	0	31	0	26	0	0	0	0	7	0	0	12	6	0	45	205	0	1	1	11	0	0	0	0	0	16	1	0	0	0	0	275	3	0	0	1047	0	3	24	201	102	8	3	0	217	0	0	0	0	1	0	0	0	11	24	0	0	15	16	0	290	13	74	0	1	5	1004	0	41	19	0	0	166	1
0	1	55	7	0	0	1	0	0	0	0	0	1	0	503	0	3	116	1450	0	20	96	0	0	984	0	0	154	355	0	6	105	10	49	0	0	14	0	722	13	45	0	19	118	0	0	0	0	230	13	0	0	115	9	577	0	0	0	441	268	0	3	1	0	1	0	141	14	0	1	17	460	0	2	10
0	0	388	182	17	0	3	0	0	2	185	3	44	0	3	260	52	19	2	2	3	1	0	0	67	0	48	19	2	0	12	176	13	328	0	0	32	0	205	4	38	3	613	19	0	0	0	0	308	4	0	0	207	0	185	29	81	0	51	57	0	20	0	14	5	141	0	22	0	6	490	331	2	51	88
0	0	0	0	197	0	0	0	0	248	0	0	0	54	0	60	0	0	3	5	0	0	0	0	0	0	0	0	0	7	0	0	0	0	0	0	0	0	0	0	11	0	10	3	0	4	0	0	0	0	0	0	0	0	4	11	0	0	0	4	0	0	0	0	1004	14	22	0	0	90	0	0	3	197	27
0	0	0	0	0	0	0	0	0	0	0	0	0	0	0	0	0	0	0	0	0	0	0	0	0	0	0	0	0	0	0	0	0	0	0	0	0	0	0	0	0	0	0	0	0	0	0	0	0	0	0	0	0	0	0	0	0	0	0	0	0	0	0	0	0	0	0	0	0	0	0	0	0	0	0
0	0	0	0	54	0	0	0	0	4	0	7	0	37	0	26	11	2	5	3	1	1	0	0	8	0	24	2	0	0	1	0	24	0	0	0	47	0	8	6	14	1	6	5	3	17	0	0	1	4	0	0	0	0	4	0	0	0	2	16	150	30	8	41	41	1	6	90	0	0	0	9	9	80	0
0	0	39	62	23	0	1	0	0	4	6	0	0	1	20	426	2	0	12	53	184	0	0	0	15	0	0	0	0	12	1	0	4	20	0	0	0	0	0	0	8	0	365	90	0	92	0	0	0	0	0	0	0	1	2	0	0	0	0	7	0	1	0	0	19	17	490	0	0	0	0	2	0	7	36
0	0	10	0	43	0	0	0	0	0	0	0	0	1	29	37	0	0	47	0	16	0	0	0	285	0	0	14	50	0	0	0	0	8	0	0	0	0	246	0	0	0	12	300	0	0	0	0	0	0	0	0	0	0	196	0	0	0	2	108	1	72	0	1	0	460	331	0	0	9	2	0	0	164	26
0	0	0	0	10	0	0	0	0	174	0	0	0	11	0	0	1	0	0	0	0	0	0	0	0	0	0	0	0	0	0	0	1	0	0	0	0	0	0	0	0	0	0	0	0	1	0	0	0	0	0	0	0	0	0	0	0	0	0	0	0	2	0	0	0	0	2	3	0	9	0	0	0	11	0
0	0	7	1	0	0	1	0	0	0	1	0	0	20	2	6	186	10	17	3	26	1	0	0	3	0	28	11	3	3	6	15	62	5	0	0	88	0	43	13	52	37	41	262	0	41	0	0	3	13	0	0	4	0	23	8	1	0	9	65	20	37	10	201	166	2	51	197	0	80	7	164	11	0	10
0	0	2	875	1	0	184	0	0	0	407	0	2	2	34	1	2	1	22	4	7	81	0	0	2	0	0	25	0	0	46	0	4	564	0	0	4	0	17	1	251	0	332	15	0	837	0	0	61	0	0	0	10	5	4	1	1	0	230	6	0	0	21	0	1	10	88	27	0	0	36	26	0	10	0
