0	0	0	0	0	0	0	0	0	0	0	0	0	0	0	0	0	0	0	0	0	0	0	0	0	0	0	0	0	0	0	0	0	0	0	0	0	0	0	0	0	0	0	0	0	0	0	0	0	0	0	0	0	0	0	0	0	0	0	0	0	0	0	0	0	0	0	0	0	0	0	0	0	0	0
0	0	1149	63	0	0	6	2	0	0	442	0	152	0	12	0	0	192	70	0	0	1230	0	0	6	0	0	0	10	0	4	0	0	18	0	0	0	0	3	0	13	0	177	2	0	0	0	0	266	0	2	0	1111	506	19	2	2016	0	1597	22	0	0	2	0	0	23	415	0	0	0	50	337	0	0	152
0	1149	0	28	1	0	0	1	0	0	0	0	8	0	1	3	0	75	29	0	293	110	0	0	32	13	0	0	118	0	0	238	0	14	0	0	0	0	5	0	55	0	382	43	0	0	0	0	82	0	251	0	344	61	77	0	310	24	42	1	0	0	0	0	54	80	539	0	0	2	18	22	0	1	1
0	63	28	0	8	0	437	1	224	0	649	0	1	105	5	345	8	8	14	9	0	285	0	0	5	11	0	0	23	59	256	8	73	44	2	0	0	0	0	0	97	7	596	2	0	294	0	0	26	12	2	6	388	11	6	0	18	16	32	42	0	0	1	69	181	2	238	124	0	87	299	5	74	38	274
0	0	1	8	0	0	0	5	24	0	1	0	25	31	3	12	10	20	14	11	54	0	0	0	7	9	14	0	1	4	5	156	22	80	3	0	0	0	600	430	67	72	142	1089	1	10	0	0	7	186	610	12	13	0	103	2	1	12	8	401	0	0	30	403	43	5	60	79	0	547	57	307	22	25	2
0	0	0	0	0	0	0	0	0	0	0	0	0	0	0	0	0	0	0	0	0	0	0	0	0	0	0	0	0	0	0	0	0	0	0	0	0	0	0	0	0	0	0	0	0	0	0	0	0	0	0	0	0	0	0	0	0	0	0	0	0	0	0	0	0	0	0	0	0	0	0	0	0	0	0
0	6	0	437	0	0	0	0	0	0	52	0	0	18	1	83	0	0	14	1	0	113	0	0	0	0	0	0	1	18	45	0	0	2	0	0	0	0	0	0	8	0	147	0	0	53	0	0	2	11	2	0	9	2	0	0	1	0	0	0	0	0	0	0	0	1	91	0	0	1	0	2	0	0	30
0	2	1	1	5	0	0	0	0	0	0	0	0	1	0	0	0	48	248	0	4	0	0	0	185	0	0	0	214	0	0	157	0	2	1	0	0	0	0	0	3	0	0	170	0	0	0	0	52	0	17	0	1	1	13	0	0	0	0	0	0	0	0	0	16	248	82	0	0	0	0	0	0	0	0
0	0	0	224	24	0	0	0	0	0	0	0	0	22	0	14	163	3	1	68	328	1	0	0	0	11	114	0	0	4	0	1	0	0	8	0	0	0	0	0	49	32	1	1	0	0	0	0	13	0	3	0	4	0	0	0	0	20	0	0	0	0	0	0	156	3	4	55	0	44	5	0	16	22	0
0	0	0	0	0	0	0	0	0	0	0	0	0	0	0	0	0	0	0	0	0	0	0	0	0	0	0	0	0	0	0	0	0	0	0	0	0	0	0	0	0	0	0	0	0	0	0	0	0	0	0	0	0	0	0	0	0	0	0	0	0	0	0	0	0	0	0	0	0	0	0	0	0	0	0
0	442	0	649	1	0	52	0	0	0	0	0	0	82	0	486	0	64	269	24	0	120	0	0	215	1	0	0	248	409	0	1	0	48	0	0	0	0	19	0	78	0	439	2	0	26	0	0	222	0	5	0	158	101	1	0	53	6	0	0	0	0	0	0	0	139	405	0	0	2	3	0	0	1	0
0	0	0	0	0	0	0	0	0	0	0	0	0	2	0	3	0	12	0	1	0	0	0	0	0	0	0	0	0	0	0	0	0	0	0	0	0	0	0	0	0	0	0	0	0	0	0	0	0	0	0	0	0	0	0	0	0	0	0	0	0	0	0	0	0	0	0	0	0	1	0	3	0	0	0
0	152	8	1	25	0	0	0	0	0	0	0	0	8	0	0	10	1	0	0	6	7	0	0	2	0	28	0	0	0	0	1	0	0	0	0	0	0	6	0	10	0	3	3	0	0	0	0	6	0	121	0	101	0	7	0	23	3	0	0	0	0	0	0	2	1	2	15	0	24	0	0	0	0	0
0	0	0	105	31	0	18	1	22	0	82	2	8	0	0	93	76	4	1	125	0	0	0	0	0	13	81	0	1	120	2	43	25	2	3	0	0	0	0	1	17	9	79	3	731	189	0	0	71	3	0	12	0	0	22	1	0	66	1	9	0	0	89	24	74	3	2	142	0	54	46	0	89	103	14
0	12	1	5	3	0	1	0	0	0	0	0	0	0	0	1	0	18	324	0	0	9	0	0	162	0	0	0	24	0	0	0	0	6	0	0	0	0	0	0	6	0	0	1	0	0	0	0	119	0	0	0	2	65	22	0	0	2	0	0	0	0	0	0	0	235	12	0	0	0	0	0	0	3	0
0	0	3	345	12	0	83	0	14	0	486	3	0	93	1	0	199	2	0	901	5	0	0	0	17	1	77	0	3	1002	0	15	367	189	128	0	0	0	0	1	3	1	821	12	2	514	0	0	4	47	1	0	13	0	18	121	0	290	24	4	0	0	420	22	27	1	74	122	0	67	445	13	35	17	0
0	0	0	8	10	0	0	0	163	0	0	0	10	76	0	199	0	5	21	696	761	0	0	0	13	21	565	0	5	187	30	23	17	21	4	0	0	0	0	0	388	24	84	11	2	283	0	0	46	4	50	1	0	0	4	0	0	1	0	0	0	0	40	58	238	1	13	320	0	116	3	1	12	13	0
0	192	75	8	20	0	0	48	3	0	64	12	1	4	18	2	5	0	201	2	739	386	0	0	89	44	0	0	501	0	298	63	2	314	0	0	0	0	470	3	722	3	39	85	0	9	0	0	196	1	709	6	41	404	235	0	31	8	357	27	0	0	2	1	2	155	111	55	0	8	16	183	0	15	1
0	70	29	14	14	0	14	248	1	0	269	0	0	1	324	0	21	201	0	0	30	190	0	0	747	3	0	0	1235	2	147	515	5	300	0	0	0	0	407	48	124	0	18	411	0	0	0	0	372	3	55	46	413	113	506	0	39	7	162	211	0	0	1	2	1	1368	58	3	0	2	48	224	0	16	45
0	0	0	9	11	0	1	0	68	0	24	1	0	125	0	901	696	2	0	0	45	2	0	0	35	0	74	0	0	1019	2	0	322	65	164	0	0	0	3	0	12	5	515	9	14	922	0	0	10	20	4	41	18	1	7	156	0	367	49	1	0	0	669	8	173	1	7	202	0	12	299	50	94	23	15
0	0	293	0	54	0	0	4	328	0	0	0	6	0	0	5	761	739	30	45	0	33	0	0	9	39	20	0	3	0	990	215	158	136	9	0	0	0	3	22	717	0	212	111	0	4	0	0	6	2	2223	0	30	3	36	0	2	4	8	74	0	0	0	6	97	9	189	53	0	83	623	672	8	9	2
0	1230	110	285	0	0	113	0	1	0	120	0	7	0	9	0	0	386	190	2	33	0	0	0	122	0	0	0	296	1	444	6	0	67	0	0	0	0	49	8	428	0	7	1	0	2	0	0	237	1	339	10	771	749	28	0	373	1	467	55	0	0	1	0	1	107	37	0	0	2	17	91	0	1	144
0	0	0	0	0	0	0	0	0	0	0	0	0	0	0	0	0	0	0	0	0	0	0	0	0	0	0	0	0	0	0	0	0	0	0	0	0	0	0	0	0	0	0	0	0	0	0	0	0	0	0	0	0	0	0	0	0	0	0	0	0	0	0	0	0	0	0	0	0	0	0	0	0	0	0
0	0	0	0	0	0	0	0	0	0	0	0	0	0	0	0	0	0	0	0	0	0	0	0	0	0	0	0	0	0	0	0	0	0	0	0	0	0	0	0	0	0	0	0	0	0	0	0	0	0	0	0	0	0	0	0	0	0	0	0	0	0	0	0	0	0	0	0	0	0	0	0	0	0	0
0	6	32	5	7	0	0	185	0	0	215	0	2	0	162	17	13	89	747	35	9	122	0	0	0	1	0	0	605	1	156	62	0	276	0	0	0	0	422	26	57	0	22	14	0	1	0	0	185	11	52	20	308	11	476	2	26	6	176	46	0	0	3	7	3	1017	161	24	0	1	56	243	0	9	23
0	0	13	11	9	0	0	0	11	0	1	0	0	13	0	1	21	44	3	0	39	0	0	0	1	0	0	0	0	1	5	33	13	5	0	0	0	0	0	0	0	14	25	10	5	16	0	0	109	4	42	11	2	0	68	0	0	24	6	19	0	0	3	9	6	4	58	8	0	17	39	35	0	32	14
0	0	0	0	14	0	0	0	114	0	0	0	28	81	0	77	565	0	0	74	20	0	0	0	0	0	0	0	0	0	0	0	22	0	0	0	0	0	0	68	2	83	46	4	2	40	0	0	0	168	0	0	0	0	44	56	2	35	0	86	0	0	64	518	483	0	78	937	0	616	5	0	5	147	2
0	0	0	0	0	0	0	0	0	0	0	0	0	0	0	0	0	0	0	0	0	0	0	0	0	0	0	0	0	0	0	0	0	0	0	0	0	0	0	0	0	0	0	0	0	0	0	0	0	0	0	0	0	0	0	0	0	0	0	0	0	0	0	0	0	0	0	0	0	0	0	0	0	0	0
0	10	118	23	1	0	1	214	0	0	248	0	0	1	24	3	5	501	1235	0	3	296	0	0	605	0	0	0	0	0	249	7	9	524	0	0	0	0	227	59	189	0	31	21	0	0	0	0	363	17	49	62	399	101	174	0	32	3	83	108	0	0	1	0	4	758	44	3	0	1	73	151	0	10	47
0	0	0	59	4	0	18	0	4	0	409	0	0	120	0	1002	187	0	2	1019	0	1	0	0	1	1	0	0	0	0	0	0	369	102	416	0	0	0	0	7	1	0	789	1	2	1040	0	0	0	12	0	2	11	0	1	271	0	832	1	0	0	0	624	36	2	0	85	14	0	23	329	10	16	1	0
0	4	0	256	5	0	45	0	0	0	0	0	0	2	0	0	30	298	147	2	990	444	0	0	156	5	0	0	249	0	0	1	0	3	0	0	0	0	0	0	567	0	16	2	0	0	0	0	134	0	277	0	41	175	2	0	0	1	0	0	0	0	0	0	1	23	24	1	0	3	4	4	0	5	0
0	0	238	8	156	0	0	157	1	0	1	0	1	43	0	15	23	63	515	0	215	6	0	0	62	33	0	0	7	0	1	0	21	414	0	0	0	0	503	3	54	1	54	1338	0	8	0	0	41	0	1590	38	17	0	672	0	1	1	2	7	0	0	3	11	12	904	430	9	0	1	83	781	31	47	0
0	0	0	73	22	0	0	0	0	0	0	0	0	25	0	367	17	2	5	322	158	0	0	0	0	13	22	0	9	369	0	21	0	0	275	0	0	0	1	0	8	17	338	22	0	2	0	0	19	0	50	0	1	0	7	60	0	155	0	0	0	0	0	0	225	10	17	158	0	40	8	0	27	15	0
0	18	14	44	80	0	2	2	0	0	48	0	0	2	6	189	21	314	300	65	136	67	0	0	276	5	0	0	524	102	3	414	0	0	16	0	0	0	252	0	210	0	222	386	0	32	0	0	75	2	797	0	29	56	86	0	1	8	32	0	0	0	0	0	1	342	306	3	0	1	16	11	0	1	28
0	0	0	2	3	0	0	1	8	0	0	0	0	3	0	128	4	0	0	164	9	0	0	0	0	0	0	0	0	416	0	0	275	16	0	0	0	0	0	0	0	0	0	0	0	5	0	0	1	0	1	0	0	0	0	326	0	519	0	0	0	0	293	5	13	0	0	19	0	2	1	0	0	20	0
0	0	0	0	0	0	0	0	0	0	0	0	0	0	0	0	0	0	0	0	0	0	0	0	0	0	0	0	0	0	0	0	0	0	0	0	0	0	0	0	0	0	0	0	0	0	0	0	0	0	0	0	0	0	0	0	0	0	0	0	0	0	0	0	0	0	0	0	0	0	0	0	0	0	0
0	0	0	0	0	0	0	0	0	0	0	0	0	0	0	0	0	0	0	0	0	0	0	0	0	0	0	0	0	0	0	0	0	0	0	0	0	0	0	0	0	0	0	0	0	0	0	0	0	0	0	0	0	0	0	0	0	0	0	0	0	0	0	0	0	0	0	0	0	0	0	0	0	0	0
0	0	0	0	0	0	0	0	0	0	0	0	0	0	0	0	0	0	0	0	0	0	0	0	0	0	0	0	0	0	0	0	0	0	0	0	0	0	0	0	0	0	0	0	0	0	0	0	0	0	0	0	0	0	0	0	0	0	0	0	0	0	0	0	0	0	0	0	0	0	0	0	0	0	0
0	3	5	0	600	0	0	0	0	0	19	0	6	0	0	0	0	470	407	3	3	49	0	0	422	0	0	0	227	0	0	503	1	252	0	0	0	0	0	10	44	1	27	798	0	0	0	0	29	1	766	2	38	22	138	0	3	1	0	111	0	0	0	23	2	731	554	4	0	3	5	7	0	16	4
0	0	0	0	430	0	0	0	0	0	0	0	0	1	0	1	0	3	48	0	22	8	0	0	26	0	68	0	59	7	0	3	0	0	0	0	0	0	10	0	254	0	1	495	0	0	0	0	13	0	236	0	0	0	3	0	0	1	0	0	0	0	0	0	11	122	17	12	0	349	0	0	2	2	0
0	13	55	97	67	0	8	3	49	0	78	0	10	17	6	3	388	722	124	12	717	428	0	0	57	0	2	0	189	1	567	54	8	210	0	0	0	0	44	254	0	1	184	91	12	263	0	0	43	1	837	0	67	177	38	0	10	1	159	492	0	0	6	3	48	41	16	149	0	9	45	390	14	33	227
0	0	0	7	72	0	0	0	32	0	0	0	0	9	0	1	24	3	0	5	0	0	0	0	0	14	83	0	0	0	0	1	17	0	0	0	0	0	1	0	1	0	1	9	2	0	0	0	27	63	35	0	0	0	0	0	0	0	5	0	0	0	1	134	42	0	8	7	0	244	0	3	2	18	1
0	177	382	596	142	0	147	0	1	0	439	0	3	79	0	821	84	39	18	515	212	7	0	0	22	25	46	0	31	789	16	54	338	222	0	0	0	0	27	1	184	1	0	132	1	226	0	0	142	0	309	6	10	2	40	55	62	11	16	6	0	0	88	3	30	5	729	99	0	28	361	74	8	40	116
0	2	43	2	1089	0	0	170	1	0	2	0	3	3	1	12	11	85	411	9	111	1	0	0	14	10	4	0	21	1	2	1338	22	386	0	0	0	0	798	495	91	9	132	0	0	9	0	0	6	89	1075	1	33	13	450	3	8	25	18	661	0	0	2	229	11	355	90	28	0	35	80	584	0	42	19
0	0	0	0	1	0	0	0	0	0	0	0	0	731	0	2	2	0	0	14	0	0	0	0	0	5	2	0	0	2	0	0	0	0	0	0	0	0	0	0	12	2	1	0	0	0	0	0	5	0	0	0	0	0	0	0	0	1	0	0	0	0	0	0	2	0	0	6	0	0	0	0	0	0	0
0	0	0	294	10	0	53	0	0	0	26	0	0	189	0	514	283	9	0	922	4	2	0	0	1	16	40	0	0	1040	0	8	2	32	5	0	0	0	0	0	263	0	226	9	0	0	0	0	53	0	4	120	2	0	11	2	1	536	0	0	0	0	206	0	7	4	17	105	0	80	1	6	10	18	0
0	0	0	0	0	0	0	0	0	0	0	0	0	0	0	0	0	0	0	0	0	0	0	0	0	0	0	0	0	0	0	0	0	0	0	0	0	0	0	0	0	0	0	0	0	0	0	0	0	0	0	0	0	0	0	0	0	0	0	0	0	0	0	0	0	0	0	0	0	0	0	0	0	0	0
0	0	0	0	0	0	0	0	0	0	0	0	0	0	0	0	0	0	0	0	0	0	0	0	0	0	0	0	0	0	0	0	0	0	0	0	0	0	0	0	0	0	0	0	0	0	0	0	0	0	0	0	0	0	0	0	0	0	0	0	0	0	0	0	0	0	0	0	0	0	0	0	0	0	0
0	266	82	26	7	0	2	52	13	0	222	0	6	71	119	4	46	196	372	10	6	237	0	0	185	109	0	0	363	0	134	41	19	75	1	0	0	0	29	13	43	27	142	6	5	53	0	0	0	1	14	32	224	16	180	0	141	40	30	79	0	0	12	12	19	333	44	36	0	7	26	35	0	46	25
0	0	0	12	186	0	11	0	0	0	0	0	0	3	0	47	4	1	3	20	2	1	0	0	11	4	168	0	17	12	0	0	0	2	0	0	0	0	1	0	1	63	0	89	0	0	0	0	1	0	16	0	1	10	1	0	0	1	0	0	0	0	0	0	11	2	1	228	0	225	2	0	11	8	0
0	2	251	2	610	0	2	17	3	0	5	0	121	0	0	1	50	709	55	4	2223	339	0	0	52	42	0	0	49	0	277	1590	50	797	1	0	0	0	766	236	837	35	309	1075	0	4	0	0	14	16	0	3	110	1	234	0	3	4	198	419	0	0	4	15	14	63	329	0	0	0	290	820	0	56	14
0	0	0	6	12	0	0	0	0	0	0	0	0	12	0	0	1	6	46	41	0	10	0	0	20	11	0	0	62	2	0	38	0	0	0	0	0	0	2	0	0	0	6	1	0	120	0	0	32	0	3	0	13	25	3	2	0	374	0	0	0	0	0	0	0	0	1	1	0	4	0	0	4	7	0
0	1111	344	388	13	0	9	1	4	0	158	0	101	0	2	13	0	41	413	18	30	771	0	0	308	2	0	0	399	11	41	17	1	29	0	0	0	0	38	0	67	0	10	33	0	2	0	0	224	1	110	13	0	555	5	0	340	3	375	30	0	0	0	3	1	188	377	1	0	3	30	110	2	1	1
0	506	61	11	0	0	2	1	0	0	101	0	0	0	65	0	0	404	113	1	3	749	0	0	11	0	0	0	101	0	175	0	0	56	0	0	0	0	22	0	177	0	2	13	0	0	0	0	16	10	1	25	555	0	31	0	236	9	754	4	0	0	0	1	1	23	5	1	0	1	6	12	0	2	28
0	19	77	6	103	0	0	13	0	0	1	0	7	22	22	18	4	235	506	7	36	28	0	0	476	68	44	0	174	1	2	672	7	86	0	0	0	0	138	3	38	0	40	450	0	11	0	0	180	1	234	3	5	31	0	0	3	40	28	3	0	0	0	2	22	668	295	113	0	14	18	97	21	28	9
0	2	0	0	2	0	0	0	0	0	0	0	0	1	0	121	0	0	0	156	0	0	0	0	2	0	56	0	0	271	0	0	60	0	326	0	0	0	0	0	0	0	55	3	0	2	0	0	0	0	0	2	0	0	0	0	0	365	0	0	0	0	95	0	16	1	12	1	0	1	0	0	0	5	0
0	2016	310	18	1	0	1	0	0	0	53	0	23	0	0	0	0	31	39	0	2	373	0	0	26	0	2	0	32	0	0	1	0	1	0	0	0	0	3	0	10	0	62	8	0	1	0	0	141	0	3	0	340	236	3	0	0	0	221	0	0	0	0	0	0	23	100	0	0	0	0	8	0	0	3
0	0	24	16	12	0	0	0	20	0	6	0	3	66	2	290	1	8	7	367	4	1	0	0	6	24	35	0	3	832	1	1	155	8	519	0	0	0	1	1	1	0	11	25	1	536	0	0	40	1	4	374	3	9	40	365	0	0	12	0	0	0	521	19	21	35	6	193	0	12	2	2	0	47	16
0	1597	42	32	8	0	0	0	0	0	0	0	0	1	0	24	0	357	162	49	8	467	0	0	176	6	0	0	83	1	0	2	0	32	0	0	0	0	0	0	159	5	16	18	0	0	0	0	30	0	198	0	375	754	28	0	221	12	0	0	0	0	0	0	0	127	172	13	0	3	0	0	0	0	0
0	22	1	42	401	0	0	0	0	0	0	0	0	9	0	4	0	27	211	1	74	55	0	0	46	19	86	0	108	0	0	7	0	0	0	0	0	0	111	0	492	0	6	661	0	0	0	0	79	0	419	0	30	4	3	0	0	0	0	0	0	0	0	0	0	394	24	29	0	421	2	0	2	2	0
0	0	0	0	0	0	0	0	0	0	0	0	0	0	0	0	0	0	0	0	0	0	0	0	0	0	0	0	0	0	0	0	0	0	0	0	0	0	0	0	0	0	0	0	0	0	0	0	0	0	0	0	0	0	0	0	0	0	0	0	0	0	0	0	0	0	0	0	0	0	0	0	0	0	0
0	0	0	0	0	0	0	0	0	0	0	0	0	0	0	0	0	0	0	0	0	0	0	0	0	0	0	0	0	0	0	0	0	0	0	0	0	0	0	0	0	0	0	0	0	0	0	0	0	0	0	0	0	0	0	0	0	0	0	0	0	0	0	0	0	0	0	0	0	0	0	0	0	0	0
0	2	0	1	30	0	0	0	0	0	0	0	0	89	0	420	40	2	1	669	0	1	0	0	3	3	64	0	1	624	0	3	0	0	293	0	0	0	0	0	6	1	88	2	0	206	0	0	12	0	4	0	0	0	0	95	0	521	0	0	0	0	0	0	14	3	0	24	0	70	1	0	6	28	0
0	0	0	69	403	0	0	0	0	0	0	0	0	24	0	22	58	1	2	8	6	0	0	0	7	9	518	0	0	36	0	11	0	0	5	0	0	0	23	0	3	134	3	229	0	0	0	0	12	0	15	0	3	1	2	0	0	19	0	0	0	0	0	0	86	0	1	689	0	702	5	0	27	10	0
0	0	54	181	43	0	0	16	156	0	0	0	2	74	0	27	238	2	1	173	97	1	0	0	3	6	483	0	4	2	1	12	225	1	13	0	0	0	2	11	48	42	30	11	2	7	0	0	19	11	14	0	1	1	22	16	0	21	0	0	0	0	14	86	0	3	9	1358	0	34	48	9	32	145	0
0	23	80	2	5	0	1	248	3	0	139	0	1	3	235	1	1	155	1368	1	9	107	0	0	1017	4	0	0	758	0	23	904	10	342	0	0	0	0	731	122	41	0	5	355	0	4	0	0	333	2	63	0	188	23	668	1	23	35	127	394	0	0	3	0	3	0	460	1	0	1	13	415	0	10	27
0	415	539	238	60	0	91	82	4	0	405	0	2	2	12	74	13	111	58	7	189	37	0	0	161	58	78	0	44	85	24	430	17	306	0	0	0	0	554	17	16	8	729	90	0	17	0	0	44	1	329	1	377	5	295	12	100	6	172	24	0	0	0	1	9	460	0	17	0	3	336	465	0	11	22
0	0	0	124	79	0	0	0	55	0	0	0	15	142	0	122	320	55	3	202	53	0	0	0	24	8	937	0	3	14	1	9	158	3	19	0	0	0	4	12	149	7	99	28	6	105	0	0	36	228	0	1	1	1	113	1	0	193	13	29	0	0	24	689	1358	1	17	0	0	389	49	3	85	289	27
0	0	0	0	0	0	0	0	0	0	0	0	0	0	0	0	0	0	0	0	0	0	0	0	0	0	0	0	0	0	0	0	0	0	0	0	0	0	0	0	0	0	0	0	0	0	0	0	0	0	0	0	0	0	0	0	0	0	0	0	0	0	0	0	0	0	0	0	0	0	0	0	0	0	0
0	0	2	87	547	0	1	0	44	0	2	1	24	54	0	67	116	8	2	12	83	2	0	0	1	17	616	0	1	23	3	1	40	1	2	0	0	0	3	349	9	244	28	35	0	80	0	0	7	225	0	4	3	1	14	1	0	12	3	421	0	0	70	702	34	1	3	389	0	0	45	4	71	49	2
0	50	18	299	57	0	0	0	5	0	3	0	0	46	0	445	3	16	48	299	623	17	0	0	56	39	5	0	73	329	4	83	8	16	1	0	0	0	5	0	45	0	361	80	0	1	0	0	26	2	290	0	30	6	18	0	0	2	0	2	0	0	1	5	48	13	336	49	0	45	0	8	24	23	1
0	337	22	5	307	0	2	0	0	0	0	3	0	0	0	13	1	183	224	50	672	91	0	0	243	35	0	0	151	10	4	781	0	11	0	0	0	0	7	0	390	3	74	584	0	6	0	0	35	0	820	0	110	12	97	0	8	2	0	0	0	0	0	0	9	415	465	3	0	4	8	0	0	11	0
0	0	0	74	22	0	0	0	16	0	0	0	0	89	0	35	12	0	0	94	8	0	0	0	0	0	5	0	0	16	0	31	27	0	0	0	0	0	0	2	14	2	8	0	0	10	0	0	0	11	0	4	2	0	21	0	0	0	0	2	0	0	6	27	32	0	0	85	0	71	24	0	0	21	0
0	0	1	38	25	0	0	0	22	0	1	0	0	103	3	17	13	15	16	23	9	1	0	0	9	32	147	0	10	1	5	47	15	1	20	0	0	0	16	2	33	18	40	42	0	18	0	0	46	8	56	7	1	2	28	5	0	47	0	2	0	0	28	10	145	10	11	289	0	49	23	11	21	0	2
0	152	1	274	2	0	30	0	0	0	0	0	0	14	0	0	0	1	45	15	2	144	0	0	23	14	2	0	47	0	0	0	0	28	0	0	0	0	4	0	227	1	116	19	0	0	0	0	25	0	14	0	1	28	9	0	3	16	0	0	0	0	0	0	0	27	22	27	0	2	1	0	0	2	0
