0	0	0	0	0	0	0	0	0	0	0	0	0	0	0	0	0	0	0	0	0	0	0	0	0	0	0	0	0	0	0	0	0	0	0	0	0	0	0	0	0	0	0	0	0	0	0	0	0	0	0	0	0	0	0	0	0	0	0	0	0	0	0	0	0	0	0	0	0	0	0	0	0	0	0
0	0	87	2	0	0	0	0	0	0	11	0	0	0	0	0	0	5	0	0	0	12	0	0	0	0	0	11	31	0	0	0	0	0	0	0	0	0	0	0	2	0	0	0	0	0	0	0	11	0	0	0	19	16	0	0	374	0	0	0	0	0	0	0	0	0	21	0	0	0	0	0	0	0	0
0	87	0	0	0	0	0	0	0	0	0	0	0	0	0	0	0	30	1	0	6	34	1	0	0	0	0	7	0	8	0	0	0	67	0	3	0	0	0	0	3	0	273	1	0	0	0	2	0	0	0	0	90	0	1	0	303	0	0	2	0	2	0	0	0	0	236	0	0	0	117	3	0	0	0
0	2	0	0	0	0	99	2	4	0	200	0	0	0	0	27	0	0	4	0	0	300	4	0	0	0	0	18	0	9	126	0	0	42	0	0	26	0	0	0	9	0	466	0	0	102	0	0	262	0	0	0	114	1	0	0	46	4	0	6	0	0	0	0	0	0	175	0	0	0	0	0	0	0	0
0	0	0	0	0	1	0	0	0	0	0	0	0	0	0	0	0	0	0	0	0	0	0	0	0	0	0	0	0	0	0	0	0	0	0	4	0	0	0	0	1	0	0	1	0	0	0	0	0	0	0	0	0	0	0	0	0	0	0	2	0	0	0	0	0	0	0	0	0	0	0	0	0	0	0
0	0	0	0	1	0	0	0	0	0	0	0	0	1	0	12	0	183	0	4	446	0	0	0	4	0	14	2	0	59	53	0	0	167	0	1	0	0	0	91	372	0	340	17	0	1	0	0	0	0	4	0	1	1	1	0	0	0	0	3	0	1	0	0	1	0	17	0	0	0	2	6	0	0	0
0	0	0	99	0	0	0	0	0	0	8	0	0	0	0	4	0	1	0	0	0	2	0	0	0	0	0	0	0	0	2	0	0	8	0	0	2	0	0	0	2	0	35	0	0	1	0	0	6	0	0	0	3	0	0	0	0	0	0	0	0	0	0	0	0	0	7	0	0	0	5	0	0	0	0
0	0	0	2	0	0	0	0	0	0	0	0	0	0	0	1	0	8	415	0	0	8	0	0	36	0	0	31	5	6	2	7	0	224	0	0	0	0	0	30	66	0	0	62	0	0	0	26	0	0	0	0	18	79	353	0	9	0	0	173	0	2	4	0	0	1004	15	0	0	0	0	592	0	0	0
0	0	0	4	0	0	0	0	0	0	0	0	0	0	0	2	0	0	0	0	216	0	0	0	0	0	0	0	0	8	0	0	0	6	2	1	0	0	0	0	0	0	1	0	0	0	0	0	0	0	0	0	0	0	0	0	0	0	0	0	0	0	0	0	1	1	0	4	0	0	1	0	0	0	0
0	0	0	0	0	0	0	0	0	0	0	0	0	0	0	0	0	0	0	0	0	0	0	0	0	0	0	0	0	0	0	0	0	0	0	1	0	0	0	0	0	1	0	0	0	1	0	0	0	0	0	0	0	0	0	0	0	0	0	0	0	0	0	1	1	0	0	1	0	0	0	0	0	0	0
0	11	0	200	0	0	8	0	0	0	0	0	0	0	0	131	0	1	0	6	0	15	3	0	1	0	0	0	0	49	2	0	0	128	0	0	0	0	0	0	103	0	521	0	0	2	0	0	0	0	0	0	0	0	0	0	149	4	0	0	0	0	0	0	0	0	55	0	0	0	27	0	0	0	0
0	0	0	0	0	0	0	0	0	0	0	0	0	0	0	2	0	0	0	51	0	0	0	0	0	0	0	0	0	138	0	0	0	0	8	0	0	0	0	0	1	0	0	0	0	0	0	0	0	0	0	0	0	0	0	0	0	4	0	1	0	0	0	0	0	0	0	0	0	0	0	0	3	0	0
0	0	0	0	0	0	0	0	0	0	0	0	0	1	0	0	0	0	0	1	0	0	0	0	0	0	0	0	0	0	0	0	0	4	0	1	0	0	0	9	0	0	0	2	0	0	0	0	0	0	0	0	0	0	4	0	0	0	0	0	0	0	0	0	0	6	13	0	0	0	0	2	0	0	0
0	0	0	0	0	1	0	0	0	0	0	0	1	0	0	10	3	0	0	0	0	0	0	0	0	1	6	0	0	48	0	0	0	0	0	0	1	0	0	1	2	0	1	0	15	7	0	0	0	0	0	0	0	0	1	0	0	2	0	0	0	2	0	1	0	0	0	2	0	0	0	0	6	0	0
0	0	0	0	0	0	0	0	0	0	0	0	0	0	0	0	0	0	0	0	0	0	0	0	0	0	0	0	0	0	0	0	0	0	0	0	0	0	0	0	0	0	0	0	0	0	0	0	0	0	0	0	0	0	0	0	0	0	0	0	0	0	0	0	0	0	0	0	0	0	0	0	0	0	0
0	0	0	27	0	12	4	1	2	0	131	2	0	10	0	0	3	0	0	263	0	1	4	0	0	0	6	0	0	708	0	0	71	132	0	0	1	0	0	1	10	0	533	0	0	135	1	0	9	0	1	0	0	0	0	78	0	34	0	1	0	0	71	0	0	0	96	16	0	0	23	1	1	0	0
0	0	0	0	0	0	0	0	0	0	0	0	0	3	0	3	0	1	0	81	0	0	0	23	0	0	128	0	0	209	0	0	0	2	12	0	0	0	0	0	11	4	1	1	0	0	0	0	0	0	0	0	0	0	3	3	0	19	0	0	0	0	3	0	2	0	0	7	0	0	0	0	0	0	0
0	5	30	0	0	183	1	8	0	0	1	0	0	0	0	0	1	0	5	2	203	149	4	0	8	2	29	263	4	15	173	0	11	140	4	2	0	0	0	11	595	0	24	27	0	2	4	0	0	0	4	0	0	24	39	0	8	2	0	2	0	1	0	0	1	4	8	6	0	0	2	24	0	0	0
0	0	1	4	0	0	0	415	0	0	0	0	0	0	0	0	0	5	0	1	2	3	0	0	31	0	0	0	8	3	9	0	0	0	0	0	0	0	0	25	54	0	2	7	0	0	0	0	0	0	0	0	0	5	7	0	3	0	0	28	0	0	0	0	1	223	0	2	0	0	0	6	0	0	0
0	0	0	0	0	4	0	0	0	0	6	51	1	0	0	263	81	2	1	0	1	0	0	0	0	0	0	0	0	259	0	0	6	55	0	0	2	0	0	3	0	0	131	0	1	65	0	0	0	0	0	0	0	0	0	93	0	32	0	0	0	5	8	2	0	0	3	2	0	0	0	0	11	0	0
0	0	6	0	0	446	0	0	216	0	0	0	0	0	0	0	0	203	2	1	0	0	2	0	3	0	0	204	6	85	284	6	26	200	0	452	0	0	0	20	675	0	102	2	0	18	6	0	0	0	184	0	0	1	1	0	2	0	0	31	0	60	0	0	0	0	3	0	0	0	74	117	2	0	0
0	12	34	300	0	0	2	8	0	0	15	0	0	0	0	1	0	149	3	0	0	0	0	0	17	0	0	74	266	6	134	0	0	101	1	0	1	0	0	2	189	0	3	0	0	0	0	0	62	0	5	0	201	195	2	0	359	0	0	2	0	0	0	0	0	90	2	0	0	0	0	35	0	0	0
0	0	1	4	0	0	0	0	0	0	3	0	0	0	0	4	0	4	0	0	2	0	0	0	0	0	0	2	0	11	0	1	0	34	0	2	0	0	0	0	0	0	18	0	0	0	0	0	0	0	1	0	0	0	0	0	0	0	0	0	0	0	0	0	0	0	2	0	0	0	3	0	0	0	0
0	0	0	0	0	0	0	0	0	0	0	0	0	0	0	0	23	0	0	0	0	0	0	0	0	0	0	0	0	12	0	0	2	0	16	0	0	0	0	0	0	0	0	0	0	0	0	0	0	0	0	6	0	0	0	24	0	5	0	0	0	0	22	0	0	0	0	0	0	0	0	0	0	0	0
0	0	0	0	0	4	0	36	0	0	1	0	0	0	0	0	0	8	31	0	3	17	0	0	0	0	0	6	0	2	12	0	0	3	3	3	0	0	0	0	7	0	1	0	0	0	0	0	3	0	0	0	9	11	11	0	1	0	0	1	0	0	0	0	0	34	1	0	0	2	0	14	0	0	0
0	0	0	0	0	0	0	0	0	0	0	0	0	1	0	0	0	2	0	0	0	0	0	0	0	0	0	0	0	1	0	0	0	0	0	0	0	0	0	0	0	0	0	0	0	0	0	0	0	0	0	0	0	0	0	0	0	0	0	0	0	0	0	0	0	0	0	1	0	0	0	0	1	0	0
0	0	0	0	0	14	0	0	0	0	0	0	0	6	0	6	128	29	0	0	0	0	0	0	0	0	0	0	0	6	0	0	8	0	2	31	478	0	0	0	2	381	14	0	0	4	0	0	0	2	0	0	0	0	0	2	0	0	0	34	0	8	4	654	262	3	0	422	0	0	6	2	126	0	0
0	11	7	18	0	2	0	31	0	0	0	0	0	0	0	0	0	263	0	0	204	74	2	0	6	0	0	0	0	24	11	0	0	44	0	0	0	0	0	0	414	0	17	7	0	0	2	0	0	0	0	0	0	12	18	0	3	5	0	0	0	0	0	0	0	0	9	0	0	0	0	4	0	0	0
0	31	0	0	0	0	0	5	0	0	0	0	0	0	0	0	0	4	8	0	6	266	0	0	0	0	0	0	0	0	2	0	0	0	0	0	0	0	0	0	1	0	0	0	0	0	0	3	6	0	0	0	272	134	0	0	62	0	0	0	0	0	0	0	0	5	1	0	0	0	0	0	0	0	0
0	0	8	9	0	59	0	6	8	0	49	138	0	48	0	708	209	15	3	259	85	6	11	12	2	1	6	24	0	0	30	0	316	252	89	82	33	0	0	19	20	2	662	82	3	794	1	3	14	1	42	3	19	4	10	553	0	320	0	59	0	7	389	43	31	7	258	115	0	0	4	39	74	0	0
0	0	0	126	0	53	2	2	0	0	2	0	0	0	0	0	0	173	9	0	284	134	0	0	12	0	0	11	2	30	0	0	0	0	0	1	0	0	0	93	521	0	7	0	0	0	6	0	12	0	0	0	27	13	0	0	0	0	0	14	0	0	0	0	0	1	0	0	0	0	0	3	0	0	0
0	0	0	0	0	0	0	7	0	0	0	0	0	0	0	0	0	0	0	0	6	0	1	0	0	0	0	0	0	0	0	0	0	0	0	76	0	0	0	29	0	40	0	119	0	0	0	0	0	0	0	0	0	0	9	0	0	0	0	1	0	0	0	0	0	38	0	0	0	0	1	0	0	0	0
0	0	0	0	0	0	0	0	0	0	0	0	0	0	0	71	0	11	0	6	26	0	0	2	0	0	8	0	0	316	0	0	0	0	1	3	0	0	0	2	0	3	172	0	0	0	0	0	0	0	0	0	0	0	0	0	0	9	0	0	0	0	0	0	20	1	0	0	0	0	15	0	25	0	0
0	0	67	42	0	167	8	224	6	0	128	0	4	0	0	132	2	140	0	55	200	101	34	0	3	0	0	44	0	252	0	0	0	0	0	4	0	0	0	44	257	0	393	21	0	128	5	4	4	0	4	0	4	21	7	0	12	0	0	0	0	2	0	0	0	4	179	2	0	0	124	48	0	0	0
0	0	0	0	0	0	0	0	2	0	0	8	0	0	0	0	12	4	0	0	0	1	0	16	3	0	2	0	0	89	0	0	1	0	0	0	0	0	0	0	0	1	0	0	0	2	0	0	0	0	0	0	0	0	2	13	3	1	0	0	0	1	3	0	2	1	0	1	0	0	0	0	1	0	0
0	0	3	0	4	1	0	0	1	1	0	0	1	0	0	0	0	2	0	0	452	0	2	0	3	0	31	0	0	82	1	76	3	4	0	0	0	0	0	151	14	484	3	307	6	0	1	3	0	0	58	0	0	0	23	0	0	0	0	216	0	0	0	91	1	4	2	21	0	2	2	23	0	0	0
0	0	0	26	0	0	2	0	0	0	0	0	0	1	0	1	0	0	0	2	0	1	0	0	0	0	478	0	0	33	0	0	0	0	0	0	0	0	0	3	4	0	0	4	0	2	0	0	0	0	0	0	0	0	0	0	0	3	0	0	0	0	0	0	48	1	0	153	0	0	0	0	0	0	0
0	0	0	0	0	0	0	0	0	0	0	0	0	0	0	0	0	0	0	0	0	0	0	0	0	0	0	0	0	0	0	0	0	0	0	0	0	0	0	0	0	0	0	0	0	0	0	0	0	0	0	0	0	0	0	0	0	0	0	0	0	0	0	0	0	0	0	0	0	0	0	0	0	0	0
0	0	0	0	0	0	0	0	0	0	0	0	0	0	0	0	0	0	0	0	0	0	0	0	0	0	0	0	0	0	0	0	0	0	0	0	0	0	0	0	0	0	0	0	0	0	0	0	0	0	0	0	0	0	0	0	0	0	0	0	0	0	0	0	0	0	0	0	0	0	0	0	0	0	0
0	0	0	0	0	91	0	30	0	0	0	0	9	1	0	1	0	11	25	3	20	2	0	0	0	0	0	0	0	19	93	29	2	44	0	151	3	0	0	0	301	80	30	157	2	22	1	0	0	0	77	0	2	1	1	0	0	12	0	516	0	2	0	70	1	16	10	3	0	0	13	100	2	0	0
0	2	3	9	1	372	2	66	0	0	103	1	0	2	0	10	11	595	54	0	675	189	0	0	7	0	2	414	1	20	521	0	0	257	0	14	4	0	0	301	0	0	65	10	1	142	3	2	0	0	77	0	26	46	5	0	13	3	0	356	0	61	7	0	2	10	60	37	0	0	0	144	0	0	0
0	0	0	0	0	0	0	0	0	1	0	0	0	0	0	0	4	0	0	0	0	0	0	0	0	0	381	0	0	2	0	40	3	0	1	484	0	0	0	80	0	0	0	152	0	0	0	0	0	1	0	0	0	0	0	0	0	0	0	34	0	0	0	401	3	1	0	13	0	0	0	0	43	0	0
0	0	273	466	0	340	35	0	1	0	521	0	0	1	0	533	1	24	2	131	102	3	18	0	1	0	14	17	0	662	7	0	172	393	0	3	0	0	0	30	65	0	0	28	0	104	0	0	139	0	4	0	0	0	13	54	10	25	0	4	0	2	15	3	0	3	459	12	0	0	405	15	5	0	0
0	0	1	0	1	17	0	62	0	0	0	0	2	0	0	0	1	27	7	0	2	0	0	0	0	0	0	7	0	82	0	119	0	21	0	307	4	0	0	157	10	152	28	0	0	0	1	0	0	1	53	1	1	0	31	0	0	0	0	486	0	1	0	91	0	2	11	2	0	0	10	148	0	0	0
0	0	0	0	0	0	0	0	0	0	0	0	0	15	0	0	0	0	0	1	0	0	0	0	0	0	0	0	0	3	0	0	0	0	0	6	0	0	0	2	1	0	0	0	0	1	0	0	0	0	0	0	0	0	0	4	0	0	0	0	0	2	0	2	3	1	0	40	0	0	0	0	0	0	0
0	0	0	102	0	1	1	0	0	1	2	0	0	7	0	135	0	2	0	65	18	0	0	0	0	0	4	0	0	794	0	0	0	128	2	0	2	0	0	22	142	0	104	0	1	0	1	0	0	0	0	0	0	0	0	2	1	24	0	0	0	0	0	0	5	0	0	0	0	0	0	0	1	0	0
0	0	0	0	0	0	0	0	0	0	0	0	0	0	0	1	0	4	0	0	6	0	0	0	0	0	0	2	0	1	6	0	0	5	0	1	0	0	0	1	3	0	0	1	0	1	0	0	0	0	3	0	1	0	0	0	0	0	0	1	0	1	0	0	0	0	1	0	0	0	0	3	0	0	0
0	0	2	0	0	0	0	26	0	0	0	0	0	0	0	0	0	0	0	0	0	0	0	0	0	0	0	0	3	3	0	0	0	4	0	3	0	0	0	0	2	0	0	0	0	0	0	0	0	0	0	0	0	2	0	0	0	0	0	0	0	0	0	0	0	0	0	0	0	0	0	0	0	0	0
0	11	0	262	0	0	6	0	0	0	0	0	0	0	0	9	0	0	0	0	0	62	0	0	3	0	0	0	6	14	12	0	0	4	0	0	0	0	0	0	0	0	139	0	0	0	0	0	0	0	0	0	0	7	0	0	267	0	0	1	0	0	0	0	0	0	32	0	0	0	2	0	0	0	0
0	0	0	0	0	0	0	0	0	0	0	0	0	0	0	0	0	0	0	0	0	0	0	0	0	0	2	0	0	1	0	0	0	0	0	0	0	0	0	0	0	1	0	1	0	0	0	0	0	0	0	0	0	0	0	0	0	0	0	0	0	0	0	0	0	0	0	0	0	0	0	0	0	0	0
0	0	0	0	0	4	0	0	0	0	0	0	0	0	0	1	0	4	0	0	184	5	1	0	0	0	0	0	0	42	0	0	0	4	0	58	0	0	0	77	77	0	4	53	0	0	3	0	0	0	0	0	0	0	7	0	0	0	0	0	0	0	0	0	0	0	3	0	0	0	2	3	2	0	0
0	0	0	0	0	0	0	0	0	0	0	0	0	0	0	0	0	0	0	0	0	0	0	6	0	0	0	0	0	3	0	0	0	0	0	0	0	0	0	0	0	0	0	1	0	0	0	0	0	0	0	0	0	0	0	0	0	3	0	0	0	0	0	0	0	0	0	0	0	0	0	0	0	0	0
0	19	90	114	0	1	3	18	0	0	0	0	0	0	0	0	0	0	0	0	0	201	0	0	9	0	0	0	272	19	27	0	0	4	0	0	0	0	0	2	26	0	0	1	0	0	1	0	0	0	0	0	0	39	2	0	261	0	0	10	0	0	0	0	0	3	19	0	0	0	0	0	0	0	0
0	16	0	1	0	1	0	79	0	0	0	0	0	0	0	0	0	24	5	0	1	195	0	0	11	0	0	12	134	4	13	0	0	21	0	0	0	0	0	1	46	0	0	0	0	0	0	2	7	0	0	0	39	0	7	0	238	0	0	9	0	0	0	0	0	1	1	0	0	0	0	0	0	0	0
0	0	1	0	0	1	0	353	0	0	0	0	4	1	0	0	3	39	7	0	1	2	0	0	11	0	0	18	0	10	0	9	0	7	2	23	0	0	0	1	5	0	13	31	0	0	0	0	0	0	7	0	2	7	0	0	3	0	0	18	0	5	0	7	0	156	4	3	0	0	0	101	4	0	0
0	0	0	0	0	0	0	0	0	0	0	0	0	0	0	78	3	0	0	93	0	0	0	24	0	0	2	0	0	553	0	0	0	0	13	0	0	0	0	0	0	0	54	0	4	2	0	0	0	0	0	0	0	0	0	0	0	4	0	0	0	0	1	0	2	1	0	9	0	0	0	0	0	0	0
0	374	303	46	0	0	0	9	0	0	149	0	0	0	0	0	0	8	3	0	2	359	0	0	1	0	0	3	62	0	0	0	0	12	3	0	0	0	0	0	13	0	10	0	0	1	0	0	267	0	0	0	261	238	3	0	0	1	0	0	0	0	0	0	0	3	394	0	0	0	8	0	0	0	0
0	0	0	4	0	0	0	0	0	0	4	4	0	2	0	34	19	2	0	32	0	0	0	5	0	0	0	5	0	320	0	0	9	0	1	0	3	0	0	12	3	0	25	0	0	24	0	0	0	0	0	3	0	0	0	4	1	0	0	0	0	0	0	0	3	4	6	26	0	0	4	13	3	0	0
0	0	0	0	0	0	0	0	0	0	0	0	0	0	0	0	0	0	0	0	0	0	0	0	0	0	0	0	0	0	0	0	0	0	0	0	0	0	0	0	0	0	0	0	0	0	0	0	0	0	0	0	0	0	0	0	0	0	0	0	0	0	0	0	0	0	0	0	0	0	0	0	0	0	0
0	0	2	6	2	3	0	173	0	0	0	1	0	0	0	1	0	2	28	0	31	2	0	0	1	0	34	0	0	59	14	1	0	0	0	216	0	0	0	516	356	34	4	486	0	0	1	0	1	0	0	0	10	9	18	0	0	0	0	0	0	0	0	283	0	134	1	0	0	0	0	18	0	0	0
0	0	0	0	0	0	0	0	0	0	0	0	0	0	0	0	0	0	0	0	0	0	0	0	0	0	0	0	0	0	0	0	0	0	0	0	0	0	0	0	0	0	0	0	0	0	0	0	0	0	0	0	0	0	0	0	0	0	0	0	0	0	0	0	0	0	0	0	0	0	0	0	0	0	0
0	0	2	0	0	1	0	2	0	0	0	0	0	2	0	0	0	1	0	5	60	0	0	0	0	0	8	0	0	7	0	0	0	2	1	0	0	0	0	2	61	0	2	1	2	0	1	0	0	0	0	0	0	0	5	0	0	0	0	0	0	0	0	0	10	1	0	12	0	0	9	15	34	0	0
0	0	0	0	0	0	0	4	0	0	0	0	0	0	0	71	3	0	0	8	0	0	0	22	0	0	4	0	0	389	0	0	0	0	3	0	0	0	0	0	7	0	15	0	0	0	0	0	0	0	0	0	0	0	0	1	0	0	0	0	0	0	0	0	1	0	0	3	0	0	0	0	0	0	0
0	0	0	0	0	0	0	0	0	1	0	0	0	1	0	0	0	0	0	2	0	0	0	0	0	0	654	0	0	43	0	0	0	0	0	91	0	0	0	70	0	401	3	91	2	0	0	0	0	0	0	0	0	0	7	0	0	0	0	283	0	0	0	0	0	1	0	76	0	0	0	0	44	0	0
0	0	0	0	0	1	0	0	1	1	0	0	0	0	0	0	2	1	1	0	0	0	0	0	0	0	262	0	0	31	0	0	20	0	2	1	48	0	0	1	2	3	0	0	3	5	0	0	0	0	0	0	0	0	0	2	0	3	0	0	0	10	1	0	0	1	0	178	0	0	4	1	0	0	0
0	0	0	0	0	0	0	1004	1	0	0	0	6	0	0	0	0	4	223	0	0	90	0	0	34	0	3	0	5	7	1	38	1	4	1	4	1	0	0	16	10	1	3	2	1	0	0	0	0	0	0	0	3	1	156	1	3	4	0	134	0	1	0	1	1	0	7	0	0	0	5	160	0	0	0
0	21	236	175	0	17	7	15	0	0	55	0	13	0	0	96	0	8	0	3	3	2	2	0	1	0	0	9	1	258	0	0	0	179	0	2	0	0	0	10	60	0	459	11	0	0	1	0	32	0	3	0	19	1	4	0	394	6	0	1	0	0	0	0	0	7	0	0	0	0	96	22	0	0	0
0	0	0	0	0	0	0	0	4	1	0	0	0	2	0	16	7	6	2	2	0	0	0	0	0	1	422	0	0	115	0	0	0	2	1	21	153	0	0	3	37	13	12	2	40	0	0	0	0	0	0	0	0	0	3	9	0	26	0	0	0	12	3	76	178	0	0	0	0	0	18	0	11	0	0
0	0	0	0	0	0	0	0	0	0	0	0	0	0	0	0	0	0	0	0	0	0	0	0	0	0	0	0	0	0	0	0	0	0	0	0	0	0	0	0	0	0	0	0	0	0	0	0	0	0	0	0	0	0	0	0	0	0	0	0	0	0	0	0	0	0	0	0	0	0	0	0	0	0	0
0	0	0	0	0	0	0	0	0	0	0	0	0	0	0	0	0	0	0	0	0	0	0	0	2	0	0	0	0	0	0	0	0	0	0	2	0	0	0	0	0	0	0	0	0	0	0	0	0	0	0	0	0	0	0	0	0	0	0	0	0	0	0	0	0	0	0	0	0	0	0	0	0	0	0
0	0	117	0	0	2	5	0	1	0	27	0	0	0	0	23	0	2	0	0	74	0	3	0	0	0	6	0	0	4	0	1	15	124	0	2	0	0	0	13	0	0	405	10	0	0	0	0	2	0	2	0	0	0	0	0	8	4	0	0	0	9	0	0	4	5	96	18	0	0	0	7	15	0	0
0	0	3	0	0	6	0	592	0	0	0	0	2	0	0	1	0	24	6	0	117	35	0	0	14	0	2	4	0	39	3	0	0	48	0	23	0	0	0	100	144	0	15	148	0	0	3	0	0	0	3	0	0	0	101	0	0	13	0	18	0	15	0	0	1	160	22	0	0	0	7	0	0	0	0
0	0	0	0	0	0	0	0	0	0	0	3	0	6	0	1	0	0	0	11	2	0	0	0	0	1	126	0	0	74	0	0	25	0	1	0	0	0	0	2	0	43	5	0	0	1	0	0	0	0	2	0	0	0	4	0	0	3	0	0	0	34	0	44	0	0	0	11	0	0	15	0	0	0	0
0	0	0	0	0	0	0	0	0	0	0	0	0	0	0	0	0	0	0	0	0	0	0	0	0	0	0	0	0	0	0	0	0	0	0	0	0	0	0	0	0	0	0	0	0	0	0	0	0	0	0	0	0	0	0	0	0	0	0	0	0	0	0	0	0	0	0	0	0	0	0	0	0	0	0
0	0	0	0	0	0	0	0	0	0	0	0	0	0	0	0	0	0	0	0	0	0	0	0	0	0	0	0	0	0	0	0	0	0	0	0	0	0	0	0	0	0	0	0	0	0	0	0	0	0	0	0	0	0	0	0	0	0	0	0	0	0	0	0	0	0	0	0	0	0	0	0	0	0	0
