0	0	0	0	0	0	0	0	0	0	0	0	0	0	0	0	0	0	0	0	0	0	0	0	0	0	0	0	0	0	0	0	0	0	0	0	0	0	0	0	0	0	0	0	0	0	0	0	0	0	0	0	0	0	0	0	0	0	0	0	0	0	0	0	0	0	0	0	0	0	0	0	0	0	0
0	0	370	0	1	0	0	0	0	0	0	0	0	0	85	0	0	8	54	15	0	128	0	0	5	0	0	0	483	0	0	0	0	10	0	0	0	0	0	0	0	0	15	0	0	0	0	0	72	0	0	0	241	164	15	0	838	0	233	3	3	0	0	0	0	7	104	0	0	0	0	0	0	1	4
0	370	0	0	2	0	0	0	0	0	0	0	71	0	43	0	0	0	27	0	0	0	0	0	25	0	0	76	7	0	0	0	0	26	0	0	0	0	1	0	0	0	121	22	0	0	0	0	9	0	0	0	85	0	2	0	134	0	11	5	0	2	0	0	61	52	239	1	0	0	39	0	0	2	1
0	0	0	0	15	0	103	0	0	80	98	4	0	5	51	106	0	0	12	0	2	35	0	0	5	0	0	0	5	0	146	0	0	23	0	0	0	0	5	0	2	0	142	1	0	0	0	0	51	0	0	0	80	16	0	0	1	0	2	55	11	13	0	0	72	1	31	4	0	0	1	0	0	15	324
0	1	2	15	0	0	0	0	7	0	1	3	4	1	3	21	40	12	19	0	55	4	0	0	0	3	0	4	1	1	3	72	25	1	0	0	49	0	54	62	7	56	18	82	8	95	0	0	0	0	0	0	4	0	8	7	0	0	32	86	10	20	1	126	41	2	5	119	0	28	21	44	0	9	15
0	0	0	0	0	0	0	0	0	1	0	0	0	0	7	0	0	0	0	0	0	6	0	0	0	0	0	0	12	0	1	0	0	0	0	0	0	0	12	0	0	0	1	0	0	1	0	0	0	0	0	0	0	0	12	0	0	0	0	4	0	0	0	0	1	0	0	1	0	0	0	0	0	4	0
0	0	0	103	0	0	0	0	0	0	119	0	0	1	190	62	0	0	0	0	0	2	0	0	0	0	0	0	1	0	0	0	0	2	0	0	0	0	0	0	0	0	35	0	0	3	0	0	170	0	0	0	6	0	0	0	0	0	0	10	0	0	1	0	0	0	4	0	0	0	22	0	0	0	188
0	0	0	0	0	0	0	0	0	0	0	0	0	0	0	0	0	0	0	0	0	0	0	0	0	0	0	0	0	0	0	0	0	0	0	0	0	0	0	0	0	0	0	0	0	0	0	0	0	0	0	0	0	0	0	0	0	0	0	0	0	0	0	0	0	0	0	0	0	0	0	0	0	0	0
0	0	0	0	7	0	0	0	0	49	0	0	0	0	0	5	0	0	0	0	0	0	0	0	0	1	0	0	0	0	0	0	0	0	0	0	0	0	0	0	0	0	0	0	0	0	0	0	0	0	0	0	0	0	0	0	0	0	0	0	0	0	0	0	9	0	0	4	0	0	0	0	0	7	0
0	0	0	80	0	1	0	0	49	0	0	9	0	0	0	1	0	0	0	0	0	0	0	0	0	7	0	0	0	0	0	1331	46	1	0	0	8	0	2276	756	42	2586	60	1696	0	162	0	0	1	1	0	0	0	0	1	1	0	0	0	603	6	0	0	904	1080	0	8	432	0	18	11	2	486	74	1
0	0	0	98	1	0	119	0	0	0	0	0	0	39	284	741	0	0	73	0	0	0	0	0	65	0	0	0	12	0	0	0	0	32	0	0	0	0	0	0	0	0	370	0	0	0	0	0	206	0	0	0	0	11	0	0	42	0	0	60	9	0	0	0	0	47	217	0	0	0	12	0	0	1	725
0	0	0	4	3	0	0	0	0	9	0	0	0	0	0	1	0	0	0	5	0	0	0	0	1	2	0	0	0	0	0	0	0	0	7	0	0	0	0	0	0	0	0	0	0	0	0	0	0	0	0	0	0	0	0	37	0	0	0	1	482	0	0	0	4	0	3	1	0	17	0	0	0	3	0
0	0	71	0	4	0	0	0	0	0	0	0	0	1	2	3	0	0	4	16	0	0	0	0	1	0	0	13	3	0	0	0	0	4	0	0	0	0	0	0	0	0	2	12	0	0	0	0	0	0	0	0	0	0	0	0	0	0	0	5	0	0	0	0	16	1	1	0	0	0	0	0	0	4	1
0	0	0	5	1	0	1	0	0	0	39	0	1	0	47	100	2	1	3	7	0	0	0	0	0	0	0	0	0	0	0	0	15	0	0	0	30	0	0	29	13	0	8	1	669	96	0	0	0	0	0	0	0	0	9	1	0	0	0	0	1	27	4	1	1	0	0	28	0	4	1	1	0	3	4
0	85	43	51	3	7	190	0	0	0	284	0	2	47	0	203	0	307	1161	0	0	118	0	0	635	0	0	198	455	0	183	1	7	112	0	0	1	0	531	5	258	0	188	3	0	28	0	0	420	0	0	0	169	22	267	6	58	0	98	322	0	0	0	1	0	673	7	5	0	9	109	56	0	6	309
0	0	0	106	21	0	62	0	5	1	741	1	3	100	203	0	186	1	5	176	3	0	0	0	3	3	0	0	0	0	1	0	567	295	2	0	63	0	1	5	40	2	565	2	9	394	0	0	0	0	0	0	0	0	3	421	0	0	16	0	14	16	234	31	3	2	175	130	0	24	626	1	0	61	1
0	0	0	0	40	0	0	0	0	0	0	0	0	2	0	186	0	0	0	39	154	0	0	0	0	1	2	0	0	0	0	0	0	76	0	0	0	0	0	0	0	0	14	1	0	0	0	0	0	0	0	0	0	0	0	0	0	0	0	0	0	0	0	0	209	1	2	1	0	1	0	0	0	40	0
0	8	0	0	12	0	0	0	0	0	0	0	0	1	307	1	0	0	76	4	272	0	0	0	97	1	0	283	84	0	0	0	0	20	0	0	0	0	0	0	0	0	16	58	0	0	0	0	2	0	1	0	0	39	23	0	2	0	0	242	6	0	0	0	2	82	60	10	0	0	0	0	0	12	0
0	54	27	12	19	0	0	0	0	0	73	0	4	3	1161	5	0	76	0	5	43	97	0	0	752	0	0	54	332	0	201	148	6	186	0	0	30	0	719	29	201	0	37	89	0	49	0	0	95	0	0	0	160	32	373	0	1	0	208	412	0	19	1	6	0	1293	3	89	5	8	4	104	0	56	43
0	15	0	0	0	0	0	0	0	0	0	5	16	7	0	176	39	4	5	0	0	0	0	0	0	0	0	1	0	0	6	0	95	37	2	0	2	0	4	0	19	0	36	6	0	26	0	0	0	0	0	0	0	0	3	122	16	0	33	0	0	6	173	1	1	0	1	5	0	3	2	0	0	3	0
0	0	0	2	55	0	0	0	0	0	0	0	0	0	0	3	154	272	43	0	0	8	0	0	1	0	0	249	1	0	428	30	10	296	0	0	22	0	54	0	244	0	90	61	0	0	0	0	0	0	0	0	4	0	12	18	0	0	20	75	0	74	0	0	17	8	115	2	0	7	228	64	0	85	24
0	128	0	35	4	6	2	0	0	0	0	0	0	0	118	0	0	0	97	0	8	0	0	0	134	0	0	6	387	0	0	0	0	26	0	0	0	0	0	0	0	0	0	0	0	0	0	0	156	0	0	0	0	160	4	0	103	0	0	308	0	0	0	0	0	67	46	0	0	0	0	0	0	4	110
0	0	0	0	0	0	0	0	0	0	0	0	0	0	0	0	0	0	0	0	0	0	0	0	0	0	0	0	0	0	0	0	0	0	0	0	0	0	0	0	0	0	0	0	0	0	0	0	0	0	0	0	0	0	0	0	0	0	0	0	0	0	0	0	0	0	0	0	0	0	0	0	0	0	0
0	0	0	0	0	0	0	0	0	0	0	0	0	0	0	0	0	0	0	0	0	0	0	0	0	0	0	0	0	0	0	0	0	0	0	0	0	0	0	0	0	0	0	0	0	0	0	0	0	0	0	0	0	0	0	0	0	0	0	0	0	0	0	0	0	0	0	0	0	0	0	0	0	0	0
0	5	25	5	0	0	0	0	0	0	65	1	1	0	635	3	0	97	752	0	1	134	0	0	0	0	0	67	186	0	195	4	0	164	0	0	0	0	507	5	183	0	25	8	0	1	0	0	67	0	0	0	161	4	562	0	0	0	91	73	1	3	0	0	1	980	6	1	0	0	9	242	0	4	4
0	0	0	0	3	0	0	0	1	7	0	2	0	0	0	3	1	1	0	0	0	0	0	0	0	0	0	1	0	0	0	1	2	2	0	0	4	0	5	0	0	1	19	5	2	0	0	0	0	0	0	0	0	4	2	0	0	0	1	1	0	0	0	0	10	0	0	16	0	0	0	1	0	7	0
0	0	0	0	0	0	0	0	0	0	0	0	0	0	0	0	2	0	0	0	0	0	0	0	0	0	0	0	0	0	0	0	0	0	0	0	0	0	0	0	0	0	0	0	0	6	0	0	0	0	0	0	0	0	0	0	0	0	0	0	0	0	0	4	0	0	10	20	0	0	0	0	0	0	0
0	0	76	0	4	0	0	0	0	0	0	0	13	0	198	0	0	283	54	1	249	6	0	0	67	1	0	0	99	0	180	2	18	285	0	0	0	0	341	2	192	0	20	29	0	0	0	0	37	0	0	0	1	29	144	0	0	0	291	191	2	187	0	0	1	53	22	0	0	0	1	14	0	4	2
0	483	7	5	1	12	1	0	0	0	12	0	3	0	455	0	0	84	332	0	1	387	0	0	186	0	0	99	0	0	121	0	0	4	0	0	0	0	104	13	36	0	7	2	0	0	0	0	64	0	0	0	396	121	144	0	1	0	303	496	1	0	0	0	0	161	2	0	0	0	0	10	0	7	1
0	0	0	0	1	0	0	0	0	0	0	0	0	0	0	0	0	0	0	0	0	0	0	0	0	0	0	0	0	0	0	0	1	0	0	0	2	0	0	0	0	0	0	0	0	5	0	0	0	0	0	0	0	0	0	0	0	0	0	0	0	0	0	1	8	0	0	5	0	0	0	0	1	4	0
0	0	0	146	3	1	0	0	0	0	0	0	0	0	183	1	0	0	201	6	428	0	0	0	195	0	0	180	121	0	0	0	0	36	0	0	0	0	0	0	0	0	9	2	0	0	0	0	14	0	0	0	0	16	1	0	0	0	0	1103	10	0	0	0	1	17	124	0	0	0	0	0	0	3	105
0	0	0	0	72	0	0	0	0	1331	0	0	0	0	1	0	0	0	148	0	30	0	0	0	4	1	0	2	0	0	0	0	0	6	0	0	0	0	0	0	0	0	0	518	0	0	0	0	0	0	0	0	0	1	6	0	0	0	0	807	0	0	0	0	0	75	70	0	0	0	0	0	0	58	0
0	0	0	0	25	0	0	0	0	46	0	0	0	15	7	567	0	0	6	95	10	0	0	0	0	2	0	18	0	1	0	0	0	0	7	0	0	0	0	0	0	0	171	4	0	0	0	0	2	0	0	0	0	0	0	58	0	0	0	5	0	0	0	0	228	2	7	40	0	33	12	0	0	25	7
0	10	26	23	1	0	2	0	0	1	32	0	4	0	112	295	76	20	186	37	296	26	0	0	164	2	0	285	4	0	36	6	0	0	0	0	0	0	20	0	22	0	339	122	0	4	0	0	4	0	0	0	2	12	39	6	2	0	132	210	7	6	0	2	4	192	294	0	0	1	23	36	0	1	648
0	0	0	0	0	0	0	0	0	0	0	7	0	0	0	2	0	0	0	2	0	0	0	0	0	0	0	0	0	0	0	0	7	0	0	0	1	0	0	0	0	0	0	0	0	3	0	0	0	0	0	0	0	0	0	16	0	0	0	0	228	0	6	0	0	0	0	0	0	0	0	0	0	0	0
0	0	0	0	0	0	0	0	0	0	0	0	0	0	0	0	0	0	0	0	0	0	0	0	0	0	0	0	0	0	0	0	0	0	0	0	0	0	0	0	0	0	0	0	0	0	0	0	0	0	0	0	0	0	0	0	0	0	0	0	0	0	0	0	0	0	0	0	0	0	0	0	0	0	0
0	0	0	0	49	0	0	0	0	8	0	0	0	30	1	63	0	0	30	2	22	0	0	0	0	4	0	0	0	2	0	0	0	0	1	0	0	0	0	0	0	0	2	3	0	0	0	0	0	0	0	0	0	1	1	6	0	0	0	3	0	0	0	0	546	3	11	180	0	21	1	0	0	49	0
0	0	0	0	0	0	0	0	0	0	0	0	0	0	0	0	0	0	0	0	0	0	0	0	0	0	0	0	0	0	0	0	0	0	0	0	0	0	0	0	0	0	0	0	0	0	0	0	0	0	0	0	0	0	0	0	0	0	0	0	0	0	0	0	0	0	0	0	0	0	0	0	0	0	0
0	0	1	5	54	12	0	0	0	2276	0	0	0	0	531	1	0	0	719	4	54	0	0	0	507	5	0	341	104	0	0	0	0	20	0	0	0	0	0	0	0	0	7	915	0	0	0	0	6	0	2	0	0	10	66	1	0	0	0	2962	0	0	0	0	3	920	212	0	0	1	4	0	0	28	25
0	0	0	0	62	0	0	0	0	756	0	0	0	29	5	5	0	0	29	0	0	0	0	0	5	0	0	2	13	0	0	0	0	0	0	0	0	0	0	0	0	0	0	300	0	0	0	0	3	0	0	0	0	0	6	0	0	0	0	1682	0	0	0	0	3	38	28	40	0	25	2	0	0	49	0
0	0	0	2	7	0	0	0	0	42	0	0	0	13	258	40	0	0	201	19	244	0	0	0	183	0	0	192	36	0	0	0	0	22	0	0	0	0	0	0	0	0	13	16	0	0	0	0	1	0	0	0	0	15	9	3	0	0	0	1558	0	0	0	0	5	150	136	8	0	11	3	0	0	7	276
0	0	0	0	56	0	0	0	0	2586	0	0	0	0	0	2	0	0	0	0	0	0	0	0	0	1	0	0	0	0	0	0	0	0	0	0	0	0	0	0	0	0	0	1	0	0	0	0	0	0	0	0	0	0	0	0	0	0	0	2	0	0	0	0	75	4	0	4	0	0	0	0	0	49	0
0	15	121	142	18	1	35	0	0	60	370	0	2	8	188	565	14	16	37	36	90	0	0	0	25	19	0	20	7	0	9	0	171	339	0	0	2	0	7	0	13	0	0	74	3	76	0	0	81	0	0	0	0	0	6	23	2	0	2	286	0	3	2	0	45	15	346	80	0	21	352	12	4	20	149
0	0	22	1	82	0	0	0	0	1696	0	0	12	1	3	2	1	58	89	6	61	0	0	0	8	5	0	29	2	0	2	518	4	122	0	0	3	0	915	300	16	1	74	0	21	3	0	0	2	1	0	0	17	0	562	7	1	0	2	4027	0	1	0	218	5	137	203	5	0	0	56	417	0	156	34
0	0	0	0	8	0	0	0	0	0	0	0	0	669	0	9	0	0	0	0	0	0	0	0	0	2	0	0	0	0	0	0	0	0	0	0	0	0	0	0	0	0	3	21	0	0	0	0	0	0	0	0	0	0	0	0	0	0	0	185	0	0	0	0	9	0	0	0	0	0	0	0	0	8	0
0	0	0	0	95	1	3	0	0	162	0	0	0	96	28	394	0	0	49	26	0	0	0	0	1	0	6	0	0	5	0	0	0	4	3	0	0	0	0	0	0	0	76	3	0	0	0	0	0	0	0	0	0	0	0	2	2	0	0	11	6	0	0	0	445	10	2	310	0	60	4	0	3	95	227
0	0	0	0	0	0	0	0	0	0	0	0	0	0	0	0	0	0	0	0	0	0	0	0	0	0	0	0	0	0	0	0	0	0	0	0	0	0	0	0	0	0	0	0	0	0	0	0	0	0	0	0	0	0	0	0	0	0	0	0	0	0	0	0	0	0	0	0	0	0	0	0	0	0	0
0	0	0	0	0	0	0	0	0	0	0	0	0	0	0	0	0	0	0	0	0	0	0	0	0	0	0	0	0	0	0	0	0	0	0	0	0	0	0	0	0	0	0	0	0	0	0	0	0	0	0	0	0	0	0	0	0	0	0	0	0	0	0	0	0	0	0	0	0	0	0	0	0	0	0
0	72	9	51	0	0	170	0	0	1	206	0	0	0	420	0	0	2	95	0	0	156	0	0	67	0	0	37	64	0	14	0	2	4	0	0	0	0	6	3	1	0	81	2	0	0	0	0	0	0	0	0	181	6	2	0	52	0	14	1	0	2	0	0	2	40	37	2	0	2	2	4	0	0	54
0	0	0	0	0	0	0	0	0	1	0	0	0	0	0	0	0	0	0	0	0	0	0	0	0	0	0	0	0	0	0	0	0	0	0	0	0	0	0	0	0	0	0	1	0	0	0	0	0	0	0	0	0	0	0	0	0	0	0	8	0	0	0	0	0	0	0	0	0	1	0	0	0	0	0
0	0	0	0	0	0	0	0	0	0	0	0	0	0	0	0	0	1	0	0	0	0	0	0	0	0	0	0	0	0	0	0	0	0	0	0	0	0	2	0	0	0	0	0	0	0	0	0	0	0	0	0	0	0	1	0	0	0	0	0	0	0	0	0	0	0	0	0	0	0	0	0	0	0	0
0	0	0	0	0	0	0	0	0	0	0	0	0	0	0	0	0	0	0	0	0	0	0	0	0	0	0	0	0	0	0	0	0	0	0	0	0	0	0	0	0	0	0	0	0	0	0	0	0	0	0	0	0	0	0	0	0	0	0	0	1	0	0	0	0	0	0	0	0	0	0	0	0	0	0
0	241	85	80	4	0	6	0	0	0	0	0	0	0	169	0	0	0	160	0	4	0	0	0	161	0	0	1	396	0	0	0	0	2	0	0	0	0	0	0	0	0	0	17	0	0	0	0	181	0	0	0	0	148	5	0	95	0	0	339	1	0	0	0	0	97	164	0	0	1	0	0	0	4	9
0	164	0	16	0	0	0	0	0	0	11	0	0	0	22	0	0	39	32	0	0	160	0	0	4	4	0	29	121	0	16	1	0	12	0	0	1	0	10	0	15	0	0	0	0	0	0	0	6	0	0	0	148	0	4	0	20	0	131	15	0	0	0	0	0	26	0	0	0	0	0	0	0	0	1
0	15	2	0	8	12	0	0	0	1	0	0	0	9	267	3	0	23	373	3	12	4	0	0	562	2	0	144	144	0	1	6	0	39	0	0	1	0	66	6	9	0	6	562	0	0	0	0	2	0	1	0	5	4	0	1	2	0	9	227	0	6	0	1	3	864	99	7	0	4	1	16	0	6	3
0	0	0	0	7	0	0	0	0	1	0	37	0	1	6	421	0	0	0	122	18	0	0	0	0	0	0	0	0	0	0	0	58	6	16	0	6	0	1	0	3	0	23	7	0	2	0	0	0	0	0	0	0	0	1	0	0	0	0	42	1446	0	193	0	18	0	41	13	0	1	0	1	0	7	1
0	838	134	1	0	0	0	0	0	0	42	0	0	0	58	0	0	2	1	16	0	103	0	0	0	0	0	0	1	0	0	0	0	2	0	0	0	0	0	0	0	0	2	1	0	2	0	0	52	0	0	0	95	20	2	0	0	0	128	7	0	0	0	0	0	1	215	0	0	1	1	0	0	0	0
0	0	0	0	0	0	0	0	0	0	0	0	0	0	0	0	0	0	0	0	0	0	0	0	0	0	0	0	0	0	0	0	0	0	0	0	0	0	0	0	0	0	0	0	0	0	0	0	0	0	0	0	0	0	0	0	0	0	0	0	0	0	0	0	0	0	0	0	0	0	0	0	0	0	0
0	233	11	2	32	0	0	0	0	0	0	0	0	0	98	16	0	0	208	33	20	0	0	0	91	1	0	291	303	0	0	0	0	132	0	0	0	0	0	0	0	0	2	2	0	0	0	0	14	0	0	0	0	131	9	0	128	0	0	85	4	0	0	0	0	84	114	34	0	0	0	0	0	32	439
0	3	5	55	86	4	10	0	0	603	60	1	5	0	322	0	0	242	412	0	75	308	0	0	73	1	0	191	496	0	1103	807	5	210	0	0	3	0	2962	1682	1558	2	286	4027	185	11	0	0	1	8	0	0	339	15	227	42	7	0	85	0	8	4	0	1873	6	948	334	4	0	5	410	980	3	215	153
0	3	0	11	10	0	0	0	0	6	9	482	0	1	0	14	0	6	0	0	0	0	0	0	1	0	0	2	1	0	10	0	0	7	228	0	0	0	0	0	0	0	0	0	0	6	0	0	0	0	0	1	1	0	0	1446	0	0	4	8	0	10	1050	0	0	2	0	1	0	3	0	0	0	43	1
0	0	2	13	20	0	0	0	0	0	0	0	0	27	0	16	0	0	19	6	74	0	0	0	3	0	0	187	0	0	0	0	0	6	0	0	0	0	0	0	0	0	3	1	0	0	0	0	2	0	0	0	0	0	6	0	0	0	0	4	10	0	0	0	209	2	0	2	0	10	0	0	0	19	0
0	0	0	0	1	0	1	0	0	0	0	0	0	4	0	234	0	0	1	173	0	0	0	0	0	0	0	0	0	0	0	0	0	0	6	0	0	0	0	0	0	0	2	0	0	0	0	0	0	0	0	0	0	0	0	193	0	0	0	0	1050	0	0	0	39	0	1	5	0	12	0	0	0	1	2
0	0	0	0	126	0	0	0	0	904	0	0	0	1	1	31	0	0	6	1	0	0	0	0	0	0	4	0	0	1	0	0	0	2	0	0	0	0	0	0	0	0	0	218	0	0	0	0	0	0	0	0	0	0	1	0	0	0	0	1873	0	0	0	0	47	1	5	113	0	35	1	0	0	109	0
0	0	61	72	41	1	0	0	9	1080	0	4	16	1	0	3	209	2	0	1	17	0	0	0	1	10	0	1	0	8	1	0	228	4	0	0	546	0	3	3	5	75	45	5	9	445	0	0	2	0	0	0	0	0	3	18	0	0	0	6	0	209	39	47	0	2	0	1281	0	70	9	1	0	128	0
0	7	52	1	2	0	0	0	0	0	47	0	1	0	673	2	1	82	1293	0	8	67	0	0	980	0	0	53	161	0	17	75	2	192	0	0	3	0	920	38	150	4	15	137	0	10	0	0	40	0	0	0	97	26	864	0	1	0	84	948	2	2	0	1	2	0	24	4	0	0	10	281	0	10	5
0	104	239	31	5	0	4	0	0	8	217	3	1	0	7	175	2	60	3	1	115	46	0	0	6	0	10	22	2	0	124	70	7	294	0	0	11	0	212	28	136	0	346	203	0	2	0	0	37	0	0	0	164	0	99	41	215	0	114	334	0	0	1	5	0	24	0	2	0	1	319	224	0	21	0
0	0	1	4	119	1	0	0	4	432	0	1	0	28	5	130	1	10	89	5	2	0	0	0	1	16	20	0	0	5	0	0	40	0	0	0	180	0	0	40	8	4	80	5	0	310	0	0	2	0	0	0	0	0	7	13	0	0	34	4	1	2	5	113	1281	4	2	0	0	72	27	0	63	153	4
0	0	0	0	0	0	0	0	0	0	0	0	0	0	0	0	0	0	5	0	0	0	0	0	0	0	0	0	0	0	0	0	0	0	0	0	0	0	0	0	0	0	0	0	0	0	0	0	0	0	0	0	0	0	0	0	0	0	0	0	0	0	0	0	0	0	0	0	0	0	0	0	0	0	0
0	0	0	0	28	0	0	0	0	18	0	17	0	4	9	24	1	0	8	3	7	0	0	0	0	0	0	0	0	0	0	0	33	1	0	0	21	0	1	25	11	0	21	0	0	60	0	0	2	1	0	0	1	0	4	1	1	0	0	5	3	10	12	35	70	0	1	72	0	0	2	1	11	81	0
0	0	39	1	21	0	22	0	0	11	12	0	0	1	109	626	0	0	4	2	228	0	0	0	9	0	0	1	0	0	0	0	12	23	0	0	1	0	4	2	3	0	352	56	0	4	0	0	2	0	0	0	0	0	1	0	1	0	0	410	0	0	0	1	9	10	319	27	0	2	0	4	1	20	15
0	0	0	0	44	0	0	0	0	2	0	0	0	1	56	1	0	0	104	0	64	0	0	0	242	1	0	14	10	0	0	0	0	36	0	0	0	0	0	0	0	0	12	417	0	0	0	0	4	0	0	0	0	0	16	1	0	0	0	980	0	0	0	0	1	281	224	0	0	1	4	0	0	37	24
0	0	0	0	0	0	0	0	0	486	0	0	0	0	0	0	0	0	0	0	0	0	0	0	0	0	0	0	0	1	0	0	0	0	0	0	0	0	0	0	0	0	4	0	0	3	0	0	0	0	0	0	0	0	0	0	0	0	0	3	0	0	0	0	0	0	0	63	0	11	1	0	0	3	0
0	1	2	15	9	4	0	0	7	74	1	3	4	3	6	61	40	12	56	3	85	4	0	0	4	7	0	4	7	4	3	58	25	1	0	0	49	0	28	49	7	49	20	156	8	95	0	0	0	0	0	0	4	0	6	7	0	0	32	215	43	19	1	109	128	10	21	153	0	81	20	37	3	0	36
0	4	1	324	15	0	188	0	0	1	725	0	1	4	309	1	0	0	43	0	24	110	0	0	4	0	0	2	1	0	105	0	7	648	0	0	0	0	25	0	276	0	149	34	0	227	0	0	54	0	0	0	9	1	3	1	0	0	439	153	1	0	2	0	0	5	0	4	0	0	15	24	0	36	0
