0	0	0	0	0	0	0	0	0	0	0	0	0	0	8	0	0	0	0	0	0	0	0	0	0	0	0	0	0	0	0	0	0	0	0	0	0	0	0	0	0	0	0	0	0	0	0	0	0	0	0	0	0	0	0	0	0	0	0	0	0	0	0	0	0	0	0	0	0	0	0	0	0	0
0	0	3	0	373	0	0	0	0	0	70	0	0	2	0	48	24	0	2	0	1	0	1	0	0	1	5	0	1	0	0	0	40	142	2	0	0	0	7	280	2	13	81	0	0	0	0	0	0	0	0	0	0	0	27	4	29	11	2	0	0	0	0	33	0	0	0	0	35	0	2	118	120	2
0	3	0	0	22	0	0	0	0	175	9	0	0	8	48	0	0	8	0	3	13	0	0	0	0	6	22	0	4	53	13	0	0	0	2	11	0	0	0	2	38	35	0	78	0	0	23	75	0	0	0	2	3	0	0	2	81	6	5	0	0	22	0	15	0	0	1	0	0	0	1	12	3	0
0	0	0	0	0	0	0	0	0	0	0	0	0	0	0	0	0	0	0	0	0	0	0	0	0	0	0	0	0	0	0	0	0	0	0	1	0	0	0	0	0	0	0	0	0	0	0	0	0	0	0	0	0	0	0	0	0	0	0	0	0	0	0	0	0	0	0	0	0	0	1	0	0	0
0	373	22	0	0	0	0	0	0	0	125	0	0	2	49	29	0	0	0	1	1	0	2	0	0	0	3	0	0	0	3	0	0	89	0	1	0	0	0	88	3	118	3	1	0	0	2	2	0	0	0	0	0	0	0	0	4	5	0	0	0	203	0	106	0	0	0	0	1	0	1	82	173	0
0	0	0	0	0	0	0	0	0	0	0	0	0	0	0	0	0	0	0	0	0	0	0	0	0	0	0	0	0	0	0	0	0	0	0	0	0	0	0	0	0	0	0	0	0	0	0	0	0	0	0	0	0	0	0	0	0	0	0	0	0	0	0	0	0	0	0	0	0	0	0	0	0	0
0	0	0	0	0	0	0	0	0	0	1	0	0	0	0	0	0	0	0	0	0	0	0	0	0	6	0	0	0	127	0	0	0	0	0	7	0	0	0	0	0	0	0	4	0	0	0	0	0	0	0	0	0	0	0	0	0	1	0	0	0	1	0	0	0	0	0	0	0	0	0	0	1	0
0	0	0	0	0	0	0	0	0	0	0	0	0	0	0	0	0	0	0	0	0	0	0	0	0	0	0	0	0	0	0	0	0	0	0	0	0	0	0	0	0	0	0	0	0	0	0	0	0	0	0	0	0	0	0	0	0	0	0	0	0	0	0	0	0	0	0	0	0	0	0	0	0	0
0	0	0	0	0	0	0	0	0	0	0	0	0	0	0	0	0	0	0	0	0	0	0	0	0	0	0	0	0	0	0	0	0	0	0	0	0	0	0	0	0	0	0	0	0	0	0	0	0	2	0	0	0	0	0	0	0	0	0	0	0	0	0	0	0	0	0	0	0	0	0	0	0	0
0	0	175	0	0	0	0	0	0	0	0	0	0	0	0	1	13	19	43	0	0	0	1	0	0	17	0	0	0	0	131	0	2	0	0	24	0	0	0	0	30	52	6	119	0	0	0	101	0	0	0	0	0	0	0	0	79	1	0	0	0	18	0	0	0	0	0	4	0	0	17	13	2	0
0	70	9	0	125	0	1	0	0	0	0	0	0	0	3	13	0	1	0	0	0	0	0	0	0	0	0	0	0	0	0	0	0	4	0	1	0	0	0	1	2	49	2	5	0	0	5	3	0	0	0	0	0	0	1	0	0	6	1	0	0	131	0	19	0	0	0	0	0	0	1	7	77	0
0	0	0	0	0	0	0	0	0	0	0	0	0	0	0	0	0	0	0	0	0	0	0	0	0	0	0	0	0	0	0	0	0	0	0	0	0	0	0	0	0	0	0	0	0	0	0	0	0	0	0	0	0	0	0	0	0	0	0	0	0	0	0	0	0	0	0	0	0	0	0	0	0	0
0	0	0	0	0	0	0	0	0	0	0	0	0	0	0	0	0	0	0	0	0	0	0	0	0	0	0	0	0	0	0	0	0	0	0	0	0	0	0	0	0	0	0	0	0	0	0	0	0	0	0	0	0	0	0	0	0	0	0	0	0	0	0	0	0	0	0	0	0	0	0	0	0	0
0	2	8	0	2	0	0	0	0	0	0	0	0	0	3	0	0	0	0	0	10	0	0	0	0	0	0	0	0	0	0	0	0	0	0	0	0	0	0	2	0	9	0	0	0	0	3	0	0	0	0	0	0	0	1	0	18	3	2	0	0	0	0	2	0	0	1	0	0	0	1	3	0	4
8	0	48	0	49	0	0	0	0	0	3	0	0	3	0	11	1	0	0	0	2	0	0	0	0	0	2	0	0	0	0	0	0	1	0	0	0	0	0	0	9	21	0	12	0	0	3	0	0	0	0	0	0	0	0	0	8	7	1	0	0	12	0	1	0	0	1	13	15	0	31	13	4	0
0	48	0	0	29	0	0	0	0	1	13	0	0	0	11	0	11	0	0	0	2	0	0	0	0	8	1	0	3	0	0	0	0	0	0	0	0	0	9	0	0	0	1	0	0	0	0	0	0	0	0	8	3	0	0	0	0	6	0	0	0	30	0	0	0	0	0	0	0	0	0	0	13	0
0	24	0	0	0	0	0	0	0	13	0	0	0	0	1	11	0	0	0	0	149	2	0	3	0	97	8	0	20	0	1	0	80	22	7	0	0	0	146	124	10	0	0	0	12	0	0	0	0	0	0	140	280	0	56	1	2	2	1	0	0	0	0	1	0	0	23	58	2	0	0	9	0	0
0	0	8	0	0	0	0	0	0	19	1	0	0	0	0	0	0	0	0	0	0	0	28	0	0	26	0	0	0	0	37	0	4	0	0	1	0	0	0	0	8	1	0	6	0	0	19	20	0	86	0	0	0	0	0	0	0	5	0	0	0	50	0	0	0	0	0	3	0	0	55	18	16	1
0	2	0	0	0	0	0	0	0	43	0	0	0	0	0	0	0	0	0	0	0	0	0	2	8	0	0	0	3	0	19	0	0	0	0	0	0	0	0	0	0	0	3	0	0	0	0	0	0	0	0	0	0	0	1	18	41	53	2	0	0	0	0	0	0	0	0	0	0	0	0	0	1	1
0	0	3	0	1	0	0	0	0	0	0	0	0	0	0	0	0	0	0	0	12	0	0	1	0	0	0	0	47	0	9	0	114	9	20	0	0	0	59	158	0	0	2	0	0	0	0	11	0	0	0	20	50	0	8	2	0	8	1	0	0	2	0	1	0	0	1	1	4	0	4	2	0	5
0	1	13	0	1	0	0	0	0	0	0	0	0	10	2	2	149	0	0	12	0	0	0	0	0	83	0	0	25	0	0	0	85	39	8	0	0	0	107	80	11	11	0	0	6	0	1	0	0	0	0	38	143	0	12	1	14	2	1	0	0	0	0	1	0	0	1	54	0	0	1	3	2	1
0	0	0	0	0	0	0	0	0	0	0	0	0	0	0	0	2	0	0	0	0	0	0	133	80	1	0	0	78	0	46	0	1	1	5	0	0	0	3	0	0	0	0	0	1	0	0	0	0	0	0	3	31	0	48	1	0	26	0	0	0	0	0	0	0	0	1	6	0	0	0	0	0	0
0	1	0	0	2	0	0	0	0	1	0	0	0	0	0	0	0	28	0	0	0	0	0	4	2	2	0	0	0	0	13	0	0	0	0	0	0	0	0	0	0	0	0	0	0	0	0	0	0	0	0	0	0	0	2	2	0	0	0	0	0	0	0	0	0	0	0	0	0	0	0	0	0	0
0	0	0	0	0	0	0	0	0	0	0	0	0	0	0	0	3	0	2	1	0	133	4	0	216	3	0	0	7	0	48	0	2	0	8	0	0	0	4	2	4	0	0	0	0	0	0	0	0	0	0	0	0	0	82	199	2	2	0	0	0	0	0	0	0	0	0	50	0	0	0	0	0	0
0	0	0	0	0	0	0	0	0	0	0	0	0	0	0	0	0	0	8	0	0	80	2	216	0	0	0	0	4	0	30	0	0	0	2	0	0	0	0	0	0	0	0	0	0	0	0	0	0	0	0	0	0	0	94	146	0	1	0	0	0	0	0	0	0	0	0	19	0	0	0	0	0	0
0	1	6	0	0	0	6	0	0	17	0	0	0	0	0	8	97	26	0	0	83	1	2	3	0	0	0	0	6	0	4	0	104	15	3	1	0	0	117	82	12	2	2	11	7	0	0	6	0	0	0	118	119	0	25	14	2	1	0	0	0	16	0	0	0	0	15	48	0	0	27	10	12	1
0	5	22	0	3	0	0	0	0	0	0	0	0	0	2	1	8	0	0	0	0	0	0	0	0	0	0	0	0	43	0	0	0	0	0	1	0	0	0	8	6	5	0	1	0	0	11	0	0	0	0	0	0	0	20	0	9	5	0	0	0	0	0	2	0	0	0	0	0	0	0	25	1	1
0	0	0	0	0	0	0	0	0	0	0	0	0	0	0	0	0	0	0	0	0	0	0	0	0	0	0	0	0	0	0	0	0	0	0	0	0	0	0	0	0	0	0	0	0	0	0	0	0	0	0	0	0	0	0	0	0	0	0	0	0	0	0	0	0	0	0	0	0	0	0	0	0	0
0	1	4	0	0	0	0	0	0	0	0	0	0	0	0	3	20	0	3	47	25	78	0	7	4	6	0	0	0	0	1	0	33	10	128	0	0	0	58	110	6	4	74	1	1	0	0	0	0	0	0	131	291	0	20	1	2	176	26	0	0	0	0	0	0	0	132	101	18	0	11	7	0	3
0	0	53	0	0	0	127	0	0	0	0	0	0	0	0	0	0	0	0	0	0	0	0	0	0	0	43	0	0	0	0	0	0	0	0	118	0	0	0	0	84	0	0	1	0	0	0	34	0	0	0	0	0	0	0	0	2	2	0	0	0	0	0	0	0	0	0	0	0	0	0	3	2	0
0	0	13	0	3	0	0	0	0	131	0	0	0	0	0	0	1	37	19	9	0	46	13	48	30	4	0	0	1	0	0	0	4	26	2	0	0	0	4	0	0	4	0	131	0	0	24	29	0	0	0	2	2	0	41	0	74	15	1	0	0	22	0	1	0	0	40	5	1	0	6	9	5	46
0	0	0	0	0	0	0	0	0	0	0	0	0	0	0	0	0	0	0	0	0	0	0	0	0	0	0	0	0	0	0	0	0	0	0	0	0	0	0	0	0	0	0	0	0	0	0	0	0	0	0	0	0	0	0	0	0	0	0	0	0	0	0	0	0	0	0	0	0	0	0	0	0	0
0	40	0	0	0	0	0	0	0	2	0	0	0	0	0	0	80	4	0	114	85	1	0	2	0	104	0	0	33	0	4	0	0	2	7	0	0	0	75	38	7	0	1	0	7	0	0	0	0	0	0	7	92	0	3	0	0	1	0	0	0	0	0	0	0	0	0	3	4	0	0	5	0	0
0	142	0	0	89	0	0	0	0	0	4	0	0	0	1	0	22	0	0	9	39	1	0	0	0	15	0	0	10	0	26	0	2	0	3	0	0	0	14	3	0	0	0	0	7	0	0	0	0	0	0	3	45	0	15	0	3	58	0	0	0	0	0	0	0	0	0	0	0	0	0	0	40	0
0	2	2	0	0	0	0	0	0	0	0	0	0	0	0	0	7	0	0	20	8	5	0	8	2	3	0	0	128	0	2	0	7	3	0	0	0	0	9	5	0	0	8	0	4	0	0	0	0	0	0	11	94	0	2	16	1	83	12	0	0	0	0	0	0	0	2	3	1	0	0	0	0	0
0	0	11	1	1	0	7	0	0	24	1	0	0	0	0	0	0	1	0	0	0	0	0	0	0	1	1	0	0	118	0	0	0	0	0	0	0	0	0	0	0	3	0	9	0	0	0	1	0	0	0	0	0	0	0	0	0	0	1	0	0	1	0	0	0	0	0	0	0	0	0	1	4	0
0	0	0	0	0	0	0	0	0	0	0	0	0	0	0	0	0	0	0	0	0	0	0	0	0	0	0	0	0	0	0	0	0	0	0	0	0	0	0	0	0	0	0	0	0	0	0	0	0	0	0	0	0	0	0	0	0	0	0	0	0	0	0	0	0	0	0	0	0	0	0	0	0	0
0	0	0	0	0	0	0	0	0	0	0	0	0	0	0	0	0	0	0	0	0	0	0	0	0	0	0	0	0	0	0	0	0	0	0	0	0	0	0	0	0	0	0	0	0	0	0	0	0	0	0	0	0	0	0	0	0	0	0	0	0	0	0	0	0	0	0	0	0	0	0	0	0	0
0	7	0	0	0	0	0	0	0	0	0	0	0	0	0	9	146	0	0	59	107	3	0	4	0	117	0	0	58	0	4	0	75	14	9	0	0	0	0	70	18	0	1	0	6	0	0	0	0	0	0	67	233	0	28	2	3	15	0	0	0	0	0	1	0	0	0	29	1	0	1	3	0	1
0	280	2	0	88	0	0	0	0	0	1	0	0	2	0	0	124	0	0	158	80	0	0	2	0	82	8	0	110	0	0	0	38	3	5	0	0	0	70	0	0	0	6	0	5	0	0	0	0	0	0	12	192	0	19	2	4	8	0	0	0	0	0	0	0	0	0	0	2	0	0	2	2	0
0	2	38	0	3	0	0	0	0	30	2	0	0	0	9	0	10	8	0	0	11	0	0	4	0	12	6	0	6	84	0	0	7	0	0	0	0	0	18	0	0	0	0	0	2	0	0	0	0	0	0	14	15	0	0	0	1	25	0	0	0	15	0	0	0	0	0	0	0	0	0	0	4	0
0	13	35	0	118	0	0	0	0	52	49	0	0	9	21	0	0	1	0	0	11	0	0	0	0	2	5	0	4	0	4	0	0	0	0	3	0	0	0	0	0	0	4	2	0	0	0	0	0	0	0	0	0	0	0	0	11	103	20	0	0	92	0	0	0	0	1	0	0	0	1	0	47	0
0	81	0	0	3	0	0	0	0	6	2	0	0	0	0	1	0	0	3	2	0	0	0	0	0	2	0	0	74	0	0	0	1	0	8	0	0	0	1	6	0	4	0	0	0	0	2	0	0	0	0	0	1	0	0	0	14	137	11	0	0	2	0	0	0	0	4	3	0	0	0	0	1	0
0	0	78	0	1	0	4	0	0	119	5	0	0	0	12	0	0	6	0	0	0	0	0	0	0	11	1	0	1	1	131	0	0	0	0	9	0	0	0	0	0	2	0	0	0	0	0	2	0	0	0	0	0	0	1	0	2	62	0	0	0	21	0	0	0	0	0	0	0	0	0	1	7	0
0	0	0	0	0	0	0	0	0	0	0	0	0	0	0	0	12	0	0	0	6	1	0	0	0	7	0	0	1	0	0	0	7	7	4	0	0	0	6	5	2	0	0	0	0	0	0	0	0	0	0	7	13	0	6	0	0	0	0	0	0	0	0	0	0	0	0	4	2	0	0	0	0	0
0	0	0	0	0	0	0	0	0	0	0	0	0	0	0	0	0	0	0	0	0	0	0	0	0	0	0	0	0	0	0	0	0	0	0	0	0	0	0	0	0	0	0	0	0	0	0	0	0	0	0	0	0	0	0	0	0	0	0	0	0	0	0	0	0	0	0	0	0	0	0	0	0	0
0	0	23	0	2	0	0	0	0	0	5	0	0	3	3	0	0	19	0	0	1	0	0	0	0	0	11	0	0	0	24	0	0	0	0	0	0	0	0	0	0	0	2	0	0	0	0	0	0	0	0	0	0	0	0	0	0	3	12	0	0	0	0	0	0	0	0	0	0	0	0	0	0	0
0	0	75	0	2	0	0	0	0	101	3	0	0	0	0	0	0	20	0	11	0	0	0	0	0	6	0	0	0	34	29	0	0	0	0	1	0	0	0	0	0	0	0	2	0	0	0	0	0	0	0	0	0	0	0	1	43	9	0	0	0	14	0	0	0	0	0	1	0	0	0	0	13	0
0	0	0	0	0	0	0	0	0	0	0	0	0	0	0	0	0	0	0	0	0	0	0	0	0	0	0	0	0	0	0	0	0	0	0	0	0	0	0	0	0	0	0	0	0	0	0	0	0	0	0	0	0	0	0	0	0	0	0	0	0	0	0	0	0	0	0	0	0	0	0	0	0	0
0	0	0	0	0	0	0	0	2	0	0	0	0	0	0	0	0	86	0	0	0	0	0	0	0	0	0	0	0	0	0	0	0	0	0	0	0	0	0	0	0	0	0	0	0	0	0	0	0	0	0	0	0	0	0	0	0	0	0	0	0	0	0	0	0	0	0	0	0	0	0	0	0	0
0	0	0	0	0	0	0	0	0	0	0	0	0	0	0	0	0	0	0	0	0	0	0	0	0	0	0	0	0	0	0	0	0	0	0	0	0	0	0	0	0	0	0	0	0	0	0	0	0	0	0	0	0	0	0	0	0	0	0	0	0	0	0	0	0	0	0	0	0	0	0	0	0	0
0	0	2	0	0	0	0	0	0	0	0	0	0	0	0	8	140	0	0	20	38	3	0	0	0	118	0	0	131	0	2	0	7	3	11	0	0	0	67	12	14	0	0	0	7	0	0	0	0	0	0	0	285	0	29	1	0	11	0	0	0	0	0	0	0	0	6	6	0	0	0	1	0	1
0	0	3	0	0	0	0	0	0	0	0	0	0	0	0	3	280	0	0	50	143	31	0	0	0	119	0	0	291	0	2	0	92	45	94	0	0	0	233	192	15	0	1	0	13	0	0	0	0	0	0	285	0	0	97	2	2	19	0	0	0	0	0	1	0	0	85	85	10	0	4	10	1	5
0	0	0	0	0	0	0	0	0	0	0	0	0	0	0	0	0	0	0	0	0	0	0	0	0	0	0	0	0	0	0	0	0	0	0	0	0	0	0	0	0	0	0	0	0	0	0	0	0	0	0	0	0	0	0	0	0	0	0	0	0	0	0	0	0	0	0	0	0	0	0	0	0	0
0	27	0	0	0	0	0	0	0	0	1	0	0	1	0	0	56	0	1	8	12	48	2	82	94	25	20	0	20	0	41	0	3	15	2	0	0	0	28	19	0	0	0	1	6	0	0	0	0	0	0	29	97	0	0	75	3	27	0	0	0	0	0	1	0	0	21	39	0	0	1	3	1	0
0	4	2	0	0	0	0	0	0	0	0	0	0	0	0	0	1	0	18	2	1	1	2	199	146	14	0	0	1	0	0	0	0	0	16	0	0	0	2	2	0	0	0	0	0	0	0	1	0	0	0	1	2	0	75	0	35	0	5	0	0	0	0	0	0	0	0	2	0	0	0	1	1	0
0	29	81	0	4	0	0	0	0	79	0	0	0	18	8	0	2	0	41	0	14	0	0	2	0	2	9	0	2	2	74	0	0	3	1	0	0	0	3	4	1	11	14	2	0	0	0	43	0	0	0	0	2	0	3	35	0	31	8	0	0	1	0	1	0	0	3	0	1	0	1	4	5	14
0	11	6	0	5	0	1	0	0	1	6	0	0	3	7	6	2	5	53	8	2	26	0	2	1	1	5	0	176	2	15	0	1	58	83	0	0	0	15	8	25	103	137	62	0	0	3	9	0	0	0	11	19	0	27	0	31	0	106	0	0	48	0	2	0	0	104	11	41	0	3	20	8	91
0	2	5	0	0	0	0	0	0	0	1	0	0	2	1	0	1	0	2	1	1	0	0	0	0	0	0	0	26	0	1	0	0	0	12	1	0	0	0	0	0	20	11	0	0	0	12	0	0	0	0	0	0	0	0	5	8	106	0	0	0	2	0	4	0	0	22	0	4	0	4	6	0	0
0	0	0	0	0	0	0	0	0	0	0	0	0	0	0	0	0	0	0	0	0	0	0	0	0	0	0	0	0	0	0	0	0	0	0	0	0	0	0	0	0	0	0	0	0	0	0	0	0	0	0	0	0	0	0	0	0	0	0	0	0	0	0	0	0	0	0	0	0	0	0	0	0	0
0	0	0	0	0	0	0	0	0	0	0	0	0	0	0	0	0	0	0	0	0	0	0	0	0	0	0	0	0	0	0	0	0	0	0	0	0	0	0	0	0	0	0	0	0	0	0	0	0	0	0	0	0	0	0	0	0	0	0	0	0	0	0	0	0	0	0	0	0	0	0	0	0	0
0	0	22	0	203	0	1	0	0	18	131	0	0	0	12	30	0	50	0	2	0	0	0	0	0	16	0	0	0	0	22	0	0	0	0	1	0	0	0	0	15	92	2	21	0	0	0	14	0	0	0	0	0	0	0	0	1	48	2	0	0	0	0	3	0	0	0	0	0	0	39	25	72	9
0	0	0	0	0	0	0	0	0	0	0	0	0	0	0	0	0	0	0	0	0	0	0	0	0	0	0	0	0	0	0	0	0	0	0	0	0	0	0	0	0	0	0	0	0	0	0	0	0	0	0	0	0	0	0	0	0	0	0	0	0	0	0	0	0	0	0	0	0	0	0	0	0	0
0	33	15	0	106	0	0	0	0	0	19	0	0	2	1	0	1	0	0	1	1	0	0	0	0	0	2	0	0	0	1	0	0	0	0	0	0	0	1	0	0	0	0	0	0	0	0	0	0	0	0	0	1	0	1	0	1	2	4	0	0	3	0	0	0	0	0	0	0	0	0	0	24	0
0	0	0	0	0	0	0	0	0	0	0	0	0	0	0	0	0	0	0	0	0	0	0	0	0	0	0	0	0	0	0	0	0	0	0	0	0	0	0	0	0	0	0	0	0	0	0	0	0	0	0	0	0	0	0	0	0	0	0	0	0	0	0	0	0	0	0	0	0	0	0	0	0	0
0	0	0	0	0	0	0	0	0	0	0	0	0	0	0	0	0	0	0	0	0	0	0	0	0	0	0	0	0	0	0	0	0	0	0	0	0	0	0	0	0	0	0	0	0	0	0	0	0	0	0	0	0	0	0	0	0	0	0	0	0	0	0	0	0	0	0	0	0	0	0	0	0	0
0	0	1	0	0	0	0	0	0	0	0	0	0	1	1	0	23	0	0	1	1	1	0	0	0	15	0	0	132	0	40	0	0	0	2	0	0	0	0	0	0	1	4	0	0	0	0	0	0	0	0	6	85	0	21	0	3	104	22	0	0	0	0	0	0	0	0	0	0	0	0	0	1	0
0	0	0	0	0	0	0	0	0	4	0	0	0	0	13	0	58	3	0	1	54	6	0	50	19	48	0	0	101	0	5	0	3	0	3	0	0	0	29	0	0	0	3	0	4	0	0	1	0	0	0	6	85	0	39	2	0	11	0	0	0	0	0	0	0	0	0	0	0	0	1	1	0	0
0	35	0	0	1	0	0	0	0	0	0	0	0	0	15	0	2	0	0	4	0	0	0	0	0	0	0	0	18	0	1	0	4	0	1	0	0	0	1	2	0	0	0	0	2	0	0	0	0	0	0	0	10	0	0	0	1	41	4	0	0	0	0	0	0	0	0	0	0	0	0	0	3	0
0	0	0	0	0	0	0	0	0	0	0	0	0	0	0	0	0	0	0	0	0	0	0	0	0	0	0	0	0	0	0	0	0	0	0	0	0	0	0	0	0	0	0	0	0	0	0	0	0	0	0	0	0	0	0	0	0	0	0	0	0	0	0	0	0	0	0	0	0	0	0	0	0	0
0	2	1	1	1	0	0	0	0	17	1	0	0	1	31	0	0	55	0	4	1	0	0	0	0	27	0	0	11	0	6	0	0	0	0	0	0	0	1	0	0	1	0	0	0	0	0	0	0	0	0	0	4	0	1	0	1	3	4	0	0	39	0	0	0	0	0	1	0	0	0	0	9	0
0	118	12	0	82	0	0	0	0	13	7	0	0	3	13	0	9	18	0	2	3	0	0	0	0	10	25	0	7	3	9	0	5	0	0	1	0	0	3	2	0	0	0	1	0	0	0	0	0	0	0	1	10	0	3	1	4	20	6	0	0	25	0	0	0	0	0	1	0	0	0	0	69	0
0	120	3	0	173	0	1	0	0	2	77	0	0	0	4	13	0	16	1	0	2	0	0	0	0	12	1	0	0	2	5	0	0	40	0	4	0	0	0	2	4	47	1	7	0	0	0	13	0	0	0	0	1	0	1	1	5	8	0	0	0	72	0	24	0	0	1	0	3	0	9	69	0	0
0	2	0	0	0	0	0	0	0	0	0	0	0	4	0	0	0	1	1	5	1	0	0	0	0	1	1	0	3	0	46	0	0	0	0	0	0	0	1	0	0	0	0	0	0	0	0	0	0	0	0	1	5	0	0	0	14	91	0	0	0	9	0	0	0	0	0	0	0	0	0	0	0	0
