0	0	0	0	0	0	0	0	0	0	0	0	0	0	0	0	0	0	0	0	0	0	0	0	0	0	0	0	0	0	0	0	0	0	0	0	0	0	0	0	0	0	0	0	0	0	0	0	0	0	0	0	0	0	0	0	0	0	0	0	0	0	0	0	0	0	0	0	0	0	0	0	0	0
0	0	0	0	1	0	4	54	0	0	0	0	69	0	3	1	22	0	11	0	37	3	0	1	0	11	0	0	82	0	0	0	54	6	72	0	0	0	0	71	19	1	0	0	10	0	0	0	0	0	0	99	0	0	3	0	0	0	9	0	0	3	0	0	0	0	0	1	0	0	18	0	0	0
0	0	0	0	29	0	2	0	0	120	6	0	3	133	164	37	0	4	0	12	1	0	0	0	0	0	120	0	0	0	21	0	10	0	0	68	0	0	0	0	106	92	0	60	1	0	9	95	0	0	0	0	0	0	0	0	130	1	3	0	64	97	0	0	0	51	0	0	0	5	1	0	2	0
0	0	0	0	0	0	0	0	0	2	0	0	0	0	0	0	0	0	0	0	0	0	0	0	0	0	0	0	0	0	0	0	0	0	0	0	0	0	0	0	0	0	0	0	0	0	0	0	0	0	0	0	0	0	0	0	0	0	0	0	0	0	0	0	0	0	0	0	0	0	0	0	0	0
0	1	29	0	0	0	0	0	0	0	140	0	2	19	0	117	0	12	0	1	0	0	0	0	0	0	0	0	0	0	4	0	9	105	0	0	0	0	0	120	27	51	0	0	0	0	1	0	0	0	0	0	0	0	0	0	2	1	0	0	7	273	0	0	0	0	0	0	0	0	2	10	264	0
0	0	0	0	0	0	0	0	0	0	0	0	0	0	0	0	0	0	0	0	0	0	0	0	0	0	0	0	0	0	0	0	0	0	0	0	0	0	0	0	0	0	0	0	0	0	0	0	0	0	0	0	0	0	0	0	0	0	0	0	0	0	0	0	0	0	0	0	0	0	0	0	0	0
0	4	2	0	0	0	0	0	0	0	0	0	0	0	1	0	6	6	0	0	0	0	0	0	0	0	0	0	1	0	1	0	4	0	0	0	0	0	0	0	0	20	0	0	2	0	0	0	0	0	0	0	0	0	0	0	0	0	0	0	0	1	0	0	0	0	0	0	0	0	0	0	0	0
0	54	0	0	0	0	0	0	0	0	1	0	138	0	1	0	95	0	0	1	8	0	0	0	0	30	0	0	11	0	0	0	6	0	0	0	0	0	0	3	0	0	0	0	2	0	0	0	0	0	0	1	0	0	0	0	0	0	8	0	0	0	0	0	0	0	0	0	0	0	162	0	0	0
0	0	0	0	0	0	0	0	0	0	0	0	0	0	0	0	0	0	0	0	0	0	0	0	0	0	0	0	0	0	0	0	0	0	0	0	0	0	0	0	0	0	0	0	0	0	0	0	0	1	0	0	0	0	0	0	0	0	0	0	0	0	0	0	0	0	0	0	0	0	0	0	0	0
0	0	120	2	0	0	0	0	0	0	0	0	0	0	147	0	0	14	8	29	0	0	0	0	0	0	0	0	0	0	9	0	0	0	0	82	0	0	0	0	45	132	0	123	1	0	0	126	0	0	17	0	0	0	0	0	171	0	0	0	3	12	0	0	0	86	0	0	0	28	0	0	0	0
0	0	6	0	140	0	0	1	0	0	0	0	12	102	1	71	0	0	0	21	0	0	0	0	0	0	0	0	2	0	0	0	1	1	2	1	0	0	0	2	4	109	0	1	0	0	0	0	0	0	0	32	0	0	0	0	12	32	0	0	2	130	0	0	0	12	1	1	0	0	17	2	142	0
0	0	0	0	0	0	0	0	0	0	0	0	0	0	0	0	0	0	0	0	0	0	0	0	0	0	0	0	0	0	0	0	0	0	0	0	0	0	0	0	0	0	0	0	0	0	0	0	0	0	0	0	0	0	0	0	0	0	0	0	0	0	0	0	0	0	0	0	0	0	0	0	0	0
0	69	3	0	2	0	0	138	0	0	12	0	0	0	4	45	31	4	29	1	22	0	0	1	0	2	0	0	6	0	2	0	67	100	6	0	0	0	0	183	4	0	0	0	1	0	0	1	0	0	0	6	2	0	1	0	10	0	29	0	1	17	0	0	0	0	0	21	0	0	27	2	2	0
0	0	133	0	19	0	0	0	0	0	102	0	0	0	27	13	0	1	0	0	0	0	0	0	0	0	0	0	0	0	13	0	0	0	0	5	0	0	0	0	14	41	0	0	0	0	10	30	0	0	0	0	0	0	0	18	0	0	0	0	64	234	0	0	0	2	0	0	0	0	0	7	2	0
0	3	164	0	0	0	1	1	0	147	1	0	4	27	0	2	1	25	9	0	2	0	0	0	0	1	0	0	1	0	3	0	2	0	1	111	0	0	0	1	32	186	0	124	0	0	1	107	0	0	0	3	1	0	1	0	96	0	1	0	19	41	0	0	0	83	1	0	0	1	0	0	0	0
0	1	37	0	117	0	0	0	0	0	71	0	45	13	2	0	0	6	0	1	0	0	0	0	0	0	0	0	1	0	15	0	4	0	0	0	0	0	0	1	0	6	0	0	3	0	0	0	0	0	0	1	0	0	0	0	0	0	0	0	0	79	0	0	0	0	0	0	0	0	0	0	95	0
0	22	0	0	0	0	6	95	0	0	0	0	31	0	1	0	0	0	85	1	135	1	0	4	2	132	0	0	43	0	0	0	93	25	9	0	0	0	0	135	1	0	0	0	0	0	0	0	0	0	0	194	9	0	57	0	0	1	0	0	0	1	0	0	0	1	13	19	0	0	1	0	0	0
0	0	4	0	12	0	6	0	0	14	0	0	4	1	25	6	0	0	1	2	0	0	0	0	0	0	0	0	0	0	18	0	4	0	0	10	0	0	0	0	28	7	0	32	0	0	12	18	0	40	0	0	1	0	0	0	0	10	0	0	0	99	0	0	0	2	5	0	0	0	0	6	14	1
0	11	0	0	0	0	0	0	0	8	0	0	29	0	9	0	85	1	0	23	3	1	0	8	0	48	0	0	76	0	1	0	3	0	0	0	0	0	0	3	0	0	0	0	1	0	0	0	0	0	0	42	0	0	0	0	3	0	44	0	0	0	0	0	0	0	0	0	0	0	20	0	0	0
0	0	12	0	1	0	0	1	0	29	21	0	1	0	0	1	1	2	23	0	0	1	133	79	98	4	0	0	10	0	35	0	5	0	4	0	0	0	0	8	1	0	0	0	28	0	1	30	0	0	34	0	28	0	25	99	242	1	0	0	0	1	0	0	0	19	0	0	0	33	22	1	0	10
0	37	1	0	0	0	0	8	0	0	0	0	22	0	2	0	135	0	3	0	0	0	0	8	0	123	0	0	8	0	2	0	14	1	0	0	0	0	0	18	0	0	0	0	3	0	0	0	0	0	0	33	0	0	3	0	0	1	0	0	0	0	0	0	0	0	0	0	0	0	65	0	0	0
0	3	0	0	0	0	0	0	0	0	0	0	0	0	0	0	1	0	1	1	0	0	1	249	96	8	0	0	24	0	7	0	0	0	13	0	0	0	0	0	0	0	0	0	8	0	0	0	0	0	1	11	0	0	91	0	0	52	0	0	0	0	0	0	0	0	14	4	0	2	0	0	0	1
0	0	0	0	0	0	0	0	0	0	0	0	0	0	0	0	0	0	0	133	0	1	0	144	85	0	0	0	0	0	0	0	0	0	0	0	0	0	0	0	0	0	0	0	0	0	0	0	0	0	0	1	0	0	72	1	4	0	0	0	0	0	0	0	0	0	0	0	0	2	0	0	0	0
0	1	0	0	0	0	0	0	0	0	0	0	1	0	0	0	4	0	8	79	8	249	144	0	251	2	0	0	22	0	7	0	2	2	28	0	0	0	0	6	0	0	0	0	3	0	0	0	0	0	4	8	8	0	241	172	4	4	0	0	0	0	0	0	0	0	4	134	0	0	0	0	0	0
0	0	0	0	0	0	0	0	0	0	0	0	0	0	0	0	2	0	0	98	0	96	85	251	0	2	0	0	2	0	4	0	1	0	0	0	0	0	0	0	0	0	0	0	0	0	0	0	0	0	2	2	1	0	122	86	12	2	0	0	0	0	0	0	0	0	0	79	0	2	0	0	0	0
0	11	0	0	0	0	0	30	0	0	0	0	2	0	1	0	132	0	48	4	123	8	0	2	2	0	0	0	20	0	0	0	92	4	10	0	0	0	0	86	3	0	0	1	1	0	0	1	0	0	0	45	0	0	12	1	1	1	0	0	1	19	0	0	0	0	8	18	0	0	67	0	0	1
0	0	120	0	0	0	0	0	0	0	0	0	0	0	0	0	0	0	0	0	0	0	0	0	0	0	0	0	0	0	0	0	0	0	0	119	0	0	0	0	79	1	0	0	0	0	0	14	0	0	0	0	0	0	0	0	0	0	0	0	0	1	0	0	0	83	0	0	0	0	0	0	0	0
0	0	0	0	0	0	0	0	0	0	0	0	0	0	0	0	0	0	0	0	0	0	0	0	0	0	0	0	0	0	0	0	0	0	0	0	0	0	0	0	0	0	0	0	0	0	0	0	0	0	0	0	0	0	0	0	0	0	0	0	0	0	0	0	0	0	0	0	0	0	0	0	0	0
0	82	0	0	0	0	1	11	0	0	2	0	6	0	1	1	43	0	76	10	8	24	0	22	2	20	0	0	0	0	0	0	21	2	102	0	0	0	0	98	1	2	0	0	6	0	0	0	0	0	0	55	0	0	7	2	23	131	76	0	0	0	0	0	0	0	76	45	0	1	2	0	0	1
0	0	0	0	0	0	0	0	0	0	0	0	0	0	0	0	0	0	0	0	0	0	0	0	0	0	0	0	0	0	0	0	0	0	0	0	0	0	0	0	0	0	0	0	0	0	0	0	0	0	0	0	0	0	0	0	0	0	0	0	0	0	0	0	0	0	0	0	0	0	0	0	0	0
0	0	21	0	4	0	1	0	0	9	0	0	2	13	3	15	0	18	1	35	2	7	0	7	4	0	0	0	0	0	0	0	0	0	0	9	0	0	0	0	0	18	0	20	48	0	59	18	0	0	71	0	0	0	54	0	78	4	1	0	0	24	0	0	0	0	8	0	0	1	0	0	0	14
0	0	0	0	0	0	0	0	0	0	0	0	0	0	0	0	0	0	0	0	0	0	0	0	0	0	0	0	0	0	0	0	0	0	0	0	0	0	0	0	0	0	0	0	0	0	0	0	0	0	0	0	0	0	0	0	0	0	0	0	0	0	0	0	0	0	0	0	0	0	0	0	0	0
0	54	10	0	9	0	4	6	0	0	1	0	67	0	2	4	93	4	3	5	14	0	0	2	1	92	0	0	21	0	0	0	0	2	3	3	0	0	0	9	0	4	0	0	0	0	0	0	0	0	0	44	0	0	1	0	3	14	12	0	0	1	0	0	0	0	0	0	0	0	165	0	0	0
0	6	0	0	105	0	0	0	0	0	1	0	100	0	0	0	25	0	0	0	1	0	0	2	0	4	0	0	2	0	0	0	2	0	0	0	0	0	0	3	0	0	0	0	4	0	0	0	0	0	0	22	0	0	0	0	1	103	2	0	0	0	0	0	0	0	0	0	0	0	0	0	99	0
0	72	0	0	0	0	0	0	0	0	2	0	6	0	1	0	9	0	0	4	0	13	0	28	0	10	0	0	102	0	0	0	3	0	0	0	0	0	0	1	0	9	0	0	5	0	0	0	0	0	0	73	0	0	4	0	11	108	84	0	0	0	0	0	0	0	2	0	0	0	0	0	0	0
0	0	68	0	0	0	0	0	0	82	1	0	0	5	111	0	0	10	0	0	0	0	0	0	0	0	119	0	0	0	9	0	3	0	0	0	0	0	0	0	0	93	0	0	0	0	0	0	0	0	0	0	0	0	0	0	22	0	0	0	0	2	0	0	0	0	0	0	0	0	0	0	1	0
0	0	0	0	0	0	0	0	0	0	0	0	0	0	0	0	0	0	0	0	0	0	0	0	0	0	0	0	0	0	0	0	0	0	0	0	0	0	0	0	0	0	0	0	0	0	0	0	0	0	0	0	0	0	0	0	0	0	0	0	0	0	0	0	0	0	0	0	0	0	0	0	0	0
0	0	0	0	0	0	0	0	0	0	0	0	0	0	0	0	0	0	0	0	0	0	0	0	0	0	0	0	0	0	0	0	0	0	0	0	0	0	0	0	0	0	0	0	0	0	0	0	0	0	0	0	0	0	0	0	0	0	0	0	0	0	0	0	0	0	0	0	0	0	0	0	0	0
0	0	0	0	0	0	0	0	0	0	0	0	0	0	0	0	0	0	0	0	0	0	0	0	0	0	0	0	0	0	0	0	0	0	0	0	0	0	0	0	0	0	0	0	0	0	0	0	0	0	0	0	0	0	0	0	0	0	0	0	0	0	0	0	0	0	0	0	0	0	0	0	0	0
0	71	0	0	120	0	0	3	0	0	2	0	183	0	1	1	135	0	3	8	18	0	0	6	0	86	0	0	98	0	0	0	9	3	1	0	0	0	0	0	0	0	0	0	8	0	0	0	0	0	0	102	0	0	0	0	4	10	20	0	0	0	0	0	0	0	0	0	0	0	156	0	0	0
0	19	106	0	27	0	0	0	0	45	4	0	4	14	32	0	1	28	0	1	0	0	0	0	0	3	79	0	1	0	0	0	0	0	0	0	0	0	0	0	0	1	0	0	2	0	0	0	0	0	0	10	0	0	0	1	0	0	12	0	0	87	0	0	0	0	0	0	0	0	0	0	0	0
0	1	92	0	51	0	20	0	0	132	109	0	0	41	186	6	0	7	0	0	0	0	0	0	0	0	1	0	2	0	18	0	4	0	9	93	0	0	0	0	1	0	0	159	0	0	88	76	0	0	0	0	0	0	0	0	19	87	32	0	0	25	0	0	0	1	2	0	0	0	1	5	32	0
0	0	0	0	0	0	0	0	0	0	0	0	0	0	0	0	0	0	0	0	0	0	0	0	0	0	0	0	0	0	0	0	0	0	0	0	0	0	0	0	0	0	0	0	0	0	0	0	0	0	0	0	0	0	0	0	0	0	0	0	0	0	0	0	0	0	0	0	0	0	0	0	0	0
0	0	60	0	0	0	0	0	0	123	1	0	0	0	124	0	0	32	0	0	0	0	0	0	0	1	0	0	0	0	20	0	0	0	0	0	0	0	0	0	0	159	0	0	1	0	0	0	0	0	0	0	0	0	0	0	62	28	0	0	0	0	0	0	0	0	0	0	0	0	0	0	1	0
0	10	1	0	0	0	2	2	0	1	0	0	1	0	0	3	0	0	1	28	3	8	0	3	0	1	0	0	6	0	48	0	0	4	5	0	0	0	0	8	2	0	0	1	0	0	0	0	0	0	0	10	7	0	39	13	24	0	3	0	0	0	0	0	0	0	11	4	0	1	0	0	1	12
0	0	0	0	0	0	0	0	0	0	0	0	0	0	0	0	0	0	0	0	0	0	0	0	0	0	0	0	0	0	0	0	0	0	0	0	0	0	0	0	0	0	0	0	0	0	0	0	0	0	0	0	0	0	0	0	0	0	0	0	0	0	0	0	0	0	0	0	0	0	0	0	0	0
0	0	9	0	1	0	0	0	0	0	0	0	0	10	1	0	0	12	0	1	0	0	0	0	0	0	0	0	0	0	59	0	0	0	0	0	0	0	0	0	0	88	0	0	0	0	0	0	0	0	0	0	0	0	0	0	0	0	6	0	0	2	0	0	0	0	0	0	0	0	0	0	0	0
0	0	95	0	0	0	0	0	0	126	0	0	1	30	107	0	0	18	0	30	0	0	0	0	0	1	14	0	0	0	18	0	0	0	0	0	0	0	0	0	0	76	0	0	0	0	0	0	0	0	0	0	0	0	0	0	80	0	0	0	0	37	0	0	0	0	0	0	0	0	0	0	0	0
0	0	0	0	0	0	0	0	0	0	0	0	0	0	0	0	0	0	0	0	0	0	0	0	0	0	0	0	0	0	0	0	0	0	0	0	0	0	0	0	0	0	0	0	0	0	0	0	0	0	0	0	0	0	0	0	0	0	0	0	0	0	0	0	0	0	0	0	0	0	0	0	0	0
0	0	0	0	0	0	0	0	1	0	0	0	0	0	0	0	0	40	0	0	0	0	0	0	0	0	0	0	0	0	0	0	0	0	0	0	0	0	0	0	0	0	0	0	0	0	0	0	0	0	0	0	0	0	0	0	0	0	0	0	0	0	0	0	0	0	0	0	0	0	0	0	0	0
0	0	0	0	0	0	0	0	0	17	0	0	0	0	0	0	0	0	0	34	0	1	0	4	2	0	0	0	0	0	71	0	0	0	0	0	0	0	0	0	0	0	0	0	0	0	0	0	0	0	0	0	0	0	30	0	43	1	0	0	0	0	0	0	0	0	0	0	0	0	0	0	0	0
0	99	0	0	0	0	0	1	0	0	32	0	6	0	3	1	194	0	42	0	33	11	1	8	2	45	0	0	55	0	0	0	44	22	73	0	0	0	0	102	10	0	0	0	10	0	0	0	0	0	0	0	12	0	21	1	10	190	0	0	0	0	0	0	0	0	177	44	0	1	23	0	0	1
0	0	0	0	0	0	0	0	0	0	0	0	2	0	1	0	9	1	0	28	0	0	0	8	1	0	0	0	0	0	0	0	0	0	0	0	0	0	0	0	0	0	0	0	7	0	0	0	0	0	0	12	0	0	0	1	2	0	0	0	0	0	0	0	0	0	0	0	0	0	0	0	0	0
0	0	0	0	0	0	0	0	0	0	0	0	0	0	0	0	0	0	0	0	0	0	0	0	0	0	0	0	0	0	0	0	0	0	0	0	0	0	0	0	0	0	0	0	0	0	0	0	0	0	0	0	0	0	0	0	0	0	0	0	0	0	0	0	0	0	0	0	0	0	0	0	0	0
0	3	0	0	0	0	0	0	0	0	0	0	1	0	1	0	57	0	0	25	3	91	72	241	122	12	0	0	7	0	54	0	1	0	4	0	0	0	0	0	0	0	0	0	39	0	0	0	0	0	30	21	0	0	0	11	0	3	0	0	0	0	0	0	0	0	2	92	0	2	0	0	2	0
0	0	0	0	0	0	0	0	0	0	0	0	0	18	0	0	0	0	0	99	0	0	1	172	86	1	0	0	2	0	0	0	0	0	0	0	0	0	0	0	1	0	0	0	13	0	0	0	0	0	0	1	1	0	11	0	78	0	0	0	4	0	0	0	0	0	0	0	0	2	0	0	0	0
0	0	130	0	2	0	0	0	0	171	12	0	10	0	96	0	0	0	3	242	0	0	4	4	12	1	0	0	23	0	78	0	3	1	11	22	0	0	0	4	0	19	0	62	24	0	0	80	0	0	43	10	2	0	0	78	0	26	43	0	0	16	0	0	0	37	4	0	0	25	6	2	1	22
0	0	1	0	1	0	0	0	0	0	32	0	0	0	0	0	1	10	0	1	1	52	0	4	2	1	0	0	131	0	4	0	14	103	108	0	0	0	0	10	0	87	0	28	0	0	0	0	0	0	1	190	0	0	3	0	26	0	0	0	0	0	0	0	0	0	111	16	0	0	23	2	0	95
0	9	3	0	0	0	0	8	0	0	0	0	29	0	1	0	0	0	44	0	0	0	0	0	0	0	0	0	76	0	1	0	12	2	84	0	0	0	0	20	12	32	0	0	3	0	6	0	0	0	0	0	0	0	0	0	43	0	0	0	0	0	0	0	0	0	76	0	0	0	18	0	0	0
0	0	0	0	0	0	0	0	0	0	0	0	0	0	0	0	0	0	0	0	0	0	0	0	0	0	0	0	0	0	0	0	0	0	0	0	0	0	0	0	0	0	0	0	0	0	0	0	0	0	0	0	0	0	0	0	0	0	0	0	0	0	0	0	0	0	0	0	0	0	0	0	0	0
0	0	64	0	7	0	0	0	0	3	2	0	1	64	19	0	0	0	0	0	0	0	0	0	0	1	0	0	0	0	0	0	0	0	0	0	0	0	0	0	0	0	0	0	0	0	0	0	0	0	0	0	0	0	0	4	0	0	0	0	0	82	0	0	0	0	0	0	0	0	0	0	0	0
0	3	97	0	273	0	1	0	0	12	130	0	17	234	41	79	1	99	0	1	0	0	0	0	0	19	1	0	0	0	24	0	1	0	0	2	0	0	0	0	87	25	0	0	0	0	2	37	0	0	0	0	0	0	0	0	16	0	0	0	82	0	0	0	0	0	0	0	0	1	1	11	93	0
0	0	0	0	0	0	0	0	0	0	0	0	0	0	0	0	0	0	0	0	0	0	0	0	0	0	0	0	0	0	0	0	0	0	0	0	0	0	0	0	0	0	0	0	0	0	0	0	0	0	0	0	0	0	0	0	0	0	0	0	0	0	0	0	0	0	0	0	0	0	0	0	0	0
0	0	0	0	0	0	0	0	0	0	0	0	0	0	0	0	0	0	0	0	0	0	0	0	0	0	0	0	0	0	0	0	0	0	0	0	0	0	0	0	0	0	0	0	0	0	0	0	0	0	0	0	0	0	0	0	0	0	0	0	0	0	0	0	0	0	0	0	0	0	0	0	0	0
0	0	0	0	0	0	0	0	0	0	0	0	0	0	0	0	0	0	0	0	0	0	0	0	0	0	0	0	0	0	0	0	0	0	0	0	0	0	0	0	0	0	0	0	0	0	0	0	0	0	0	0	0	0	0	0	0	0	0	0	0	0	0	0	0	0	0	0	0	0	0	0	0	0
0	0	51	0	0	0	0	0	0	86	12	0	0	2	83	0	1	2	0	19	0	0	0	0	0	0	83	0	0	0	0	0	0	0	0	0	0	0	0	0	0	1	0	0	0	0	0	0	0	0	0	0	0	0	0	0	37	0	0	0	0	0	0	0	0	0	0	0	0	0	0	0	1	0
0	0	0	0	0	0	0	0	0	0	1	0	0	0	1	0	13	5	0	0	0	14	0	4	0	8	0	0	76	0	8	0	0	0	2	0	0	0	0	0	0	2	0	0	11	0	0	0	0	0	0	177	0	0	2	0	4	111	76	0	0	0	0	0	0	0	0	0	0	0	0	0	0	0
0	1	0	0	0	0	0	0	0	0	1	0	21	0	0	0	19	0	0	0	0	4	0	134	79	18	0	0	45	0	0	0	0	0	0	0	0	0	0	0	0	0	0	0	4	0	0	0	0	0	0	44	0	0	92	0	0	16	0	0	0	0	0	0	0	0	0	0	0	2	0	0	3	0
0	0	0	0	0	0	0	0	0	0	0	0	0	0	0	0	0	0	0	0	0	0	0	0	0	0	0	0	0	0	0	0	0	0	0	0	0	0	0	0	0	0	0	0	0	0	0	0	0	0	0	0	0	0	0	0	0	0	0	0	0	0	0	0	0	0	0	0	0	0	0	0	0	0
0	0	5	0	0	0	0	0	0	28	0	0	0	0	1	0	0	0	0	33	0	2	2	0	2	0	0	0	1	0	1	0	0	0	0	0	0	0	0	0	0	0	0	0	1	0	0	0	0	0	0	1	0	0	2	2	25	0	0	0	0	1	0	0	0	0	0	2	0	0	4	0	0	0
0	18	1	0	2	0	0	162	0	0	17	0	27	0	0	0	1	0	20	22	65	0	0	0	0	67	0	0	2	0	0	0	165	0	0	0	0	0	0	156	0	1	0	0	0	0	0	0	0	0	0	23	0	0	0	0	6	23	18	0	0	1	0	0	0	0	0	0	0	4	0	0	0	0
0	0	0	0	10	0	0	0	0	0	2	0	2	7	0	0	0	6	0	1	0	0	0	0	0	0	0	0	0	0	0	0	0	0	0	0	0	0	0	0	0	5	0	0	0	0	0	0	0	0	0	0	0	0	0	0	2	2	0	0	0	11	0	0	0	0	0	0	0	0	0	0	4	0
0	0	2	0	264	0	0	0	0	0	142	0	2	2	0	95	0	14	0	0	0	0	0	0	0	0	0	0	0	0	0	0	0	99	0	1	0	0	0	0	0	32	0	1	1	0	0	0	0	0	0	0	0	0	2	0	1	0	0	0	0	93	0	0	0	1	0	3	0	0	0	4	0	0
0	0	0	0	0	0	0	0	0	0	0	0	0	0	0	0	0	1	0	10	0	1	0	0	0	1	0	0	1	0	14	0	0	0	0	0	0	0	0	0	0	0	0	0	12	0	0	0	0	0	0	1	0	0	0	0	22	95	0	0	0	0	0	0	0	0	0	0	0	0	0	0	0	0
