0	0	0	0	0	0	0	0	0	0	0	0	0	0	0	0	0	0	0	0	0	0	0	0	0	0	0	0	0	0	0	0	0	0	0	0	0	0	0	0	0	0	0	0	0	0	0	0	0	0	0	0	0	0	0	0	0	0	0	0	0	0	0	0	0	0	0	0	0	0	0	0	0	0
0	6	0	0	0	0	3	0	0	0	0	0	0	0	0	0	0	0	0	3	0	0	0	0	0	0	0	0	0	0	0	0	0	0	0	0	0	0	0	0	7	0	0	0	0	0	0	0	0	0	0	0	0	0	0	0	0	0	0	0	4	5	0	0	0	0	0	0	0	0	0	3	0	0
0	0	0	0	12	0	0	6	0	107	0	0	23	20	51	0	1	0	0	11	2	0	0	0	0	9	85	0	46	0	0	0	32	1	25	29	0	0	0	27	44	11	0	44	0	0	13	46	0	0	0	12	0	0	11	0	34	0	0	0	7	9	0	11	0	30	0	2	0	0	15	8	20	0
0	0	0	0	0	0	0	0	0	0	0	0	0	0	0	0	0	0	0	0	0	0	0	0	0	0	0	0	0	0	0	0	0	0	0	0	0	0	0	0	0	0	0	0	0	0	0	0	0	0	0	0	0	0	1	0	0	0	0	0	0	0	0	0	0	0	0	0	0	0	0	0	0	1
0	0	12	0	0	0	0	0	0	30	0	0	63	7	0	13	0	0	0	0	1	0	18	0	0	0	1	0	0	0	0	0	8	67	0	1	0	0	0	15	4	15	0	1	1	0	8	0	0	0	0	0	0	0	0	0	6	0	0	0	7	257	0	90	0	0	0	0	125	0	7	24	163	0
0	0	0	0	0	0	0	0	0	0	0	0	0	0	0	0	0	0	0	0	0	0	0	0	0	0	0	0	0	0	0	0	0	0	0	0	0	0	0	0	0	0	0	0	0	0	0	0	0	0	0	0	0	0	0	0	0	0	0	0	0	0	0	0	0	0	0	0	0	0	0	0	0	0
0	3	0	0	0	0	0	0	0	1	0	0	0	0	0	0	9	7	0	0	0	0	0	10	1	0	2	0	0	0	0	0	0	0	0	0	0	0	0	0	8	0	0	22	6	0	0	0	0	0	0	0	0	0	0	0	0	0	0	0	0	1	0	0	0	0	0	0	0	0	0	0	1	0
0	0	6	0	0	0	0	0	0	0	0	0	108	0	0	0	19	0	0	0	4	0	0	12	1	2	7	0	19	0	2	0	9	0	0	0	0	0	0	1	1	0	0	0	2	0	0	0	0	0	0	2	0	0	0	2	0	10	0	0	0	1	0	0	0	0	0	0	0	0	0	0	0	0
0	0	0	0	0	0	0	0	0	0	0	0	0	0	0	0	0	0	0	0	0	0	0	0	0	0	0	0	0	0	0	0	0	0	0	0	0	0	0	0	0	0	0	0	0	0	0	0	0	0	0	0	0	0	0	0	0	0	0	0	0	0	0	0	0	0	0	0	0	0	0	0	0	0
0	0	107	0	30	0	1	0	0	0	0	0	0	14	189	4	0	0	62	0	0	0	23	0	0	0	2	0	0	0	16	0	3	0	4	96	0	0	0	1	55	20	0	111	4	2	0	105	0	0	5	0	15	0	0	0	134	0	0	0	6	60	0	0	0	61	1	0	1	0	0	17	0	0
0	0	0	0	0	0	0	0	0	0	0	0	0	0	0	0	0	0	0	0	0	0	0	0	0	0	0	0	0	0	0	0	0	0	0	0	0	0	0	0	0	0	0	0	0	0	0	0	0	0	0	0	0	0	0	0	0	0	0	0	0	0	0	0	0	0	0	0	0	0	0	0	0	0
0	0	0	0	0	0	0	0	0	0	0	0	0	0	0	0	0	0	0	0	0	0	0	0	0	0	0	0	0	0	0	0	0	0	0	0	0	0	0	0	0	0	0	0	0	0	0	0	0	0	0	0	0	0	0	0	0	0	0	0	0	0	0	0	0	0	0	0	0	0	0	0	0	0
0	0	23	0	63	0	0	108	0	0	0	0	0	1	0	11	10	0	0	1	12	0	0	0	0	10	0	0	4	0	0	0	94	103	27	0	0	0	0	150	8	1	0	1	0	13	0	0	0	0	0	0	5	0	0	2	0	2	0	0	0	2	0	0	0	1	3	10	0	0	142	11	32	1
0	0	20	0	7	0	0	0	0	14	0	0	1	0	0	2	0	2	0	0	0	0	10	0	0	0	11	0	0	0	0	0	5	0	0	0	0	0	0	0	24	33	0	0	1	0	61	0	0	0	0	0	0	0	0	26	18	0	0	0	127	253	0	31	0	1	0	0	38	0	0	8	0	0
0	0	51	0	0	0	0	0	0	189	0	0	0	0	0	0	0	0	88	0	0	0	1	0	0	0	0	0	0	0	0	0	0	0	3	109	0	0	0	0	8	138	0	193	0	0	0	159	0	0	0	0	2	0	0	0	131	0	0	0	0	1	0	0	0	81	0	0	4	0	1	2	9	0
0	0	0	0	13	0	0	0	0	4	0	0	11	2	0	0	0	0	0	0	0	0	0	0	0	0	1	0	0	0	0	0	0	1	0	0	0	0	0	0	1	0	0	0	9	0	0	0	0	0	0	0	0	0	0	0	0	0	0	0	0	53	0	0	0	0	0	0	5	0	0	0	26	0
0	0	1	0	0	0	9	19	0	0	0	0	10	0	0	0	0	0	7	1	83	12	0	48	12	56	1	0	0	0	2	0	29	10	56	0	0	0	0	128	6	0	0	0	20	1	0	0	0	0	0	61	8	0	31	0	12	49	0	0	0	0	0	0	0	0	8	69	0	0	5	2	0	2
0	0	0	0	0	0	7	0	0	0	0	0	0	2	0	0	0	0	0	0	0	0	16	0	0	0	2	0	0	0	0	0	0	0	0	0	0	0	0	1	28	3	0	9	0	0	0	0	0	232	0	0	19	0	0	0	2	0	0	0	16	16	0	0	0	0	1	2	12	0	1	0	0	1
0	0	0	0	0	0	0	0	0	62	0	0	0	0	88	0	7	0	0	0	0	0	0	0	0	1	0	0	19	0	4	0	0	0	0	0	0	0	0	0	0	0	0	0	8	0	0	0	0	0	5	0	0	0	0	0	4	0	0	0	0	0	0	0	0	0	0	0	0	0	0	0	0	0
0	3	11	0	0	0	0	0	0	0	0	0	1	0	0	0	1	0	0	0	2	0	0	0	0	5	0	0	24	0	0	0	4	0	0	0	0	0	0	2	0	0	0	0	0	0	0	0	0	0	0	0	0	0	0	0	0	0	0	0	0	5	0	0	0	0	0	0	0	0	0	1	3	0
0	0	2	0	1	0	0	4	0	0	0	0	12	0	0	0	83	0	0	2	0	1	0	0	0	79	3	0	0	0	0	0	12	8	25	0	0	0	0	49	0	0	0	0	19	0	0	0	0	0	0	19	0	0	1	0	11	49	0	0	0	0	0	0	0	0	0	7	0	0	0	0	0	0
0	0	0	0	0	0	0	0	0	0	0	0	0	0	0	0	12	0	0	0	1	0	0	18	2	12	3	0	28	0	7	0	2	2	0	0	0	0	0	2	0	0	0	0	37	0	0	0	0	0	5	3	1	0	7	0	0	1	0	0	0	0	0	0	0	0	7	2	0	0	0	0	0	0
0	0	0	0	18	0	0	0	0	23	0	0	0	10	1	0	0	16	0	0	0	0	0	36	0	0	2	0	3	0	0	0	0	0	0	0	0	0	0	0	21	0	0	0	1	0	0	0	0	0	0	0	0	0	4	10	4	0	0	0	0	29	0	0	0	0	0	0	0	0	0	0	0	0
0	0	0	0	0	0	10	12	0	0	0	0	0	0	0	0	48	0	0	0	0	18	36	0	325	0	14	0	0	0	3	0	0	14	4	0	0	0	0	48	0	0	0	0	45	0	0	0	0	0	0	0	14	0	46	40	2	0	0	0	2	0	0	0	0	0	8	6	0	0	42	6	0	4
0	0	0	0	0	0	1	1	0	0	0	0	0	0	0	0	12	0	0	0	0	2	0	325	0	0	4	0	0	0	1	0	0	1	0	0	0	0	0	1	0	0	0	0	8	0	0	0	0	0	0	0	0	0	0	3	0	0	0	0	0	0	0	0	0	0	0	1	0	0	0	0	0	0
0	0	9	0	0	0	0	2	0	0	0	0	10	0	0	0	56	0	1	5	79	12	0	0	0	0	1	0	11	0	1	0	77	11	37	0	0	0	0	72	6	0	0	0	2	11	0	0	0	0	0	30	18	0	42	0	8	14	0	0	0	0	0	0	0	1	36	75	1	0	14	3	1	0
0	0	85	0	1	0	2	7	0	2	0	0	0	11	0	1	1	2	0	0	3	3	2	14	4	1	0	0	2	0	0	0	1	3	7	99	0	0	0	15	97	4	0	1	1	0	3	27	0	0	0	4	3	0	3	0	10	8	0	0	2	9	0	0	0	76	6	6	8	0	12	3	0	1
0	0	0	0	0	0	0	0	0	0	0	0	0	0	0	0	0	0	0	0	0	0	0	0	0	0	0	0	0	0	0	0	0	0	0	0	0	0	0	0	0	0	0	0	0	0	0	0	0	0	0	0	0	0	0	0	0	0	0	0	0	0	0	0	0	0	0	0	0	0	0	0	0	0
0	0	46	0	0	0	0	19	0	0	0	0	4	0	0	0	0	0	19	24	0	28	3	0	0	11	2	0	0	0	0	0	81	1	135	0	0	0	0	82	7	1	0	0	1	12	0	0	0	0	0	25	0	0	9	2	3	4	0	0	0	0	0	0	0	0	116	0	0	0	39	5	0	0
0	0	0	0	0	0	0	0	0	0	0	0	0	0	0	0	0	0	0	0	0	0	0	0	0	0	0	0	0	0	0	0	0	0	0	0	0	0	0	0	0	0	0	0	0	0	0	0	0	0	0	0	0	0	0	0	0	0	0	0	0	0	0	0	0	0	0	0	0	0	0	0	0	0
0	0	0	0	0	0	0	2	0	16	0	0	0	0	0	0	2	0	4	0	0	7	0	3	1	1	0	0	0	0	0	0	0	1	0	0	0	0	0	0	0	0	0	21	73	0	0	0	0	0	91	0	23	0	5	0	8	0	0	0	0	0	0	0	0	0	34	1	0	0	1	2	0	14
0	0	0	0	0	0	0	0	0	0	0	0	0	0	0	0	0	0	0	0	0	0	0	0	0	0	0	0	0	0	0	0	0	0	0	0	0	0	0	0	0	0	0	0	0	0	0	0	0	0	0	0	0	0	0	0	0	0	0	0	0	0	0	0	0	0	0	0	0	0	0	0	0	0
0	0	32	0	8	0	0	9	0	3	0	0	94	5	0	0	29	0	0	4	12	2	0	0	0	77	1	0	81	0	0	0	0	6	23	0	0	0	0	30	2	0	0	0	0	0	0	0	0	0	0	8	3	0	19	1	0	0	0	0	0	44	0	0	0	0	1	4	19	0	2	0	0	0
0	0	1	0	67	0	0	0	0	0	0	0	103	0	0	1	10	0	0	0	8	2	0	14	1	11	3	0	1	0	1	0	6	0	0	0	0	0	0	6	1	0	0	0	13	0	0	0	0	0	0	0	0	0	0	0	0	12	0	0	0	0	0	0	0	0	0	5	0	0	5	0	85	0
0	0	25	0	0	0	0	0	0	4	0	0	27	0	3	0	56	0	0	0	25	0	0	4	0	37	7	0	135	0	0	0	23	0	0	0	0	0	0	0	3	2	0	0	4	0	0	0	0	0	0	30	0	0	1	0	1	9	0	0	0	34	0	0	0	0	0	0	0	0	0	0	0	0
0	0	29	0	1	0	0	0	0	96	0	0	0	0	109	0	0	0	0	0	0	0	0	0	0	0	99	0	0	0	0	0	0	0	0	0	0	0	0	0	0	0	0	1	0	0	0	0	0	0	0	0	0	0	0	0	0	0	0	0	0	0	0	0	0	0	0	0	2	0	0	0	3	0
0	0	0	0	0	0	0	0	0	0	0	0	0	0	0	0	0	0	0	0	0	0	0	0	0	0	0	0	0	0	0	0	0	0	0	0	0	0	0	0	0	0	0	0	0	0	0	0	0	0	0	0	0	0	0	0	0	0	0	0	0	0	0	0	0	0	0	0	0	0	0	0	0	0
0	0	0	0	0	0	0	0	0	0	0	0	0	0	0	0	0	0	0	0	0	0	0	0	0	0	0	0	0	0	0	0	0	0	0	0	0	0	0	0	0	0	0	0	0	0	0	0	0	0	0	0	0	0	0	0	0	0	0	0	0	0	0	0	0	0	0	0	0	0	0	0	0	0
0	0	0	0	0	0	0	0	0	0	0	0	0	0	0	0	0	0	0	0	0	0	0	0	0	0	0	0	0	0	0	0	0	0	0	0	0	0	0	0	0	0	0	0	0	0	0	0	0	0	0	0	0	0	0	0	0	0	0	0	0	0	0	0	0	0	0	0	0	0	0	0	0	0
0	0	27	0	15	0	0	1	0	1	0	0	150	0	0	0	128	1	0	2	49	2	0	48	1	72	15	0	82	0	0	0	30	6	0	0	0	0	0	0	2	0	0	0	8	0	0	0	0	0	0	23	0	0	2	2	0	16	0	0	0	0	0	0	0	0	0	0	0	0	1	0	2	0
0	7	44	0	4	0	8	1	0	55	0	0	8	24	8	1	6	28	0	0	0	0	21	0	0	6	97	0	7	0	0	0	2	1	3	0	0	0	0	2	0	1	0	15	10	0	0	10	0	0	0	9	16	0	1	0	14	1	0	0	11	99	0	0	0	0	0	0	10	0	2	10	9	3
0	0	11	0	15	0	0	0	0	20	0	0	1	33	138	0	0	3	0	0	0	0	0	0	0	0	4	0	1	0	0	0	0	0	2	0	0	0	0	0	1	0	0	9	0	0	1	0	0	0	0	0	0	0	0	0	4	0	0	0	0	38	0	0	0	0	0	0	37	0	0	0	37	0
0	0	0	0	0	0	0	0	0	0	0	0	0	0	0	0	0	0	0	0	0	0	0	0	0	0	0	0	0	0	0	0	0	0	0	0	0	0	0	0	0	0	0	0	0	0	0	0	0	0	0	0	0	0	0	0	0	0	0	0	0	0	0	0	0	0	0	0	0	0	0	0	0	0
0	0	44	0	1	0	22	0	0	111	0	0	1	0	193	0	0	9	0	0	0	0	0	0	0	0	1	0	0	0	21	0	0	0	0	1	0	0	0	0	15	9	0	0	6	0	0	7	0	0	1	0	0	0	0	0	2	0	0	0	0	0	0	0	0	0	0	0	40	0	0	0	8	0
0	0	0	0	1	0	6	2	0	4	0	0	0	1	0	9	20	0	8	0	19	37	1	45	8	2	1	0	1	0	73	0	0	13	4	0	0	0	0	8	10	0	0	6	0	0	0	0	0	0	10	0	31	0	54	2	26	10	0	0	0	2	0	0	0	0	35	20	1	2	15	4	0	5
0	0	0	0	0	0	0	0	0	2	0	0	13	0	0	0	1	0	0	0	0	0	0	0	0	11	0	0	12	0	0	0	0	0	0	0	0	0	0	0	0	0	0	0	0	0	0	0	0	0	0	0	0	0	0	0	1	0	0	0	0	1	0	0	0	0	0	0	0	0	0	0	0	0
0	0	13	0	8	0	0	0	0	0	0	0	0	61	0	0	0	0	0	0	0	0	0	0	0	0	3	0	0	0	0	0	0	0	0	0	0	0	0	0	0	1	0	0	0	0	0	0	0	0	0	0	0	0	0	0	0	0	0	0	0	3	0	0	0	0	0	0	14	0	0	0	2	0
0	0	46	0	0	0	0	0	0	105	0	0	0	0	159	0	0	0	0	0	0	0	0	0	0	0	27	0	0	0	0	0	0	0	0	0	0	0	0	0	10	0	0	7	0	0	0	0	0	0	0	0	0	0	0	0	6	0	0	0	0	0	0	0	0	0	0	0	0	0	0	0	2	0
0	0	0	0	0	0	0	0	0	0	0	0	0	0	0	0	0	0	0	0	0	0	0	0	0	0	0	0	0	0	0	0	0	0	0	0	0	0	0	0	0	0	0	0	0	0	0	0	0	0	0	0	0	0	0	0	0	0	0	0	0	0	0	0	0	0	0	0	0	0	0	0	0	0
0	0	0	0	0	0	0	0	0	0	0	0	0	0	0	0	0	232	0	0	0	0	0	0	0	0	0	0	0	0	0	0	0	0	0	0	0	0	0	0	0	0	0	0	0	0	0	0	0	0	0	0	0	0	0	0	0	0	0	0	0	0	0	0	0	0	0	0	0	0	0	0	0	0
0	0	0	0	0	0	0	0	0	5	0	0	0	0	0	0	0	0	5	0	0	5	0	0	0	0	0	0	0	0	91	0	0	0	0	0	0	0	0	0	0	0	0	1	10	0	0	0	0	0	0	0	6	0	0	0	7	0	0	0	0	0	0	0	0	0	4	0	0	0	0	0	0	2
0	0	12	0	0	0	0	2	0	0	0	0	0	0	0	0	61	0	0	0	19	3	0	0	0	30	4	0	25	0	0	0	8	0	30	0	0	0	0	23	9	0	0	0	0	0	0	0	0	0	0	0	3	0	27	0	8	11	0	0	0	0	0	0	0	0	15	36	0	0	0	1	0	1
0	0	0	0	0	0	0	0	0	15	0	0	5	0	2	0	8	19	0	0	0	1	0	14	0	18	3	0	0	0	23	0	3	0	0	0	0	0	0	0	16	0	0	0	31	0	0	0	0	0	6	3	0	0	0	0	4	0	0	0	0	0	0	0	0	0	0	0	0	0	0	0	1	0
0	0	0	0	0	0	0	0	0	0	0	0	0	0	0	0	0	0	0	0	0	0	0	0	0	0	0	0	0	0	0	0	0	0	0	0	0	0	0	0	0	0	0	0	0	0	0	0	0	0	0	0	0	0	0	0	0	0	0	0	0	0	0	0	0	0	0	0	0	0	0	0	0	0
0	0	11	1	0	0	0	0	0	0	0	0	0	0	0	0	31	0	0	0	1	7	4	46	0	42	3	0	9	0	5	0	19	0	1	0	0	0	0	2	1	0	0	0	54	0	0	0	0	0	0	27	0	0	0	7	0	12	0	0	0	0	0	0	0	0	1	1	0	0	1	0	0	1
0	0	0	0	0	0	0	2	0	0	0	0	2	26	0	0	0	0	0	0	0	0	10	40	3	0	0	0	2	0	0	0	1	0	0	0	0	0	0	2	0	0	0	0	2	0	0	0	0	0	0	0	0	0	7	0	2	0	0	0	1	0	0	0	0	0	0	0	0	14	2	0	0	0
0	0	34	0	6	0	0	0	0	134	0	0	0	18	131	0	12	2	4	0	11	0	4	2	0	8	10	0	3	0	8	0	0	0	1	0	0	0	0	0	14	4	0	2	26	1	0	6	0	0	7	8	4	0	0	2	0	12	0	0	0	40	0	0	0	0	0	0	0	0	0	1	0	0
0	0	0	0	0	0	0	10	0	0	0	0	2	0	0	0	49	0	0	0	49	1	0	0	0	14	8	0	4	0	0	0	0	12	9	0	0	0	0	16	1	0	0	0	10	0	0	0	0	0	0	11	0	0	12	0	12	0	0	0	0	0	0	0	0	0	5	16	0	0	7	3	0	0
0	0	0	0	0	0	0	0	0	0	0	0	0	0	0	0	0	0	0	0	0	0	0	0	0	0	0	0	0	0	0	0	0	0	0	0	0	0	0	0	0	0	0	0	0	0	0	0	0	0	0	0	0	0	0	0	0	0	0	0	0	0	0	0	0	0	0	0	0	0	0	0	0	0
0	0	0	0	0	0	0	0	0	0	0	0	0	0	0	0	0	0	0	0	0	0	0	0	0	0	0	0	0	0	0	0	0	0	0	0	0	0	0	0	0	0	0	0	0	0	0	0	0	0	0	0	0	0	0	0	0	0	0	0	0	0	0	0	0	0	0	0	0	0	0	0	0	0
0	4	7	0	7	0	0	0	0	6	0	0	0	127	0	0	0	16	0	0	0	0	0	2	0	0	2	0	0	0	0	0	0	0	0	0	0	0	0	0	11	0	0	0	0	0	0	0	0	0	0	0	0	0	0	1	0	0	0	0	0	106	0	0	0	0	0	0	19	0	0	0	1	0
0	5	9	0	257	0	1	1	0	60	0	0	2	253	1	53	0	16	0	5	0	0	29	0	0	0	9	0	0	0	0	0	44	0	34	0	0	0	0	0	99	38	0	0	2	1	3	0	0	0	0	0	0	0	0	0	40	0	0	0	106	0	0	0	0	3	0	0	143	0	1	66	107	21
0	0	0	0	0	0	0	0	0	0	0	0	0	0	0	0	0	0	0	0	0	0	0	0	0	0	0	0	0	0	0	0	0	0	0	0	0	0	0	0	0	0	0	0	0	0	0	0	0	0	0	0	0	0	0	0	0	0	0	0	0	0	0	0	0	0	0	0	0	0	0	0	0	0
0	0	11	0	90	0	0	0	0	0	0	0	0	31	0	0	0	0	0	0	0	0	0	0	0	0	0	0	0	0	0	0	0	0	0	0	0	0	0	0	0	0	0	0	0	0	0	0	0	0	0	0	0	0	0	0	0	0	0	0	0	0	0	0	0	0	0	0	0	0	0	0	56	0
0	0	0	0	0	0	0	0	0	0	0	0	0	0	0	0	0	0	0	0	0	0	0	0	0	0	0	0	0	0	0	0	0	0	0	0	0	0	0	0	0	0	0	0	0	0	0	0	0	0	0	0	0	0	0	0	0	0	0	0	0	0	0	0	0	0	0	0	0	0	0	0	0	0
0	0	30	0	0	0	0	0	0	61	0	0	1	1	81	0	0	0	0	0	0	0	0	0	0	1	76	0	0	0	0	0	0	0	0	0	0	0	0	0	0	0	0	0	0	0	0	0	0	0	0	0	0	0	0	0	0	0	0	0	0	3	0	0	0	0	0	0	0	0	0	0	1	0
0	0	0	0	0	0	0	0	0	1	0	0	3	0	0	0	8	1	0	0	0	7	0	8	0	36	6	0	116	0	34	0	1	0	0	0	0	0	0	0	0	0	0	0	35	0	0	0	0	0	4	15	0	0	1	0	0	5	0	0	0	0	0	0	0	0	0	0	4	0	0	0	2	0
0	0	2	0	0	0	0	0	0	0	0	0	10	0	0	0	69	2	0	0	7	2	0	6	1	75	6	0	0	0	1	0	4	5	0	0	0	0	0	0	0	0	0	0	20	0	0	0	0	0	0	36	0	0	1	0	0	16	0	0	0	0	0	0	0	0	0	0	0	0	0	0	3	0
0	0	0	0	125	0	0	0	0	1	0	0	0	38	4	5	0	12	0	0	0	0	0	0	0	1	8	0	0	0	0	0	19	0	0	2	0	0	0	0	10	37	0	40	1	0	14	0	0	0	0	0	0	0	0	0	0	0	0	0	19	143	0	0	0	0	4	0	0	0	0	2	46	0
0	0	0	0	0	0	0	0	0	0	0	0	0	0	0	0	0	0	0	0	0	0	0	0	0	0	0	0	0	0	0	0	0	0	0	0	0	0	0	0	0	0	0	0	2	0	0	0	0	0	0	0	0	0	0	14	0	0	0	0	0	0	0	0	0	0	0	0	0	0	0	0	0	0
0	0	15	0	7	0	0	0	0	0	0	0	142	0	1	0	5	1	0	0	0	0	0	42	0	14	12	0	39	0	1	0	2	5	0	0	0	0	0	1	2	0	0	0	15	0	0	0	0	0	0	0	0	0	1	2	0	7	0	0	0	1	0	0	0	0	0	0	0	0	0	0	1	0
0	3	8	0	24	0	0	0	0	17	0	0	11	8	2	0	2	0	0	1	0	0	0	6	0	3	3	0	5	0	2	0	0	0	0	0	0	0	0	0	10	0	0	0	4	0	0	0	0	0	0	1	0	0	0	0	1	3	0	0	0	66	0	0	0	0	0	0	2	0	0	0	3	0
0	0	20	0	163	0	1	0	0	0	0	0	32	0	9	26	0	0	0	3	0	0	0	0	0	1	0	0	0	0	0	0	0	85	0	3	0	0	0	2	9	37	0	8	0	0	2	2	0	0	0	0	1	0	0	0	0	0	0	0	1	107	0	56	0	1	2	3	46	0	1	3	0	0
0	0	0	1	0	0	0	0	0	0	0	0	1	0	0	0	2	1	0	0	0	0	0	4	0	0	1	0	0	0	14	0	0	0	0	0	0	0	0	0	3	0	0	0	5	0	0	0	0	0	2	1	0	0	1	0	0	0	0	0	0	21	0	0	0	0	0	0	0	0	0	0	0	0
