0	0	0	0	0	0	0	0	0	0	0	0	0	0	0	0	1	0	0	1	0	48	0	36	21	1	0	0	0	0	0	0	0	0	14	0	0	0	1	0	0	0	0	0	9	0	0	0	0	0	0	1	0	0	12	0	0	0	0	0	0	0	0	0	0	0	1	18	0	1	1	0	0	0
0	0	0	0	0	0	5	48	4	0	0	0	157	12	3	1	0	17	0	0	0	0	0	0	0	1	0	0	0	0	0	0	1	67	0	18	0	0	2	84	0	0	0	0	4	83	0	0	0	0	0	0	0	0	6	0	27	0	0	3	0	0	0	0	0	0	0	1	5	0	7	1	128	0
0	0	0	0	0	0	0	0	4	98	0	0	1	61	41	0	0	3	0	1	0	0	0	0	0	0	41	0	0	0	0	0	0	0	0	0	0	0	0	0	11	2	0	0	7	0	0	104	0	0	0	0	0	0	0	0	52	0	26	1	0	0	0	2	0	0	0	0	0	0	0	0	2	0
0	0	0	0	0	0	0	0	0	3	0	0	0	0	1	0	0	0	0	0	0	0	0	0	0	0	0	0	0	0	0	0	0	0	0	0	0	0	0	0	0	0	0	0	0	0	0	0	0	0	0	0	0	0	0	0	0	0	0	0	0	0	0	0	0	0	0	0	0	0	0	0	1	0
0	0	0	0	0	0	0	0	0	0	0	0	0	0	0	0	0	0	0	0	0	0	0	0	0	0	0	0	0	0	0	0	0	0	0	0	0	0	0	0	0	0	0	0	1	0	0	0	0	0	0	0	0	0	0	0	0	0	0	0	0	0	0	0	0	0	0	0	0	0	0	0	2	0
0	0	0	0	0	0	0	0	0	0	0	0	0	0	0	0	0	0	0	0	0	0	0	0	0	0	0	0	0	0	0	0	0	0	0	0	0	0	0	0	0	0	0	0	0	0	0	0	0	0	0	0	0	0	0	0	0	0	0	0	0	0	0	0	0	0	0	0	0	0	0	0	0	0
0	5	0	0	0	0	0	0	6	0	0	0	0	0	2	0	1	8	0	0	0	6	0	0	0	0	0	0	0	0	0	0	0	0	0	0	0	0	0	0	16	0	0	0	10	0	0	0	0	0	0	33	0	0	0	0	2	0	0	0	0	0	0	0	0	0	0	0	0	0	0	5	0	0
0	48	0	0	0	0	0	0	17	0	0	0	294	0	0	0	175	0	15	231	213	0	0	0	0	21	0	0	0	0	0	0	202	4	10	0	0	0	80	181	0	0	0	0	0	0	0	0	0	0	0	1	0	0	0	114	5	0	81	135	0	1	0	1	0	0	0	1	0	16	188	0	0	0
0	4	4	0	0	0	6	17	0	1	0	0	0	5	0	0	3	13	3	46	4	0	0	0	0	1	0	0	0	0	0	0	9	3	18	1	0	0	0	0	0	6	0	1	11	0	5	1	0	2	0	0	1	0	0	9	13	0	23	16	0	0	0	3	0	0	5	2	0	21	14	9	0	11
0	0	98	3	0	0	0	0	1	0	0	0	1	0	146	4	0	4	100	0	0	0	0	0	0	17	45	0	0	0	0	0	1	0	0	146	0	0	0	0	74	59	0	135	4	0	0	296	0	0	0	0	133	0	13	1	172	0	3	0	0	8	0	1	0	24	0	24	7	112	2	0	0	0
0	0	0	0	0	0	0	0	0	0	0	0	0	0	0	0	0	0	0	0	0	0	0	0	0	0	0	0	0	0	0	0	0	0	0	0	0	0	0	0	0	0	0	0	0	0	0	0	0	0	0	0	0	0	0	0	0	0	0	0	0	0	0	0	0	0	0	0	0	0	0	0	0	0
0	0	0	0	0	0	0	0	0	0	0	0	0	0	0	0	0	0	0	0	0	0	0	0	0	0	0	0	0	0	0	0	0	0	0	0	0	0	0	0	0	0	0	0	0	0	0	0	0	0	0	0	0	0	0	0	0	0	0	0	0	0	0	0	0	0	0	0	0	0	0	0	0	0
0	157	1	0	0	0	0	294	0	1	0	0	0	0	0	27	25	1	0	18	72	0	0	0	0	6	0	0	0	0	0	0	111	110	1	1	0	0	69	133	0	0	0	0	1	85	0	0	0	0	0	13	0	0	7	11	17	1	46	71	0	0	0	2	0	1	0	2	0	11	124	0	5	0
0	12	61	0	0	0	0	0	5	0	0	0	0	0	88	0	0	22	0	7	1	0	0	0	0	0	3	0	0	0	0	0	2	0	1	0	0	0	0	0	0	0	0	0	12	0	16	0	0	2	0	0	0	0	0	0	1	0	0	0	0	15	0	23	0	0	0	0	1	0	8	20	4	0
0	3	41	1	0	0	2	0	0	146	0	0	0	88	0	9	0	43	50	2	0	0	0	0	0	35	4	0	0	0	0	0	0	0	0	132	0	0	0	0	27	64	0	48	3	0	47	111	0	7	0	0	10	0	18	0	14	0	27	1	0	18	0	5	0	1	0	41	61	3	1	7	5	0
0	1	0	0	0	0	0	0	0	4	0	0	27	0	9	0	0	1	0	0	0	0	0	0	0	0	0	0	0	0	0	0	0	0	1	0	0	0	0	0	0	0	0	0	0	0	0	0	0	0	0	0	0	0	0	0	0	0	0	0	0	6	0	20	0	0	0	0	0	0	0	0	53	0
1	0	0	0	0	0	1	175	3	0	0	0	25	0	0	0	0	1	17	41	359	25	0	12	10	138	0	0	0	0	0	0	178	16	70	0	0	0	105	107	0	0	0	0	50	8	0	0	0	0	0	270	0	0	86	12	6	7	3	4	0	0	0	0	0	0	17	42	0	6	76	0	1	13
0	17	3	0	0	0	8	0	13	4	0	0	1	22	43	1	1	0	1	0	1	0	0	0	0	0	0	0	0	0	0	0	1	1	2	23	0	0	1	0	5	16	0	23	60	0	2	29	0	110	0	1	12	0	0	0	36	2	0	0	0	6	0	7	0	0	2	1	25	0	0	32	5	7
0	0	0	0	0	0	0	15	3	100	0	0	0	0	50	0	17	1	0	25	14	0	0	8	0	1	0	0	0	0	0	0	3	0	5	0	0	0	2	2	0	5	0	28	34	0	0	75	0	0	0	28	38	0	1	4	46	54	42	11	0	0	0	0	0	0	0	26	0	2	2	0	0	22
1	0	1	0	0	0	0	231	46	0	0	0	18	7	2	0	41	0	25	0	139	0	0	1	0	71	0	0	0	0	0	0	132	2	35	0	0	0	76	136	0	4	0	0	32	2	2	0	0	0	0	13	1	0	12	50	9	0	111	75	0	0	0	8	0	0	13	4	0	59	201	0	0	0
0	0	0	0	0	0	0	213	4	0	0	0	72	1	0	0	359	1	14	139	0	4	0	2	11	145	0	0	0	0	0	0	208	64	5	0	0	0	102	190	0	1	0	0	20	49	0	0	0	0	0	105	0	0	37	15	0	1	0	0	0	0	0	0	0	0	0	19	0	2	128	0	0	7
48	0	0	0	0	0	6	0	0	0	0	0	0	0	0	0	25	0	0	0	4	0	0	271	90	8	0	0	0	0	0	0	2	0	4	0	0	0	0	0	0	0	0	0	102	0	0	0	0	0	0	50	0	0	77	1	0	1	0	0	0	0	0	0	0	0	2	5	0	2	1	0	0	1
0	0	0	0	0	0	0	0	0	0	0	0	0	0	0	0	0	0	0	0	0	0	0	0	0	0	0	0	0	0	0	0	0	0	0	0	0	0	0	0	0	0	0	0	0	0	0	0	0	0	0	0	0	0	0	0	0	0	0	0	0	0	0	0	0	0	0	0	0	0	0	0	0	0
36	0	0	0	0	0	0	0	0	0	0	0	0	0	0	0	12	0	8	1	2	271	0	0	368	0	0	0	0	0	0	0	0	0	96	0	0	0	0	0	0	0	0	0	246	0	0	0	0	0	0	0	182	0	248	239	25	0	0	0	0	0	0	0	0	0	0	312	0	46	2	0	0	2
21	0	0	0	0	0	0	0	0	0	0	0	0	0	0	0	10	0	0	0	11	90	0	368	0	11	0	0	0	0	0	0	0	0	7	0	0	0	0	3	0	0	0	0	137	0	0	0	0	0	0	14	41	0	140	90	23	0	2	0	0	0	0	0	0	0	0	74	0	0	1	0	0	0
1	1	0	0	0	0	0	21	1	17	0	0	6	0	35	0	138	0	1	71	145	8	0	0	11	0	0	0	0	0	0	0	107	3	11	0	0	0	82	103	0	0	0	0	6	2	0	0	0	0	0	56	0	0	68	5	6	4	0	16	0	1	0	0	0	1	43	58	0	23	136	0	0	0
0	0	41	0	0	0	0	0	0	45	0	0	0	3	4	0	0	0	0	0	0	0	0	0	0	0	0	0	0	0	0	0	0	0	0	59	0	0	1	0	57	0	0	0	0	0	2	63	0	0	0	0	0	0	0	0	0	0	8	0	0	0	0	0	0	31	0	0	0	0	0	0	2	0
0	0	0	0	0	0	0	0	0	0	0	0	0	0	0	0	0	0	0	0	0	0	0	0	0	0	0	0	0	0	0	0	0	0	0	0	0	0	0	0	0	0	0	0	0	0	0	0	0	0	0	0	0	0	0	0	0	0	0	0	0	0	0	0	0	0	0	0	0	0	0	0	0	0
0	0	0	0	0	0	0	0	0	0	0	0	0	0	0	0	0	0	0	0	0	0	0	0	0	0	0	0	0	0	0	0	0	0	0	0	0	0	0	0	0	0	0	0	0	0	0	0	0	0	0	0	0	0	0	0	0	0	0	0	0	0	0	0	0	0	0	0	0	0	0	0	0	0
0	0	0	0	0	0	0	0	0	0	0	0	0	0	0	0	0	0	0	0	0	0	0	0	0	0	0	0	0	0	0	0	0	0	0	0	0	0	0	0	0	0	0	0	0	0	0	0	0	0	0	0	0	0	0	0	0	0	0	0	0	0	0	0	0	0	0	0	0	0	0	0	0	0
0	0	0	0	0	0	0	0	0	0	0	0	0	0	0	0	0	0	0	0	0	0	0	0	0	0	0	0	0	0	0	0	0	35	0	0	0	0	0	0	0	0	0	0	0	0	70	0	0	0	0	0	0	0	0	0	0	62	0	0	0	0	0	0	0	0	0	0	0	0	0	0	0	0
0	0	0	0	0	0	0	0	0	0	0	0	0	0	0	0	0	0	0	0	0	0	0	0	0	0	0	0	0	0	0	0	0	0	0	0	0	0	0	0	0	0	0	0	0	0	0	0	0	0	0	0	0	0	0	0	0	0	0	0	0	0	0	0	0	0	0	0	0	0	0	0	0	0
0	1	0	0	0	0	0	202	9	1	0	0	111	2	0	0	178	1	3	132	208	2	0	0	0	107	0	0	0	0	0	0	0	1	22	0	0	0	12	4	1	0	0	0	23	0	0	0	0	0	0	62	1	0	3	22	1	0	8	14	0	0	0	0	0	0	1	0	0	0	8	1	1	4
0	67	0	0	0	0	0	4	3	0	0	0	110	0	0	0	16	1	0	2	64	0	0	0	0	3	0	0	0	0	35	0	1	0	0	0	0	0	0	0	0	0	0	0	0	0	0	0	0	0	0	13	0	0	0	0	0	129	2	18	0	0	0	0	0	0	0	0	0	0	0	0	68	0
14	0	0	0	0	0	0	10	18	0	0	0	1	1	0	1	70	2	5	35	5	4	0	96	7	11	0	0	0	0	0	0	22	0	0	0	0	0	2	2	0	3	0	0	30	0	3	0	0	0	0	83	0	0	3	4	4	92	172	33	0	0	0	3	0	0	3	2	0	0	2	0	0	0
0	18	0	0	0	0	0	0	1	146	0	0	1	0	132	0	0	23	0	0	0	0	0	0	0	0	59	0	0	0	0	0	0	0	0	0	0	0	0	0	54	0	0	0	5	0	0	242	0	0	0	0	0	0	0	0	1	0	0	0	0	1	0	1	0	0	0	0	2	0	0	18	17	0
0	0	0	0	0	0	0	0	0	0	0	0	0	0	0	0	0	0	0	0	0	0	0	0	0	0	0	0	0	0	0	0	0	0	0	0	0	0	0	0	0	0	0	0	0	0	0	0	0	0	0	0	0	0	0	0	0	0	0	0	0	0	0	0	0	0	0	0	0	0	0	0	0	0
0	0	0	0	0	0	0	0	0	0	0	0	0	0	0	0	0	0	0	0	0	0	0	0	0	0	0	0	0	0	0	0	0	0	0	0	0	0	0	0	0	0	0	0	0	0	0	0	0	0	0	0	0	0	0	0	0	0	0	0	0	0	0	0	0	0	0	0	0	0	0	0	0	0
1	2	0	0	0	0	0	80	0	0	0	0	69	0	0	0	105	1	2	76	102	0	0	0	0	82	1	0	0	0	0	0	12	0	2	0	0	0	0	0	0	0	0	0	1	0	0	0	0	0	0	26	0	0	1	0	0	0	0	0	0	0	0	0	0	0	0	0	0	0	0	0	0	0
0	84	0	0	0	0	0	181	0	0	0	0	133	0	0	0	107	0	2	136	190	0	0	0	3	103	0	0	0	0	0	0	4	0	2	0	0	0	0	0	0	0	0	0	17	0	0	0	0	0	0	44	0	0	2	3	3	0	0	35	0	0	0	1	0	0	0	0	0	0	0	0	0	0
0	0	11	0	0	0	16	0	0	74	0	0	0	0	27	0	0	5	0	0	0	0	0	0	0	0	57	0	0	0	0	0	1	0	0	54	0	0	0	0	0	0	0	49	1	0	0	287	0	1	0	0	0	0	0	0	0	0	0	0	0	2	0	0	0	7	0	0	0	0	0	0	0	0
0	0	2	0	0	0	0	0	6	59	0	0	0	0	64	0	0	16	5	4	1	0	0	0	0	0	0	0	0	0	0	0	0	0	3	0	0	0	0	0	0	0	0	1	8	0	0	7	0	1	0	0	0	0	0	0	1	88	177	1	0	1	0	22	0	0	0	0	2	0	0	0	22	0
0	0	0	0	0	0	0	0	0	0	0	0	0	0	0	0	0	0	0	0	0	0	0	0	0	0	0	0	0	0	0	0	0	0	0	0	0	0	0	0	0	0	0	0	0	0	0	0	0	0	0	0	0	0	0	0	0	0	0	0	0	0	0	0	0	0	0	0	0	0	0	0	0	0
0	0	0	0	0	0	0	0	1	135	0	0	0	0	48	0	0	23	28	0	0	0	0	0	0	0	0	0	0	0	0	0	0	0	0	0	0	0	0	0	49	1	0	0	14	0	0	240	0	0	0	0	0	0	0	0	30	97	4	1	0	1	0	0	0	0	0	0	2	0	0	0	4	0
9	4	7	0	1	0	10	0	11	4	0	0	1	12	3	0	50	60	34	32	20	102	0	246	137	6	0	0	0	0	0	0	23	0	30	5	0	0	1	17	1	8	0	14	0	0	13	0	0	4	0	105	116	0	158	21	133	2	2	1	0	0	0	25	0	0	28	9	0	7	1	10	3	14
0	83	0	0	0	0	0	0	0	0	0	0	85	0	0	0	8	0	0	2	49	0	0	0	0	2	0	0	0	0	0	0	0	0	0	0	0	0	0	0	0	0	0	0	0	0	0	0	0	0	0	34	0	0	0	0	0	83	0	0	0	0	0	0	0	0	0	0	0	0	0	0	64	0
0	0	0	0	0	0	0	0	5	0	0	0	0	16	47	0	0	2	0	2	0	0	0	0	0	0	2	0	0	0	70	0	0	0	3	0	0	0	0	0	0	0	0	0	13	0	0	0	0	0	0	0	0	0	0	0	0	0	70	0	0	2	0	11	0	0	0	0	0	0	0	0	1	0
0	0	104	0	0	0	0	0	1	296	0	0	0	0	111	0	0	29	75	0	0	0	0	0	0	0	63	0	0	0	0	0	0	0	0	242	0	0	0	0	287	7	0	240	0	0	0	0	0	2	0	0	125	0	0	0	178	0	0	0	0	0	0	0	0	55	0	0	0	136	1	0	1	0
0	0	0	0	0	0	0	0	0	0	0	0	0	0	0	0	0	0	0	0	0	0	0	0	0	0	0	0	0	0	0	0	0	0	0	0	0	0	0	0	0	0	0	0	0	0	0	0	0	0	0	0	0	0	0	0	0	0	0	0	0	0	0	0	0	0	0	0	0	0	0	0	0	0
0	0	0	0	0	0	0	0	2	0	0	0	0	2	7	0	0	110	0	0	0	0	0	0	0	0	0	0	0	0	0	0	0	0	0	0	0	0	0	0	1	1	0	0	4	0	0	2	0	0	0	0	0	0	0	0	1	4	0	0	0	2	0	2	0	0	0	0	0	0	0	0	0	0
0	0	0	0	0	0	0	0	0	0	0	0	0	0	0	0	0	0	0	0	0	0	0	0	0	0	0	0	0	0	0	0	0	0	0	0	0	0	0	0	0	0	0	0	0	0	0	0	0	0	0	0	0	0	0	0	0	0	0	0	0	0	0	0	0	0	0	0	0	0	0	0	0	0
1	0	0	0	0	0	33	1	0	0	0	0	13	0	0	0	270	1	28	13	105	50	0	0	14	56	0	0	0	0	0	0	62	13	83	0	0	0	26	44	0	0	0	0	105	34	0	0	0	0	0	0	0	0	53	68	21	139	0	31	0	0	0	0	0	0	114	22	0	20	5	1	1	0
0	0	0	0	0	0	0	0	1	133	0	0	0	0	10	0	0	12	38	1	0	0	0	182	41	0	0	0	0	0	0	0	1	0	0	0	0	0	0	0	0	0	0	0	116	0	0	125	0	0	0	0	0	0	53	0	87	0	0	0	0	0	0	0	0	0	0	0	0	0	0	0	0	0
0	0	0	0	0	0	0	0	0	0	0	0	0	0	0	0	0	0	0	0	0	0	0	0	0	0	0	0	0	0	0	0	0	0	0	0	0	0	0	0	0	0	0	0	0	0	0	0	0	0	0	0	0	0	0	0	0	0	0	0	0	0	0	0	0	0	0	0	0	0	0	0	0	0
12	6	0	0	0	0	0	0	0	13	0	0	7	0	18	0	86	0	1	12	37	77	0	248	140	68	0	0	0	0	0	0	3	0	3	0	0	0	1	2	0	0	0	0	158	0	0	0	0	0	0	53	53	0	0	75	1	11	6	21	0	0	0	0	0	0	4	76	0	0	1	0	1	0
0	0	0	0	0	0	0	114	9	1	0	0	11	0	0	0	12	0	4	50	15	1	0	239	90	5	0	0	0	0	0	0	22	0	4	0	0	0	0	3	0	0	0	0	21	0	0	0	0	0	0	68	0	0	75	0	49	0	71	66	0	0	0	0	0	0	0	1	0	1	1	0	1	0
0	27	52	0	0	0	2	5	13	172	0	0	17	1	14	0	6	36	46	9	0	0	0	25	23	6	0	0	0	0	0	0	1	0	4	1	0	0	0	3	0	1	0	30	133	0	0	178	0	1	0	21	87	0	1	49	0	34	35	22	0	0	0	1	0	2	6	2	0	86	5	8	13	7
0	0	0	0	0	0	0	0	0	0	0	0	1	0	0	0	7	2	54	0	1	1	0	0	0	4	0	0	0	0	62	0	0	129	92	0	0	0	0	0	0	88	0	97	2	83	0	0	0	4	0	139	0	0	11	0	34	0	0	48	0	0	0	0	0	0	102	18	6	0	5	0	0	23
0	0	26	0	0	0	0	81	23	3	0	0	46	0	27	0	3	0	42	111	0	0	0	0	2	0	8	0	0	0	0	0	8	2	172	0	0	0	0	0	0	177	0	4	2	0	70	0	0	0	0	0	0	0	6	71	35	0	0	406	0	0	0	0	0	0	324	4	0	204	160	0	0	0
0	3	1	0	0	0	0	135	16	0	0	0	71	0	1	0	4	0	11	75	0	0	0	0	0	16	0	0	0	0	0	0	14	18	33	0	0	0	0	35	0	1	0	1	1	0	0	0	0	0	0	31	0	0	21	66	22	48	406	0	0	0	0	1	0	0	6	39	0	57	57	1	0	0
0	0	0	0	0	0	0	0	0	0	0	0	0	0	0	0	0	0	0	0	0	0	0	0	0	0	0	0	0	0	0	0	0	0	0	0	0	0	0	0	0	0	0	0	0	0	0	0	0	0	0	0	0	0	0	0	0	0	0	0	0	0	0	0	0	0	0	0	0	0	0	0	0	0
0	0	0	0	0	0	0	1	0	8	0	0	0	15	18	6	0	6	0	0	0	0	0	0	0	1	0	0	0	0	0	0	0	0	0	1	0	0	0	0	2	1	0	1	0	0	2	0	0	2	0	0	0	0	0	0	0	0	0	0	0	0	0	0	0	0	0	0	9	0	0	0	0	5
0	0	0	0	0	0	0	0	0	0	0	0	0	0	0	0	0	0	0	0	0	0	0	0	0	0	0	0	0	0	0	0	0	0	0	0	0	0	0	0	0	0	0	0	0	0	0	0	0	0	0	0	0	0	0	0	0	0	0	0	0	0	0	0	0	0	0	0	0	0	0	0	0	0
0	0	2	0	0	0	0	1	3	1	0	0	2	23	5	20	0	7	0	8	0	0	0	0	0	0	0	0	0	0	0	0	0	0	3	1	0	0	0	1	0	22	0	0	25	0	11	0	0	2	0	0	0	0	0	0	1	0	0	1	0	0	0	0	0	0	0	1	2	0	3	0	43	1
0	0	0	0	0	0	0	0	0	0	0	0	0	0	0	0	0	0	0	0	0	0	0	0	0	0	0	0	0	0	0	0	0	0	0	0	0	0	0	0	0	0	0	0	0	0	0	0	0	0	0	0	0	0	0	0	0	0	0	0	0	0	0	0	0	0	0	0	0	0	0	0	0	0
0	0	0	0	0	0	0	0	0	24	0	0	1	0	1	0	0	0	0	0	0	0	0	0	0	1	31	0	0	0	0	0	0	0	0	0	0	0	0	0	7	0	0	0	0	0	0	55	0	0	0	0	0	0	0	0	2	0	0	0	0	0	0	0	0	0	0	0	0	0	0	0	0	0
1	0	0	0	0	0	0	0	5	0	0	0	0	0	0	0	17	2	0	13	0	2	0	0	0	43	0	0	0	0	0	0	1	0	3	0	0	0	0	0	0	0	0	0	28	0	0	0	0	0	0	114	0	0	4	0	6	102	324	6	0	0	0	0	0	0	0	0	0	2	2	0	1	0
18	1	0	0	0	0	0	1	2	24	0	0	2	0	41	0	42	1	26	4	19	5	0	312	74	58	0	0	0	0	0	0	0	0	2	0	0	0	0	0	0	0	0	0	9	0	0	0	0	0	0	22	0	0	76	1	2	18	4	39	0	0	0	1	0	0	0	0	0	0	0	0	0	0
0	5	0	0	0	0	0	0	0	7	0	0	0	1	61	0	0	25	0	0	0	0	0	0	0	0	0	0	0	0	0	0	0	0	0	2	0	0	0	0	0	2	0	2	0	0	0	0	0	0	0	0	0	0	0	0	0	6	0	0	0	9	0	2	0	0	0	0	0	0	0	0	29	0
1	0	0	0	0	0	0	16	21	112	0	0	11	0	3	0	6	0	2	59	2	2	0	46	0	23	0	0	0	0	0	0	0	0	0	0	0	0	0	0	0	0	0	0	7	0	0	136	0	0	0	20	0	0	0	1	86	0	204	57	0	0	0	0	0	0	2	0	0	0	0	0	0	0
1	7	0	0	0	0	0	188	14	2	0	0	124	8	1	0	76	0	2	201	128	1	0	2	1	136	0	0	0	0	0	0	8	0	2	0	0	0	0	0	0	0	0	0	1	0	0	1	0	0	0	5	0	0	1	1	5	5	160	57	0	0	0	3	0	0	2	0	0	0	0	0	0	0
0	1	0	0	0	0	5	0	9	0	0	0	0	20	7	0	0	32	0	0	0	0	0	0	0	0	0	0	0	0	0	0	1	0	0	18	0	0	0	0	0	0	0	0	10	0	0	0	0	0	0	1	0	0	0	0	8	0	0	1	0	0	0	0	0	0	0	0	0	0	0	0	0	0
0	128	2	1	2	0	0	0	0	0	0	0	5	4	5	53	1	5	0	0	0	0	0	0	0	0	2	0	0	0	0	0	1	68	0	17	0	0	0	0	0	22	0	4	3	64	1	1	0	0	0	1	0	0	1	1	13	0	0	0	0	0	0	43	0	0	1	0	29	0	0	0	0	0
0	0	0	0	0	0	0	0	11	0	0	0	0	0	0	0	13	7	22	0	7	1	0	2	0	0	0	0	0	0	0	0	4	0	0	0	0	0	0	0	0	0	0	0	14	0	0	0	0	0	0	0	0	0	0	0	7	23	0	0	0	5	0	1	0	0	0	0	0	0	0	0	0	0
