0	0	0	0	0	0	0	0	0	12	0	0	0	0	0	0	0	0	0	0	0	19	0	129	0	3	0	0	0	0	2	0	0	0	0	0	0	0	1	0	0	0	0	0	0	0	0	0	0	0	0	1	0	0	6	0	0	0	0	0	1	0	0	0	0	0	4	2	0	0	0	0	0	0
0	0	1	0	8	0	0	0	0	0	0	0	7	0	0	0	0	2	4	3	0	0	2	0	0	0	0	16	10	0	0	0	0	1	13	1	0	0	0	7	5	1	0	8	0	0	0	0	3	0	0	0	0	0	1	1	0	11	11	0	0	5	0	0	0	0	10	0	0	0	2	0	0	0
0	1	0	0	0	0	0	0	0	51	0	0	0	0	16	0	0	0	0	9	0	0	0	0	0	0	0	0	0	0	0	0	0	9	0	0	5	0	0	0	1	0	0	0	0	14	0	0	0	0	0	0	0	0	0	0	0	0	0	0	0	0	0	0	0	0	0	0	0	0	0	1	0	1
0	0	0	0	0	0	0	0	0	0	0	0	0	0	0	0	0	0	0	0	0	0	0	0	0	0	0	0	0	35	0	0	0	0	0	0	0	0	0	0	0	0	0	0	0	0	0	0	0	0	0	0	0	0	0	0	0	0	0	0	0	0	0	0	0	52	0	0	0	0	0	0	0	0
0	8	0	0	0	0	0	0	0	0	0	0	39	0	0	0	0	0	0	22	0	0	0	0	0	7	0	0	0	0	0	0	34	8	0	0	0	0	0	0	0	0	0	0	0	19	0	2	0	0	0	0	0	0	0	0	0	0	0	0	0	0	0	0	0	0	0	0	0	0	0	8	0	2
0	0	0	0	0	0	0	0	0	0	0	0	0	0	0	0	0	0	0	0	0	0	0	0	0	0	0	0	0	0	0	0	0	0	0	0	0	0	0	0	0	0	0	0	0	0	0	0	0	0	0	0	0	0	0	0	0	0	0	0	0	0	0	0	0	0	0	0	0	0	0	0	0	0
0	0	0	0	0	0	0	0	0	0	0	0	0	0	0	0	0	0	0	0	0	0	0	0	0	0	0	0	0	0	0	0	0	0	0	0	0	0	0	0	0	0	0	0	0	0	0	0	0	0	0	0	0	0	0	0	0	0	0	0	0	0	0	0	0	0	0	0	0	0	0	0	0	0
0	0	0	0	0	0	0	0	0	0	0	0	0	0	0	0	0	0	0	0	0	0	0	0	0	0	0	0	0	0	0	0	0	0	0	0	0	0	0	0	0	0	0	0	0	0	0	0	0	0	0	0	0	0	0	0	0	0	0	0	0	0	0	0	0	0	0	0	0	0	0	0	0	0
0	0	0	0	0	0	0	0	0	0	0	0	0	0	0	0	0	0	0	0	0	0	0	0	0	0	0	0	0	0	0	0	0	0	0	0	0	0	0	0	0	0	0	0	0	0	0	0	0	0	0	0	0	0	0	0	0	0	0	0	0	0	0	0	0	0	0	0	0	0	0	0	0	0
12	0	51	0	0	0	0	0	0	0	0	0	0	0	58	0	0	0	9	0	0	0	0	0	0	0	0	0	0	0	12	0	0	0	0	56	0	0	0	2	16	36	0	86	0	0	0	0	37	0	0	0	90	0	0	0	92	0	0	0	0	0	0	0	0	54	10	1	0	17	0	1	0	0
0	0	0	0	0	0	0	0	0	0	0	0	0	0	0	0	0	0	0	0	0	0	0	0	0	0	0	0	0	0	0	0	0	0	0	0	0	0	0	0	0	0	0	0	0	0	0	0	0	0	0	0	0	0	0	0	0	0	0	0	0	0	0	0	0	0	0	0	0	0	0	0	0	0
0	0	0	0	0	0	0	0	0	0	0	0	0	0	0	0	0	0	0	0	0	0	0	0	0	0	0	0	0	0	0	0	0	0	0	0	0	0	0	0	0	0	0	0	0	0	0	0	0	0	0	0	0	0	0	0	0	0	0	0	0	0	0	0	0	0	0	0	0	0	0	0	0	0
0	7	0	0	39	0	0	0	0	0	0	0	0	0	0	0	0	0	10	21	0	0	1	0	0	1	0	26	8	0	0	0	30	29	0	0	0	0	7	15	0	0	0	0	0	48	0	2	0	0	0	0	0	0	0	0	12	1	0	0	0	0	0	0	0	0	0	0	0	0	0	9	0	1
0	0	0	0	0	0	0	0	0	0	0	0	0	0	0	0	0	0	0	0	0	0	0	0	0	0	0	0	0	0	0	0	0	0	0	0	0	0	0	0	0	0	0	0	0	0	0	0	0	0	0	0	0	0	0	0	0	0	0	0	0	0	0	0	0	0	0	0	0	0	0	0	0	0
0	0	16	0	0	0	0	0	0	58	0	0	0	0	0	0	0	0	0	0	0	0	0	0	0	0	0	0	0	0	0	0	0	0	0	28	0	0	0	0	0	34	0	30	0	0	0	0	30	0	0	0	21	0	0	0	22	0	11	0	0	0	0	0	0	0	0	0	0	0	0	0	0	0
0	0	0	0	0	0	0	0	0	0	0	0	0	0	0	0	0	0	0	0	0	0	0	0	0	0	0	0	0	0	0	0	0	0	0	0	0	0	0	0	0	0	0	0	0	0	0	0	0	0	0	0	0	0	0	0	0	0	0	0	0	0	0	0	0	0	0	0	0	0	0	0	0	0
0	0	0	0	0	0	0	0	0	0	0	0	0	0	0	0	0	0	0	2	0	0	0	0	0	10	0	0	0	0	4	0	1	0	0	0	0	0	62	0	0	0	0	0	0	0	0	0	0	0	0	0	0	0	0	0	0	0	0	0	0	0	0	0	0	0	0	0	0	0	0	0	0	1
0	2	0	0	0	0	0	0	0	0	0	0	0	0	0	0	0	0	0	0	0	0	0	0	0	0	0	0	0	0	2	0	0	3	0	1	0	0	0	0	0	7	0	6	0	1	0	0	0	23	0	0	0	0	0	0	0	0	0	0	0	1	0	0	0	1	0	0	3	0	0	2	0	0
0	4	0	0	0	0	0	0	0	9	0	0	10	0	0	0	0	0	0	55	4	0	0	0	0	37	0	2	5	0	0	0	289	2	7	0	0	0	6	4	0	2	0	0	0	34	0	0	2	0	0	0	2	0	0	26	4	0	2	0	0	0	0	0	0	0	0	4	0	0	2	4	0	0
0	3	9	0	22	0	0	0	0	0	0	0	21	0	0	0	2	0	55	0	96	1	25	0	0	10	0	40	25	0	8	0	177	18	47	0	0	0	160	97	2	0	0	0	0	0	0	1	40	0	0	0	0	0	9	8	33	19	3	0	1	1	0	0	0	0	4	13	1	0	151	8	0	1
0	0	0	0	0	0	0	0	0	0	0	0	0	0	0	0	0	0	4	96	0	0	0	0	0	48	0	0	0	0	0	0	265	0	0	0	0	0	83	0	0	0	0	0	3	5	0	0	0	0	0	0	0	0	0	0	0	0	0	0	0	0	0	0	0	0	0	0	0	0	0	0	0	0
19	0	0	0	0	0	0	0	0	0	0	0	0	0	0	0	0	0	0	1	0	0	0	197	0	10	0	0	0	0	90	0	0	0	0	0	0	0	0	0	0	0	0	0	19	0	0	0	0	0	0	1	0	0	0	0	0	0	0	0	0	0	0	0	0	0	0	0	0	0	0	0	0	5
0	2	0	0	0	0	0	0	0	0	0	0	1	0	0	0	0	0	0	25	0	0	0	139	0	2	0	0	1	0	0	0	11	1	0	0	0	0	0	0	0	0	0	0	0	0	0	0	0	0	0	0	0	0	0	0	0	0	0	0	0	0	0	0	0	0	0	0	0	0	0	2	0	6
129	0	0	0	0	0	0	0	0	0	0	0	0	0	0	0	0	0	0	0	0	197	139	0	105	1	0	0	6	0	0	0	0	0	0	0	0	0	0	0	0	0	0	0	160	0	0	0	0	0	0	1	79	0	145	22	18	0	0	0	0	0	0	0	0	0	0	175	0	0	0	0	0	0
0	0	0	0	0	0	0	0	0	0	0	0	0	0	0	0	0	0	0	0	0	0	0	105	0	0	0	0	0	0	0	0	0	0	0	0	0	0	0	0	0	0	0	0	0	0	0	0	0	0	0	0	0	0	0	0	0	0	0	0	0	0	0	0	0	0	0	0	0	0	0	0	0	0
3	0	0	0	7	0	0	0	0	0	0	0	1	0	0	0	10	0	37	10	48	10	2	1	0	0	0	16	10	0	0	0	6	0	27	0	0	0	42	20	0	0	0	0	0	0	0	0	2	0	0	0	10	0	31	1	2	10	0	0	0	0	0	0	0	0	7	34	0	1	5	0	0	0
0	0	0	0	0	0	0	0	0	0	0	0	0	0	0	0	0	0	0	0	0	0	0	0	0	0	0	0	0	0	0	0	0	0	0	0	0	0	0	0	0	0	0	0	0	0	0	0	0	0	0	0	0	0	0	0	0	0	0	0	0	0	0	0	0	0	0	0	0	0	0	0	0	0
0	16	0	0	0	0	0	0	0	0	0	0	26	0	0	0	0	0	2	40	0	0	0	0	0	16	0	0	0	0	0	0	1	8	0	0	0	0	0	0	0	0	0	0	0	46	0	4	0	0	0	0	0	0	0	0	0	0	0	0	0	0	0	0	0	0	1	0	0	0	0	16	0	2
0	10	0	0	0	0	0	0	0	0	0	0	8	0	0	0	0	0	5	25	0	0	1	6	0	10	0	0	0	0	0	0	151	2	2	0	0	0	6	3	0	0	0	0	0	0	0	0	0	0	0	0	0	0	0	0	0	1	2	0	0	0	0	0	0	0	1	0	0	0	0	10	0	1
0	0	0	35	0	0	0	0	0	0	0	0	0	0	0	0	0	0	0	0	0	0	0	0	0	0	0	0	0	0	0	0	0	0	0	217	0	0	0	0	83	0	0	0	0	6	0	0	111	0	0	0	0	0	0	0	0	0	0	0	0	0	0	0	0	269	0	0	0	0	0	0	0	0
2	0	0	0	0	0	0	0	0	12	0	0	0	0	0	0	4	2	0	8	0	90	0	0	0	0	0	0	0	0	0	0	0	0	0	0	0	0	0	2	0	0	0	56	69	0	0	0	0	0	27	0	178	0	16	0	40	2	0	0	0	0	0	0	0	0	18	4	0	30	0	0	0	78
0	0	0	0	0	0	0	0	0	0	0	0	0	0	0	0	0	0	0	0	0	0	0	0	0	0	0	0	0	0	0	0	0	0	0	0	0	0	0	0	0	0	0	0	0	0	0	0	0	0	0	0	0	0	0	0	0	0	0	0	0	1	0	1	0	0	0	0	1	0	0	2	0	0
0	0	0	0	34	0	0	0	0	0	0	0	30	0	0	0	1	0	289	177	265	0	11	0	0	6	0	1	151	0	0	0	0	2	38	0	0	0	225	194	7	0	0	7	0	0	0	0	81	47	0	0	0	0	8	0	2	13	0	0	0	7	0	0	0	0	0	0	0	0	365	0	0	0
0	1	9	0	8	0	0	0	0	0	0	0	29	0	0	0	0	3	2	18	0	0	1	0	0	0	0	8	2	0	0	0	2	0	0	0	0	0	1	1	6	1	0	7	0	9	0	0	0	0	0	0	0	0	3	0	1	7	0	0	0	9	0	0	0	0	2	0	0	0	0	1	0	1
0	13	0	0	0	0	0	0	0	0	0	0	0	0	0	0	0	0	7	47	0	0	0	0	0	27	0	0	2	0	0	0	38	0	0	0	0	0	1	0	0	0	0	0	0	0	0	0	0	0	0	0	0	0	0	0	1	0	0	0	0	0	0	0	0	0	3	0	0	1	0	13	0	1
0	1	0	0	0	0	0	0	0	56	0	0	0	0	28	0	0	1	0	0	0	0	0	0	0	0	0	0	0	217	0	0	0	0	0	0	0	0	0	0	0	0	0	6	0	0	0	4	0	0	0	0	0	0	0	0	0	0	0	0	0	0	0	0	0	100	0	0	0	0	0	1	0	0
0	0	5	0	0	0	0	0	0	0	0	0	0	0	0	0	0	0	0	0	0	0	0	0	0	0	0	0	0	0	0	0	0	0	0	0	0	0	0	0	5	0	0	1	0	0	0	0	0	0	0	0	0	0	0	0	0	0	0	0	5	5	0	0	0	0	0	0	0	0	0	5	0	0
0	0	0	0	0	0	0	0	0	0	0	0	0	0	0	0	0	0	0	0	0	0	0	0	0	0	0	0	0	0	0	0	0	0	0	0	0	0	0	0	0	0	0	0	0	0	0	0	0	0	0	0	0	0	0	0	0	0	0	0	0	0	0	0	0	0	0	0	0	0	0	0	0	0
1	0	0	0	0	0	0	0	0	0	0	0	7	0	0	0	62	0	6	160	83	0	0	0	0	42	0	0	6	0	0	0	225	1	1	0	0	0	0	25	4	0	0	0	0	18	0	0	0	0	0	0	0	0	47	0	0	0	0	0	0	0	0	0	0	1	0	2	0	0	62	0	0	2
0	7	0	0	0	0	0	0	0	2	0	0	15	0	0	0	0	0	4	97	0	0	0	0	0	20	0	0	3	0	2	0	194	1	0	0	0	0	25	0	0	0	0	0	1	17	0	0	0	0	0	0	0	0	0	0	0	0	0	0	0	0	0	0	0	0	0	0	0	0	0	7	0	1
0	5	1	0	0	0	0	0	0	16	0	0	0	0	0	0	0	0	0	2	0	0	0	0	0	0	0	0	0	83	0	0	7	6	0	0	5	0	4	0	0	0	0	0	2	20	0	0	0	0	0	0	0	0	0	0	0	0	0	0	1	0	0	0	0	7	0	0	0	0	0	5	0	0
0	1	0	0	0	0	0	0	0	36	0	0	0	0	34	0	0	7	2	0	0	0	0	0	0	0	0	0	0	0	0	0	0	1	0	0	0	0	0	0	0	0	0	0	0	5	0	0	0	0	0	0	0	0	0	0	0	0	0	0	0	0	0	0	0	1	0	0	0	0	0	1	0	0
0	0	0	0	0	0	0	0	0	0	0	0	0	0	0	0	0	0	0	0	0	0	0	0	0	0	0	0	0	0	0	0	0	0	0	0	0	0	0	0	0	0	0	0	0	0	0	0	0	0	0	0	0	0	0	0	0	0	0	0	0	0	0	0	0	0	0	0	0	0	0	0	0	0
0	8	0	0	0	0	0	0	0	86	0	0	0	0	30	0	0	6	0	0	0	0	0	0	0	0	0	0	0	0	56	0	7	7	0	6	1	0	0	0	0	0	0	0	0	8	0	0	6	0	0	0	6	0	0	0	0	0	0	0	0	0	0	0	0	0	1	0	0	0	0	8	0	19
0	0	0	0	0	0	0	0	0	0	0	0	0	0	0	0	0	0	0	0	3	19	0	160	0	0	0	0	0	0	69	0	0	0	0	0	0	0	0	1	2	0	0	0	0	0	0	0	0	0	0	1	23	0	1	0	1	0	0	0	0	1	0	0	0	0	5	0	0	0	0	0	2	68
0	0	14	0	19	0	0	0	0	0	0	0	48	0	0	0	0	1	34	0	5	0	0	0	0	0	0	46	0	6	0	0	0	9	0	0	0	0	18	17	20	5	0	8	0	0	0	0	0	0	0	0	0	0	0	0	0	13	0	0	4	5	0	0	0	0	0	0	0	0	0	0	0	0
0	0	0	0	0	0	0	0	0	0	0	0	0	0	0	0	0	0	0	0	0	0	0	0	0	0	0	0	0	0	0	0	0	0	0	0	0	0	0	0	0	0	0	0	0	0	0	0	0	0	0	0	0	0	0	0	0	0	0	0	0	0	0	0	0	0	0	0	0	0	0	0	0	0
0	0	0	0	2	0	0	0	0	0	0	0	2	0	0	0	0	0	0	1	0	0	0	0	0	0	0	4	0	0	0	0	0	0	0	4	0	0	0	0	0	0	0	0	0	0	0	0	0	0	0	0	2	0	0	0	0	1	0	0	0	0	0	0	0	0	0	0	0	0	0	1	0	0
0	3	0	0	0	0	0	0	0	37	0	0	0	0	30	0	0	0	2	40	0	0	0	0	0	2	0	0	0	111	0	0	81	0	0	0	0	0	0	0	0	0	0	6	0	0	0	0	0	0	0	0	0	0	0	0	0	0	0	0	0	0	0	0	0	0	0	0	0	0	0	3	0	0
0	0	0	0	0	0	0	0	0	0	0	0	0	0	0	0	0	23	0	0	0	0	0	0	0	0	0	0	0	0	0	0	47	0	0	0	0	0	0	0	0	0	0	0	0	0	0	0	0	0	0	0	0	0	0	0	0	0	0	0	0	0	0	0	0	0	0	0	0	0	0	0	0	0
0	0	0	0	0	0	0	0	0	0	0	0	0	0	0	0	0	0	0	0	0	0	0	0	0	0	0	0	0	0	27	0	0	0	0	0	0	0	0	0	0	0	0	0	0	0	0	0	0	0	0	0	0	0	0	0	0	0	0	0	0	0	0	0	0	0	0	0	0	0	0	0	0	0
1	0	0	0	0	0	0	0	0	0	0	0	0	0	0	0	0	0	0	0	0	1	0	1	0	0	0	0	0	0	0	0	0	0	0	0	0	0	0	0	0	0	0	0	1	0	0	0	0	0	0	0	0	0	0	0	0	0	0	0	0	0	0	0	0	0	0	1	0	0	0	0	0	0
0	0	0	0	0	0	0	0	0	90	0	0	0	0	21	0	0	0	2	0	0	0	0	79	0	10	0	0	0	0	178	0	0	0	0	0	0	0	0	0	0	0	0	6	23	0	0	2	0	0	0	0	0	0	0	0	0	0	0	0	0	0	0	0	0	0	0	0	0	0	0	0	0	129
0	0	0	0	0	0	0	0	0	0	0	0	0	0	0	0	0	0	0	0	0	0	0	0	0	0	0	0	0	0	0	0	0	0	0	0	0	0	0	0	0	0	0	0	0	0	0	0	0	0	0	0	0	0	0	0	0	0	0	0	0	0	0	0	0	0	0	0	0	0	0	0	0	0
6	1	0	0	0	0	0	0	0	0	0	0	0	0	0	0	0	0	0	9	0	0	0	145	0	31	0	0	0	0	16	0	8	3	0	0	0	0	47	0	0	0	0	0	1	0	0	0	0	0	0	0	0	0	0	0	0	0	0	0	0	0	0	0	0	0	0	0	0	0	0	1	0	0
0	1	0	0	0	0	0	0	0	0	0	0	0	0	0	0	0	0	26	8	0	0	0	22	0	1	0	0	0	0	0	0	0	0	0	0	0	0	0	0	0	0	0	0	0	0	0	0	0	0	0	0	0	0	0	0	4	0	0	0	0	0	0	0	0	0	0	0	0	0	0	1	0	0
0	0	0	0	0	0	0	0	0	92	0	0	12	0	22	0	0	0	4	33	0	0	0	18	0	2	0	0	0	0	40	0	2	1	1	0	0	0	0	0	0	0	0	0	1	0	0	0	0	0	0	0	0	0	0	4	0	0	0	0	0	0	0	0	0	0	0	0	0	0	0	0	0	19
0	11	0	0	0	0	0	0	0	0	0	0	1	0	0	0	0	0	0	19	0	0	0	0	0	10	0	0	1	0	2	0	13	7	0	0	0	0	0	0	0	0	0	0	0	13	0	1	0	0	0	0	0	0	0	0	0	0	0	0	0	0	0	0	0	0	2	0	0	0	0	11	0	15
0	11	0	0	0	0	0	0	0	0	0	0	0	0	11	0	0	0	2	3	0	0	0	0	0	0	0	0	2	0	0	0	0	0	0	0	0	0	0	0	0	0	0	0	0	0	0	0	0	0	0	0	0	0	0	0	0	0	0	0	0	0	0	0	0	0	5	0	0	0	0	11	0	1
0	0	0	0	0	0	0	0	0	0	0	0	0	0	0	0	0	0	0	0	0	0	0	0	0	0	0	0	0	0	0	0	0	0	0	0	0	0	0	0	0	0	0	0	0	0	0	0	0	0	0	0	0	0	0	0	0	0	0	0	0	0	0	0	0	0	0	0	0	0	0	0	0	0
1	0	0	0	0	0	0	0	0	0	0	0	0	0	0	0	0	0	0	1	0	0	0	0	0	0	0	0	0	0	0	0	0	0	0	0	5	0	0	0	1	0	0	0	0	4	0	0	0	0	0	0	0	0	0	0	0	0	0	0	0	0	0	0	0	0	0	0	0	0	0	0	0	0
0	5	0	0	0	0	0	0	0	0	0	0	0	0	0	0	0	1	0	1	0	0	0	0	0	0	0	0	0	0	0	1	7	9	0	0	5	0	0	0	0	0	0	0	1	5	0	0	0	0	0	0	0	0	0	0	0	0	0	0	0	0	0	0	0	0	0	0	0	0	0	5	0	0
0	0	0	0	0	0	0	0	0	0	0	0	0	0	0	0	0	0	0	0	0	0	0	0	0	0	0	0	0	0	0	0	0	0	0	0	0	0	0	0	0	0	0	0	0	0	0	0	0	0	0	0	0	0	0	0	0	0	0	0	0	0	0	0	0	0	0	0	0	0	0	0	0	0
0	0	0	0	0	0	0	0	0	0	0	0	0	0	0	0	0	0	0	0	0	0	0	0	0	0	0	0	0	0	0	1	0	0	0	0	0	0	0	0	0	0	0	0	0	0	0	0	0	0	0	0	0	0	0	0	0	0	0	0	0	0	0	0	0	0	0	0	0	0	0	0	0	0
0	0	0	0	0	0	0	0	0	0	0	0	0	0	0	0	0	0	0	0	0	0	0	0	0	0	0	0	0	0	0	0	0	0	0	0	0	0	0	0	0	0	0	0	0	0	0	0	0	0	0	0	0	0	0	0	0	0	0	0	0	0	0	0	0	0	0	0	0	0	0	0	0	0
0	0	0	52	0	0	0	0	0	54	0	0	0	0	0	0	0	1	0	0	0	0	0	0	0	0	0	0	0	269	0	0	0	0	0	100	0	0	1	0	7	1	0	0	0	0	0	0	0	0	0	0	0	0	0	0	0	0	0	0	0	0	0	0	0	0	0	0	0	0	0	0	0	1
4	10	0	0	0	0	0	0	0	10	0	0	0	0	0	0	0	0	0	4	0	0	0	0	0	7	0	1	1	0	18	0	0	2	3	0	0	0	0	0	0	0	0	1	5	0	0	0	0	0	0	0	0	0	0	0	0	2	5	0	0	0	0	0	0	0	0	0	0	0	0	10	0	1
2	0	0	0	0	0	0	0	0	1	0	0	0	0	0	0	0	0	4	13	0	0	0	175	0	34	0	0	0	0	4	0	0	0	0	0	0	0	2	0	0	0	0	0	0	0	0	0	0	0	0	1	0	0	0	0	0	0	0	0	0	0	0	0	0	0	0	0	0	0	0	0	0	24
0	0	0	0	0	0	0	0	0	0	0	0	0	0	0	0	0	3	0	1	0	0	0	0	0	0	0	0	0	0	0	1	0	0	0	0	0	0	0	0	0	0	0	0	0	0	0	0	0	0	0	0	0	0	0	0	0	0	0	0	0	0	0	0	0	0	0	0	0	0	0	0	0	0
0	0	0	0	0	0	0	0	0	17	0	0	0	0	0	0	0	0	0	0	0	0	0	0	0	1	0	0	0	0	30	0	0	0	1	0	0	0	0	0	0	0	0	0	0	0	0	0	0	0	0	0	0	0	0	0	0	0	0	0	0	0	0	0	0	0	0	0	0	0	4	0	0	10
0	2	0	0	0	0	0	0	0	0	0	0	0	0	0	0	0	0	2	151	0	0	0	0	0	5	0	0	0	0	0	0	365	0	0	0	0	0	62	0	0	0	0	0	0	0	0	0	0	0	0	0	0	0	0	0	0	0	0	0	0	0	0	0	0	0	0	0	0	4	0	2	0	0
0	0	1	0	8	0	0	0	0	1	0	0	9	0	0	0	0	2	4	8	0	0	2	0	0	0	0	16	10	0	0	2	0	1	13	1	5	0	0	7	5	1	0	8	0	0	0	1	3	0	0	0	0	0	1	1	0	11	11	0	0	5	0	0	0	0	10	0	0	0	2	0	0	0
0	0	0	0	0	0	0	0	0	0	0	0	0	0	0	0	0	0	0	0	0	0	0	0	0	0	0	0	0	0	0	0	0	0	0	0	0	0	0	0	0	0	0	0	2	0	0	0	0	0	0	0	0	0	0	0	0	0	0	0	0	0	0	0	0	0	0	0	0	0	0	0	0	0
0	0	1	0	2	0	0	0	0	0	0	0	1	0	0	0	1	0	0	1	0	5	6	0	0	0	0	2	1	0	78	0	0	1	1	0	0	0	2	1	0	0	0	19	68	0	0	0	0	0	0	0	129	0	0	0	19	15	1	0	0	0	0	0	0	1	1	24	0	10	0	0	0	0
