0	0	0	0	0	0	0	0	0	0	0	0	0	2	0	0	2	0	0	0	0	4	0	0	0	1	0	0	0	0	2	0	0	1	0	0	0	0	0	0	2	0	0	0	0	1	0	0	0	1	0	0	0	0	2	0	0	1	0	0	0	0	0	0	0	0	0	5	0	0	0	0	0	2
0	0	0	0	0	0	0	0	0	0	0	0	0	0	0	0	0	0	0	0	0	0	0	0	0	0	0	0	0	0	0	0	0	0	0	0	0	0	0	0	0	0	0	0	0	0	0	0	0	0	0	0	0	0	0	0	0	0	0	0	0	0	0	0	0	0	0	0	0	0	0	0	0	0
0	0	0	0	0	0	0	0	0	70	0	0	0	58	5	0	0	0	0	1	0	0	0	0	0	0	0	0	0	0	0	24	0	0	0	0	0	0	0	0	0	0	0	0	0	17	0	22	0	0	0	0	0	0	0	0	43	0	0	0	0	0	0	0	0	26	0	0	0	0	0	0	0	0
0	0	0	0	0	0	0	0	0	4	0	0	0	0	0	0	0	0	0	0	0	0	0	0	0	0	0	0	0	0	0	0	0	2	0	0	0	0	0	0	0	0	0	0	0	0	0	0	0	0	0	0	0	0	0	0	0	0	0	0	0	0	0	0	0	70	0	0	0	0	0	0	0	0
0	0	0	0	0	0	0	0	0	0	4	0	5	0	1	0	0	0	0	0	0	0	0	0	0	0	0	0	0	0	0	82	0	10	0	0	0	0	0	0	0	0	0	0	0	34	0	0	0	0	0	0	0	0	0	0	0	0	0	0	0	0	0	0	0	0	0	0	0	0	0	0	0	0
0	0	0	0	0	0	0	0	0	0	0	0	0	0	0	0	0	0	0	0	0	0	0	0	0	0	0	0	0	0	0	0	0	0	0	0	0	0	0	0	0	0	0	0	0	0	0	0	0	0	0	0	0	0	0	0	0	0	0	0	0	0	0	0	0	0	0	0	0	0	0	0	0	0
0	0	0	0	0	0	0	0	0	0	0	0	0	0	0	0	0	0	0	0	0	0	0	0	0	0	0	0	0	0	0	0	0	0	0	0	0	0	0	0	0	0	0	0	0	0	0	0	0	0	0	0	0	0	0	0	0	0	0	0	0	0	0	0	0	0	0	0	0	0	0	0	0	0
0	0	0	0	0	0	0	0	0	0	0	0	102	3	0	0	57	0	2	65	0	0	0	0	0	12	0	0	0	0	0	37	2	0	0	0	0	0	0	0	0	0	0	0	0	1	0	0	0	0	0	0	0	0	0	0	0	3	0	0	0	0	0	0	0	0	0	0	0	0	3	0	0	0
0	0	0	0	0	0	0	0	0	0	0	0	0	0	0	0	0	0	0	0	0	0	0	0	0	0	0	0	0	0	0	0	0	0	0	0	0	0	0	0	0	0	0	0	0	0	0	0	0	1	0	0	0	0	0	0	0	0	0	0	0	0	0	0	0	0	0	0	0	0	0	0	0	0
0	0	70	4	0	0	0	0	0	0	0	0	1	15	13	0	7	22	33	14	0	0	0	0	0	0	0	0	0	4	6	0	3	2	4	53	0	0	0	0	73	78	0	173	11	18	0	49	0	0	0	0	143	0	10	0	155	5	0	0	5	13	0	0	0	55	0	12	0	142	24	10	0	0
0	0	0	0	4	0	0	0	0	0	0	0	0	0	0	0	0	0	0	0	0	0	0	0	0	0	0	0	0	0	0	0	0	0	0	0	0	0	0	0	0	0	0	0	0	0	0	0	0	0	0	0	0	0	0	0	0	0	0	0	6	4	0	0	0	0	0	0	0	0	0	0	0	0
0	0	0	0	0	0	0	0	0	0	0	0	0	0	0	0	0	0	0	0	0	0	0	0	0	0	0	0	0	0	0	0	0	0	0	0	0	0	0	0	0	0	0	0	0	0	0	0	0	0	0	0	0	0	0	0	0	0	0	0	0	0	0	0	0	0	0	0	0	0	0	0	0	0
0	0	0	0	5	0	0	102	0	1	0	0	0	2	0	0	1	2	11	22	44	0	0	0	0	9	0	0	0	0	0	0	79	108	2	0	0	0	0	0	32	2	0	0	3	91	0	0	0	0	0	0	0	0	0	3	0	9	5	0	4	4	0	9	0	0	1	0	0	8	13	6	0	1
2	0	58	0	0	0	0	3	0	15	0	0	2	0	1	0	0	0	0	1	2	0	0	0	2	0	0	0	3	0	0	43	0	17	2	0	0	0	0	0	0	1	0	0	0	19	0	0	0	1	0	0	0	0	0	2	0	0	0	0	179	153	0	3	0	0	0	0	0	0	0	7	10	0
0	0	5	0	1	0	0	0	0	13	0	0	0	1	0	0	2	3	2	0	0	0	0	0	0	0	0	0	1	0	3	0	0	0	1	0	0	0	0	0	0	5	0	16	0	0	0	0	0	0	0	0	0	0	1	0	0	2	0	0	2	1	0	0	0	2	0	23	0	2	0	0	0	0
0	0	0	0	0	0	0	0	0	0	0	0	0	0	0	0	0	0	0	0	0	0	0	0	0	0	0	0	0	0	0	0	0	0	0	0	0	0	0	0	0	0	0	0	0	2	0	0	0	0	0	0	0	0	0	0	0	0	0	0	0	0	0	0	0	0	0	0	0	0	0	0	0	0
2	0	0	0	0	0	0	57	0	7	0	0	1	0	2	0	0	7	12	14	91	6	0	0	0	87	0	0	5	0	93	0	77	18	7	0	0	0	0	0	7	3	0	0	15	29	0	0	0	0	0	0	0	0	22	1	0	115	0	0	18	0	0	0	0	7	28	49	0	0	18	18	0	0
0	0	0	0	0	0	0	0	0	22	0	0	2	0	3	0	7	0	0	2	0	0	0	0	0	0	0	0	0	0	0	0	0	0	0	0	0	0	0	0	0	0	0	14	0	8	0	12	0	0	0	0	0	0	0	0	0	2	0	0	0	0	0	0	0	0	0	0	0	0	0	0	0	1
0	0	0	0	0	0	0	2	0	33	0	0	11	0	2	0	12	0	0	18	0	0	0	0	0	8	0	0	4	0	0	0	6	0	2	0	0	0	0	0	0	0	0	4	0	0	0	3	0	0	0	0	2	0	0	3	82	39	2	0	0	0	0	0	0	0	0	0	0	4	2	0	0	70
0	0	1	0	0	0	0	65	0	14	0	0	22	1	0	0	14	2	18	0	38	0	0	0	2	41	0	0	5	0	12	0	75	12	12	0	0	0	0	0	4	1	0	0	40	45	0	0	0	0	0	0	17	0	23	7	4	13	10	0	17	32	0	0	0	20	5	28	0	13	107	22	0	0
0	0	0	0	0	0	0	0	0	0	0	0	44	2	0	0	91	0	0	38	0	0	0	0	0	108	0	0	0	0	6	0	1	1	0	0	0	0	0	0	0	0	0	0	0	5	0	0	0	0	0	0	0	0	0	1	0	1	0	0	0	0	0	0	0	0	0	0	0	0	2	0	0	0
4	0	0	0	0	0	0	0	0	0	0	0	0	0	0	0	6	0	0	0	0	0	0	0	0	4	0	0	2	0	30	0	0	1	0	0	0	0	0	0	0	0	0	0	0	0	0	0	0	0	0	0	0	0	0	0	0	48	0	0	0	0	0	0	0	0	0	0	0	0	0	0	0	0
0	0	0	0	0	0	0	0	0	0	0	0	0	0	0	0	0	0	0	0	0	0	0	0	0	0	0	0	0	0	0	0	0	0	0	0	0	0	0	0	0	0	0	0	0	0	0	0	0	0	0	0	0	0	0	1	0	0	0	0	0	0	0	0	0	0	0	0	0	0	0	0	0	0
0	0	0	0	0	0	0	0	0	0	0	0	0	0	0	0	0	0	0	0	0	0	0	0	0	0	0	0	0	0	0	0	0	0	0	0	0	0	0	0	0	0	0	0	0	0	0	0	0	0	0	0	0	0	0	0	0	0	0	0	0	0	0	0	0	0	0	0	0	0	0	0	0	0
0	0	0	0	0	0	0	0	0	0	0	0	0	2	0	0	0	0	0	2	0	0	0	0	0	0	0	0	0	0	0	0	0	0	0	0	0	0	0	0	0	0	0	0	0	1	0	0	0	0	0	0	0	0	0	0	0	0	0	0	0	0	0	0	0	0	0	0	0	0	0	0	0	0
1	0	0	0	0	0	0	12	0	0	0	0	9	0	0	0	87	0	8	41	108	4	0	0	0	0	0	0	1	0	0	0	87	1	2	0	0	0	0	0	0	0	0	0	0	0	0	0	0	0	0	0	0	0	4	11	0	1	0	0	0	0	0	0	0	0	1	6	0	0	1	0	0	0
0	0	0	0	0	0	0	0	0	0	0	0	0	0	0	0	0	0	0	0	0	0	0	0	0	0	0	0	0	0	0	0	0	0	0	0	0	0	0	0	0	0	0	0	0	0	0	0	0	0	0	0	0	0	0	0	0	0	0	0	0	0	0	0	0	0	0	0	0	0	0	0	0	0
0	0	0	0	0	0	0	0	0	0	0	0	0	0	0	0	0	0	0	0	0	0	0	0	0	0	0	0	0	0	0	0	0	0	0	0	0	0	0	0	0	0	0	0	0	0	0	0	0	0	0	0	0	0	0	0	0	0	0	0	0	0	0	0	0	0	0	0	0	0	0	0	0	0
0	0	0	0	0	0	0	0	0	0	0	0	0	3	1	0	5	0	4	5	0	2	0	0	0	1	0	0	0	0	2	0	0	4	3	0	0	0	0	0	0	0	0	0	0	0	0	0	0	0	0	0	0	0	0	1	0	61	0	0	0	0	0	0	0	0	2	0	0	0	0	0	0	3
0	0	0	0	0	0	0	0	0	4	0	0	0	0	0	0	0	0	0	0	0	0	0	0	0	0	0	0	0	0	0	0	0	2	0	0	0	0	0	0	0	0	0	0	0	0	0	6	0	0	0	0	0	0	0	2	0	0	0	0	0	0	0	0	0	70	0	0	0	0	0	0	0	0
2	0	0	0	0	0	0	0	0	6	0	0	0	0	3	0	93	0	0	12	6	30	0	0	0	0	0	0	2	0	0	0	6	11	0	0	0	0	0	0	0	0	0	88	8	0	0	0	0	0	6	0	262	0	116	0	177	83	0	0	0	0	0	0	0	0	20	2	0	126	0	0	0	120
0	0	24	0	82	0	0	37	0	0	0	0	0	43	0	0	0	0	0	0	0	0	0	0	0	0	0	0	0	0	0	0	0	29	0	0	0	0	0	0	0	0	0	0	0	0	0	0	0	0	0	0	0	0	0	0	0	0	2	0	0	30	0	82	0	0	0	0	0	0	0	0	0	0
0	0	0	0	0	0	0	2	0	3	0	0	79	0	0	0	77	0	6	75	1	0	0	0	0	87	0	0	0	0	6	0	0	0	3	0	0	0	0	0	0	0	0	0	0	1	0	0	0	0	0	0	0	0	0	1	2	8	4	0	0	0	0	0	0	0	0	0	0	0	1	0	0	0
1	0	0	2	10	0	0	0	0	2	0	0	108	17	0	0	18	0	0	12	1	1	0	0	0	1	0	0	4	2	11	29	0	0	5	0	0	0	0	0	2	0	0	7	0	113	0	0	0	0	0	0	0	0	0	0	0	20	5	0	3	0	0	0	0	3	6	5	0	0	0	0	0	2
0	0	0	0	0	0	0	0	0	4	0	0	2	2	1	0	7	0	2	12	0	0	0	0	0	2	0	0	3	0	0	0	3	5	0	0	0	0	0	0	0	0	0	0	0	23	0	0	0	0	0	0	0	0	0	0	6	52	0	0	0	0	0	0	0	0	0	0	0	0	0	0	0	1
0	0	0	0	0	0	0	0	0	53	0	0	0	0	0	0	0	0	0	0	0	0	0	0	0	0	0	0	0	0	0	0	0	0	0	0	0	0	0	0	0	0	0	0	0	0	0	18	0	0	0	0	0	0	0	0	10	0	0	0	0	0	0	0	0	59	0	0	0	0	0	0	0	0
0	0	0	0	0	0	0	0	0	0	0	0	0	0	0	0	0	0	0	0	0	0	0	0	0	0	0	0	0	0	0	0	0	0	0	0	0	0	0	0	0	0	0	0	0	0	0	0	0	0	0	0	0	0	0	0	0	0	0	0	0	0	0	0	0	0	0	0	0	0	0	0	0	0
0	0	0	0	0	0	0	0	0	0	0	0	0	0	0	0	0	0	0	0	0	0	0	0	0	0	0	0	0	0	0	0	0	0	0	0	0	0	0	0	0	0	0	0	0	0	0	0	0	0	0	0	0	0	0	0	0	0	0	0	0	0	0	0	0	0	0	0	0	0	0	0	0	0
0	0	0	0	0	0	0	0	0	0	0	0	0	0	0	0	0	0	0	0	0	0	0	0	0	0	0	0	0	0	0	0	0	0	0	0	0	0	0	0	0	0	0	0	0	0	0	0	0	0	0	0	0	0	0	0	0	0	0	0	0	0	0	0	0	0	0	0	0	0	0	0	0	0
0	0	0	0	0	0	0	0	0	0	0	0	0	0	0	0	0	0	0	0	0	0	0	0	0	0	0	0	0	0	0	0	0	0	0	0	0	0	0	0	0	0	0	0	0	0	0	0	0	0	0	0	0	0	0	0	0	0	0	0	0	0	0	0	0	0	0	0	0	0	0	0	0	0
2	0	0	0	0	0	0	0	0	73	0	0	32	0	0	0	7	0	0	4	0	0	0	0	0	0	0	0	0	0	0	0	0	2	0	0	0	0	0	0	0	0	0	0	0	0	0	24	0	0	0	0	0	0	0	0	1	0	0	0	0	0	0	0	0	70	0	0	0	0	0	0	0	0
0	0	0	0	0	0	0	0	0	78	0	0	2	1	5	0	3	0	0	1	0	0	0	0	0	0	0	0	0	0	0	0	0	0	0	0	0	0	0	0	0	0	0	0	0	1	0	0	0	0	0	0	0	0	0	0	1	44	8	0	0	0	0	0	0	0	0	0	0	0	0	0	0	0
0	0	0	0	0	0	0	0	0	0	0	0	0	0	0	0	0	0	0	0	0	0	0	0	0	0	0	0	0	0	0	0	0	0	0	0	0	0	0	0	0	0	0	0	0	0	0	0	0	0	0	0	0	0	0	0	0	0	0	0	0	0	0	0	0	0	0	0	0	0	0	0	0	0
0	0	0	0	0	0	0	0	0	173	0	0	0	0	16	0	0	14	4	0	0	0	0	0	0	0	0	0	0	0	88	0	0	7	0	0	0	0	0	0	0	0	0	0	0	1	0	54	0	0	0	0	24	0	0	0	24	49	0	0	0	0	0	0	0	0	0	0	0	0	0	0	0	40
0	0	0	0	0	0	0	0	0	11	0	0	3	0	0	0	15	0	0	40	0	0	0	0	0	0	0	0	0	0	8	0	0	0	0	0	0	0	0	0	0	0	0	0	0	28	0	0	0	0	0	0	0	0	0	3	0	4	0	0	0	0	0	0	0	0	0	0	0	0	0	0	0	0
1	0	17	0	34	0	0	1	0	18	0	0	91	19	0	2	29	8	0	45	5	0	0	0	1	0	0	0	0	0	0	0	1	113	23	0	0	0	0	0	0	1	0	1	28	0	0	0	0	0	0	0	1	0	14	7	0	28	1	0	82	73	0	0	0	14	1	11	0	0	9	17	1	0
0	0	0	0	0	0	0	0	0	0	0	0	0	0	0	0	0	0	0	0	0	0	0	0	0	0	0	0	0	0	0	0	0	0	0	0	0	0	0	0	0	0	0	0	0	0	0	0	0	0	0	0	0	0	0	0	0	0	0	0	0	0	0	0	0	0	0	0	0	0	0	0	0	0
0	0	22	0	0	0	0	0	0	49	0	0	0	0	0	0	0	12	3	0	0	0	0	0	0	0	0	0	0	6	0	0	0	0	0	18	0	0	0	0	24	0	0	54	0	0	0	0	0	0	0	0	11	0	0	0	18	0	0	0	0	0	0	0	0	18	0	0	0	41	0	0	0	0
0	0	0	0	0	0	0	0	0	0	0	0	0	0	0	0	0	0	0	0	0	0	0	0	0	0	0	0	0	0	0	0	0	0	0	0	0	0	0	0	0	0	0	0	0	0	0	0	0	0	0	0	0	0	0	0	0	0	0	0	0	0	0	0	0	0	0	0	0	0	0	0	0	0
1	0	0	0	0	0	0	0	1	0	0	0	0	1	0	0	0	0	0	0	0	0	0	0	0	0	0	0	0	0	0	0	0	0	0	0	0	0	0	0	0	0	0	0	0	0	0	0	0	0	0	0	0	0	0	0	0	0	0	0	0	0	0	0	0	0	0	0	0	0	0	0	0	0
0	0	0	0	0	0	0	0	0	0	0	0	0	0	0	0	0	0	0	0	0	0	0	0	0	0	0	0	0	0	6	0	0	0	0	0	0	0	0	0	0	0	0	0	0	0	0	0	0	0	0	0	0	0	0	0	0	0	0	0	0	0	0	0	0	0	0	0	0	0	0	0	0	0
0	0	0	0	0	0	0	0	0	0	0	0	0	0	0	0	0	0	0	0	0	0	0	0	0	0	0	0	0	0	0	0	0	0	0	0	0	0	0	0	0	0	0	0	0	0	0	0	0	0	0	0	0	0	0	0	0	0	0	0	0	0	0	0	0	0	0	0	0	0	0	0	0	0
0	0	0	0	0	0	0	0	0	143	0	0	0	0	0	0	0	0	2	17	0	0	0	0	0	0	0	0	0	0	262	0	0	0	0	0	0	0	0	0	0	0	0	24	0	1	0	11	0	0	0	0	0	0	0	0	94	33	0	0	0	0	0	0	0	0	0	0	0	0	0	0	0	132
0	0	0	0	0	0	0	0	0	0	0	0	0	0	0	0	0	0	0	0	0	0	0	0	0	0	0	0	0	0	0	0	0	0	0	0	0	0	0	0	0	0	0	0	0	0	0	0	0	0	0	0	0	0	0	0	0	0	0	0	0	0	0	0	0	0	0	0	0	0	0	0	0	0
2	0	0	0	0	0	0	0	0	10	0	0	0	0	1	0	22	0	0	23	0	0	0	0	0	4	0	0	0	0	116	0	0	0	0	0	0	0	0	0	0	0	0	0	0	14	0	0	0	0	0	0	0	0	0	0	1	6	0	0	0	0	0	0	0	0	0	0	0	0	0	0	0	0
0	0	0	0	0	0	0	0	0	0	0	0	3	2	0	0	1	0	3	7	1	0	1	0	0	11	0	0	1	2	0	0	1	0	0	0	0	0	0	0	0	0	0	0	3	7	0	0	0	0	0	0	0	0	0	0	38	0	0	0	3	3	0	0	0	0	0	1	0	1	0	1	0	0
0	0	43	0	0	0	0	0	0	155	0	0	0	0	0	0	0	0	82	4	0	0	0	0	0	0	0	0	0	0	177	0	2	0	6	10	0	0	0	0	1	1	0	24	0	0	0	18	0	0	0	0	94	0	1	38	0	2	81	0	0	0	0	0	0	67	0	0	0	98	0	0	0	40
1	0	0	0	0	0	0	3	0	5	0	0	9	0	2	0	115	2	39	13	1	48	0	0	0	1	0	0	61	0	83	0	8	20	52	0	0	0	0	0	0	44	0	49	4	28	0	0	0	0	0	0	33	0	6	0	2	0	88	0	7	0	0	0	0	3	78	72	0	1	40	4	0	22
0	0	0	0	0	0	0	0	0	0	0	0	5	0	0	0	0	0	2	10	0	0	0	0	0	0	0	0	0	0	0	2	4	5	0	0	0	0	0	0	0	8	0	0	0	1	0	0	0	0	0	0	0	0	0	0	81	88	0	0	0	0	0	0	0	0	16	0	0	20	5	0	0	0
0	0	0	0	0	0	0	0	0	0	0	0	0	0	0	0	0	0	0	0	0	0	0	0	0	0	0	0	0	0	0	0	0	0	0	0	0	0	0	0	0	0	0	0	0	0	0	0	0	0	0	0	0	0	0	0	0	0	0	0	0	0	0	0	0	0	0	0	0	0	0	0	0	0
0	0	0	0	0	0	0	0	0	5	6	0	4	179	2	0	18	0	0	17	0	0	0	0	0	0	0	0	0	0	0	0	0	3	0	0	0	0	0	0	0	0	0	0	0	82	0	0	0	0	0	0	0	0	0	3	0	7	0	0	0	0	0	0	0	0	0	0	0	0	0	0	0	3
0	0	0	0	0	0	0	0	0	13	4	0	4	153	1	0	0	0	0	32	0	0	0	0	0	0	0	0	0	0	0	30	0	0	0	0	0	0	0	0	0	0	0	0	0	73	0	0	0	0	0	0	0	0	0	3	0	0	0	0	0	0	0	0	0	0	0	0	0	0	0	0	0	3
0	0	0	0	0	0	0	0	0	0	0	0	0	0	0	0	0	0	0	0	0	0	0	0	0	0	0	0	0	0	0	0	0	0	0	0	0	0	0	0	0	0	0	0	0	0	0	0	0	0	0	0	0	0	0	0	0	0	0	0	0	0	0	0	0	0	0	0	0	0	0	0	0	0
0	0	0	0	0	0	0	0	0	0	0	0	9	3	0	0	0	0	0	0	0	0	0	0	0	0	0	0	0	0	0	82	0	0	0	0	0	0	0	0	0	0	0	0	0	0	0	0	0	0	0	0	0	0	0	0	0	0	0	0	0	0	0	0	0	0	0	0	0	0	0	0	0	0
0	0	0	0	0	0	0	0	0	0	0	0	0	0	0	0	0	0	0	0	0	0	0	0	0	0	0	0	0	0	0	0	0	0	0	0	0	0	0	0	0	0	0	0	0	0	0	0	0	0	0	0	0	0	0	0	0	0	0	0	0	0	0	0	0	0	0	0	0	0	0	0	0	0
0	0	26	70	0	0	0	0	0	55	0	0	0	0	2	0	7	0	0	20	0	0	0	0	0	0	0	0	0	70	0	0	0	3	0	59	0	0	0	0	70	0	0	0	0	14	0	18	0	0	0	0	0	0	0	0	67	3	0	0	0	0	0	0	0	0	0	0	0	0	0	0	0	0
0	0	0	0	0	0	0	0	0	0	0	0	1	0	0	0	28	0	0	5	0	0	0	0	0	1	0	0	2	0	20	0	0	6	0	0	0	0	0	0	0	0	0	0	0	1	0	0	0	0	0	0	0	0	0	0	0	78	16	0	0	0	0	0	0	0	0	0	0	0	1	0	0	12
5	0	0	0	0	0	0	0	0	12	0	0	0	0	23	0	49	0	0	28	0	0	0	0	0	6	0	0	0	0	2	0	0	5	0	0	0	0	0	0	0	0	0	0	0	11	0	0	0	0	0	0	0	0	0	1	0	72	0	0	0	0	0	0	0	0	0	0	0	0	0	0	0	17
0	0	0	0	0	0	0	0	0	0	0	0	0	0	0	0	0	0	0	0	0	0	0	0	0	0	0	0	0	0	0	0	0	0	0	0	0	0	0	0	0	0	0	0	0	0	0	0	0	0	0	0	0	0	0	0	0	0	0	0	0	0	0	0	0	0	0	0	0	0	0	0	0	0
0	0	0	0	0	0	0	0	0	142	0	0	8	0	2	0	0	0	4	13	0	0	0	0	0	0	0	0	0	0	126	0	0	0	0	0	0	0	0	0	0	0	0	0	0	0	0	41	0	0	0	0	0	0	0	1	98	1	20	0	0	0	0	0	0	0	0	0	0	0	0	0	0	0
0	0	0	0	0	0	0	3	0	24	0	0	13	0	0	0	18	0	2	107	2	0	0	0	0	1	0	0	0	0	0	0	1	0	0	0	0	0	0	0	0	0	0	0	0	9	0	0	0	0	0	0	0	0	0	0	0	40	5	0	0	0	0	0	0	0	1	0	0	0	0	0	0	0
0	0	0	0	0	0	0	0	0	10	0	0	6	7	0	0	18	0	0	22	0	0	0	0	0	0	0	0	0	0	0	0	0	0	0	0	0	0	0	0	0	0	0	0	0	17	0	0	0	0	0	0	0	0	0	1	0	4	0	0	0	0	0	0	0	0	0	0	0	0	0	0	0	0
0	0	0	0	0	0	0	0	0	0	0	0	0	10	0	0	0	0	0	0	0	0	0	0	0	0	0	0	0	0	0	0	0	0	0	0	0	0	0	0	0	0	0	0	0	1	0	0	0	0	0	0	0	0	0	0	0	0	0	0	0	0	0	0	0	0	0	0	0	0	0	0	0	0
2	0	0	0	0	0	0	0	0	0	0	0	1	0	0	0	0	1	70	0	0	0	0	0	0	0	0	0	3	0	120	0	0	2	1	0	0	0	0	0	0	0	0	40	0	0	0	0	0	0	0	0	132	0	0	0	40	22	0	0	3	3	0	0	0	0	12	17	0	0	0	0	0	0
