0	0	0	0	0	0	0	0	0	0	0	0	0	0	0	0	0	0	7	0	0	65	0	145	40	1	0	0	0	0	0	0	0	0	52	0	0	0	0	0	0	0	0	0	1	0	0	0	0	0	0	8	0	0	133	0	0	1	0	0	0	0	0	0	0	0	29	125	0	0	0	0	0	0
0	6	0	3	4	0	0	3	0	2	0	0	105	5	0	1	0	0	2	0	2	0	0	0	0	0	0	0	0	0	0	2	2	2	0	0	0	0	0	3	0	2	0	0	0	1	5	6	0	0	0	0	0	0	0	0	3	0	0	4	10	5	0	2	0	0	3	0	7	5	2	3	0	0
0	0	0	0	0	0	0	0	0	84	0	0	0	7	5	0	0	0	0	0	0	0	0	0	0	0	14	0	0	0	0	0	0	0	0	0	0	0	0	0	0	0	0	0	0	0	0	0	0	0	0	0	0	0	0	0	67	0	0	0	0	0	0	0	0	0	0	0	0	0	0	0	0	0
0	3	0	0	0	0	0	0	0	1	0	0	0	0	0	0	0	0	0	0	0	0	0	0	0	0	20	0	0	0	0	0	0	0	0	0	0	0	0	0	0	0	0	0	0	0	0	0	0	0	0	0	0	0	0	0	0	0	0	0	0	0	0	0	0	0	0	0	0	0	0	3	0	0
0	4	0	0	0	0	0	0	0	0	0	0	6	11	0	0	0	0	0	0	0	0	0	0	0	0	0	0	0	0	1	4	0	0	0	0	0	0	0	0	0	1	0	0	0	0	0	0	0	0	0	0	0	0	0	0	0	0	0	0	0	41	0	2	0	0	0	0	0	0	0	4	0	0
0	0	0	0	0	0	0	0	0	82	0	0	0	0	0	0	0	13	0	0	0	0	0	0	69	0	0	0	0	0	0	0	0	0	0	0	0	0	0	0	0	0	0	0	0	0	0	0	0	0	0	0	0	0	0	0	75	0	0	0	0	0	0	0	0	0	0	0	0	0	0	0	0	66
0	0	0	0	0	0	0	0	0	0	0	0	0	0	0	0	0	0	0	0	0	0	0	0	0	0	0	0	0	0	0	0	0	0	0	0	0	0	0	0	0	0	0	0	0	0	0	0	0	0	0	0	0	0	0	0	0	0	0	0	0	0	0	0	0	0	0	0	0	0	0	0	0	0
0	3	0	0	0	0	0	0	0	0	0	0	104	0	0	0	0	0	0	95	100	0	0	0	0	3	0	0	0	0	0	0	2	0	0	0	0	0	0	0	0	0	0	0	0	0	0	0	0	0	0	1	0	0	0	0	3	0	0	4	0	0	0	0	0	0	0	0	0	1	0	3	0	0
0	0	0	0	0	0	0	0	0	0	0	0	0	0	0	0	0	0	0	0	0	0	0	0	0	0	0	0	0	0	0	0	0	0	0	0	0	0	0	0	0	0	0	0	0	0	0	0	0	0	0	0	0	0	0	0	0	0	0	0	0	0	0	0	0	0	0	0	0	0	0	0	0	0
0	2	84	1	0	82	0	0	0	0	0	0	0	0	23	0	0	33	23	1	0	0	0	0	0	0	35	0	0	0	0	0	0	1	0	111	0	0	0	0	0	5	0	172	0	0	0	60	0	0	0	0	148	0	0	0	149	12	0	0	0	0	0	0	0	106	0	0	0	1	10	3	0	0
0	0	0	0	0	0	0	0	0	0	0	0	0	0	0	0	0	0	0	0	0	0	0	0	0	0	0	0	0	0	0	0	0	0	0	0	0	0	0	0	0	14	0	0	0	0	0	0	0	0	0	0	0	0	0	0	0	0	0	0	0	4	0	0	0	0	0	0	0	0	0	0	0	0
0	0	0	0	0	0	0	0	0	0	0	0	0	0	0	0	0	0	0	0	0	0	0	0	0	0	0	0	0	0	0	0	0	0	0	0	0	0	0	0	0	0	0	0	0	0	0	0	0	0	0	0	0	0	0	0	0	0	0	0	0	0	0	0	0	0	0	0	0	0	0	0	0	0
0	105	0	0	6	0	0	104	0	0	0	0	0	0	0	8	0	0	0	0	5	0	0	0	0	0	0	0	0	0	0	0	26	100	8	0	0	0	0	105	0	0	0	0	0	35	0	0	0	0	0	1	0	0	2	1	7	8	0	6	0	0	0	0	0	0	0	0	0	6	58	9	0	0
0	5	7	0	11	0	0	0	0	0	0	0	0	0	0	2	0	0	0	0	14	0	0	0	0	0	0	0	0	0	1	5	0	0	1	4	0	0	0	0	0	24	0	2	0	0	58	34	0	0	0	0	0	0	0	0	4	0	0	0	102	114	0	0	0	0	0	1	25	17	0	27	0	0
0	0	5	0	0	0	0	0	0	23	0	0	0	0	0	0	0	0	0	0	0	0	0	0	0	0	0	0	0	0	0	0	0	0	0	13	0	0	0	0	0	13	0	13	0	0	0	12	0	0	0	0	6	0	0	0	0	0	0	0	0	0	0	0	0	0	0	0	0	0	0	0	0	0
0	1	0	0	0	0	0	0	0	0	0	0	8	2	0	0	0	0	0	0	0	0	0	0	0	0	0	0	0	0	0	0	0	0	0	0	0	0	0	0	0	0	0	0	0	0	0	0	0	0	0	1	0	0	0	0	0	0	0	0	0	5	0	0	0	0	0	0	0	0	0	1	0	0
0	0	0	0	0	0	0	0	0	0	0	0	0	0	0	0	0	0	0	0	0	0	0	0	0	0	0	0	0	0	0	0	0	0	0	0	0	0	0	0	0	0	0	0	0	0	0	0	0	0	0	0	0	0	0	0	0	0	0	0	0	0	0	0	0	0	0	0	0	0	0	0	0	0
0	0	0	0	0	13	0	0	0	33	0	0	0	0	0	0	0	0	0	0	0	0	0	0	0	0	0	0	0	0	0	0	0	0	0	0	0	0	0	0	0	0	0	16	0	0	0	0	0	46	0	0	11	0	0	0	0	0	0	0	0	0	0	0	0	6	0	0	0	0	0	0	0	0
7	2	0	0	0	0	0	0	0	23	0	0	0	0	0	0	0	0	0	22	46	0	0	0	5	8	0	0	0	0	0	0	1	0	2	0	0	0	0	2	0	0	0	0	0	0	0	0	0	0	0	44	0	0	0	0	99	0	0	0	0	0	0	0	0	0	0	0	0	0	0	2	0	85
0	0	0	0	0	0	0	95	0	1	0	0	0	0	0	0	0	0	22	0	180	0	0	0	0	61	0	0	0	0	0	0	34	0	7	0	0	0	0	112	0	0	0	0	0	0	0	1	0	0	0	5	0	0	1	0	21	2	0	0	0	0	0	0	0	2	1	0	0	24	138	9	0	7
0	2	0	0	0	0	0	100	0	0	0	0	5	14	0	0	0	0	46	180	0	10	0	0	2	167	0	0	0	0	0	0	71	55	50	0	0	0	0	168	0	1	0	0	0	11	0	0	0	0	0	235	3	0	8	0	1	3	0	0	1	0	0	0	0	0	1	0	0	0	108	1	0	11
65	0	0	0	0	0	0	0	0	0	0	0	0	0	0	0	0	0	0	0	10	0	0	0	0	3	0	0	0	0	0	0	0	0	0	0	0	0	0	0	0	0	0	0	0	0	0	0	0	0	0	39	0	0	0	0	0	0	0	2	0	0	0	0	0	0	0	0	0	0	0	0	0	12
0	0	0	0	0	0	0	0	0	0	0	0	0	0	0	0	0	0	0	0	0	0	0	0	0	0	0	0	0	0	0	0	0	0	0	0	0	0	0	0	0	0	0	0	0	0	0	0	0	0	0	0	0	0	0	0	0	0	0	0	0	0	0	0	0	0	0	0	0	0	0	0	0	0
145	0	0	0	0	0	0	0	0	0	0	0	0	0	0	0	0	0	0	0	0	0	0	0	86	1	0	0	0	0	0	0	0	0	0	0	0	0	0	0	0	0	0	0	0	0	0	0	0	0	0	3	0	0	0	0	41	0	0	0	0	0	0	0	0	0	0	0	0	0	0	0	0	1
40	0	0	0	0	69	0	0	0	0	0	0	0	0	0	0	0	0	5	0	2	0	0	86	0	1	0	0	0	0	0	0	0	0	2	0	0	0	0	0	0	0	0	0	0	0	0	0	0	0	0	3	51	0	80	26	40	0	0	0	0	0	0	0	0	0	0	86	0	0	0	0	0	1
1	0	0	0	0	0	0	3	0	0	0	0	0	0	0	0	0	0	8	61	167	3	0	1	1	0	0	0	0	0	0	0	69	1	17	0	0	0	0	53	0	0	0	0	1	0	0	0	0	0	0	92	10	0	4	0	5	2	0	0	1	0	0	0	0	0	1	1	0	0	88	1	0	1
0	0	14	20	0	0	0	0	0	35	0	0	0	0	0	0	0	0	0	0	0	0	0	0	0	0	0	0	0	0	0	0	0	0	0	27	0	0	0	0	0	0	0	1	0	0	7	3	0	0	0	0	0	0	0	0	1	0	0	0	4	6	0	0	0	28	0	0	3	0	0	3	0	0
0	0	0	0	0	0	0	0	0	0	0	0	0	0	0	0	0	0	0	0	0	0	0	0	0	0	0	0	0	0	0	0	0	0	0	0	0	0	0	0	0	0	0	0	0	0	0	0	0	0	0	0	0	0	0	0	0	0	0	0	0	0	0	0	0	0	0	0	0	0	0	0	0	0
0	0	0	0	0	0	0	0	0	0	0	0	0	0	0	0	0	0	0	0	0	0	0	0	0	0	0	0	0	0	0	0	0	0	0	0	0	0	0	0	0	0	0	0	0	0	0	0	0	0	0	0	0	0	0	0	0	0	0	0	0	0	0	0	0	0	0	0	0	0	0	0	0	0
0	0	0	0	0	0	0	0	0	0	0	0	0	0	0	0	0	0	0	0	0	0	0	0	0	0	0	0	0	0	0	0	0	0	0	0	0	0	0	0	0	0	0	0	0	0	0	0	0	0	0	0	0	0	0	0	0	0	0	0	0	0	0	0	0	0	0	0	0	0	0	0	0	0
0	0	0	0	1	0	0	0	0	0	0	0	0	1	0	0	0	0	0	0	0	0	0	0	0	0	0	0	0	0	0	0	0	0	0	1	0	0	0	0	0	1	0	0	0	0	1	0	0	0	0	0	0	0	0	0	0	0	0	0	0	0	0	0	0	0	0	0	0	0	0	0	0	0
0	2	0	0	4	0	0	0	0	0	0	0	0	5	0	0	0	0	0	0	0	0	0	0	0	0	0	0	0	0	0	0	0	0	0	0	0	0	0	0	0	0	0	0	0	0	0	0	0	0	0	0	0	0	0	0	0	0	0	0	0	0	0	0	0	0	0	0	0	0	0	0	0	0
0	2	0	0	0	0	0	2	0	0	0	0	26	0	0	0	0	0	1	34	71	0	0	0	0	69	0	0	0	0	0	0	0	1	2	0	0	0	0	6	0	0	0	0	0	0	0	0	0	0	0	101	0	0	0	0	5	3	0	2	0	1	0	0	0	0	0	0	0	1	1	2	0	24
0	2	0	0	0	0	0	0	0	1	0	0	100	0	0	0	0	0	0	0	55	0	0	0	0	1	0	0	0	0	0	0	1	0	0	0	0	0	0	0	0	0	0	0	0	0	0	0	0	0	0	15	0	0	0	0	0	0	0	2	0	0	0	0	0	0	0	0	0	0	0	2	0	0
52	0	0	0	0	0	0	0	0	0	0	0	8	1	0	0	0	0	2	7	50	0	0	0	2	17	0	0	0	0	0	0	2	0	0	0	0	0	0	0	0	0	0	0	0	0	0	0	0	0	0	116	0	0	0	0	12	0	0	2	0	0	0	0	0	0	0	0	0	0	0	0	0	22
0	0	0	0	0	0	0	0	0	111	0	0	0	4	13	0	0	0	0	0	0	0	0	0	0	0	27	0	0	0	1	0	0	0	0	0	0	0	0	0	0	0	0	6	0	0	0	0	0	0	0	0	0	0	0	0	9	0	0	0	0	8	0	0	0	0	0	0	0	0	0	0	0	0
0	0	0	0	0	0	0	0	0	0	0	0	0	0	0	0	0	0	0	0	0	0	0	0	0	0	0	0	0	0	0	0	0	0	0	0	0	0	0	0	0	0	0	0	0	0	0	0	0	0	0	0	0	0	0	0	0	0	0	0	0	0	0	0	0	0	0	0	0	0	0	0	0	0
0	0	0	0	0	0	0	0	0	0	0	0	0	0	0	0	0	0	0	0	0	0	0	0	0	0	0	0	0	0	0	0	0	0	0	0	0	0	0	0	0	0	0	0	0	0	0	0	0	0	0	0	0	0	0	0	0	0	0	0	0	0	0	0	0	0	0	0	0	0	0	0	0	0
0	0	0	0	0	0	0	0	0	0	0	0	0	0	0	0	0	0	0	0	0	0	0	0	0	0	0	0	0	0	0	0	0	0	0	0	0	0	0	0	0	0	0	0	0	0	0	0	0	0	0	0	0	0	0	0	0	0	0	0	0	0	0	0	0	0	0	0	0	0	0	0	0	0
0	3	0	0	0	0	0	0	0	0	0	0	105	0	0	0	0	0	2	112	168	0	0	0	0	53	0	0	0	0	0	0	6	0	0	0	0	0	0	0	0	0	0	0	0	0	0	0	0	0	0	104	0	0	0	0	25	0	0	4	0	0	0	0	0	0	0	0	0	1	0	3	0	24
0	0	0	0	0	0	0	0	0	0	0	0	0	0	0	0	0	0	0	0	0	0	0	0	0	0	0	0	0	0	0	0	0	0	0	0	0	0	0	0	0	0	0	0	0	0	0	0	0	0	0	0	0	0	0	0	0	0	0	0	0	0	0	0	0	0	0	0	0	0	0	0	0	0
0	2	0	0	1	0	0	0	0	5	14	0	0	24	13	0	0	0	0	0	1	0	0	0	0	0	0	0	0	0	1	0	0	0	0	0	0	0	0	0	0	0	0	8	0	0	0	0	0	0	0	0	0	0	0	0	0	0	0	0	0	1	0	0	0	0	0	0	0	0	0	2	0	0
0	0	0	0	0	0	0	0	0	0	0	0	0	0	0	0	0	0	0	0	0	0	0	0	0	0	0	0	0	0	0	0	0	0	0	0	0	0	0	0	0	0	0	0	0	0	0	0	0	0	0	0	0	0	0	0	0	0	0	0	0	0	0	0	0	0	0	0	0	0	0	0	0	0
0	0	0	0	0	0	0	0	0	172	0	0	0	2	13	0	0	16	0	0	0	0	0	0	0	0	1	0	0	0	0	0	0	0	0	6	0	0	0	0	0	8	0	0	0	0	0	4	0	0	0	0	4	0	0	0	52	0	0	0	0	0	0	0	0	0	0	0	0	0	0	0	0	0
1	0	0	0	0	0	0	0	0	0	0	0	0	0	0	0	0	0	0	0	0	0	0	0	0	1	0	0	0	0	0	0	0	0	0	0	0	0	0	0	0	0	0	0	0	0	0	0	0	0	0	0	0	0	0	0	0	0	0	0	0	0	0	0	0	0	0	0	0	0	0	0	0	2
0	1	0	0	0	0	0	0	0	0	0	0	35	0	0	0	0	0	0	0	11	0	0	0	0	0	0	0	0	0	0	0	0	0	0	0	0	0	0	0	0	0	0	0	0	0	0	0	0	0	0	0	0	0	0	0	0	0	0	0	0	0	0	0	0	0	0	0	0	0	0	1	0	0
0	5	0	0	0	0	0	0	0	0	0	0	0	58	0	0	0	0	0	0	0	0	0	0	0	0	7	0	0	0	1	0	0	0	0	0	0	0	0	0	0	0	0	0	0	0	0	0	0	0	0	0	0	0	0	0	0	0	0	0	0	14	0	0	0	0	0	0	0	0	0	5	0	0
0	6	0	0	0	0	0	0	0	60	0	0	0	34	12	0	0	0	0	1	0	0	0	0	0	0	3	0	0	0	0	0	0	0	0	0	0	0	0	0	0	0	0	4	0	0	0	0	0	0	0	0	0	0	0	0	0	0	0	0	0	93	0	0	0	0	0	0	0	0	0	6	0	0
0	0	0	0	0	0	0	0	0	0	0	0	0	0	0	0	0	0	0	0	0	0	0	0	0	0	0	0	0	0	0	0	0	0	0	0	0	0	0	0	0	0	0	0	0	0	0	0	0	0	0	0	0	0	0	0	0	0	0	0	0	0	0	0	0	0	0	0	0	0	0	0	0	0
0	0	0	0	0	0	0	0	0	0	0	0	0	0	0	0	0	46	0	0	0	0	0	0	0	0	0	0	0	0	0	0	0	0	0	0	0	0	0	0	0	0	0	0	0	0	0	0	0	0	0	0	0	0	0	0	0	0	0	0	0	0	0	0	0	0	0	0	0	0	0	0	0	0
0	0	0	0	0	0	0	0	0	0	0	0	0	0	0	0	0	0	0	0	0	0	0	0	0	0	0	0	0	0	0	0	0	0	0	0	0	0	0	0	0	0	0	0	0	0	0	0	0	0	0	0	0	0	0	0	0	0	0	0	0	0	0	0	0	0	0	0	0	0	0	0	0	0
8	0	0	0	0	0	0	1	0	0	0	0	1	0	0	1	0	0	44	5	235	39	0	3	3	92	0	0	0	0	0	0	101	15	116	0	0	0	0	104	0	0	0	0	0	0	0	0	0	0	0	0	12	0	8	0	14	3	0	0	3	0	0	0	0	0	30	0	0	6	1	3	0	17
0	0	0	0	0	0	0	0	0	148	0	0	0	0	6	0	0	11	0	0	3	0	0	0	51	10	0	0	0	0	0	0	0	0	0	0	0	0	0	0	0	0	0	4	0	0	0	0	0	0	0	12	0	0	0	0	76	0	0	0	0	0	0	0	0	0	0	0	0	0	0	0	0	98
0	0	0	0	0	0	0	0	0	0	0	0	0	0	0	0	0	0	0	0	0	0	0	0	0	0	0	0	0	0	0	0	0	0	0	0	0	0	0	0	0	0	0	0	0	0	0	0	0	0	0	0	0	0	0	0	0	0	0	0	0	0	0	0	0	0	0	0	0	0	0	0	0	0
133	0	0	0	0	0	0	0	0	0	0	0	2	0	0	0	0	0	0	1	8	0	0	0	80	4	0	0	0	0	0	0	0	0	0	0	0	0	0	0	0	0	0	0	0	0	0	0	0	0	0	8	0	0	0	0	4	0	0	2	0	0	0	0	0	0	0	0	0	0	0	0	0	1
0	0	0	0	0	0	0	0	0	0	0	0	1	0	0	0	0	0	0	0	0	0	0	0	26	0	0	0	0	0	0	0	0	0	0	0	0	0	0	0	0	0	0	0	0	0	0	0	0	0	0	0	0	0	0	0	0	0	0	0	0	0	0	0	0	0	0	0	0	0	0	0	0	0
0	3	67	0	0	75	0	3	0	149	0	0	7	4	0	0	0	0	99	21	1	0	0	41	40	5	1	0	0	0	0	0	5	0	12	9	0	0	0	25	0	0	0	52	0	0	0	0	0	0	0	14	76	0	4	0	0	5	0	0	0	2	0	0	0	48	0	1	0	12	1	1	0	138
1	0	0	0	0	0	0	0	0	12	0	0	8	0	0	0	0	0	0	2	3	0	0	0	0	2	0	0	0	0	0	0	3	0	0	0	0	0	0	0	0	0	0	0	0	0	0	0	0	0	0	3	0	0	0	0	5	0	0	0	0	0	0	0	0	0	0	0	0	0	0	0	0	69
0	0	0	0	0	0	0	0	0	0	0	0	0	0	0	0	0	0	0	0	0	0	0	0	0	0	0	0	0	0	0	0	0	0	0	0	0	0	0	0	0	0	0	0	0	0	0	0	0	0	0	0	0	0	0	0	0	0	0	0	0	0	0	0	0	0	0	0	0	0	0	0	0	0
0	4	0	0	0	0	0	4	0	0	0	0	6	0	0	0	0	0	0	0	0	2	0	0	0	0	0	0	0	0	0	0	2	2	2	0	0	0	0	4	0	0	0	0	0	0	0	0	0	0	0	0	0	0	2	0	0	0	0	0	0	0	0	0	0	0	0	0	0	2	2	2	0	0
0	10	0	0	0	0	0	0	0	0	0	0	0	102	0	0	0	0	0	0	1	0	0	0	0	1	4	0	0	0	0	0	0	0	0	0	0	0	0	0	0	0	0	0	0	0	0	0	0	0	0	3	0	0	0	0	0	0	0	0	0	89	0	0	0	0	0	0	0	0	0	10	0	0
0	5	0	0	41	0	0	0	0	0	4	0	0	114	0	5	0	0	0	0	0	0	0	0	0	0	6	0	0	0	0	0	1	0	0	8	0	0	0	0	0	1	0	0	0	0	14	93	0	0	0	0	0	0	0	0	2	0	0	0	89	0	0	0	0	0	0	0	25	0	0	26	0	0
0	0	0	0	0	0	0	0	0	0	0	0	0	0	0	0	0	0	0	0	0	0	0	0	0	0	0	0	0	0	0	0	0	0	0	0	0	0	0	0	0	0	0	0	0	0	0	0	0	0	0	0	0	0	0	0	0	0	0	0	0	0	0	0	0	0	0	0	0	0	0	0	0	0
0	2	0	0	2	0	0	0	0	0	0	0	0	0	0	0	0	0	0	0	0	0	0	0	0	0	0	0	0	0	0	0	0	0	0	0	0	0	0	0	0	0	0	0	0	0	0	0	0	0	0	0	0	0	0	0	0	0	0	0	0	0	0	0	0	0	0	0	0	0	0	0	0	0
0	0	0	0	0	0	0	0	0	0	0	0	0	0	0	0	0	0	0	0	0	0	0	0	0	0	0	0	0	0	0	0	0	0	0	0	0	0	0	0	0	0	0	0	0	0	0	0	0	0	0	0	0	0	0	0	0	0	0	0	0	0	0	0	0	0	0	0	0	0	0	0	0	0
0	0	0	0	0	0	0	0	0	106	0	0	0	0	0	0	0	6	0	2	0	0	0	0	0	0	28	0	0	0	0	0	0	0	0	0	0	0	0	0	0	0	0	0	0	0	0	0	0	0	0	0	0	0	0	0	48	0	0	0	0	0	0	0	0	0	0	0	0	0	0	0	0	0
29	3	0	0	0	0	0	0	0	0	0	0	0	0	0	0	0	0	0	1	1	0	0	0	0	1	0	0	0	0	0	0	0	0	0	0	0	0	0	0	0	0	0	0	0	0	0	0	0	0	0	30	0	0	0	0	0	0	0	0	0	0	0	0	0	0	0	0	0	0	0	3	0	55
125	0	0	0	0	0	0	0	0	0	0	0	0	1	0	0	0	0	0	0	0	0	0	0	86	1	0	0	0	0	0	0	0	0	0	0	0	0	0	0	0	0	0	0	0	0	0	0	0	0	0	0	0	0	0	0	1	0	0	0	0	0	0	0	0	0	0	0	0	0	0	0	0	73
0	7	0	0	0	0	0	0	0	0	0	0	0	25	0	0	0	0	0	0	0	0	0	0	0	0	3	0	0	0	0	0	0	0	0	0	0	0	0	0	0	0	0	0	0	0	0	0	0	0	0	0	0	0	0	0	0	0	0	0	0	25	0	0	0	0	0	0	0	0	0	7	0	0
0	5	0	0	0	0	0	1	0	1	0	0	6	17	0	0	0	0	0	24	0	0	0	0	0	0	0	0	0	0	0	0	1	0	0	0	0	0	0	1	0	0	0	0	0	0	0	0	0	0	0	6	0	0	0	0	12	0	0	2	0	0	0	0	0	0	0	0	0	0	0	5	0	3
0	2	0	0	0	0	0	0	0	10	0	0	58	0	0	0	0	0	0	138	108	0	0	0	0	88	0	0	0	0	0	0	1	0	0	0	0	0	0	0	0	0	0	0	0	0	0	0	0	0	0	1	0	0	0	0	1	0	0	2	0	0	0	0	0	0	0	0	0	0	0	2	0	1
0	3	0	3	4	0	0	3	0	3	0	0	9	27	0	1	0	0	2	9	1	0	0	0	0	1	3	0	0	0	0	0	2	2	0	0	0	0	0	3	0	2	0	0	0	1	5	6	0	0	0	3	0	0	0	0	1	0	0	2	10	26	0	0	0	0	3	0	7	5	2	0	0	0
0	0	0	0	0	0	0	0	0	0	0	0	0	0	0	0	0	0	0	0	0	0	0	0	0	0	0	0	0	0	0	0	0	0	0	0	0	0	0	0	0	0	0	0	0	0	0	0	0	0	0	0	0	0	0	0	0	0	0	0	0	0	0	0	0	0	0	0	0	0	0	0	0	0
0	0	0	0	0	66	0	0	0	0	0	0	0	0	0	0	0	0	85	7	11	12	0	1	1	1	0	0	0	0	0	0	24	0	22	0	0	0	0	24	0	0	0	0	2	0	0	0	0	0	0	17	98	0	1	0	138	69	0	0	0	0	0	0	0	0	55	73	0	3	1	0	0	0
