0	0	0	0	0	0	38	0	0	0	0	0	0	0	16	0	95	23	1	0	0	127	0	70	0	0	0	0	3	0	0	0	35	0	43	0	0	0	0	2	23	4	0	32	3	0	0	0	0	0	0	37	0	0	90	0	0	2	0	0	8	18	0	7	0	0	22	0	0	0	0	10	0	0
0	0	1	0	58	0	0	62	0	1	0	0	49	1	0	4	0	1	0	0	2	0	0	0	0	0	0	0	2	0	1	0	1	55	3	0	0	0	0	15	0	0	0	0	6	0	0	1	0	0	0	1	0	0	0	0	0	1	48	0	1	1	0	62	0	0	0	0	0	1	28	0	0	0
0	1	0	0	17	0	0	0	0	100	9	0	0	62	0	4	0	15	0	3	10	0	0	0	0	0	58	0	0	0	49	0	0	0	0	0	0	0	0	0	8	11	15	0	0	0	16	10	0	0	0	0	0	0	0	6	88	0	3	0	0	46	0	16	0	37	0	0	0	1	0	6	1	0
0	0	0	0	0	0	0	12	0	0	0	0	9	0	1	0	0	0	2	13	0	0	0	0	0	0	0	0	10	0	0	0	0	1	12	0	0	0	0	17	0	0	0	0	0	0	0	0	0	0	0	0	0	0	0	9	11	0	15	26	0	0	0	0	0	1	1	0	0	0	24	0	0	0
0	58	17	0	0	0	0	1	0	0	330	0	136	21	0	31	0	3	1	0	3	0	0	0	0	0	0	0	0	0	1	0	0	189	0	0	0	0	0	0	1	22	0	0	0	3	1	2	0	0	0	1	0	0	0	1	0	1	1	0	13	323	0	100	0	1	0	0	0	0	1	70	293	0
0	0	0	0	0	0	0	0	0	0	0	0	0	0	0	0	0	0	0	0	0	0	0	0	0	0	0	0	0	0	0	0	0	0	0	0	0	0	0	0	0	0	0	0	0	0	0	0	0	0	0	0	0	0	0	0	0	0	0	0	0	0	0	0	0	0	0	0	0	0	0	0	0	0
38	0	0	0	0	0	0	0	0	0	0	0	0	0	0	0	50	3	0	0	6	4	0	2	0	1	0	0	0	0	0	0	0	0	0	0	0	0	0	0	60	0	2	0	0	0	0	0	0	0	1	4	0	0	8	1	0	0	0	0	0	1	0	0	0	0	0	0	0	0	0	0	0	0
0	62	0	12	1	0	0	0	0	0	0	0	94	0	0	0	0	0	0	8	0	0	0	0	0	7	0	0	0	0	0	0	0	56	0	0	0	0	0	32	0	0	0	0	0	0	0	0	0	0	0	1	0	0	0	0	1	9	0	0	0	0	0	0	0	0	0	0	0	0	0	0	0	0
0	0	0	0	0	0	0	0	0	0	0	0	0	0	0	0	0	1	0	0	0	0	0	0	0	0	0	0	0	0	0	0	0	0	0	0	0	0	0	0	0	0	0	0	0	0	0	0	0	0	0	0	0	0	0	0	0	0	0	0	0	0	0	0	0	0	0	0	0	0	0	0	0	0
0	1	100	0	0	0	0	0	0	0	1	0	0	29	75	0	0	43	84	1	0	1	0	0	0	0	0	0	0	0	85	0	1	0	0	0	0	0	0	0	20	64	7	84	3	0	18	106	0	0	43	0	88	0	0	6	166	32	6	0	8	65	0	0	0	89	0	0	0	97	0	14	0	0
0	0	9	0	330	0	0	0	0	1	0	0	0	177	0	42	0	23	0	0	18	0	0	0	0	17	0	0	0	0	9	0	0	38	0	0	0	0	0	0	0	27	0	0	2	1	0	0	0	0	0	0	0	0	0	0	2	0	0	0	111	325	0	17	0	0	0	0	0	0	0	13	218	0
0	0	0	0	0	0	0	0	0	0	0	0	0	0	0	0	0	0	0	0	0	0	0	0	0	0	0	0	0	0	0	0	0	0	0	0	0	0	0	0	0	0	0	0	0	0	0	0	0	0	0	0	0	0	0	0	0	0	0	0	0	0	0	0	0	0	0	0	0	0	0	0	0	0
0	49	0	9	136	0	0	94	0	0	0	0	0	1	0	22	2	0	14	6	23	3	0	1	0	1	0	0	78	0	0	0	68	216	78	0	0	0	0	165	4	0	1	0	2	0	0	0	0	0	0	3	0	0	2	0	6	16	24	16	0	0	0	12	0	0	1	0	0	1	57	60	1	0
0	1	62	0	21	0	0	0	0	29	177	0	1	0	0	0	1	0	0	0	4	0	0	0	0	0	0	0	0	0	84	0	0	0	0	0	0	0	0	0	0	1	0	2	0	0	9	2	0	0	0	0	0	0	0	0	0	0	5	0	118	232	0	0	0	6	0	0	0	0	0	17	0	0
16	0	0	1	0	0	0	0	0	75	0	0	0	0	0	0	1	4	0	0	0	0	0	0	0	0	0	0	0	0	5	0	0	0	0	0	0	0	0	0	0	0	0	0	0	0	0	0	0	0	0	0	5	0	0	0	48	0	0	0	0	0	0	0	0	0	0	0	0	0	0	1	0	0
0	4	4	0	31	0	0	0	0	0	42	0	22	0	0	0	0	2	0	0	0	0	0	0	0	0	0	0	0	0	14	0	0	7	0	0	0	0	0	0	0	0	0	0	0	0	0	0	0	0	0	0	0	0	0	0	0	0	0	0	0	43	0	0	0	0	0	0	0	0	0	0	11	0
95	0	0	0	0	0	50	0	0	0	0	0	2	1	1	0	0	25	33	0	61	138	0	2	0	24	0	0	116	0	0	0	103	17	70	0	0	0	0	90	26	19	0	48	48	1	0	0	0	0	1	217	0	0	91	0	3	3	0	0	3	22	0	0	0	1	5	0	0	0	27	10	0	0
23	1	15	0	3	0	3	0	1	43	23	0	0	0	4	2	25	0	2	0	6	15	0	0	0	0	0	0	0	0	37	0	14	1	0	0	3	0	0	0	13	30	10	18	1	0	3	18	0	110	9	26	8	0	16	8	14	0	0	1	20	75	0	0	0	1	0	0	0	2	0	30	0	3
1	0	0	2	1	0	0	0	0	84	0	0	14	0	0	0	33	2	0	2	5	2	0	0	0	2	0	0	30	0	18	0	0	1	3	0	0	0	0	0	0	0	3	0	2	0	0	0	0	0	27	36	20	0	1	0	88	76	46	12	0	0	0	0	0	0	0	0	0	15	0	0	0	0
0	0	3	13	0	0	0	8	0	1	0	0	6	0	0	0	0	0	2	0	27	0	0	0	0	2	0	0	12	0	0	0	71	0	8	0	0	0	0	135	0	0	0	0	4	0	0	1	0	0	0	0	1	0	3	0	12	0	12	0	0	0	0	0	0	0	0	0	0	1	18	9	0	0
0	2	10	0	3	0	6	0	0	0	18	0	23	4	0	0	61	6	5	27	0	2	0	0	0	143	0	0	72	0	0	0	75	60	67	0	0	0	0	144	20	1	0	0	30	0	5	0	0	0	0	115	0	0	0	10	0	0	0	0	10	16	0	4	0	0	0	0	0	0	0	8	0	0
127	0	0	0	0	0	4	0	0	1	0	0	3	0	0	0	138	15	2	0	2	0	0	52	0	0	0	0	3	0	2	0	1	11	5	0	0	0	0	2	3	9	1	8	2	0	0	0	0	0	1	58	0	0	33	1	1	0	4	0	0	2	0	0	0	0	8	0	0	0	1	2	0	0
0	0	0	0	0	0	0	0	0	0	0	0	0	0	0	0	0	0	0	0	0	0	0	0	0	0	0	0	0	0	0	0	0	0	0	0	0	0	0	0	0	0	0	0	0	0	0	0	0	0	0	0	0	0	0	0	0	0	0	0	0	0	0	0	0	0	0	0	0	0	0	0	0	0
70	0	0	0	0	0	2	0	0	0	0	0	1	0	0	0	2	0	0	0	0	52	0	0	134	0	0	0	2	0	0	0	0	26	6	0	0	0	0	4	1	0	0	0	2	0	0	0	0	0	0	0	20	0	66	37	0	30	0	0	0	0	0	0	0	0	0	0	0	0	0	2	0	0
0	0	0	0	0	0	0	0	0	0	0	0	0	0	0	0	0	0	0	0	0	0	0	134	0	0	0	0	0	0	0	0	0	0	0	0	0	0	0	0	0	0	0	0	0	0	0	0	0	0	0	0	0	0	0	0	0	0	0	0	0	0	0	0	0	0	0	0	0	0	0	0	0	0
0	0	0	0	0	0	1	7	0	0	17	0	1	0	0	0	24	0	2	2	143	0	0	0	0	0	0	0	37	0	0	0	65	11	49	0	0	0	0	117	1	0	0	0	1	0	0	0	0	0	0	63	0	0	0	0	3	4	1	2	0	21	0	0	0	0	5	0	0	0	11	12	1	0
0	0	58	0	0	0	0	0	0	0	0	0	0	0	0	0	0	0	0	0	0	0	0	0	0	0	0	0	0	0	0	0	0	0	0	0	0	0	0	0	129	0	0	0	0	0	0	7	0	0	0	0	0	0	0	0	0	0	0	0	0	0	0	0	0	127	0	0	0	0	0	0	0	0
0	0	0	0	0	0	0	0	0	0	0	0	0	0	0	0	0	0	0	0	0	0	0	0	0	0	0	0	0	0	0	0	0	0	0	0	0	0	0	0	0	0	0	0	0	0	0	0	0	0	0	0	0	0	0	0	0	0	0	0	0	0	0	0	0	0	0	0	0	0	0	0	0	0
3	2	0	10	0	0	0	0	0	0	0	0	78	0	0	0	116	0	30	12	72	3	0	2	0	37	0	0	0	0	0	0	30	12	59	0	0	0	0	103	16	0	2	0	7	0	0	0	0	0	0	144	0	0	12	0	2	12	129	28	0	0	0	0	0	0	9	0	0	0	5	1	0	0
0	0	0	0	0	0	0	0	0	0	0	0	0	0	0	0	0	0	0	0	0	0	0	0	0	0	0	0	0	0	0	0	0	0	0	0	0	0	0	0	0	0	0	0	0	0	0	0	0	0	0	0	0	0	0	0	0	0	0	0	0	0	0	0	0	0	0	0	0	0	0	0	0	0
0	1	49	0	1	0	0	0	0	85	9	0	0	84	5	14	0	37	18	0	0	2	0	0	0	0	0	0	0	0	0	0	1	0	0	0	0	0	0	0	1	1	2	35	3	0	79	20	0	0	64	0	89	0	0	5	112	5	0	0	15	72	0	2	0	0	27	0	0	49	0	11	0	20
0	0	0	0	0	0	0	0	0	0	0	0	0	0	0	0	0	0	0	0	0	0	0	0	0	0	0	0	0	0	0	0	0	0	0	0	0	0	0	0	0	0	0	0	0	0	0	0	0	0	0	0	0	0	0	0	0	0	0	0	0	0	0	0	0	0	0	0	0	0	0	0	0	0
35	1	0	0	0	0	0	0	0	1	0	0	68	0	0	0	103	14	0	71	75	1	0	0	0	65	0	0	30	0	1	0	0	9	5	0	0	0	0	57	9	0	0	0	7	0	0	0	0	0	0	108	0	0	3	0	0	0	6	0	0	13	0	0	0	0	0	0	0	0	0	0	1	0
0	55	0	1	189	0	0	56	0	0	38	0	216	0	0	7	17	1	1	0	60	11	0	26	0	11	0	0	12	0	0	0	9	0	7	0	0	0	0	139	13	0	1	1	12	0	0	0	0	0	0	4	1	0	3	0	13	48	69	0	0	0	0	3	0	0	19	0	0	1	48	54	211	0
43	3	0	12	0	0	0	0	0	0	0	0	78	0	0	0	70	0	3	8	67	5	0	6	0	49	0	0	59	0	0	0	5	7	0	0	0	0	0	70	10	5	1	0	5	0	0	0	0	0	0	86	0	0	8	0	5	40	18	5	0	0	0	0	0	0	1	0	0	0	0	0	0	0
0	0	0	0	0	0	0	0	0	0	0	0	0	0	0	0	0	0	0	0	0	0	0	0	0	0	0	0	0	0	0	0	0	0	0	0	0	0	0	0	0	0	0	0	0	0	0	0	0	0	0	0	0	0	0	0	0	0	0	0	0	0	0	0	0	0	0	0	0	0	0	0	0	0
0	0	0	0	0	0	0	0	0	0	0	0	0	0	0	0	0	3	0	0	0	0	0	0	0	0	0	0	0	0	0	0	0	0	0	0	0	0	0	0	0	0	0	0	0	0	0	0	0	0	0	0	0	0	0	0	0	0	0	0	0	0	0	0	0	0	0	0	0	0	0	3	0	0
0	0	0	0	0	0	0	0	0	0	0	0	0	0	0	0	0	0	0	0	0	0	0	0	0	0	0	0	0	0	0	0	0	0	0	0	0	0	0	0	0	0	0	0	0	0	0	0	0	0	0	0	0	0	0	0	0	0	0	0	0	0	0	0	0	0	0	0	0	0	0	0	0	0
0	0	0	0	0	0	0	0	0	0	0	0	0	0	0	0	0	0	0	0	0	0	0	0	0	0	0	0	0	0	0	0	0	0	0	0	0	0	0	0	0	0	0	0	0	0	0	0	0	0	0	0	0	0	0	0	0	0	0	0	0	0	0	0	0	0	0	0	0	0	0	0	0	0
2	15	0	17	0	0	0	32	0	0	0	0	165	0	0	0	90	0	0	135	144	2	0	4	0	117	0	0	103	0	0	0	57	139	70	0	0	0	0	0	9	2	0	0	15	2	0	0	0	0	0	139	0	0	0	0	6	14	35	0	0	1	0	0	0	0	0	0	0	1	51	12	0	0
23	0	8	0	1	0	60	0	0	20	0	0	4	0	0	0	26	13	0	0	20	3	0	1	0	1	129	0	16	0	1	0	9	13	10	0	0	0	0	9	0	0	0	69	5	0	0	73	0	0	0	14	0	0	5	4	0	0	8	0	1	11	0	0	0	85	1	0	0	0	0	1	0	0
4	0	11	0	22	0	0	0	0	64	27	0	0	1	0	0	19	30	0	0	1	9	0	0	0	0	0	0	0	0	1	0	0	0	5	0	0	0	0	2	0	0	3	0	0	0	0	0	0	0	0	1	0	0	0	0	2	68	120	0	0	39	0	0	0	0	0	0	0	0	0	0	4	0
0	0	15	0	0	0	2	0	0	7	0	0	1	0	0	0	0	10	3	0	0	1	0	0	0	0	0	0	2	0	2	0	0	1	1	0	0	0	0	0	0	3	0	0	0	0	0	7	0	0	0	0	0	0	4	11	1	8	5	0	0	6	0	0	0	0	1	0	0	0	0	12	0	1
32	0	0	0	0	0	0	0	0	84	0	0	0	2	0	0	48	18	0	0	0	8	0	0	0	0	0	0	0	0	35	0	0	1	0	0	0	0	0	0	69	0	0	0	0	0	0	0	0	0	18	12	23	0	1	0	3	6	0	0	0	1	0	0	0	5	0	0	0	0	0	0	0	0
3	6	0	0	0	0	0	0	0	3	2	0	2	0	0	0	48	1	2	4	30	2	0	2	0	1	0	0	7	0	3	0	7	12	5	0	0	0	0	15	5	0	0	0	0	2	0	0	0	0	0	36	22	0	16	11	0	40	0	0	21	0	0	0	0	0	21	0	0	2	18	0	0	2
0	0	0	0	3	0	0	0	0	0	1	0	0	0	0	0	1	0	0	0	0	0	0	0	0	0	0	0	0	0	0	0	0	0	0	0	0	0	0	2	0	0	0	0	2	0	0	0	0	0	0	1	0	0	0	0	0	0	0	2	0	1	0	0	0	0	0	0	0	0	0	0	0	0
0	0	16	0	1	0	0	0	0	18	0	0	0	9	0	0	0	3	0	0	5	0	0	0	0	0	0	0	0	0	79	0	0	0	0	0	0	0	0	0	0	0	0	0	0	0	0	0	0	0	0	0	0	0	0	0	0	0	4	0	0	3	0	0	0	0	0	0	0	0	0	0	0	0
0	1	10	0	2	0	0	0	0	106	0	0	0	2	0	0	0	18	0	1	0	0	0	0	0	0	7	0	0	0	20	0	0	0	0	0	0	0	0	0	73	0	7	0	0	0	0	0	0	0	2	0	14	0	0	5	95	0	0	0	0	18	0	0	0	56	0	0	0	9	0	0	0	0
0	0	0	0	0	0	0	0	0	0	0	0	0	0	0	0	0	0	0	0	0	0	0	0	0	0	0	0	0	0	0	0	0	0	0	0	0	0	0	0	0	0	0	0	0	0	0	0	0	0	0	0	0	0	0	0	0	0	0	0	0	0	0	0	0	0	0	0	0	0	0	0	0	0
0	0	0	0	0	0	0	0	0	0	0	0	0	0	0	0	0	110	0	0	0	0	0	0	0	0	0	0	0	0	0	0	0	0	0	0	0	0	0	0	0	0	0	0	0	0	0	0	0	0	0	0	0	0	0	0	0	0	0	0	0	0	0	0	0	0	0	0	0	0	0	0	0	0
0	0	0	0	0	0	1	0	0	43	0	0	0	0	0	0	1	9	27	0	0	1	0	0	0	0	0	0	0	0	64	0	0	0	0	0	0	0	0	0	0	0	0	18	0	0	0	2	0	0	0	3	51	0	5	0	80	20	0	0	0	0	0	0	0	1	14	0	0	47	12	0	0	39
37	1	0	0	1	0	4	1	0	0	0	0	3	0	0	0	217	26	36	0	115	58	0	0	0	63	0	0	144	0	0	0	108	4	86	0	0	0	0	139	14	1	0	12	36	1	0	0	0	0	3	0	0	0	38	2	4	5	0	0	1	16	0	0	0	0	4	0	0	0	3	23	0	0
0	0	0	0	0	0	0	0	0	88	0	0	0	0	5	0	0	8	20	1	0	0	0	20	0	0	0	0	0	0	89	0	0	1	0	0	0	0	0	0	0	0	0	23	22	0	0	14	0	0	51	0	0	0	8	0	99	16	1	0	0	0	0	0	0	0	1	0	0	30	0	0	0	28
0	0	0	0	0	0	0	0	0	0	0	0	0	0	0	0	0	0	0	0	0	0	0	0	0	0	0	0	0	0	0	0	0	0	0	0	0	0	0	0	0	0	0	0	0	0	0	0	0	0	0	0	0	0	0	0	0	0	0	0	0	0	0	0	0	0	0	0	0	0	0	0	0	0
90	0	0	0	0	0	8	0	0	0	0	0	2	0	0	0	91	16	1	3	0	33	0	66	0	0	0	0	12	0	0	0	3	3	8	0	0	0	0	0	5	0	4	1	16	0	0	0	0	0	5	38	8	0	0	7	0	0	0	0	2	14	0	0	0	0	5	0	0	0	0	2	0	1
0	0	6	9	1	0	1	0	0	6	0	0	0	0	0	0	0	8	0	0	10	1	0	37	0	0	0	0	0	0	5	0	0	0	0	0	0	0	0	0	4	0	11	0	11	0	0	5	0	0	0	2	0	0	7	0	31	0	0	0	0	2	0	0	0	0	1	0	0	26	0	4	0	1
0	0	88	11	0	0	0	1	0	166	2	0	6	0	48	0	3	14	88	12	0	1	0	0	0	3	0	0	2	0	112	0	0	13	5	0	0	0	0	6	0	2	1	3	0	0	0	95	0	0	80	4	99	0	0	31	0	3	73	0	0	16	0	0	0	2	4	0	0	106	2	1	0	54
2	1	0	0	1	0	0	9	0	32	0	0	16	0	0	0	3	0	76	0	0	0	0	30	0	4	0	0	12	0	5	0	0	48	40	0	0	0	0	14	0	68	8	6	40	0	0	0	0	0	20	5	16	0	0	0	3	0	118	9	0	0	0	0	0	0	88	0	0	0	89	1	0	57
0	48	3	15	1	0	0	0	0	6	0	0	24	5	0	0	0	0	46	12	0	4	0	0	0	1	0	0	129	0	0	0	6	69	18	0	0	0	0	35	8	120	5	0	0	0	4	0	0	0	0	0	1	0	0	0	73	118	0	98	0	0	0	0	0	0	210	0	0	76	2	4	0	0
0	0	0	26	0	0	0	0	0	0	0	0	16	0	0	0	0	1	12	0	0	0	0	0	0	2	0	0	28	0	0	0	0	0	5	0	0	0	0	0	0	0	0	0	0	2	0	0	0	0	0	0	0	0	0	0	0	9	98	0	0	1	0	0	0	0	10	0	0	0	0	0	0	0
8	1	0	0	13	0	0	0	0	8	111	0	0	118	0	0	3	20	0	0	10	0	0	0	0	0	0	0	0	0	15	0	0	0	0	0	0	0	0	0	1	0	0	0	21	0	0	0	0	0	0	1	0	0	2	0	0	0	0	0	0	93	0	0	0	0	0	0	0	0	0	0	0	0
18	1	46	0	323	0	1	0	0	65	325	0	0	232	0	43	22	75	0	0	16	2	0	0	0	21	0	0	0	0	72	0	13	0	0	0	0	0	0	1	11	39	6	1	0	1	3	18	0	0	0	16	0	0	14	2	16	0	0	1	93	0	0	0	0	0	0	0	0	0	0	27	71	0
0	0	0	0	0	0	0	0	0	0	0	0	0	0	0	0	0	0	0	0	0	0	0	0	0	0	0	0	0	0	0	0	0	0	0	0	0	0	0	0	0	0	0	0	0	0	0	0	0	0	0	0	0	0	0	0	0	0	0	0	0	0	0	0	0	0	0	0	0	0	0	0	0	0
7	62	16	0	100	0	0	0	0	0	17	0	12	0	0	0	0	0	0	0	4	0	0	0	0	0	0	0	0	0	2	0	0	3	0	0	0	0	0	0	0	0	0	0	0	0	0	0	0	0	0	0	0	0	0	0	0	0	0	0	0	0	0	0	0	0	0	0	0	0	0	0	63	0
0	0	0	0	0	0	0	0	0	0	0	0	0	0	0	0	0	0	0	0	0	0	0	0	0	0	0	0	0	0	0	0	0	0	0	0	0	0	0	0	0	0	0	0	0	0	0	0	0	0	0	0	0	0	0	0	0	0	0	0	0	0	0	0	0	0	0	0	0	0	0	0	0	0
0	0	37	1	1	0	0	0	0	89	0	0	0	6	0	0	1	1	0	0	0	0	0	0	0	0	127	0	0	0	0	0	0	0	0	0	0	0	0	0	85	0	0	5	0	0	0	56	0	0	1	0	0	0	0	0	2	0	0	0	0	0	0	0	0	0	0	0	0	0	0	2	1	0
22	0	0	1	0	0	0	0	0	0	0	0	1	0	0	0	5	0	0	0	0	8	0	0	0	5	0	0	9	0	27	0	0	19	1	0	0	0	0	0	1	0	1	0	21	0	0	0	0	0	14	4	1	0	5	1	4	88	210	10	0	0	0	0	0	0	0	0	0	0	0	0	0	0
0	0	0	0	0	0	0	0	0	0	0	0	0	0	0	0	0	0	0	0	0	0	0	0	0	0	0	0	0	0	0	0	0	0	0	0	0	0	0	0	0	0	0	0	0	0	0	0	0	0	0	0	0	0	0	0	0	0	0	0	0	0	0	0	0	0	0	0	0	0	0	0	0	0
0	0	0	0	0	0	0	0	0	0	0	0	0	0	0	0	0	0	0	0	0	0	0	0	0	0	0	0	0	0	0	0	0	0	0	0	0	0	0	0	0	0	0	0	0	0	0	0	0	0	0	0	0	0	0	0	0	0	0	0	0	0	0	0	0	0	0	0	0	0	0	0	0	0
0	1	1	0	0	0	0	0	0	97	0	0	1	0	0	0	0	2	15	1	0	0	0	0	0	0	0	0	0	0	49	0	0	1	0	0	0	0	0	1	0	0	0	0	2	0	0	9	0	0	47	0	30	0	0	26	106	0	76	0	0	0	0	0	0	0	0	0	0	0	1	0	0	0
0	28	0	24	1	0	0	0	0	0	0	0	57	0	0	0	27	0	0	18	0	1	0	0	0	11	0	0	5	0	0	0	0	48	0	0	0	0	0	51	0	0	0	0	18	0	0	0	0	0	12	3	0	0	0	0	2	89	2	0	0	0	0	0	0	0	0	0	0	1	0	0	0	0
10	0	6	0	70	0	0	0	0	14	13	0	60	17	1	0	10	30	0	9	8	2	0	2	0	12	0	0	1	0	11	0	0	54	0	0	3	0	0	12	1	0	12	0	0	0	0	0	0	0	0	23	0	0	2	4	1	1	4	0	0	27	0	0	0	2	0	0	0	0	0	0	12	0
0	0	1	0	293	0	0	0	0	0	218	0	1	0	0	11	0	0	0	0	0	0	0	0	0	1	0	0	0	0	0	0	1	211	0	0	0	0	0	0	0	4	0	0	0	0	0	0	0	0	0	0	0	0	0	0	0	0	0	0	0	71	0	63	0	1	0	0	0	0	0	12	0	0
0	0	0	0	0	0	0	0	0	0	0	0	0	0	0	0	0	3	0	0	0	0	0	0	0	0	0	0	0	0	20	0	0	0	0	0	0	0	0	0	0	0	1	0	2	0	0	0	0	0	39	0	28	0	1	1	54	57	0	0	0	0	0	0	0	0	0	0	0	0	0	0	0	0
