0	0	0	0	0	0	0	0	0	0	0	0	0	0	0	0	19	0	2	0	0	101	0	110	62	2	0	0	0	0	0	0	0	0	1	0	0	0	0	0	0	0	0	0	0	0	0	0	0	0	0	4	7	0	96	0	1	0	1	0	0	0	0	0	0	0	6	195	0	4	8	0	0	0
0	0	0	0	2	0	2	3	0	2	0	0	1	0	0	0	0	0	1	0	1	0	0	0	0	0	0	0	0	0	3	0	3	0	0	1	0	0	0	1	0	0	0	0	0	2	0	4	0	0	0	0	0	0	1	1	2	0	1	3	0	3	0	0	0	0	0	0	2	3	0	0	4	0
0	0	0	0	0	0	0	10	0	9	2	0	16	40	0	0	0	10	0	2	0	0	0	0	0	0	0	0	0	0	23	0	0	0	0	0	0	0	0	0	12	0	0	2	0	0	0	72	0	0	0	9	0	0	0	0	61	0	28	25	0	27	0	0	0	0	0	0	2	1	0	0	29	0
0	0	0	0	0	0	0	0	0	0	0	0	0	0	0	0	0	0	0	0	0	0	0	0	0	0	0	0	0	0	0	0	0	0	0	0	0	0	0	0	0	0	0	0	0	0	0	0	0	0	0	0	0	0	0	0	0	0	0	0	0	0	0	0	0	0	0	0	0	0	0	0	0	0
0	2	0	0	0	0	0	0	0	10	74	0	52	1	0	0	0	13	0	0	0	0	0	0	0	0	0	0	0	0	45	0	0	0	0	0	0	0	0	0	2	0	0	0	0	0	0	1	0	0	0	0	0	0	0	0	3	0	0	0	0	174	0	0	0	0	0	0	7	1	0	0	153	0
0	0	0	0	0	0	0	0	0	0	0	0	0	0	0	0	0	0	0	0	0	0	0	0	0	0	0	0	0	0	1	0	0	0	0	0	0	0	0	0	0	0	0	0	0	0	0	0	0	0	0	0	0	0	0	0	0	0	0	0	0	0	0	0	0	0	0	0	0	0	0	0	0	0
0	2	0	0	0	0	0	0	0	0	0	0	0	0	0	0	0	2	0	0	0	0	0	0	0	0	0	0	0	0	6	0	2	0	0	0	0	0	0	2	23	0	0	0	0	0	0	1	0	0	0	1	0	0	1	0	4	0	0	0	0	0	0	0	0	0	0	0	4	0	0	0	3	0
0	3	10	0	0	0	0	0	0	0	0	0	294	0	0	0	8	0	146	6	54	0	0	0	0	13	0	0	0	0	0	0	88	0	2	0	0	0	0	0	0	21	0	0	0	1	0	0	0	0	0	0	1	0	0	21	19	29	3	322	0	0	0	0	0	0	0	0	0	12	86	3	0	0
0	0	0	0	0	0	0	0	0	0	0	0	0	0	0	0	0	0	0	0	0	0	0	0	0	0	0	0	0	0	0	0	0	0	0	0	0	0	0	0	0	0	0	0	0	0	0	0	0	0	0	0	0	0	0	0	0	0	0	0	0	0	0	0	0	0	0	0	0	0	0	0	0	0
0	2	9	0	10	0	0	0	0	0	0	0	1	4	0	25	0	43	0	0	1	0	0	0	0	0	0	0	0	0	73	0	2	0	0	0	0	0	0	0	0	1	0	3	0	0	8	130	0	0	20	0	0	0	0	0	92	0	2	1	0	37	0	0	0	0	0	0	15	5	0	5	41	0
0	0	2	0	74	0	0	0	0	0	0	0	1	259	0	16	0	3	0	0	0	0	0	0	0	0	0	0	0	0	0	0	0	0	0	0	0	0	0	0	4	126	0	0	0	6	0	0	0	0	0	0	0	0	0	0	1	2	0	0	0	331	0	0	0	0	0	0	0	1	0	6	186	0
0	0	0	0	0	0	0	0	0	0	0	0	0	0	0	0	0	0	0	0	0	0	0	0	0	0	0	0	0	0	0	0	0	0	0	0	0	0	0	0	0	0	0	0	0	0	0	0	0	0	0	0	0	0	0	0	0	0	0	0	0	0	0	0	0	0	0	0	0	0	0	0	0	0
0	1	16	0	52	0	0	294	0	1	1	0	0	2	0	8	7	0	120	18	90	0	0	0	0	2	0	0	0	0	1	0	47	96	23	0	0	0	0	0	0	3	0	0	0	104	1	0	0	0	0	3	2	0	3	2	33	44	13	233	0	7	0	0	0	0	1	1	0	19	112	0	2	0
0	0	40	0	1	0	0	0	0	4	259	0	2	0	0	5	1	49	0	0	1	0	0	0	0	0	1	0	0	0	32	0	0	0	0	2	0	0	0	0	1	56	0	3	1	0	12	0	0	0	0	0	0	0	0	0	0	8	19	7	0	218	0	0	0	0	0	0	6	11	0	11	3	0
0	0	0	0	0	0	0	0	0	0	0	0	0	0	0	0	0	0	0	0	0	0	0	0	0	0	0	0	0	0	0	0	0	0	0	7	0	0	0	0	2	0	0	7	0	0	0	0	0	0	0	0	0	0	0	0	0	0	0	0	0	0	0	0	0	0	0	0	0	2	0	0	0	0
0	0	0	0	0	0	0	0	0	25	16	0	8	5	0	0	0	1	0	0	0	0	0	0	0	1	0	0	0	0	10	0	1	0	0	0	0	0	0	0	0	0	0	0	0	0	0	0	0	0	0	0	0	0	0	0	0	0	0	0	0	21	0	0	0	0	0	0	0	1	0	0	13	0
19	0	0	0	0	0	0	8	0	0	0	0	7	1	0	0	0	0	78	6	109	55	0	35	12	84	0	0	0	0	6	0	62	26	21	0	0	0	0	0	0	21	0	0	0	23	0	0	0	0	13	155	63	0	81	7	4	64	13	26	0	1	0	0	0	0	40	19	0	1	47	1	0	4
0	0	10	0	13	0	2	0	0	43	3	0	0	49	0	1	0	0	0	0	0	0	0	0	0	0	1	0	0	0	43	0	2	5	0	24	0	0	0	0	7	6	0	66	1	1	2	53	0	94	13	0	25	0	0	0	10	3	0	0	0	25	0	0	0	0	0	0	18	11	0	7	23	2
2	1	0	0	0	0	0	146	0	0	0	0	120	0	0	0	78	0	0	35	48	5	0	0	0	90	0	0	0	0	0	0	13	0	40	0	0	0	0	0	0	0	0	0	0	0	0	0	0	0	0	120	2	0	9	3	20	22	2	189	0	1	0	0	0	0	0	0	0	4	4	0	0	0
0	0	2	0	0	0	0	6	0	0	0	0	18	0	0	0	6	0	35	0	0	5	0	265	75	0	0	0	0	0	89	0	2	0	12	0	0	0	0	4	0	0	0	5	0	0	2	35	0	0	16	26	68	0	85	133	214	0	5	31	0	2	0	0	0	0	1	0	0	18	30	0	1	3
0	1	0	0	0	0	0	54	0	1	0	0	90	1	0	0	109	0	48	0	0	3	0	2	1	138	0	0	0	0	0	0	65	58	1	0	0	0	0	0	26	0	0	0	0	22	0	0	0	0	0	5	16	0	19	20	1	6	0	6	0	1	0	0	0	0	0	0	0	0	0	0	1	0
101	0	0	0	0	0	0	0	0	0	0	0	0	0	0	0	55	0	5	5	3	0	0	221	93	16	0	0	0	0	53	0	2	2	42	0	0	0	0	0	0	0	0	0	0	3	0	0	0	0	50	71	6	0	29	14	5	60	28	84	0	0	0	0	0	0	32	33	0	3	4	0	0	1
0	0	0	0	0	0	0	0	0	0	0	0	0	0	0	0	0	0	0	0	0	0	0	0	0	0	0	0	0	0	0	0	0	0	0	0	0	0	0	0	0	0	0	0	0	0	0	0	0	0	0	0	0	0	0	0	0	0	0	0	0	0	0	0	0	0	0	0	0	0	0	0	0	0
110	0	0	0	0	0	0	0	0	0	0	0	0	0	0	0	35	0	0	265	2	221	0	0	242	1	0	0	0	0	9	0	15	0	32	0	0	0	0	0	0	0	0	0	0	0	0	0	0	0	6	10	140	0	196	287	55	0	0	0	0	0	0	0	0	0	0	379	0	0	58	0	0	16
62	0	0	0	0	0	0	0	0	0	0	0	0	0	0	0	12	0	0	75	1	93	0	242	0	1	0	0	0	0	4	0	0	0	4	0	0	0	0	0	0	0	0	0	0	0	0	0	0	0	1	5	5	0	55	140	4	0	0	0	0	0	0	0	0	0	0	75	0	0	2	0	0	1
2	0	0	0	0	0	0	13	0	0	0	0	2	0	0	1	84	0	90	0	138	16	0	1	1	0	0	0	0	0	0	0	59	4	3	0	0	0	0	0	2	12	0	1	0	0	0	0	0	0	0	72	30	0	42	0	9	10	1	0	0	0	0	0	0	0	11	9	0	0	0	0	1	0
0	0	0	0	0	0	0	0	0	0	0	0	0	1	0	0	0	1	0	0	0	0	0	0	0	0	0	0	0	0	0	0	0	0	0	0	0	0	0	0	57	0	0	0	0	0	0	52	0	0	0	0	0	0	0	0	0	0	0	0	0	1	0	0	0	0	0	0	0	0	0	0	0	0
0	0	0	0	0	0	0	0	0	0	0	0	0	0	0	0	0	0	0	0	0	0	0	0	0	0	0	0	0	0	0	0	0	0	0	0	0	0	0	0	0	0	0	0	0	0	0	0	0	0	0	0	0	0	0	0	0	0	0	0	0	0	0	0	0	0	0	0	0	0	0	0	0	0
0	0	0	0	0	0	0	0	0	0	0	0	0	0	0	0	0	0	0	0	0	0	0	0	0	0	0	0	0	0	0	0	0	0	0	0	0	0	0	0	0	0	0	0	0	0	0	0	0	0	0	0	0	0	0	0	0	0	0	0	0	0	0	0	0	0	0	0	0	0	0	0	0	0
0	0	0	0	0	0	0	0	0	0	0	0	0	0	0	0	0	0	0	0	0	0	0	0	0	0	0	0	0	0	0	0	0	0	0	0	0	0	0	0	0	0	0	0	0	0	0	0	0	0	0	0	0	0	0	0	0	0	0	0	0	0	0	0	0	0	0	0	0	0	0	0	0	0
0	3	23	0	45	1	6	0	0	73	0	0	1	32	0	10	6	43	0	89	0	53	0	9	4	0	0	0	0	0	0	0	3	1	0	0	0	0	0	0	5	1	0	135	0	0	31	28	0	0	182	0	117	0	83	0	165	21	0	1	0	58	0	0	0	0	37	1	23	9	0	22	76	42
0	0	0	0	0	0	0	0	0	0	0	0	0	0	0	0	0	0	0	0	0	0	0	0	0	0	0	0	0	0	0	0	0	0	0	0	0	0	0	0	0	0	0	0	0	0	0	0	0	0	0	0	0	0	0	0	0	0	0	0	0	0	0	0	0	0	0	0	0	0	0	0	0	0
0	3	0	0	0	0	2	88	0	2	0	0	47	0	0	1	62	2	13	2	65	2	0	15	0	59	0	0	0	0	3	0	0	0	21	0	0	0	0	1	4	0	0	2	0	1	0	0	0	0	0	50	0	0	1	7	9	8	4	50	0	3	0	0	0	0	1	2	2	1	1	2	6	0
0	0	0	0	0	0	0	0	0	0	0	0	96	0	0	0	26	5	0	0	58	2	0	0	0	4	0	0	0	0	1	0	0	0	0	0	0	0	0	0	0	0	0	0	1	0	0	0	0	0	0	1	0	0	1	0	4	83	0	49	0	2	0	0	0	0	0	0	2	1	0	0	44	0
1	0	0	0	0	0	0	2	0	0	0	0	23	0	0	0	21	0	40	12	1	42	0	32	4	3	0	0	0	0	0	0	21	0	0	0	0	0	0	0	0	0	0	0	0	0	0	0	0	0	0	42	17	0	8	1	6	101	106	124	0	0	0	0	0	0	9	19	0	10	8	1	0	0
0	1	0	0	0	0	0	0	0	0	0	0	0	2	7	0	0	24	0	0	0	0	0	0	0	0	0	0	0	0	0	0	0	0	0	0	0	0	0	0	62	0	0	0	0	0	0	94	0	0	0	0	0	0	0	0	13	4	0	3	0	3	0	0	0	0	0	0	0	0	0	0	3	0
0	0	0	0	0	0	0	0	0	0	0	0	0	0	0	0	0	0	0	0	0	0	0	0	0	0	0	0	0	0	0	0	0	0	0	0	0	0	0	0	0	0	0	0	0	0	0	0	0	0	0	0	0	0	0	0	0	0	0	0	0	0	0	0	0	0	0	0	0	0	0	0	0	0
0	0	0	0	0	0	0	0	0	0	0	0	0	0	0	0	0	0	0	0	0	0	0	0	0	0	0	0	0	0	0	0	0	0	0	0	0	0	0	0	0	0	0	0	0	0	0	0	0	0	0	0	0	0	0	0	0	0	0	0	0	0	0	0	0	0	0	0	0	0	0	0	0	0
0	0	0	0	0	0	0	0	0	0	0	0	0	0	0	0	0	0	0	0	0	0	0	0	0	0	0	0	0	0	0	0	0	0	0	0	0	0	0	0	0	0	0	0	0	0	0	0	0	0	0	0	0	0	0	0	0	0	0	0	0	0	0	0	0	0	0	0	0	0	0	0	0	0
0	1	0	0	0	0	2	0	0	0	0	0	0	0	0	0	0	0	0	4	0	0	0	0	0	0	0	0	0	0	0	0	1	0	0	0	0	0	0	0	0	0	0	0	0	0	0	0	0	0	0	0	0	0	0	0	4	0	0	0	0	4	0	0	0	0	0	0	0	0	0	3	0	0
0	0	12	0	2	0	23	0	0	0	4	0	0	1	2	0	0	7	0	0	26	0	0	0	0	2	57	0	0	0	5	0	4	0	0	62	0	0	0	0	0	1	0	79	0	0	0	86	0	0	0	1	0	0	1	10	1	1	0	2	0	24	0	0	0	0	1	0	0	2	2	2	6	0
0	0	0	0	0	0	0	21	0	1	126	0	3	56	0	0	21	6	0	0	0	0	0	0	0	12	0	0	0	0	1	0	0	0	0	0	0	0	0	0	1	0	0	6	0	0	0	108	0	0	0	5	0	0	0	0	7	88	106	14	0	114	0	0	0	0	0	0	0	0	0	0	2	0
0	0	0	0	0	0	0	0	0	0	0	0	0	0	0	0	0	0	0	0	0	0	0	0	0	0	0	0	0	0	0	0	0	0	0	0	0	0	0	0	0	0	0	0	0	0	0	0	0	0	0	0	0	0	0	0	0	0	0	0	0	0	0	0	0	0	0	0	0	0	0	0	0	0
0	0	2	0	0	0	0	0	0	3	0	0	0	3	7	0	0	66	0	5	0	0	0	0	0	1	0	0	0	0	135	0	2	0	0	0	0	0	0	0	79	6	0	0	1	0	0	147	0	0	48	0	0	0	1	0	84	88	0	3	0	12	0	0	0	0	0	0	2	0	0	0	4	0
0	0	0	0	0	0	0	0	0	0	0	0	0	1	0	0	0	1	0	0	0	0	0	0	0	0	0	0	0	0	0	0	0	1	0	0	0	0	0	0	0	0	0	1	0	0	0	0	0	0	0	0	0	0	0	0	0	0	0	0	0	0	0	0	0	0	0	0	0	1	0	0	1	0
0	2	0	0	0	0	0	1	0	0	6	0	104	0	0	0	23	1	0	0	22	3	0	0	0	0	0	0	0	0	0	0	1	0	0	0	0	0	0	0	0	0	0	0	0	0	0	0	0	0	0	12	0	0	0	0	0	85	18	53	0	1	0	0	0	0	0	0	0	0	0	0	45	0
0	0	0	0	0	0	0	0	0	8	0	0	1	12	0	0	0	2	0	2	0	0	0	0	0	0	0	0	0	0	31	0	0	0	0	0	0	0	0	0	0	0	0	0	0	0	0	1	0	0	0	0	0	0	0	0	1	6	38	0	0	19	0	0	0	0	0	0	0	1	0	0	23	0
0	4	72	0	1	0	1	0	0	130	0	0	0	0	0	0	0	53	0	35	0	0	0	0	0	0	52	0	0	0	28	0	0	0	0	94	0	0	0	0	86	108	0	147	0	0	1	0	0	0	6	0	78	0	1	0	125	0	0	0	0	8	0	0	0	0	0	0	14	2	9	0	19	0
0	0	0	0	0	0	0	0	0	0	0	0	0	0	0	0	0	0	0	0	0	0	0	0	0	0	0	0	0	0	0	0	0	0	0	0	0	0	0	0	0	0	0	0	0	0	0	0	0	0	0	0	0	0	0	0	0	0	0	0	0	0	0	0	0	0	0	0	0	0	0	0	0	0
0	0	0	0	0	0	0	0	0	0	0	0	0	0	0	0	0	94	0	0	0	0	0	0	0	0	0	0	0	0	0	0	0	0	0	0	0	0	0	0	0	0	0	0	0	0	0	0	0	0	0	0	0	0	0	0	0	0	0	0	0	0	0	0	0	0	0	0	0	0	0	0	0	0
0	0	0	0	0	0	0	0	0	20	0	0	0	0	0	0	13	13	0	16	0	50	0	6	1	0	0	0	0	0	182	0	0	0	0	0	0	0	0	0	0	0	0	48	0	0	0	6	0	0	0	0	52	0	9	0	85	8	0	0	0	0	0	0	0	0	42	0	0	0	0	0	1	26
4	0	9	0	0	0	1	0	0	0	0	0	3	0	0	0	155	0	120	26	5	71	0	10	5	72	0	0	0	0	0	0	50	1	42	0	0	0	0	0	1	5	0	0	0	12	0	0	0	0	0	0	50	0	67	15	4	11	0	2	0	0	0	0	0	0	21	6	0	18	54	2	0	0
7	0	0	0	0	0	0	1	0	0	0	0	2	0	0	0	63	25	2	68	16	6	0	140	5	30	0	0	0	0	117	0	0	0	17	0	0	0	0	0	0	0	0	0	0	0	0	78	0	0	52	50	0	0	7	0	58	21	0	3	0	0	0	0	0	0	0	0	0	0	0	0	0	0
0	0	0	0	0	0	0	0	0	0	0	0	0	0	0	0	0	0	0	0	0	0	0	0	0	0	0	0	0	0	0	0	0	0	0	0	0	0	0	0	0	0	0	0	0	0	0	0	0	0	0	0	0	0	0	0	0	0	0	0	0	0	0	0	0	0	0	0	0	0	0	0	0	0
96	1	0	0	0	0	1	0	0	0	0	0	3	0	0	0	81	0	9	85	19	29	0	196	55	42	0	0	0	0	83	0	1	1	8	0	0	0	0	0	1	0	0	1	0	0	0	1	0	0	9	67	7	0	0	64	2	10	2	4	0	0	0	0	0	0	4	8	2	2	1	0	0	0
0	1	0	0	0	0	0	21	0	0	0	0	2	0	0	0	7	0	3	133	20	14	0	287	140	0	0	0	0	0	0	0	7	0	1	0	0	0	0	0	10	0	0	0	0	0	0	0	0	0	0	15	0	0	64	0	124	0	2	22	0	0	0	0	0	0	0	31	0	2	0	0	1	0
1	2	61	0	3	0	4	19	0	92	1	0	33	0	0	0	4	10	20	214	1	5	0	55	4	9	0	0	0	0	165	0	9	4	6	13	0	0	0	4	1	7	0	84	0	0	1	125	0	0	85	4	58	0	2	124	0	14	24	59	0	17	0	0	0	0	4	1	0	14	14	9	10	49
0	0	0	0	0	0	0	29	0	0	2	0	44	8	0	0	64	3	22	0	6	60	0	0	0	10	0	0	0	0	21	0	8	83	101	4	0	0	0	0	1	88	0	88	0	85	6	0	0	0	8	11	21	0	10	0	14	0	173	178	0	10	0	0	0	0	94	13	0	1	107	7	2	71
1	1	28	0	0	0	0	3	0	2	0	0	13	19	0	0	13	0	2	5	0	28	0	0	0	1	0	0	0	0	0	0	4	0	106	0	0	0	0	0	0	106	0	0	0	18	38	0	0	0	0	0	0	0	2	2	24	173	0	309	0	0	0	0	0	0	114	0	0	19	96	0	0	0
0	3	25	0	0	0	0	322	0	1	0	0	233	7	0	0	26	0	189	31	6	84	0	0	0	0	0	0	0	0	1	0	50	49	124	3	0	0	0	0	2	14	0	3	0	53	0	0	0	0	0	2	3	0	4	22	59	178	309	0	0	0	0	0	0	0	6	0	0	34	167	5	0	0
0	0	0	0	0	0	0	0	0	0	0	0	0	0	0	0	0	0	0	0	0	0	0	0	0	0	0	0	0	0	0	0	0	0	0	0	0	0	0	0	0	0	0	0	0	0	0	0	0	0	0	0	0	0	0	0	0	0	0	0	0	0	0	0	0	0	0	0	0	0	0	0	0	0
0	3	27	0	174	0	0	0	0	37	331	0	7	218	0	21	1	25	1	2	1	0	0	0	0	0	1	0	0	0	58	0	3	2	0	3	0	0	0	4	24	114	0	12	0	1	19	8	0	0	0	0	0	0	0	0	17	10	0	0	0	0	0	0	0	0	0	0	14	7	0	34	121	0
0	0	0	0	0	0	0	0	0	0	0	0	0	0	0	0	0	0	0	0	0	0	0	0	0	0	0	0	0	0	0	0	0	0	0	0	0	0	0	0	0	0	0	0	0	0	0	0	0	0	0	0	0	0	0	0	0	0	0	0	0	0	0	0	0	0	0	0	0	0	0	0	0	0
0	0	0	0	0	0	0	0	0	0	0	0	0	0	0	0	0	0	0	0	0	0	0	0	0	0	0	0	0	0	0	0	0	0	0	0	0	0	0	0	0	0	0	0	0	0	0	0	0	0	0	0	0	0	0	0	0	0	0	0	0	0	0	0	0	0	0	0	0	0	0	0	0	0
0	0	0	0	0	0	0	0	0	0	0	0	0	0	0	0	0	0	0	0	0	0	0	0	0	0	0	0	0	0	0	0	0	0	0	0	0	0	0	0	0	0	0	0	0	0	0	0	0	0	0	0	0	0	0	0	0	0	0	0	0	0	0	0	0	0	0	0	0	0	0	0	0	0
0	0	0	0	0	0	0	0	0	0	0	0	0	0	0	0	0	0	0	0	0	0	0	0	0	0	0	0	0	0	0	0	0	0	0	0	0	0	0	0	0	0	0	0	0	0	0	0	0	0	0	0	0	0	0	0	0	0	0	0	0	0	0	0	0	0	0	0	0	0	0	0	0	0
6	0	0	0	0	0	0	0	0	0	0	0	1	0	0	0	40	0	0	1	0	32	0	0	0	11	0	0	0	0	37	0	1	0	9	0	0	0	0	0	1	0	0	0	0	0	0	0	0	0	42	21	0	0	4	0	4	94	114	6	0	0	0	0	0	0	0	0	0	1	0	0	1	0
195	0	0	0	0	0	0	0	0	0	0	0	1	0	0	0	19	0	0	0	0	33	0	379	75	9	0	0	0	0	1	0	2	0	19	0	0	0	0	0	0	0	0	0	0	0	0	0	0	0	0	6	0	0	8	31	1	13	0	0	0	0	0	0	0	0	0	0	0	0	0	0	0	0
0	2	2	0	7	0	4	0	0	15	0	0	0	6	0	0	0	18	0	0	0	0	0	0	0	0	0	0	0	0	23	0	2	2	0	0	0	0	0	0	0	0	0	2	0	0	0	14	0	0	0	0	0	0	2	0	0	0	0	0	0	14	0	0	0	0	0	0	0	4	0	12	20	0
4	3	1	0	1	0	0	12	0	5	1	0	19	11	2	1	1	11	4	18	0	3	0	0	0	0	0	0	0	0	9	0	1	1	10	0	0	0	0	0	2	0	0	0	1	0	1	2	0	0	0	18	0	0	2	2	14	1	19	34	0	7	0	0	0	0	1	0	4	0	3	1	6	0
8	0	0	0	0	0	0	86	0	0	0	0	112	0	0	0	47	0	4	30	0	4	0	58	2	0	0	0	0	0	0	0	1	0	8	0	0	0	0	0	2	0	0	0	0	0	0	9	0	0	0	54	0	0	1	0	14	107	96	167	0	0	0	0	0	0	0	0	0	3	0	0	0	0
0	0	0	0	0	0	0	3	0	5	6	0	0	11	0	0	1	7	0	0	0	0	0	0	0	0	0	0	0	0	22	0	2	0	1	0	0	0	0	3	2	0	0	0	0	0	0	0	0	0	0	2	0	0	0	0	9	7	0	5	0	34	0	0	0	0	0	0	12	1	0	0	20	0
0	4	29	0	153	0	3	0	0	41	186	0	2	3	0	13	0	23	0	1	1	0	0	0	0	1	0	0	0	0	76	0	6	44	0	3	0	0	0	0	6	2	0	4	1	45	23	19	0	0	1	0	0	0	0	1	10	2	0	0	0	121	0	0	0	0	1	0	20	6	0	20	0	0
0	0	0	0	0	0	0	0	0	0	0	0	0	0	0	0	4	2	0	3	0	1	0	16	1	0	0	0	0	0	42	0	0	0	0	0	0	0	0	0	0	0	0	0	0	0	0	0	0	0	26	0	0	0	0	0	49	71	0	0	0	0	0	0	0	0	0	0	0	0	0	0	0	0
