0	0	0	0	0	2	0	0	0	0	0	0	0	0	0	0	1	0	1	0	0	3	0	0	0	0	0	0	0	0	0	0	0	1	1	0	0	0	1	0	0	0	0	0	1	0	0	0	0	0	0	0	1	0	4	0	0	0	0	0	0	0	0	0	0	0	1	5	0	0	0	0	0	0
0	0	1	0	17	0	0	2	0	2	0	0	30	0	0	0	0	0	0	2	0	0	0	0	0	0	0	0	0	0	0	984	1	33	0	0	0	0	1	5	0	0	0	1	0	5	0	0	0	0	0	6	0	0	0	1	0	0	0	0	9	1	0	0	0	0	0	0	0	0	0	0	0	0
0	1	0	0	0	0	0	0	0	2	0	0	0	104	90	0	0	0	0	1	7	0	0	0	0	0	0	0	0	0	0	6	0	0	0	0	0	0	0	0	0	0	0	0	0	0	0	2	0	0	0	0	0	0	0	0	0	0	0	0	0	51	0	0	0	2	0	0	0	0	0	1	0	0
0	0	0	0	0	0	0	0	0	0	0	0	0	0	0	0	0	0	0	0	1	0	0	0	0	0	0	0	0	0	0	0	0	0	0	0	0	0	0	0	0	0	0	0	0	0	0	0	0	0	0	0	0	0	0	0	0	0	0	0	0	0	0	0	0	1	0	0	0	0	0	0	0	0
0	17	0	0	0	0	0	0	0	0	0	0	76	57	0	0	0	0	0	0	0	0	0	0	0	0	0	0	0	0	0	1372	0	27	0	0	0	0	0	0	0	0	0	0	0	0	0	0	0	0	0	0	0	0	0	0	0	0	0	0	0	121	0	0	0	0	0	0	1	0	0	17	0	0
2	0	0	0	0	0	0	0	0	0	0	0	0	0	0	0	232	0	21	10	92	15	0	2	0	77	0	0	0	0	0	0	39	66	43	0	0	0	164	12	0	0	0	0	7	0	0	0	0	0	0	205	71	0	65	22	3	2	0	0	0	0	0	0	0	0	29	28	0	0	0	0	0	0
0	0	0	0	0	0	0	0	0	0	0	0	0	0	0	0	0	0	0	0	0	0	0	0	0	0	0	0	0	0	0	0	0	0	0	0	0	0	0	0	0	0	0	0	0	0	0	0	0	0	0	0	0	0	0	0	0	0	0	0	0	0	0	0	0	0	0	0	0	0	0	0	0	0
0	2	0	0	0	0	0	0	0	0	0	0	102	0	0	0	2	0	2	0	12	0	0	0	0	0	0	0	0	0	0	820	0	163	0	0	0	0	0	0	0	0	0	0	0	0	0	0	0	0	0	0	0	0	0	0	0	0	0	0	0	0	0	0	0	0	0	0	0	0	0	2	0	0
0	0	0	0	0	0	0	0	0	0	0	0	0	0	0	0	2	0	0	0	0	0	0	0	0	0	0	0	0	0	0	0	0	0	0	0	0	0	0	0	0	0	0	0	0	0	0	0	0	1	0	0	0	0	0	0	0	0	0	0	0	0	0	0	0	0	0	0	0	0	0	0	0	0
0	2	2	0	0	0	0	0	0	0	0	0	0	3	0	0	0	0	0	3	0	0	0	0	0	0	0	0	0	0	0	0	2	0	0	0	0	0	0	0	0	0	0	4	0	2	4	0	0	1	0	0	0	0	0	0	0	0	0	0	0	7	0	0	0	0	0	0	0	0	0	2	0	0
0	0	0	0	0	0	0	0	0	0	0	0	0	0	0	0	0	0	0	0	0	0	0	0	0	0	0	0	0	0	0	0	0	0	0	0	0	0	0	0	0	0	0	0	0	0	0	0	0	0	0	0	0	0	0	0	0	0	0	0	0	0	0	0	0	0	0	0	0	0	0	0	0	0
0	0	0	0	0	0	0	0	0	0	0	0	0	0	0	0	0	0	0	0	0	0	0	0	0	0	0	0	0	0	0	0	0	0	0	0	0	0	0	0	0	0	0	0	0	0	0	0	0	0	0	0	0	0	0	0	0	0	0	0	0	0	0	0	0	0	0	0	0	0	0	0	0	0
0	30	0	0	76	0	0	102	0	0	0	0	0	0	0	0	3	0	2	2	4	0	0	0	0	0	0	0	0	0	0	1013	76	234	5	0	0	0	45	151	0	0	0	0	0	128	0	0	0	0	0	1	0	0	0	3	66	8	0	0	0	0	0	0	0	0	0	0	0	0	0	2	0	0
0	0	104	0	57	0	0	0	0	3	0	0	0	0	0	0	0	0	0	5	13	0	0	0	0	0	0	0	0	0	0	1182	1	0	0	1	0	0	0	0	0	0	0	63	0	1	80	0	0	0	0	0	0	0	0	0	1	4	0	0	19	187	0	71	0	0	0	0	0	0	0	2	0	0
0	0	90	0	0	0	0	0	0	0	0	0	0	0	0	0	0	0	149	0	19	0	0	0	0	0	0	0	0	0	0	0	0	0	0	32	0	0	0	0	0	0	0	95	0	0	0	68	0	0	0	0	4	0	0	0	0	0	0	0	0	0	0	0	0	78	0	26	0	0	0	0	0	0
0	0	0	0	0	0	0	0	0	0	0	0	0	0	0	0	0	0	0	0	0	0	0	0	0	0	0	0	0	0	0	5	0	0	0	0	0	0	0	0	0	0	0	0	0	0	0	0	0	0	0	0	0	0	0	0	0	0	0	0	0	0	0	0	0	0	0	0	0	0	0	0	0	0
1	0	0	0	0	232	0	2	2	0	0	0	3	0	0	0	0	0	6	22	215	10	0	4	0	84	0	0	0	0	0	0	61	17	19	0	0	0	152	132	0	0	0	0	2	0	0	0	0	0	0	151	37	0	42	5	2	4	0	0	11	0	0	0	0	1	26	40	0	0	0	0	0	0
0	0	0	0	0	0	0	0	0	0	0	0	0	0	0	0	0	0	0	0	0	0	0	0	0	0	0	0	0	0	0	0	0	0	0	0	0	0	0	0	0	0	0	0	0	0	0	0	0	0	0	0	0	0	0	0	0	0	0	0	0	0	0	0	0	0	0	0	0	0	0	0	0	0
1	0	0	0	0	21	0	2	0	0	0	0	2	0	149	0	6	0	0	171	24	82	0	0	0	0	0	0	0	0	24	1	2	2	2	0	0	0	2	2	0	0	0	154	2	0	0	0	0	0	0	0	184	0	0	2	10	130	0	0	0	0	0	0	0	0	12	166	0	0	0	0	0	2
0	2	1	0	0	10	0	0	0	3	0	0	2	5	0	0	22	0	171	0	5	0	0	0	0	0	0	0	0	0	12	0	24	13	0	0	0	0	1	8	0	0	0	30	71	6	1	0	0	0	0	0	105	0	78	87	2	2	0	0	0	14	0	0	0	9	0	25	1	0	0	5	0	0
0	0	7	1	0	92	0	12	0	0	0	0	4	13	19	0	215	0	24	5	0	0	0	0	0	60	0	0	0	1	0	0	90	27	29	0	0	0	125	108	0	0	0	10	2	1	7	0	0	0	0	108	18	0	16	0	8	3	0	0	7	2	0	0	0	0	4	22	0	0	0	0	0	0
3	0	0	0	0	15	0	0	0	0	0	0	0	0	0	0	10	0	82	0	0	0	0	46	0	2	0	0	0	0	0	0	0	10	0	0	0	0	0	0	0	0	0	0	0	0	0	0	0	0	0	4	0	0	0	0	0	0	0	0	0	0	0	0	0	0	0	0	0	0	0	0	0	4
0	0	0	0	0	0	0	0	0	0	0	0	0	0	0	0	0	0	0	0	0	0	0	0	0	0	0	0	0	0	0	0	0	0	0	0	0	0	0	0	0	0	0	0	0	0	0	0	0	0	0	0	0	0	0	0	0	0	0	0	0	0	0	0	0	0	0	0	0	0	0	0	0	0
0	0	0	0	0	2	0	0	0	0	0	0	0	0	0	0	4	0	0	0	0	46	0	0	94	0	0	0	0	0	0	0	0	0	16	0	0	0	4	2	0	0	0	0	24	2	0	0	0	0	0	0	0	0	24	18	0	0	0	0	0	0	0	0	0	0	0	2	0	0	0	0	0	0
0	0	0	0	0	0	0	0	0	0	0	0	0	0	0	0	0	0	0	0	0	0	0	94	0	0	0	0	0	0	0	0	0	0	0	0	0	0	0	0	0	0	0	0	0	0	0	0	0	0	0	0	0	0	0	3	0	0	0	0	0	0	0	0	0	0	0	0	0	0	0	0	0	0
0	0	0	0	0	77	0	0	0	0	0	0	0	0	0	0	84	0	0	0	60	2	0	0	0	0	0	0	0	0	0	0	52	3	18	0	0	0	79	28	0	0	0	0	3	0	0	0	0	0	0	101	0	0	0	4	0	1	0	0	0	0	0	0	0	0	0	1	0	0	0	0	0	0
0	0	0	0	0	0	0	0	0	0	0	0	0	0	0	0	0	0	0	0	0	0	0	0	0	0	0	0	0	0	0	0	0	0	0	0	0	0	0	0	0	0	0	0	0	0	0	0	0	0	0	0	0	0	0	0	0	0	0	0	0	0	0	0	0	0	0	0	0	0	0	0	0	0
0	0	0	0	0	0	0	0	0	0	0	0	0	0	0	0	0	0	0	0	0	0	0	0	0	0	0	0	0	0	0	0	0	0	0	0	0	0	0	0	0	0	0	0	0	0	0	0	0	0	0	0	0	0	0	0	0	0	0	0	0	0	0	0	0	0	0	0	0	0	0	0	0	0
0	0	0	0	0	0	0	0	0	0	0	0	0	0	0	0	0	0	0	0	0	0	0	0	0	0	0	0	0	0	0	0	0	0	0	0	0	0	0	0	0	0	0	0	0	0	0	0	0	0	0	0	0	0	0	0	0	0	0	0	0	0	0	0	0	0	0	0	0	0	0	0	0	0
0	0	0	0	0	0	0	0	0	0	0	0	0	0	0	0	0	0	0	0	1	0	0	0	0	0	0	0	0	0	0	0	0	0	0	0	0	0	0	0	0	0	0	0	0	0	0	0	0	0	0	0	0	0	0	0	0	0	0	0	0	0	0	0	0	1	0	0	0	0	0	0	0	0
0	0	0	0	0	0	0	0	0	0	0	0	0	0	0	0	0	0	24	12	0	0	0	0	0	0	0	0	0	0	0	0	0	0	0	0	0	0	0	0	0	0	0	0	0	0	0	0	0	0	26	0	0	0	0	0	0	0	0	0	0	0	0	0	0	0	0	0	0	0	0	0	0	25
0	984	6	0	1372	0	0	820	0	0	0	0	1013	1182	0	5	0	0	1	0	0	0	0	0	0	0	0	0	0	0	0	0	12	255	0	0	0	0	0	436	0	0	0	157	0	560	3	0	0	0	0	0	0	0	0	2	40	7	0	0	1	334	0	636	0	0	0	0	56	0	0	9	0	0
0	1	0	0	0	39	0	0	0	2	0	0	76	1	0	0	61	0	2	24	90	0	0	0	0	52	0	0	0	0	0	12	0	4	0	0	0	0	20	5	0	0	0	4	0	0	0	0	0	0	0	41	0	0	1	3	0	0	0	0	0	5	0	0	0	1	0	0	1	0	0	1	0	0
1	33	0	0	27	66	0	163	0	0	0	0	234	0	0	0	17	0	2	13	27	10	0	0	0	3	0	0	0	0	0	255	4	0	8	0	0	0	37	127	0	0	0	3	0	338	0	0	0	0	0	22	9	0	22	11	29	84	0	0	0	1	0	0	0	0	42	10	0	0	0	0	0	4
1	0	0	0	0	43	0	0	0	0	0	0	5	0	0	0	19	0	2	0	29	0	0	16	0	18	0	0	0	0	0	0	0	8	0	0	0	0	10	0	0	0	0	0	0	0	0	0	0	0	0	61	0	0	0	0	0	0	0	0	0	0	0	0	0	0	0	0	0	0	0	0	0	0
0	0	0	0	0	0	0	0	0	0	0	0	0	1	32	0	0	0	0	0	0	0	0	0	0	0	0	0	0	0	0	0	0	0	0	0	0	0	0	0	0	0	0	0	0	0	0	0	0	0	0	0	0	0	0	0	0	0	0	0	0	0	0	0	0	0	0	0	0	0	0	0	22	0
0	0	0	0	0	0	0	0	0	0	0	0	0	0	0	0	0	0	0	0	0	0	0	0	0	0	0	0	0	0	0	0	0	0	0	0	0	0	0	0	0	0	0	0	0	0	0	0	0	0	0	0	0	0	0	0	0	0	0	0	0	0	0	0	0	0	0	0	0	0	0	0	0	0
0	0	0	0	0	0	0	0	0	0	0	0	0	0	0	0	0	0	0	0	0	0	0	0	0	0	0	0	0	0	0	0	0	0	0	0	0	0	0	0	0	0	0	0	0	0	0	0	0	0	0	0	0	0	0	0	0	0	0	0	0	0	0	0	0	0	0	0	0	0	0	0	0	0
1	1	0	0	0	164	0	0	0	0	0	0	45	0	0	0	152	0	2	1	125	0	0	4	0	79	0	0	0	0	0	0	20	37	10	0	0	0	0	15	0	0	0	0	4	0	1	0	0	0	0	85	0	0	0	0	0	0	0	0	0	0	0	0	0	0	0	0	0	0	0	1	0	0
0	5	0	0	0	12	0	0	0	0	0	0	151	0	0	0	132	0	2	8	108	0	0	2	0	28	0	0	0	0	0	436	5	127	0	0	0	0	15	0	0	0	0	0	0	0	0	0	0	0	0	68	0	0	0	0	0	0	0	0	0	0	0	0	0	0	0	0	0	0	0	2	0	0
0	0	0	0	0	0	0	0	0	0	0	0	0	0	0	0	0	0	0	0	0	0	0	0	0	0	0	0	0	0	0	0	0	0	0	0	0	0	0	0	0	0	0	0	0	0	0	0	0	0	0	0	0	0	0	0	0	0	0	0	0	0	0	0	0	0	0	0	0	0	0	0	0	0
0	0	0	0	0	0	0	0	0	0	0	0	0	0	0	0	0	0	0	0	0	0	0	0	0	0	0	0	0	0	0	0	0	0	0	0	0	0	0	0	0	0	0	0	0	0	0	0	0	0	0	0	0	0	0	0	0	0	0	0	0	0	0	0	0	0	0	0	0	0	0	0	0	0
0	0	0	0	0	0	0	0	0	0	0	0	0	0	0	0	0	0	0	0	0	0	0	0	0	0	0	0	0	0	0	0	0	0	0	0	0	0	0	0	0	0	0	0	0	0	0	0	0	0	0	0	0	0	0	0	0	0	0	0	0	0	0	0	0	0	0	0	0	0	0	0	0	0
0	1	0	0	0	0	0	0	0	4	0	0	0	63	95	0	0	0	154	30	10	0	0	0	0	0	0	0	0	0	0	157	4	3	0	0	0	0	0	0	0	0	0	0	0	0	0	0	0	0	0	0	0	0	0	0	0	0	0	0	0	104	0	0	0	1	0	0	0	0	0	1	0	0
1	0	0	0	0	7	0	0	0	0	0	0	0	0	0	0	2	0	2	71	2	0	0	24	0	3	0	0	0	0	0	0	0	0	0	0	0	0	4	0	0	0	0	0	0	0	0	0	0	0	0	7	0	0	0	0	0	0	0	0	0	0	0	0	0	0	0	0	0	0	0	0	0	0
0	5	0	0	0	0	0	0	0	2	0	0	128	1	0	0	0	0	0	6	1	0	0	2	0	0	0	0	0	0	0	560	0	338	0	0	0	0	0	0	0	0	0	0	0	0	0	0	0	0	0	10	0	0	0	0	0	0	0	0	0	0	0	0	0	0	0	0	0	0	0	2	0	0
0	0	0	0	0	0	0	0	0	4	0	0	0	80	0	0	0	0	0	1	7	0	0	0	0	0	0	0	0	0	0	3	0	0	0	0	0	0	1	0	0	0	0	0	0	0	0	0	0	0	0	0	0	0	0	0	0	0	0	0	0	4	0	0	0	0	0	0	0	0	0	0	0	0
0	0	2	0	0	0	0	0	0	0	0	0	0	0	68	0	0	0	0	0	0	0	0	0	0	0	0	0	0	0	0	0	0	0	0	0	0	0	0	0	0	0	0	0	0	0	0	0	0	0	0	0	0	0	0	0	0	0	0	0	0	0	0	0	0	1	0	0	0	0	0	0	0	0
0	0	0	0	0	0	0	0	0	0	0	0	0	0	0	0	0	0	0	0	0	0	0	0	0	0	0	0	0	0	0	0	0	0	0	0	0	0	0	0	0	0	0	0	0	0	0	0	0	0	0	0	0	0	0	0	0	0	0	0	0	0	0	0	0	0	0	0	0	0	0	0	0	0
0	0	0	0	0	0	0	0	1	1	0	0	0	0	0	0	0	0	0	0	0	0	0	0	0	0	0	0	0	0	0	0	0	0	0	0	0	0	0	0	0	0	0	0	0	0	0	0	0	0	0	0	0	0	0	0	0	0	0	0	0	0	0	0	0	0	0	0	0	0	0	0	0	0
0	0	0	0	0	0	0	0	0	0	0	0	0	0	0	0	0	0	0	0	0	0	0	0	0	0	0	0	0	0	26	0	0	0	0	0	0	0	0	0	0	0	0	0	0	0	0	0	0	0	0	0	0	0	0	0	0	0	0	0	0	0	0	0	0	0	0	0	0	0	0	0	0	0
0	6	0	0	0	205	0	0	0	0	0	0	1	0	0	0	151	0	0	0	108	4	0	0	0	101	0	0	0	0	0	0	41	22	61	0	0	0	85	68	0	0	0	0	7	10	0	0	0	0	0	0	1	0	0	0	4	1	0	0	0	0	0	0	0	0	14	0	0	0	0	0	0	0
1	0	0	0	0	71	0	0	0	0	0	0	0	0	4	0	37	0	184	105	18	0	0	0	0	0	0	0	0	0	0	0	0	9	0	0	0	0	0	0	0	0	0	0	0	0	0	0	0	0	0	1	0	0	0	0	0	0	0	0	0	0	0	0	0	0	0	0	0	0	0	0	0	61
0	0	0	0	0	0	0	0	0	0	0	0	0	0	0	0	0	0	0	0	0	0	0	0	0	0	0	0	0	0	0	0	0	0	0	0	0	0	0	0	0	0	0	0	0	0	0	0	0	0	0	0	0	0	0	0	0	0	0	0	0	0	0	0	0	0	0	0	0	0	0	0	0	0
4	0	0	0	0	65	0	0	0	0	0	0	0	0	0	0	42	0	0	78	16	0	0	24	0	0	0	0	0	0	0	0	1	22	0	0	0	0	0	0	0	0	0	0	0	0	0	0	0	0	0	0	0	0	0	0	0	0	0	0	0	0	0	0	0	0	0	0	0	0	0	0	0	2
0	1	0	0	0	22	0	0	0	0	0	0	3	0	0	0	5	0	2	87	0	0	0	18	3	4	0	0	0	0	0	2	3	11	0	0	0	0	0	0	0	0	0	0	0	0	0	0	0	0	0	0	0	0	0	0	0	0	0	0	0	0	0	0	0	0	0	0	0	0	0	1	0	0
0	0	0	0	0	3	0	0	0	0	0	0	66	1	0	0	2	0	10	2	8	0	0	0	0	0	0	0	0	0	0	40	0	29	0	0	0	0	0	0	0	0	0	0	0	0	0	0	0	0	0	4	0	0	0	0	0	1	0	0	0	4	0	0	0	0	0	0	0	0	0	0	0	0
0	0	0	0	0	2	0	0	0	0	0	0	8	4	0	0	4	0	130	2	3	0	0	0	0	1	0	0	0	0	0	7	0	84	0	0	0	0	0	0	0	0	0	0	0	0	0	0	0	0	0	1	0	0	0	0	1	0	0	0	0	32	0	0	0	0	0	0	0	0	0	0	0	18
0	0	0	0	0	0	0	0	0	0	0	0	0	0	0	0	0	0	0	0	0	0	0	0	0	0	0	0	0	0	0	0	0	0	0	0	0	0	0	0	0	0	0	0	0	0	0	0	0	0	0	0	0	0	0	0	0	0	0	0	0	0	0	0	0	0	0	0	0	0	0	0	0	0
0	0	0	0	0	0	0	0	0	0	0	0	0	0	0	0	0	0	0	0	0	0	0	0	0	0	0	0	0	0	0	0	0	0	0	0	0	0	0	0	0	0	0	0	0	0	0	0	0	0	0	0	0	0	0	0	0	0	0	0	0	0	0	0	0	0	0	0	0	0	0	0	0	0
0	9	0	0	0	0	0	0	0	0	0	0	0	19	0	0	11	0	0	0	7	0	0	0	0	0	0	0	0	0	0	1	0	0	0	0	0	0	0	0	0	0	0	0	0	0	0	0	0	0	0	0	0	0	0	0	0	0	0	0	0	27	0	0	0	0	0	0	0	0	0	9	0	0
0	1	51	0	121	0	0	0	0	7	0	0	0	187	0	0	0	0	0	14	2	0	0	0	0	0	0	0	0	0	0	334	5	1	0	0	0	0	0	0	0	0	0	104	0	0	4	0	0	0	0	0	0	0	0	0	4	32	0	0	27	0	0	17	0	1	0	0	4	0	0	5	0	0
0	0	0	0	0	0	0	0	0	0	0	0	0	0	0	0	0	0	0	0	0	0	0	0	0	0	0	0	0	0	0	0	0	0	0	0	0	0	0	0	0	0	0	0	0	0	0	0	0	0	0	0	0	0	0	0	0	0	0	0	0	0	0	0	0	0	0	0	0	0	0	0	0	0
0	0	0	0	0	0	0	0	0	0	0	0	0	71	0	0	0	0	0	0	0	0	0	0	0	0	0	0	0	0	0	636	0	0	0	0	0	0	0	0	0	0	0	0	0	0	0	0	0	0	0	0	0	0	0	0	0	0	0	0	0	17	0	0	0	0	0	0	0	0	0	0	0	0
0	0	0	0	0	0	0	0	0	0	0	0	0	0	0	0	0	0	0	0	0	0	0	0	0	0	0	0	0	0	0	0	0	0	0	0	0	0	0	0	0	0	0	0	0	0	0	0	0	0	0	0	0	0	0	0	0	0	0	0	0	0	0	0	0	0	0	0	0	0	0	0	0	0
0	0	2	1	0	0	0	0	0	0	0	0	0	0	78	0	1	0	0	9	0	0	0	0	0	0	0	0	0	1	0	0	1	0	0	0	0	0	0	0	0	0	0	1	0	0	0	1	0	0	0	0	0	0	0	0	0	0	0	0	0	1	0	0	0	0	0	0	0	0	0	0	0	0
1	0	0	0	0	29	0	0	0	0	0	0	0	0	0	0	26	0	12	0	4	0	0	0	0	0	0	0	0	0	0	0	0	42	0	0	0	0	0	0	0	0	0	0	0	0	0	0	0	0	0	14	0	0	0	0	0	0	0	0	0	0	0	0	0	0	0	0	0	0	0	0	0	0
5	0	0	0	0	28	0	0	0	0	0	0	0	0	26	0	40	0	166	25	22	0	0	2	0	1	0	0	0	0	0	0	0	10	0	0	0	0	0	0	0	0	0	0	0	0	0	0	0	0	0	0	0	0	0	0	0	0	0	0	0	0	0	0	0	0	0	0	0	0	0	0	0	11
0	0	0	0	1	0	0	0	0	0	0	0	0	0	0	0	0	0	0	1	0	0	0	0	0	0	0	0	0	0	0	56	1	0	0	0	0	0	0	0	0	0	0	0	0	0	0	0	0	0	0	0	0	0	0	0	0	0	0	0	0	4	0	0	0	0	0	0	0	0	0	0	0	0
0	0	0	0	0	0	0	0	0	0	0	0	0	0	0	0	0	0	0	0	0	0	0	0	0	0	0	0	0	0	0	0	0	0	0	0	0	0	0	0	0	0	0	0	0	0	0	0	0	0	0	0	0	0	0	0	0	0	0	0	0	0	0	0	0	0	0	0	0	0	0	0	0	0
0	0	0	0	0	0	0	0	0	0	0	0	0	0	0	0	0	0	0	0	0	0	0	0	0	0	0	0	0	0	0	0	0	0	0	0	0	0	0	0	0	0	0	0	0	0	0	0	0	0	0	0	0	0	0	0	0	0	0	0	0	0	0	0	0	0	0	0	0	0	0	0	0	0
0	0	1	0	17	0	0	2	0	2	0	0	2	2	0	0	0	0	0	5	0	0	0	0	0	0	0	0	0	0	0	9	1	0	0	0	0	0	1	2	0	0	0	1	0	2	0	0	0	0	0	0	0	0	0	1	0	0	0	0	9	5	0	0	0	0	0	0	0	0	0	0	0	0
0	0	0	0	0	0	0	0	0	0	0	0	0	0	0	0	0	0	0	0	0	0	0	0	0	0	0	0	0	0	0	0	0	0	0	22	0	0	0	0	0	0	0	0	0	0	0	0	0	0	0	0	0	0	0	0	0	0	0	0	0	0	0	0	0	0	0	0	0	0	0	0	0	0
0	0	0	0	0	0	0	0	0	0	0	0	0	0	0	0	0	0	2	0	0	4	0	0	0	0	0	0	0	0	25	0	0	4	0	0	0	0	0	0	0	0	0	0	0	0	0	0	0	0	0	0	61	0	2	0	0	18	0	0	0	0	0	0	0	0	0	11	0	0	0	0	0	0
