0	0	0	0	1	0	0	0	0	0	0	0	11	0	1	10	4	0	14	1	18	119	0	161	70	5	0	0	0	0	0	0	17	3	130	0	0	0	0	14	7	0	0	0	0	0	0	0	0	0	0	36	74	0	121	32	1	35	0	0	0	0	0	0	0	0	82	166	0	1	0	0	0	27
0	0	0	0	7	0	1	5	0	5	2	0	0	0	0	0	0	1	0	0	0	0	0	0	0	0	0	0	0	0	0	0	5	0	0	0	0	0	0	0	0	0	0	0	0	0	2	0	0	0	0	0	0	0	0	0	0	0	0	2	0	1	0	0	0	0	0	0	4	5	0	0	0	0
0	0	0	0	0	0	0	5	0	2	0	0	0	43	31	0	0	7	0	0	2	0	0	0	0	0	1	0	0	0	41	0	0	0	0	0	0	0	0	1	4	0	0	0	0	0	0	0	0	0	0	0	0	0	1	0	29	0	6	4	0	35	0	0	0	0	0	0	16	4	0	0	6	0
0	0	0	0	0	0	0	0	0	0	0	0	0	0	0	0	0	0	0	0	0	0	0	0	0	0	0	0	0	0	0	0	0	0	0	0	0	0	0	0	0	0	0	0	0	0	0	0	0	0	0	0	0	0	0	0	0	0	0	0	0	0	0	0	0	0	0	0	0	0	0	0	0	0
1	7	0	0	0	0	0	9	0	4	102	0	71	11	0	0	0	5	0	0	0	0	0	0	0	6	0	0	0	0	20	0	2	0	1	0	0	0	0	23	0	0	0	0	0	0	0	0	0	0	0	0	0	0	1	0	0	0	0	13	0	107	0	0	0	0	0	0	20	4	0	0	182	0
0	0	0	0	0	0	0	0	0	0	0	0	0	0	0	0	0	0	0	0	0	0	0	0	0	0	0	0	0	0	0	0	0	0	0	0	0	0	0	0	0	0	0	0	0	0	0	0	0	0	0	0	0	0	0	0	0	0	0	0	0	0	0	0	0	0	0	0	0	0	0	0	0	0
0	1	0	0	0	0	0	38	0	0	0	0	0	0	31	0	0	0	0	0	0	0	0	0	0	0	0	0	0	0	0	0	0	0	0	0	0	0	0	0	29	0	0	118	1	0	0	0	0	0	0	0	0	0	0	0	0	0	0	0	0	0	0	0	0	0	0	0	0	0	0	0	0	0
0	5	5	0	9	0	38	0	0	15	0	0	7	12	0	0	0	43	6	0	7	0	0	0	0	0	0	0	0	0	8	0	36	0	0	3	0	0	0	5	1	0	0	8	18	0	1	0	0	0	0	1	0	0	16	0	15	0	4	7	0	8	0	0	0	0	1	1	31	14	1	22	1	0
0	0	0	0	0	0	0	0	0	0	0	0	0	0	0	0	0	0	0	0	0	0	0	0	0	0	0	0	0	0	0	0	0	0	0	0	0	0	0	0	0	0	0	0	0	0	0	0	0	1	0	0	0	0	0	0	0	0	0	0	0	0	0	0	0	0	0	0	0	0	0	0	0	0
0	5	2	0	4	0	0	15	0	0	0	0	0	8	149	16	0	28	0	6	0	0	0	0	0	0	0	0	0	0	14	0	6	4	0	2	0	0	0	0	2	14	0	13	0	0	2	14	0	0	14	0	0	0	0	0	48	1	0	0	0	1	0	0	0	0	0	0	13	8	10	2	4	0
0	2	0	0	102	0	0	0	0	0	0	0	0	80	0	2	0	0	0	0	0	0	0	0	0	0	0	0	0	0	0	0	16	26	0	0	0	0	0	0	0	84	0	0	0	0	0	0	0	0	0	0	0	0	0	0	0	0	2	0	0	183	0	0	0	0	0	0	5	0	0	38	175	0
0	0	0	0	0	0	0	0	0	0	0	0	0	0	0	0	0	0	0	0	0	0	0	0	0	0	0	0	0	0	0	0	0	0	0	0	0	0	0	0	0	0	0	0	0	0	0	0	0	0	0	0	0	0	0	0	0	0	0	0	0	0	0	0	0	0	0	0	0	0	0	0	0	0
11	0	0	0	71	0	0	7	0	0	0	0	0	4	1	15	19	0	69	16	109	0	1	2	0	2	0	0	0	0	0	0	41	108	9	0	0	0	0	313	9	3	0	0	0	72	0	0	0	0	0	0	0	0	7	0	27	2	24	178	0	0	0	0	0	0	0	1	0	8	1	2	0	9
0	0	43	0	11	0	0	12	0	8	80	0	4	0	24	0	0	1	1	1	1	1	1	0	0	0	1	0	0	0	80	0	1	0	1	3	0	0	0	1	11	16	0	1	0	0	32	2	0	0	0	0	0	0	0	21	4	0	33	6	0	115	0	0	0	0	0	0	24	10	0	3	6	0
1	0	31	0	0	0	31	0	0	149	0	0	1	24	0	0	0	14	1	3	1	1	0	0	0	0	0	0	0	0	0	0	2	1	1	156	0	0	0	2	15	159	0	369	0	0	1	161	0	0	0	0	0	0	0	0	109	0	0	1	0	1	0	0	0	0	1	0	0	73	43	0	1	8
10	0	0	0	0	0	0	0	0	16	2	0	15	0	0	0	0	0	0	0	0	0	0	0	0	0	0	0	0	0	0	0	0	0	0	0	0	0	0	1	0	0	0	0	0	0	0	0	0	0	0	0	0	0	0	0	0	0	0	0	0	47	0	0	0	0	0	0	0	0	0	0	86	0
4	0	0	0	0	0	0	0	0	0	0	0	19	0	0	0	0	0	12	0	65	2	0	0	0	54	0	0	0	0	0	0	0	4	0	0	0	0	0	29	0	0	0	0	0	0	0	0	0	0	0	86	43	0	22	0	1	0	0	0	0	0	0	0	0	0	2	0	0	4	0	0	0	0
0	1	7	0	5	0	0	43	0	28	0	0	0	1	14	0	0	0	0	0	0	0	0	0	0	0	2	0	0	0	56	0	14	1	0	16	0	0	0	0	6	15	0	30	8	0	16	18	0	181	5	0	0	0	0	0	3	0	0	0	0	38	0	0	0	0	0	0	24	12	0	13	18	4
14	0	0	0	0	0	0	6	0	0	0	0	69	1	1	0	12	0	0	61	66	9	0	2	0	73	0	0	0	0	0	0	6	0	127	0	0	0	0	244	2	0	0	0	3	0	0	0	0	0	0	166	2	0	1	0	0	0	0	223	0	1	0	0	0	0	0	0	0	0	0	0	0	0
1	0	0	0	0	0	0	0	0	6	0	0	16	1	3	0	0	0	61	0	142	23	2	21	4	78	0	0	0	0	0	0	36	2	20	0	0	0	0	213	0	1	0	0	3	0	0	17	0	0	0	1	54	0	12	50	10	0	5	27	0	0	0	0	0	0	3	50	0	2	50	0	1	9
18	0	2	0	0	0	0	7	0	0	0	0	109	1	1	0	65	0	66	142	0	56	1	2	1	169	0	0	0	0	0	0	65	84	36	1	0	0	0	292	0	0	0	0	1	8	3	0	0	0	0	205	66	0	27	1	1	1	0	2	0	0	0	0	0	0	2	0	0	0	0	0	0	1
119	0	0	0	0	0	0	0	0	0	0	0	0	1	1	0	2	0	9	23	56	0	0	289	91	45	0	0	0	0	0	0	13	7	108	0	0	0	0	48	0	0	0	0	1	0	0	0	0	0	0	24	42	0	173	10	2	32	0	0	0	0	0	0	0	0	57	101	0	4	0	0	0	72
0	0	0	0	0	0	0	0	0	0	0	0	1	1	0	0	0	0	0	2	1	0	0	112	0	1	0	0	0	0	0	0	0	0	0	0	0	0	0	6	0	0	0	0	0	0	0	0	0	0	0	0	0	0	0	0	0	0	0	28	0	0	0	0	0	0	0	0	0	0	0	0	5	0
161	0	0	0	0	0	0	0	0	0	0	0	2	0	0	0	0	0	2	21	2	289	112	0	278	1	0	0	0	0	0	0	0	0	12	0	0	0	0	3	0	0	0	0	0	0	0	0	0	0	0	0	12	0	285	302	16	4	0	0	0	0	0	0	0	0	2	424	0	2	241	0	0	134
70	0	0	0	0	0	0	0	0	0	0	0	0	0	0	0	0	0	0	4	1	91	0	278	0	0	0	0	0	0	0	0	0	0	0	0	0	0	0	0	0	0	0	1	0	0	0	0	0	0	0	0	0	0	64	3	28	0	0	0	0	0	0	0	0	0	0	4	0	0	4	0	0	2
5	0	0	0	6	0	0	0	0	0	0	0	2	0	0	0	54	0	73	78	169	45	1	1	0	0	0	0	0	0	0	0	62	17	22	0	0	0	0	184	0	0	0	0	0	0	0	0	0	0	0	138	108	0	48	11	1	6	2	1	0	0	0	0	0	0	19	5	0	2	0	0	0	2
0	0	1	0	0	0	0	0	0	0	0	0	0	1	0	0	0	2	0	0	0	0	0	0	0	0	0	0	0	0	2	0	0	0	0	0	0	0	0	0	0	0	0	0	0	0	1	0	0	0	0	0	0	0	0	0	0	0	0	0	0	0	0	0	0	0	0	0	0	0	0	0	0	0
0	0	0	0	0	0	0	0	0	0	0	0	0	0	0	0	0	0	0	0	0	0	0	0	0	0	0	0	0	0	0	0	0	0	0	0	0	0	0	0	0	0	0	0	0	0	0	0	0	0	0	0	0	0	0	0	0	0	0	0	0	0	0	0	0	0	0	0	0	0	0	0	0	0
0	0	0	0	0	0	0	0	0	0	0	0	0	0	0	0	0	0	0	0	0	0	0	0	0	0	0	0	0	0	0	0	0	0	0	0	0	0	0	0	0	0	0	0	0	0	0	0	0	0	0	0	0	0	0	0	0	0	0	0	0	0	0	0	0	0	0	0	0	0	0	0	0	0
0	0	0	0	0	0	0	0	0	0	0	0	0	0	0	0	0	0	0	0	0	0	0	0	0	0	0	0	0	0	0	0	0	0	0	0	0	0	0	0	0	0	0	0	0	0	0	0	0	0	0	0	0	0	0	0	0	0	0	0	0	0	0	0	0	0	0	0	0	0	0	0	0	0
0	0	41	0	20	0	0	8	0	14	0	0	0	80	0	0	0	56	0	0	0	0	0	0	0	0	2	0	0	0	0	0	2	6	1	1	0	0	0	0	1	0	0	3	0	0	73	2	0	0	147	0	3	0	0	0	4	0	0	0	0	66	0	0	0	0	6	1	51	21	4	2	6	5
0	0	0	0	0	0	0	0	0	0	0	0	0	0	0	0	0	0	0	0	0	0	0	0	0	0	0	0	0	0	0	0	0	0	0	0	0	0	0	0	0	0	0	0	0	0	0	0	0	0	0	0	0	0	0	0	0	0	0	0	0	0	0	0	0	0	0	0	0	0	0	0	0	0
17	5	0	0	2	0	0	36	0	6	16	0	41	1	2	0	0	14	6	36	65	13	0	0	0	62	0	0	0	0	2	0	0	0	22	0	0	0	0	72	1	0	0	0	0	0	0	0	0	0	0	29	0	0	1	0	1	1	0	3	0	49	0	0	0	0	0	0	15	7	0	2	3	0
3	0	0	0	0	0	0	0	0	4	26	0	108	0	1	0	4	1	0	2	84	7	0	0	0	17	0	0	0	0	6	0	0	0	2	0	0	0	0	111	0	0	0	0	0	0	0	0	0	0	0	0	0	0	2	0	0	0	0	75	0	1	0	0	0	0	0	0	0	0	0	0	101	0
130	0	0	0	1	0	0	0	0	0	0	0	9	1	1	0	0	0	127	20	36	108	0	12	0	22	0	0	0	0	1	0	22	2	0	0	0	0	0	250	0	2	0	0	0	0	0	0	0	0	0	35	44	0	18	0	11	40	77	50	0	1	0	0	0	0	34	71	0	6	0	0	5	1
0	0	0	0	0	0	0	3	0	2	0	0	0	3	156	0	0	16	0	0	1	0	0	0	0	0	0	0	0	0	1	0	0	0	0	0	0	0	0	0	36	0	0	200	0	0	0	0	0	0	0	0	0	0	0	0	2	0	0	0	0	0	0	0	0	0	0	0	1	0	0	0	2	0
0	0	0	0	0	0	0	0	0	0	0	0	0	0	0	0	0	0	0	0	0	0	0	0	0	0	0	0	0	0	0	0	0	0	0	0	0	0	0	0	0	0	0	0	0	0	0	0	0	0	0	0	0	0	0	0	0	0	0	0	0	0	0	0	0	0	0	0	0	0	0	0	0	0
0	0	0	0	0	0	0	0	0	0	0	0	0	0	0	0	0	0	0	0	0	0	0	0	0	0	0	0	0	0	0	0	0	0	0	0	0	0	0	0	0	0	0	0	0	0	0	0	0	0	0	0	0	0	0	0	0	0	0	0	0	0	0	0	0	0	0	0	0	0	0	0	0	0
0	0	0	0	0	0	0	0	0	0	0	0	0	0	0	0	0	0	0	0	0	0	0	0	0	0	0	0	0	0	0	0	0	0	0	0	0	0	0	0	0	0	0	0	0	0	0	0	0	0	0	0	0	0	0	0	0	0	0	0	0	0	0	0	0	0	0	0	0	0	0	0	0	0
14	0	1	0	23	0	0	5	0	0	0	0	313	1	2	1	29	0	244	213	292	48	6	3	0	184	0	0	0	0	0	0	72	111	250	0	0	0	0	0	0	0	0	0	0	10	0	0	0	0	0	134	19	0	34	0	20	18	3	326	0	0	0	0	0	0	0	0	0	5	4	2	0	4
7	0	4	0	0	0	29	1	0	2	0	0	9	11	15	0	0	6	2	0	0	0	0	0	0	0	0	0	0	0	1	0	1	0	0	36	0	0	0	0	0	0	0	37	3	0	10	33	0	0	0	0	0	0	0	14	1	0	1	0	0	5	0	0	0	0	0	0	0	0	0	0	0	0
0	0	0	0	0	0	0	0	0	14	84	0	3	16	159	0	0	15	0	1	0	0	0	0	0	0	0	0	0	0	0	0	0	0	2	0	0	0	0	0	0	0	0	0	4	0	0	0	0	0	0	0	0	0	0	0	11	0	4	2	0	77	0	0	0	0	0	0	9	1	0	0	17	0
0	0	0	0	0	0	0	0	0	0	0	0	0	0	0	0	0	0	0	0	0	0	0	0	0	0	0	0	0	0	0	0	0	0	0	0	0	0	0	0	0	0	0	0	0	0	0	0	0	0	0	0	0	0	0	0	0	0	0	0	0	0	0	0	0	0	0	0	0	0	0	0	0	0
0	0	0	0	0	0	118	8	0	13	0	0	0	1	369	0	0	30	0	0	0	0	0	0	1	0	0	0	0	0	3	0	0	0	0	200	0	0	0	0	37	0	0	0	2	0	0	264	0	0	1	0	24	0	0	0	33	0	0	0	0	0	0	0	0	0	0	0	6	1	0	4	21	0
0	0	0	0	0	0	1	18	0	0	0	0	0	0	0	0	0	8	3	3	1	1	0	0	0	0	0	0	0	0	0	0	0	0	0	0	0	0	0	0	3	4	0	2	0	0	0	0	0	0	0	1	2	0	1	2	0	0	0	0	0	1	0	0	0	0	3	2	0	0	3	0	0	1
0	0	0	0	0	0	0	0	0	0	0	0	72	0	0	0	0	0	0	0	8	0	0	0	0	0	0	0	0	0	0	0	0	0	0	0	0	0	0	10	0	0	0	0	0	0	0	0	0	0	0	0	0	0	0	0	0	0	0	6	0	0	0	0	0	0	0	0	0	0	0	0	101	0
0	2	0	0	0	0	0	1	0	2	0	0	0	32	1	0	0	16	0	0	3	0	0	0	0	0	1	0	0	0	73	0	0	0	0	0	0	0	0	0	10	0	0	0	0	0	0	0	0	0	0	0	0	0	4	0	0	0	2	0	0	15	0	0	0	0	0	0	16	4	0	0	2	0
0	0	0	0	0	0	0	0	0	14	0	0	0	2	161	0	0	18	0	17	0	0	0	0	0	0	0	0	0	0	2	0	0	0	0	0	0	0	0	0	33	0	0	264	0	0	0	0	0	0	0	0	0	0	0	0	33	0	0	0	0	1	0	0	0	0	0	0	2	2	0	0	2	0
0	0	0	0	0	0	0	0	0	0	0	0	0	0	0	0	0	0	0	0	0	0	0	0	0	0	0	0	0	0	0	0	0	0	0	0	0	0	0	0	0	0	0	0	0	0	0	0	0	0	0	0	0	0	0	0	0	0	0	0	0	0	0	0	0	0	0	0	0	0	0	0	0	0
0	0	0	0	0	0	0	0	1	0	0	0	0	0	0	0	0	181	0	0	0	0	0	0	0	0	0	0	0	0	0	0	0	0	0	0	0	0	0	0	0	0	0	0	0	0	0	0	0	0	0	0	0	0	0	0	0	0	0	0	0	0	0	0	0	0	0	0	0	0	0	0	0	0
0	0	0	0	0	0	0	0	0	14	0	0	0	0	0	0	0	5	0	0	0	0	0	0	0	0	0	0	0	0	147	0	0	0	0	0	0	0	0	0	0	0	0	1	0	0	0	0	0	0	0	0	0	0	0	0	0	0	0	0	0	0	0	0	0	0	3	0	0	0	1	0	0	4
36	0	0	0	0	0	0	1	0	0	0	0	0	0	0	0	86	0	166	1	205	24	0	0	0	138	0	0	0	0	0	0	29	0	35	0	0	0	0	134	0	0	0	0	1	0	0	0	0	0	0	0	134	0	37	0	2	6	0	0	0	0	0	0	0	0	17	2	0	4	1	0	0	5
74	0	0	0	0	0	0	0	0	0	0	0	0	0	0	0	43	0	2	54	66	42	0	12	0	108	0	0	0	0	3	0	0	0	44	0	0	0	0	19	0	0	0	24	2	0	0	0	0	0	0	134	0	0	0	0	1	0	0	1	0	0	0	0	0	0	0	0	0	0	0	0	0	0
0	0	0	0	0	0	0	0	0	0	0	0	0	0	0	0	0	0	0	0	0	0	0	0	0	0	0	0	0	0	0	0	0	0	0	0	0	0	0	0	0	0	0	0	0	0	0	0	0	0	0	0	0	0	0	0	0	0	0	0	0	0	0	0	0	0	0	0	0	0	0	0	0	0
121	0	1	0	1	0	0	16	0	0	0	0	7	0	0	0	22	0	1	12	27	173	0	285	64	48	0	0	0	0	0	0	1	2	18	0	0	0	0	34	0	0	0	0	1	0	4	0	0	0	0	37	0	0	0	74	0	1	0	21	0	0	0	0	0	0	2	90	0	0	78	0	1	0
32	0	0	0	0	0	0	0	0	0	0	0	0	21	0	0	0	0	0	50	1	10	0	302	3	11	0	0	0	0	0	0	0	0	0	0	0	0	0	0	14	0	0	0	2	0	0	0	0	0	0	0	0	0	74	0	29	0	0	1	0	0	0	0	0	0	0	4	0	0	15	0	0	0
1	0	29	0	0	0	0	15	0	48	0	0	27	4	109	0	1	3	0	10	1	2	0	16	28	1	0	0	0	0	4	0	1	0	11	2	0	0	0	20	1	11	0	33	0	0	0	33	0	0	0	2	1	0	0	29	0	1	5	40	0	13	0	0	0	0	0	4	3	47	47	0	1	8
35	0	0	0	0	0	0	0	0	1	0	0	2	0	0	0	0	0	0	0	1	32	0	4	0	6	0	0	0	0	0	0	1	0	40	0	0	0	0	18	0	0	0	0	0	0	0	0	0	0	0	6	0	0	1	0	1	0	0	15	0	33	0	0	0	0	0	0	0	0	0	0	4	0
0	0	6	0	0	0	0	4	0	0	2	0	24	33	0	0	0	0	0	5	0	0	0	0	0	2	0	0	0	0	0	0	0	0	77	0	0	0	0	3	1	4	0	0	0	0	2	0	0	0	0	0	0	0	0	0	5	0	0	230	0	37	0	0	0	0	12	4	0	3	2	0	1	0
0	2	4	0	13	0	0	7	0	0	0	0	178	6	1	0	0	0	223	27	2	0	28	0	0	1	0	0	0	0	0	0	3	75	50	0	0	0	0	326	0	2	0	0	0	6	0	0	0	0	0	0	1	0	21	1	40	15	230	0	0	0	0	0	0	0	9	23	0	19	3	0	0	1
0	0	0	0	0	0	0	0	0	0	0	0	0	0	0	0	0	0	0	0	0	0	0	0	0	0	0	0	0	0	0	0	0	0	0	0	0	0	0	0	0	0	0	0	0	0	0	0	0	0	0	0	0	0	0	0	0	0	0	0	0	0	0	0	0	0	0	0	0	0	0	0	0	0
0	1	35	0	107	0	0	8	0	1	183	0	0	115	1	47	0	38	1	0	0	0	0	0	0	0	0	0	0	0	66	0	49	1	1	0	0	0	0	0	5	77	0	0	1	0	15	1	0	0	0	0	0	0	0	0	13	33	37	0	0	0	0	0	0	0	0	0	29	3	0	4	172	11
0	0	0	0	0	0	0	0	0	0	0	0	0	0	0	0	0	0	0	0	0	0	0	0	0	0	0	0	0	0	0	0	0	0	0	0	0	0	0	0	0	0	0	0	0	0	0	0	0	0	0	0	0	0	0	0	0	0	0	0	0	0	0	0	0	0	0	0	0	0	0	0	0	0
0	0	0	0	0	0	0	0	0	0	0	0	0	0	0	0	0	0	0	0	0	0	0	0	0	0	0	0	0	0	0	0	0	0	0	0	0	0	0	0	0	0	0	0	0	0	0	0	0	0	0	0	0	0	0	0	0	0	0	0	0	0	0	0	0	0	0	0	0	0	0	0	3	0
0	0	0	0	0	0	0	0	0	0	0	0	0	0	0	0	0	0	0	0	0	0	0	0	0	0	0	0	0	0	0	0	0	0	0	0	0	0	0	0	0	0	0	0	0	0	0	0	0	0	0	0	0	0	0	0	0	0	0	0	0	0	0	0	0	0	0	0	0	0	0	0	0	0
0	0	0	0	0	0	0	0	0	0	0	0	0	0	0	0	0	0	0	0	0	0	0	0	0	0	0	0	0	0	0	0	0	0	0	0	0	0	0	0	0	0	0	0	0	0	0	0	0	0	0	0	0	0	0	0	0	0	0	0	0	0	0	0	0	0	0	0	0	0	0	0	0	0
82	0	0	0	0	0	0	1	0	0	0	0	0	0	1	0	2	0	0	3	2	57	0	2	0	19	0	0	0	0	6	0	0	0	34	0	0	0	0	0	0	0	0	0	3	0	0	0	0	0	3	17	0	0	2	0	0	0	12	9	0	0	0	0	0	0	0	0	0	0	0	0	0	0
166	0	0	0	0	0	0	1	0	0	0	0	1	0	0	0	0	0	0	50	0	101	0	424	4	5	0	0	0	0	1	0	0	0	71	0	0	0	0	0	0	0	0	0	2	0	0	0	0	0	0	2	0	0	90	4	4	0	4	23	0	0	0	0	0	0	0	0	0	0	0	0	0	0
0	4	16	0	20	0	0	31	0	13	5	0	0	24	0	0	0	24	0	0	0	0	0	0	0	0	0	0	0	0	51	0	15	0	0	1	0	0	0	0	0	9	0	6	0	0	16	2	0	0	0	0	0	0	0	0	3	0	0	0	0	29	0	0	0	0	0	0	0	17	0	7	22	0
1	5	4	0	4	0	0	14	0	8	0	0	8	10	73	0	4	12	0	2	0	4	0	2	0	2	0	0	0	0	21	0	7	0	6	0	0	0	0	5	0	1	0	1	0	0	4	2	0	0	0	4	0	0	0	0	47	0	3	19	0	3	0	0	0	0	0	0	17	0	0	4	3	0
0	0	0	0	0	0	0	1	0	10	0	0	1	0	43	0	0	0	0	50	0	0	0	241	4	0	0	0	0	0	4	0	0	0	0	0	0	0	0	4	0	0	0	0	3	0	0	0	0	0	1	1	0	0	78	15	47	0	2	3	0	0	0	0	0	0	0	0	0	0	0	0	1	0
0	0	0	0	0	0	0	22	0	2	38	0	2	3	0	0	0	13	0	0	0	0	0	0	0	0	0	0	0	0	2	0	2	0	0	0	0	0	0	2	0	0	0	4	0	0	0	0	0	0	0	0	0	0	0	0	0	0	0	0	0	4	0	0	0	0	0	0	7	4	0	0	5	0
0	0	6	0	182	0	0	1	0	4	175	0	0	6	1	86	0	18	0	1	0	0	5	0	0	0	0	0	0	0	6	0	3	101	5	2	0	0	0	0	0	17	0	21	0	101	2	2	0	0	0	0	0	0	1	0	1	4	1	0	0	172	0	3	0	0	0	0	22	3	1	5	0	1
27	0	0	0	0	0	0	0	0	0	0	0	9	0	8	0	0	4	0	9	1	72	0	134	2	2	0	0	0	0	5	0	0	0	1	0	0	0	0	4	0	0	0	0	1	0	0	0	0	0	4	5	0	0	0	0	8	0	0	1	0	11	0	0	0	0	0	0	0	0	0	0	1	0
