0	0	0	0	0	0	0	0	0	0	0	0	0	0	0	0	0	0	0	0	0	0	0	0	0	0	0	0	0	0	0	0	0	0	0	0	0	0	0	0	0	0	0	0	0	0	0	0	0	0	0	0	0	0	0	0	0	0	0	0	0	0	0	0	0	0	0	0	0	0	0	0	0	0
0	0	5	0	79	0	0	187	0	1	0	0	176	3	0	1	125	0	2	0	75	1	0	2	1	70	0	0	13	0	0	0	96	64	112	0	0	0	0	213	0	1	0	0	0	0	0	0	0	0	0	216	2	0	0	1	2	0	1	0	1	3	0	82	0	0	0	0	0	0	168	0	0	0
0	5	0	0	6	0	1	10	0	138	0	0	12	121	47	11	12	10	10	4	1	0	25	0	0	5	116	0	17	0	11	0	25	11	20	56	0	0	0	15	69	15	0	60	0	0	32	74	0	0	0	16	1	0	0	1	50	0	4	0	30	137	0	10	0	59	0	1	0	0	7	33	5	0
0	0	0	0	0	0	0	0	0	0	0	0	0	0	4	0	0	0	0	0	0	0	0	0	0	0	2	0	0	0	0	0	0	0	6	0	0	0	0	0	0	0	0	0	0	0	0	0	0	0	0	0	0	0	0	1	0	0	0	0	0	0	0	0	0	0	0	0	0	0	0	0	0	0
0	79	6	0	0	0	0	1	0	0	0	0	111	1	0	25	5	0	0	0	2	0	1	0	0	0	1	0	0	0	5	0	0	68	0	0	0	0	0	96	0	91	0	1	0	1	1	0	0	0	0	0	0	0	0	1	1	0	0	0	3	272	0	90	0	0	1	0	0	0	6	91	269	0
0	0	0	0	0	0	0	0	0	0	0	0	0	0	0	0	0	0	0	0	0	0	0	0	0	0	0	0	0	0	0	0	0	0	0	0	0	0	0	0	0	0	0	0	0	0	0	0	0	0	0	0	0	0	0	0	0	0	0	0	0	0	0	0	0	0	0	0	0	0	0	0	0	0
0	0	1	0	0	0	0	0	0	0	0	0	0	0	4	0	0	0	0	0	0	0	0	0	0	0	0	0	0	0	0	0	0	0	0	0	0	0	0	0	0	0	0	0	0	0	0	0	0	0	0	0	0	0	0	0	0	0	0	0	0	0	0	0	0	0	0	0	0	0	0	0	0	0
0	187	10	0	1	0	0	0	0	0	0	0	119	0	0	0	96	0	0	0	4	0	0	0	0	6	0	0	4	0	1	0	16	0	0	0	0	0	0	6	0	0	0	0	0	0	0	0	0	0	0	28	0	0	0	0	0	0	44	0	0	0	0	0	0	0	0	0	0	1	0	0	0	0
0	0	0	0	0	0	0	0	0	0	0	0	0	0	0	0	0	0	0	0	0	0	0	0	0	0	0	0	0	0	0	0	0	0	0	0	0	0	0	0	0	0	0	0	0	0	0	0	0	0	0	0	0	0	0	0	0	0	0	0	0	0	0	0	0	0	0	0	0	0	0	0	0	0
0	1	138	0	0	0	0	0	0	0	0	0	1	14	181	16	0	0	90	136	0	0	7	0	0	0	1	0	0	0	12	0	0	0	0	68	0	0	0	0	18	79	0	101	0	0	6	101	0	0	9	1	94	0	0	0	95	0	0	0	18	85	0	0	0	80	0	16	0	0	0	36	0	0
0	0	0	0	0	0	0	0	0	0	0	0	0	0	0	0	0	0	0	0	0	0	0	0	0	0	0	0	0	0	0	0	0	0	0	0	0	0	0	0	0	0	0	0	0	0	0	0	0	0	0	0	0	0	0	0	0	0	0	0	0	0	0	0	0	0	0	0	0	0	0	0	0	0
0	0	0	0	0	0	0	0	0	0	0	0	0	0	0	0	0	0	0	0	0	0	0	0	0	0	0	0	0	0	0	0	0	0	0	0	0	0	0	0	0	0	0	0	0	0	0	0	0	0	0	0	0	0	0	0	0	0	0	0	0	0	0	0	0	0	0	0	0	0	0	0	0	0
0	176	12	0	111	0	0	119	0	1	0	0	0	0	0	4	111	0	0	1	41	0	3	2	0	1	0	0	5	0	0	0	104	104	14	0	0	0	0	153	30	5	0	0	0	5	0	0	0	0	0	4	0	0	2	0	1	0	6	0	0	3	0	6	0	0	16	19	0	0	122	86	1	0
0	3	121	0	1	0	0	0	0	14	0	0	0	0	0	0	0	0	0	1	0	0	0	0	0	0	1	0	0	0	13	0	0	0	3	0	0	0	0	1	8	0	0	4	0	0	13	9	0	0	0	3	0	0	0	0	0	0	0	0	125	346	0	0	0	0	0	0	0	0	1	25	21	0
0	0	47	4	0	0	4	0	0	181	0	0	0	0	0	0	0	1	129	3	0	0	0	0	0	0	0	0	0	0	1	0	0	0	0	126	0	0	0	0	59	160	0	157	0	0	1	142	0	0	0	0	14	0	0	0	94	0	2	0	0	0	0	0	0	54	36	0	0	25	0	1	0	3
0	1	11	0	25	0	0	0	0	16	0	0	4	0	0	0	10	0	0	0	0	0	0	0	0	23	0	0	2	0	1	0	4	4	0	0	0	0	0	0	0	0	0	0	0	0	0	0	0	0	0	30	0	0	0	0	0	0	2	0	0	29	0	0	0	0	0	0	0	0	0	0	14	0
0	125	12	0	5	0	0	96	0	0	0	0	111	0	0	10	0	0	0	1	118	0	1	5	2	139	0	0	0	0	25	0	130	25	14	0	0	0	0	150	19	0	0	0	1	1	0	0	0	0	1	302	3	0	18	0	1	0	0	0	10	1	0	0	0	0	47	59	0	0	26	1	1	2
0	0	10	0	0	0	0	0	0	0	0	0	0	0	1	0	0	0	0	0	0	0	0	0	0	0	0	0	0	0	0	0	0	0	0	3	0	0	0	0	0	1	0	7	0	0	2	0	0	190	0	0	0	0	0	0	0	0	0	0	9	14	0	0	0	0	0	0	0	0	1	2	1	0
0	2	10	0	0	0	0	0	0	90	0	0	0	0	129	0	0	0	0	143	0	1	0	6	0	0	0	0	0	0	45	0	0	0	0	0	0	0	0	0	0	1	0	0	0	0	0	0	0	0	30	0	0	0	0	0	2	0	184	0	0	0	0	0	0	0	0	0	0	1	0	0	0	0
0	0	4	0	0	0	0	0	0	136	0	0	1	1	3	0	1	0	143	0	0	0	31	205	92	10	0	0	1	0	0	0	3	0	1	0	0	0	0	2	0	26	0	0	0	0	0	99	0	0	0	26	143	0	9	203	112	0	6	0	0	35	0	0	0	0	1	0	0	1	3	0	0	0
0	75	1	0	2	0	0	4	0	0	0	0	41	0	0	0	118	0	0	0	0	0	0	4	1	112	0	0	0	0	1	0	8	1	0	0	0	0	0	14	0	0	0	0	0	0	0	0	0	0	0	135	0	0	0	1	0	0	0	0	0	0	0	0	0	0	0	0	0	0	8	0	0	0
0	1	0	0	0	0	0	0	0	0	0	0	0	0	0	0	0	0	1	0	0	0	0	194	3	16	0	0	19	0	21	0	0	0	1	0	0	0	0	0	1	0	0	0	0	0	0	0	0	0	8	77	0	0	83	9	0	0	6	0	0	0	0	0	0	0	17	0	0	0	0	0	0	1
0	0	25	0	1	0	0	0	0	7	0	0	3	0	0	0	1	0	0	31	0	0	0	142	3	1	0	0	0	0	0	0	0	0	0	0	0	0	0	0	0	0	0	0	0	0	0	0	0	0	0	1	0	0	78	170	4	0	0	0	0	23	0	0	0	0	0	0	0	0	0	0	1	0
0	2	0	0	0	0	0	0	0	0	0	0	2	0	0	0	5	0	6	205	4	194	142	0	170	2	0	0	2	0	7	0	6	0	12	0	0	0	0	4	0	0	0	0	0	0	0	0	0	0	9	5	90	0	225	276	50	0	0	0	0	0	0	0	0	0	2	148	0	0	0	0	0	2
0	1	0	0	0	0	0	0	0	0	0	0	0	0	0	0	2	0	0	92	1	3	3	170	0	1	0	0	0	0	1	0	1	0	2	0	0	0	0	1	0	0	0	0	0	0	0	0	0	0	0	2	3	0	63	165	1	0	0	0	0	0	0	0	0	0	0	2	0	0	0	0	0	0
0	70	5	0	0	0	0	6	0	0	0	0	1	0	0	23	139	0	0	10	112	16	1	2	1	0	0	0	28	0	2	0	96	23	41	0	0	0	0	94	19	0	0	0	0	6	0	0	0	0	0	177	2	0	32	14	0	0	0	0	0	0	0	0	0	0	17	33	0	0	91	2	0	1
0	0	116	2	1	0	0	0	0	1	0	0	0	1	0	0	0	0	0	0	0	0	0	0	0	0	0	0	0	0	2	0	0	0	0	88	0	0	0	0	81	0	0	0	0	0	1	15	0	0	0	0	0	0	0	0	0	0	0	0	1	1	0	0	0	90	0	0	0	0	0	0	0	0
0	0	0	0	0	0	0	0	0	0	0	0	0	0	0	0	0	0	0	0	0	0	0	0	0	0	0	0	0	0	0	0	0	0	0	0	0	0	0	0	0	0	0	0	0	0	0	0	0	0	0	0	0	0	0	0	0	0	0	0	0	0	0	0	0	0	0	0	0	0	0	0	0	0
0	13	17	0	0	0	0	4	0	0	0	0	5	0	0	2	0	0	0	1	0	19	0	2	0	28	0	0	0	0	0	0	20	4	20	0	0	0	0	16	2	0	0	0	0	0	0	0	0	0	0	44	0	0	7	0	0	0	47	0	0	0	0	0	0	0	6	0	0	0	1	0	0	0
0	0	0	0	0	0	0	0	0	0	0	0	0	0	0	0	0	0	0	0	0	0	0	0	0	0	0	0	0	0	0	0	0	0	0	0	0	0	0	0	0	0	0	0	0	0	0	0	0	0	0	0	0	0	0	0	0	0	0	0	0	0	0	0	0	0	0	0	0	0	0	0	0	0
0	0	11	0	5	0	0	1	0	12	0	0	0	13	1	1	25	0	45	0	1	21	0	7	1	2	2	0	0	0	0	0	0	2	3	2	0	0	0	2	11	19	0	12	3	0	20	18	0	0	228	6	82	0	36	0	32	0	7	0	7	26	0	4	0	0	72	10	0	44	0	4	1	73
0	0	0	0	0	0	0	0	0	0	0	0	0	0	0	0	0	0	0	0	0	0	0	0	0	0	0	0	0	0	0	0	0	0	0	0	0	0	0	0	0	0	0	0	0	0	0	0	0	0	0	0	0	0	0	0	0	0	0	0	0	0	0	0	0	0	0	0	0	0	0	0	0	0
0	96	25	0	0	0	0	16	0	0	0	0	104	0	0	4	130	0	0	3	8	0	0	6	1	96	0	0	20	0	0	0	0	1	29	0	0	0	0	47	15	0	0	0	0	0	0	0	0	0	0	136	0	0	3	4	1	0	4	0	0	0	0	0	0	0	0	0	0	0	0	0	0	0
0	64	11	0	68	0	0	0	0	0	0	0	104	0	0	4	25	0	0	0	1	0	0	0	0	23	0	0	4	0	2	0	1	0	5	0	0	0	0	9	3	0	0	0	0	6	0	0	0	0	0	35	0	0	0	0	1	0	4	0	0	1	0	0	0	0	7	10	0	0	11	0	103	0
0	112	20	6	0	0	0	0	0	0	0	0	14	3	0	0	14	0	0	1	0	1	0	12	2	41	0	0	20	0	3	0	29	5	0	0	0	0	0	2	0	0	0	0	0	0	0	0	0	0	0	98	0	0	1	0	0	0	248	0	0	5	0	0	0	0	0	0	0	0	0	0	0	0
0	0	56	0	0	0	0	0	0	68	0	0	0	0	126	0	0	3	0	0	0	0	0	0	0	0	88	0	0	0	2	0	0	0	0	0	0	0	0	0	0	0	0	0	0	0	0	0	0	0	0	0	0	0	0	0	0	0	0	0	0	1	0	0	0	0	0	0	0	0	0	0	0	0
0	0	0	0	0	0	0	0	0	0	0	0	0	0	0	0	0	0	0	0	0	0	0	0	0	0	0	0	0	0	0	0	0	0	0	0	0	0	0	0	0	0	0	0	0	0	0	0	0	0	0	0	0	0	0	0	0	0	0	0	0	0	0	0	0	0	0	0	0	0	0	0	0	0
0	0	0	0	0	0	0	0	0	0	0	0	0	0	0	0	0	0	0	0	0	0	0	0	0	0	0	0	0	0	0	0	0	0	0	0	0	0	0	0	0	0	0	0	0	0	0	0	0	0	0	0	0	0	0	0	0	0	0	0	0	0	0	0	0	0	0	0	0	0	0	0	0	0
0	0	0	0	0	0	0	0	0	0	0	0	0	0	0	0	0	0	0	0	0	0	0	0	0	0	0	0	0	0	0	0	0	0	0	0	0	0	0	0	0	0	0	0	0	0	0	0	0	0	0	0	0	0	0	0	0	0	0	0	0	0	0	0	0	0	0	0	0	0	0	0	0	0
0	213	15	0	96	0	0	6	0	0	0	0	153	1	0	0	150	0	0	2	14	0	0	4	1	94	0	0	16	0	2	0	47	9	2	0	0	0	0	0	1	1	0	0	0	0	0	0	0	0	0	181	0	0	1	0	0	0	20	0	0	0	0	0	0	0	0	0	0	0	6	4	3	0
0	0	69	0	0	0	0	0	0	18	0	0	30	8	59	0	19	0	0	0	0	1	0	0	0	19	81	0	2	0	11	0	15	3	0	0	0	0	0	1	0	0	0	0	0	0	0	0	0	0	0	20	0	0	0	0	0	0	6	0	0	16	0	0	0	0	0	0	0	0	0	0	0	0
0	1	15	0	91	0	0	0	0	79	0	0	5	0	160	0	0	1	1	26	0	0	0	0	0	0	0	0	0	0	19	0	0	0	0	0	0	0	0	1	0	0	0	1	0	0	0	0	0	0	0	0	0	0	0	0	1	0	294	0	0	75	0	0	0	0	1	0	0	0	0	0	4	0
0	0	0	0	0	0	0	0	0	0	0	0	0	0	0	0	0	0	0	0	0	0	0	0	0	0	0	0	0	0	0	0	0	0	0	0	0	0	0	0	0	0	0	0	0	0	0	0	0	0	0	0	0	0	0	0	0	0	0	0	0	0	0	0	0	0	0	0	0	0	0	0	0	0
0	0	60	0	1	0	0	0	0	101	0	0	0	4	157	0	0	7	0	0	0	0	0	0	0	0	0	0	0	0	12	0	0	0	0	0	0	0	0	0	0	1	0	0	0	0	0	0	0	0	19	0	0	0	0	0	1	0	0	0	0	52	0	0	0	0	0	0	0	0	0	0	0	0
0	0	0	0	0	0	0	0	0	0	0	0	0	0	0	0	1	0	0	0	0	0	0	0	0	0	0	0	0	0	3	0	0	0	0	0	0	0	0	0	0	0	0	0	0	0	0	0	0	0	2	0	0	0	0	0	0	0	0	0	0	0	0	0	0	0	0	0	0	0	0	0	0	0
0	0	0	0	1	0	0	0	0	0	0	0	5	0	0	0	1	0	0	0	0	0	0	0	0	6	0	0	0	0	0	0	0	6	0	0	0	0	0	0	0	0	0	0	0	0	0	0	0	0	0	5	0	0	0	0	1	0	0	0	0	4	0	0	0	0	0	0	0	0	0	0	20	0
0	0	32	0	1	0	0	0	0	6	0	0	0	13	1	0	0	2	0	0	0	0	0	0	0	0	1	0	0	0	20	0	0	0	0	0	0	0	0	0	0	0	0	0	0	0	0	0	0	0	0	0	0	0	0	0	0	0	128	0	0	7	0	0	0	0	0	0	0	0	0	0	3	0
0	0	74	0	0	0	0	0	0	101	0	0	0	9	142	0	0	0	0	99	0	0	0	0	0	0	15	0	0	0	18	0	0	0	0	0	0	0	0	0	0	0	0	0	0	0	0	0	0	0	2	0	0	0	0	0	2	0	0	0	0	22	0	0	0	0	0	0	0	1	0	0	0	0
0	0	0	0	0	0	0	0	0	0	0	0	0	0	0	0	0	0	0	0	0	0	0	0	0	0	0	0	0	0	0	0	0	0	0	0	0	0	0	0	0	0	0	0	0	0	0	0	0	0	0	0	0	0	0	0	0	0	0	0	0	0	0	0	0	0	0	0	0	0	0	0	0	0
0	0	0	0	0	0	0	0	0	0	0	0	0	0	0	0	0	190	0	0	0	0	0	0	0	0	0	0	0	0	0	0	0	0	0	0	0	0	0	0	0	0	0	0	0	0	0	0	0	0	0	0	0	0	0	0	0	0	0	0	0	1	0	0	0	0	0	0	0	0	0	0	0	0
0	0	0	0	0	0	0	0	0	9	0	0	0	0	0	0	1	0	30	0	0	8	0	9	0	0	0	0	0	0	228	0	0	0	0	0	0	0	0	0	0	0	0	19	2	0	0	2	0	0	0	0	48	0	19	0	30	0	0	0	0	0	0	0	0	0	29	0	0	9	0	0	0	36
0	216	16	0	0	0	0	28	0	1	0	0	4	3	0	30	302	0	0	26	135	77	1	5	2	177	0	0	44	0	6	0	136	35	98	0	0	0	0	181	20	0	0	0	0	5	0	0	0	0	0	0	2	0	22	2	2	0	0	0	0	0	0	0	0	0	100	64	0	0	1	0	0	6
0	2	1	0	0	0	0	0	0	94	0	0	0	0	14	0	3	0	0	143	0	0	0	90	3	2	0	0	0	0	82	0	0	0	0	0	0	0	0	0	0	0	0	0	0	0	0	0	0	0	48	2	0	0	28	0	2	0	0	0	0	0	0	0	0	0	0	0	0	3	0	0	0	0
0	0	0	0	0	0	0	0	0	0	0	0	0	0	0	0	0	0	0	0	0	0	0	0	0	0	0	0	0	0	0	0	0	0	0	0	0	0	0	0	0	0	0	0	0	0	0	0	0	0	0	0	0	0	0	0	0	0	0	0	0	0	0	0	0	0	0	0	0	0	0	0	0	0
0	0	0	0	0	0	0	0	0	0	0	0	2	0	0	0	18	0	0	9	0	83	78	225	63	32	0	0	7	0	36	0	3	0	1	0	0	0	0	1	0	0	0	0	0	0	0	0	0	0	19	22	28	0	0	59	0	0	0	0	0	0	0	0	0	0	5	88	0	0	2	0	1	0
0	1	1	1	1	0	0	0	0	0	0	0	0	0	0	0	0	0	0	203	1	9	170	276	165	14	0	0	0	0	0	0	4	0	0	0	0	0	0	0	0	0	0	0	0	0	0	0	0	0	0	2	0	0	59	0	87	0	0	0	0	1	0	0	0	0	0	4	0	4	1	1	1	0
0	2	50	0	1	0	0	0	0	95	0	0	1	0	94	0	1	0	2	112	0	0	4	50	1	0	0	0	0	0	32	0	1	1	0	0	0	0	0	0	0	1	0	1	0	1	0	2	0	0	30	2	2	0	0	87	0	0	24	0	0	10	0	0	0	0	0	0	0	0	0	2	1	0
0	0	0	0	0	0	0	0	0	0	0	0	0	0	0	0	0	0	0	0	0	0	0	0	0	0	0	0	0	0	0	0	0	0	0	0	0	0	0	0	0	0	0	0	0	0	0	0	0	0	0	0	0	0	0	0	0	0	0	0	0	0	0	0	0	0	0	0	0	0	0	0	0	0
0	1	4	0	0	0	0	44	0	0	0	0	6	0	2	2	0	0	184	6	0	6	0	0	0	0	0	0	47	0	7	0	4	4	248	0	0	0	0	20	6	294	0	0	0	0	128	0	0	0	0	0	0	0	0	0	24	0	0	0	0	1	0	0	0	0	330	0	0	61	54	4	0	0
0	0	0	0	0	0	0	0	0	0	0	0	0	0	0	0	0	0	0	0	0	0	0	0	0	0	0	0	0	0	0	0	0	0	0	0	0	0	0	0	0	0	0	0	0	0	0	0	0	0	0	0	0	0	0	0	0	0	0	0	0	0	0	0	0	0	0	0	0	0	0	0	0	0
0	1	30	0	3	0	0	0	0	18	0	0	0	125	0	0	10	9	0	0	0	0	0	0	0	0	1	0	0	0	7	0	0	0	0	0	0	0	0	0	0	0	0	0	0	0	0	0	0	0	0	0	0	0	0	0	0	0	0	0	0	94	0	0	0	0	0	0	0	0	0	0	1	0
0	3	137	0	272	0	0	0	0	85	0	0	3	346	0	29	1	14	0	35	0	0	23	0	0	0	1	0	0	0	26	0	0	1	5	1	0	0	0	0	16	75	0	52	0	4	7	22	0	1	0	0	0	0	0	1	10	0	1	0	94	0	0	1	0	0	0	0	0	0	0	75	154	1
0	0	0	0	0	0	0	0	0	0	0	0	0	0	0	0	0	0	0	0	0	0	0	0	0	0	0	0	0	0	0	0	0	0	0	0	0	0	0	0	0	0	0	0	0	0	0	0	0	0	0	0	0	0	0	0	0	0	0	0	0	0	0	0	0	0	0	0	0	0	0	0	0	0
0	82	10	0	90	0	0	0	0	0	0	0	6	0	0	0	0	0	0	0	0	0	0	0	0	0	0	0	0	0	4	0	0	0	0	0	0	0	0	0	0	0	0	0	0	0	0	0	0	0	0	0	0	0	0	0	0	0	0	0	0	1	0	0	0	0	0	0	0	0	0	0	56	0
0	0	0	0	0	0	0	0	0	0	0	0	0	0	0	0	0	0	0	0	0	0	0	0	0	0	0	0	0	0	0	0	0	0	0	0	0	0	0	0	0	0	0	0	0	0	0	0	0	0	0	0	0	0	0	0	0	0	0	0	0	0	0	0	0	0	0	0	0	0	0	0	0	0
0	0	59	0	0	0	0	0	0	80	0	0	0	0	54	0	0	0	0	0	0	0	0	0	0	0	90	0	0	0	0	0	0	0	0	0	0	0	0	0	0	0	0	0	0	0	0	0	0	0	0	0	0	0	0	0	0	0	0	0	0	0	0	0	0	0	0	0	0	0	0	0	2	0
0	0	0	0	1	0	0	0	0	0	0	0	16	0	36	0	47	0	0	1	0	17	0	2	0	17	0	0	6	0	72	0	0	7	0	0	0	0	0	0	0	1	0	0	0	0	0	0	0	0	29	100	0	0	5	0	0	0	330	0	0	0	0	0	0	0	0	0	0	0	0	0	0	0
0	0	1	0	0	0	0	0	0	16	0	0	19	0	0	0	59	0	0	0	0	0	0	148	2	33	0	0	0	0	10	0	0	10	0	0	0	0	0	0	0	0	0	0	0	0	0	0	0	0	0	64	0	0	88	4	0	0	0	0	0	0	0	0	0	0	0	0	0	0	0	0	0	0
0	0	0	0	0	0	0	0	0	0	0	0	0	0	0	0	0	0	0	0	0	0	0	0	0	0	0	0	0	0	0	0	0	0	0	0	0	0	0	0	0	0	0	0	0	0	0	0	0	0	0	0	0	0	0	0	0	0	0	0	0	0	0	0	0	0	0	0	0	0	0	0	0	0
0	0	0	0	0	0	0	1	0	0	0	0	0	0	25	0	0	0	1	1	0	0	0	0	0	0	0	0	0	0	44	0	0	0	0	0	0	0	0	0	0	0	0	0	0	0	0	1	0	0	9	0	3	0	0	4	0	0	61	0	0	0	0	0	0	0	0	0	0	0	0	0	0	0
0	168	7	0	6	0	0	0	0	0	0	0	122	1	0	0	26	1	0	3	8	0	0	0	0	91	0	0	1	0	0	0	0	11	0	0	0	0	0	6	0	0	0	0	0	0	0	0	0	0	0	1	0	0	2	1	0	0	54	0	0	0	0	0	0	0	0	0	0	0	0	0	0	0
0	0	33	0	91	0	0	0	0	36	0	0	86	25	1	0	1	2	0	0	0	0	0	0	0	2	0	0	0	0	4	0	0	0	0	0	0	0	0	4	0	0	0	0	0	0	0	0	0	0	0	0	0	0	0	1	2	0	4	0	0	75	0	0	0	0	0	0	0	0	0	0	2	0
0	0	5	0	269	0	0	0	0	0	0	0	1	21	0	14	1	1	0	0	0	0	1	0	0	0	0	0	0	0	1	0	0	103	0	0	0	0	0	3	0	4	0	0	0	20	3	0	0	0	0	0	0	0	1	1	1	0	0	0	1	154	0	56	0	2	0	0	0	0	0	2	0	0
0	0	0	0	0	0	0	0	0	0	0	0	0	0	3	0	2	0	0	0	0	1	0	2	0	1	0	0	0	0	73	0	0	0	0	0	0	0	0	0	0	0	0	0	0	0	0	0	0	0	36	6	0	0	0	0	0	0	0	0	0	1	0	0	0	0	0	0	0	0	0	0	0	0
