0	0	0	0	0	0	0	0	0	1	0	0	0	0	0	0	0	0	0	0	0	5	0	0	1	0	0	0	0	0	0	0	0	0	4	0	0	0	0	0	0	0	0	0	0	0	0	0	0	0	0	0	0	0	3	0	0	0	0	0	0	0	0	0	0	0	0	0	0	0	0	0	0	0
0	0	6	0	8	0	0	0	0	1	0	0	0	4	0	0	0	0	0	3	0	0	7	0	0	0	0	0	0	1	0	0	0	0	0	0	0	3	0	9	0	18	0	1	3	2	0	0	0	0	0	0	0	0	0	0	7	3	0	0	20	17	0	4	0	0	0	0	2	0	6	0	6	0
0	6	0	0	0	4	0	0	0	80	0	0	4	9	4	0	3	1	0	11	1	0	0	0	0	2	1	0	0	8	0	0	0	0	0	0	0	0	0	0	0	0	0	0	0	0	0	0	0	0	0	0	0	0	0	0	11	0	0	0	0	0	0	0	0	0	0	0	0	0	0	6	1	0
0	0	0	0	0	0	0	0	0	0	0	0	0	0	0	0	0	0	0	0	0	0	0	0	0	0	0	0	0	0	0	0	0	0	0	0	0	0	0	0	0	0	0	0	0	0	0	0	0	0	0	0	0	0	0	0	0	0	0	0	0	0	0	0	0	0	0	0	0	0	0	0	0	0
0	8	0	0	0	0	0	0	0	0	0	0	1	10	0	0	0	15	0	5	0	0	0	0	0	0	0	0	0	84	0	0	0	15	0	0	0	0	0	0	0	0	0	2	0	0	0	0	0	0	0	0	0	0	0	0	0	0	0	0	0	0	0	0	0	0	0	0	0	0	0	8	20	0
0	0	4	0	0	0	0	0	0	0	0	0	0	0	0	0	182	0	52	1	179	24	0	2	0	133	0	0	92	0	0	0	20	31	75	0	0	1	0	74	0	2	0	0	86	0	0	0	0	0	0	0	0	0	24	3	0	5	0	0	0	0	0	0	0	0	3	80	0	14	1	0	0	1
0	0	0	0	0	0	0	0	0	0	0	0	0	0	0	0	0	0	0	0	0	0	0	0	0	0	0	0	0	0	0	0	0	0	0	0	0	0	0	0	0	0	0	0	0	0	0	0	0	0	0	0	0	0	0	0	0	0	0	0	0	0	0	0	0	0	0	0	0	0	0	0	0	0
0	0	0	0	0	0	0	0	0	0	0	0	78	0	0	0	88	0	0	106	38	0	0	0	0	0	0	0	0	0	0	0	1	21	0	0	0	0	0	0	0	0	0	0	0	0	0	0	0	0	0	0	0	0	0	0	0	0	0	0	0	0	0	0	0	0	0	0	0	0	0	0	0	0
0	0	0	0	0	0	0	0	0	0	0	0	0	0	0	0	0	0	0	0	0	0	0	0	0	0	0	0	1	0	0	0	0	0	0	0	0	0	0	0	0	0	0	0	0	0	0	0	0	1	0	0	0	0	0	0	0	0	0	0	0	0	0	0	0	0	0	0	0	0	0	0	0	0
1	1	80	0	0	0	0	0	0	0	0	0	0	0	39	0	0	1	15	0	0	0	0	0	0	1	1	0	0	0	50	0	0	0	0	5	0	0	0	0	0	14	0	116	0	0	0	0	0	0	32	0	0	0	0	0	123	0	0	0	0	0	0	0	0	20	0	0	0	0	0	1	0	0
0	0	0	0	0	0	0	0	0	0	0	0	0	0	0	0	0	0	0	0	0	0	0	0	0	0	0	0	0	0	0	0	0	0	0	0	0	0	0	0	0	0	0	0	0	0	0	0	0	0	0	0	0	0	0	0	0	0	0	0	0	0	0	0	0	0	0	0	0	0	0	0	0	0
0	0	0	0	0	0	0	0	0	0	0	0	0	0	0	0	0	0	0	0	0	0	0	0	0	0	0	0	0	0	0	0	0	0	0	0	0	0	0	0	0	0	0	0	0	0	0	0	0	0	0	0	0	0	0	0	0	0	0	0	0	0	0	0	0	0	0	0	0	0	0	0	0	0
0	0	4	0	1	0	0	78	0	0	0	0	0	0	0	0	5	0	18	1	15	0	2	0	0	0	0	0	0	0	0	0	49	274	8	0	0	0	0	121	0	1	0	0	0	0	0	0	0	0	0	0	0	0	0	0	0	0	0	0	2	0	0	0	0	0	0	0	0	2	0	0	3	1
0	4	9	0	10	0	0	0	0	0	0	0	0	0	1	0	0	0	0	0	0	0	0	0	0	0	0	0	0	0	0	0	0	16	0	1	0	58	0	0	0	8	0	1	0	0	0	0	0	0	0	0	0	0	0	0	0	0	0	0	96	190	0	0	0	7	0	0	0	0	0	19	7	0
0	0	4	0	0	0	0	0	0	39	0	0	0	1	0	0	0	0	3	0	0	0	0	0	0	0	0	0	0	0	0	0	0	0	0	35	0	0	0	0	0	77	0	123	0	0	0	0	0	0	0	0	0	0	0	0	97	1	0	0	0	0	0	0	0	2	0	0	0	0	0	0	0	0
0	0	0	0	0	0	0	0	0	0	0	0	0	0	0	0	0	0	0	0	0	0	0	0	0	0	0	0	0	0	0	0	0	0	0	0	0	0	0	0	0	0	0	0	0	0	0	0	0	0	0	0	0	0	0	0	0	0	0	0	0	0	0	0	0	0	0	0	0	0	0	0	0	0
0	0	3	0	0	182	0	88	0	0	0	0	5	0	0	0	0	3	12	2	242	16	0	5	0	124	0	0	7	0	1	0	54	77	4	0	0	0	0	141	0	0	0	2	104	0	0	0	0	0	0	0	0	0	34	5	0	2	0	0	0	1	0	0	0	0	4	151	0	0	0	0	0	6
0	0	1	0	15	0	0	0	0	1	0	0	0	0	0	0	3	0	0	0	0	0	0	0	0	0	0	0	0	1	0	0	2	3	0	2	0	10	0	0	0	0	0	7	0	0	0	0	0	118	0	0	0	0	0	0	0	0	0	0	0	13	0	0	0	0	0	0	11	0	1	1	15	1
0	0	0	0	0	52	0	0	0	15	0	0	18	0	3	0	12	0	0	7	10	0	0	0	0	16	0	0	3	0	2	0	0	6	2	0	0	0	0	0	0	0	0	0	0	0	0	0	0	0	0	0	0	0	0	4	19	0	0	0	0	0	0	0	0	0	0	4	0	4	0	0	0	32
0	3	11	0	5	1	0	106	0	0	0	0	1	0	0	0	2	0	7	0	114	0	32	0	1	61	0	0	11	0	1	0	94	30	7	0	0	0	0	109	0	18	0	0	12	0	0	0	0	0	0	0	0	0	1	2	38	10	0	0	13	6	0	0	0	11	6	12	0	1	65	3	3	0
0	0	1	0	0	179	0	38	0	0	0	0	15	0	0	0	242	0	10	114	0	3	0	1	0	159	0	0	52	0	3	0	127	157	25	1	0	1	0	142	0	3	0	0	96	0	0	0	0	0	0	0	0	0	32	12	0	3	0	0	0	0	0	0	0	0	6	121	0	11	11	0	1	0
5	0	0	0	0	24	0	0	0	0	0	0	0	0	0	0	16	0	0	0	3	0	0	0	0	0	0	0	0	0	80	0	0	3	0	0	0	0	0	0	0	0	0	0	0	0	0	0	0	0	8	26	0	0	0	0	10	0	0	0	0	0	0	0	0	0	0	0	0	0	0	0	1	3
0	7	0	0	0	0	0	0	0	0	0	0	2	0	0	0	0	0	0	32	0	0	0	0	0	0	0	0	0	0	0	0	0	7	0	0	0	0	0	0	0	0	0	0	0	0	0	0	0	0	0	0	0	0	0	0	4	0	0	0	0	0	0	0	0	0	0	0	0	0	0	0	0	0
0	0	0	0	0	2	0	0	0	0	0	0	0	0	0	0	5	0	0	0	1	0	0	0	0	0	0	0	0	0	6	0	0	0	0	0	0	0	0	0	0	0	0	0	0	0	0	0	0	0	0	26	0	0	0	2	0	0	0	0	0	0	0	0	0	0	0	0	0	0	0	0	0	0
1	0	0	0	0	0	0	0	0	0	0	0	0	0	0	0	0	0	0	1	0	0	0	0	0	0	0	0	0	0	6	0	0	0	0	0	0	0	0	0	0	0	0	0	0	0	0	0	0	0	1	26	0	0	0	0	0	0	0	0	0	0	0	0	0	0	0	0	0	0	0	0	0	0
0	0	2	0	0	133	0	0	0	1	0	0	0	0	0	0	124	0	16	61	159	0	0	0	0	0	0	0	1	0	0	0	106	1	12	0	0	0	0	82	0	0	0	0	108	0	0	0	0	0	0	0	0	0	32	0	0	0	0	0	0	0	0	0	0	0	5	98	0	1	4	0	8	0
0	0	1	0	0	0	0	0	0	1	0	0	0	0	0	0	0	0	0	0	0	0	0	0	0	0	0	0	0	295	0	0	0	0	0	0	0	0	0	0	0	0	0	0	0	0	0	0	0	0	0	0	0	0	0	0	0	0	0	0	0	0	0	0	0	0	0	0	0	0	0	0	0	0
0	0	0	0	0	0	0	0	0	0	0	0	0	0	0	0	0	0	0	0	0	0	0	0	0	0	0	0	0	0	0	0	0	0	0	0	0	0	0	0	0	0	0	0	0	0	0	0	0	0	0	0	0	0	0	0	0	0	0	0	0	0	0	0	0	0	0	0	0	0	0	0	0	0
0	0	0	0	0	92	0	0	1	0	0	0	0	0	0	0	7	0	3	11	52	0	0	0	0	1	0	0	0	0	2	0	0	6	0	0	0	0	0	0	0	0	0	0	0	0	0	0	0	0	0	0	0	0	0	0	0	0	0	0	0	0	0	0	0	0	0	0	0	0	0	0	1	1
0	1	8	0	84	0	0	0	0	0	0	0	0	0	0	0	0	1	0	0	0	0	0	0	0	0	295	0	0	0	0	0	0	1	0	388	0	0	0	0	0	0	0	10	0	0	0	0	0	0	0	0	0	0	0	0	0	0	0	0	6	0	0	0	0	542	0	0	0	0	0	19	55	0
0	0	0	0	0	0	0	0	0	50	0	0	0	0	0	0	1	0	2	1	3	80	0	6	6	0	0	0	2	0	0	0	0	0	0	0	0	0	0	2	0	0	0	94	0	0	0	0	0	0	131	0	0	0	68	0	143	12	0	0	0	0	0	2	0	0	34	6	0	0	0	0	0	164
0	0	0	0	0	0	0	0	0	0	0	0	0	0	0	0	0	0	0	0	0	0	0	0	0	0	0	0	0	0	0	0	0	0	0	0	0	0	0	0	0	0	0	0	0	0	0	0	0	0	0	0	0	0	0	0	0	0	0	0	0	0	0	0	0	0	0	0	0	0	0	0	0	0
0	0	0	0	0	20	0	1	0	0	0	0	49	0	0	0	54	2	0	94	127	0	0	0	0	106	0	0	0	0	0	0	0	4	1	0	0	0	0	2	0	0	0	0	1	0	0	0	0	0	0	0	0	0	0	0	0	0	0	0	0	0	0	0	0	0	0	2	0	0	0	0	0	0
0	0	0	0	15	31	0	21	0	0	0	0	274	16	0	0	77	3	6	30	157	3	7	0	0	1	0	0	6	1	0	0	4	0	4	0	0	2	0	174	0	0	0	4	1	0	0	0	0	0	0	0	0	0	2	0	4	172	0	0	0	4	0	0	0	0	9	62	0	3	2	2	16	3
4	0	0	0	0	75	0	0	0	0	0	0	8	0	0	0	4	0	2	7	25	0	0	0	0	12	0	0	0	0	0	0	1	4	0	0	0	0	0	0	0	0	0	0	0	0	0	0	0	0	0	0	0	0	0	0	0	0	0	0	0	0	0	0	0	0	0	0	0	0	0	0	2	1
0	0	0	0	0	0	0	0	0	5	0	0	0	1	35	0	0	2	0	0	1	0	0	0	0	0	0	0	0	388	0	0	0	0	0	0	0	0	0	0	0	0	0	0	0	0	0	0	0	0	0	0	0	0	0	0	0	0	0	0	0	0	0	0	0	0	0	0	0	0	0	0	2	12
0	0	0	0	0	0	0	0	0	0	0	0	0	0	0	0	0	0	0	0	0	0	0	0	0	0	0	0	0	0	0	0	0	0	0	0	0	0	0	0	0	0	0	0	0	0	0	0	0	0	0	0	0	0	0	0	0	0	0	0	0	0	0	0	0	0	0	0	0	0	0	0	0	0
0	3	0	0	0	1	0	0	0	0	0	0	0	58	0	0	0	10	0	0	1	0	0	0	0	0	0	0	0	0	0	0	0	2	0	0	0	0	0	0	0	0	0	2	0	0	0	0	0	0	0	0	0	0	0	0	0	0	0	0	0	0	0	0	0	0	0	0	0	0	0	3	16	0
0	0	0	0	0	0	0	0	0	0	0	0	0	0	0	0	0	0	0	0	0	0	0	0	0	0	0	0	0	0	0	0	0	0	0	0	0	0	0	0	0	0	0	0	0	0	0	0	0	0	0	0	0	0	0	0	0	0	0	0	0	0	0	0	0	0	0	0	0	0	0	0	0	0
0	9	0	0	0	74	0	0	0	0	0	0	121	0	0	0	141	0	0	109	142	0	0	0	0	82	0	0	0	0	2	0	2	174	0	0	0	0	0	0	0	0	0	0	0	0	0	0	0	0	0	0	0	0	0	0	0	0	0	0	0	0	0	0	0	0	0	0	0	0	0	0	1	0
0	0	0	0	0	0	0	0	0	0	0	0	0	0	0	0	0	0	0	0	0	0	0	0	0	0	0	0	0	0	0	0	0	0	0	0	0	0	0	0	0	0	0	0	0	0	0	0	0	0	0	0	0	0	0	0	0	0	0	0	0	0	0	0	0	0	0	0	0	0	0	0	0	0
0	18	0	0	0	2	0	0	0	14	0	0	1	8	77	0	0	0	0	18	3	0	0	0	0	0	0	0	0	0	0	0	0	0	0	0	0	0	0	0	0	0	0	2	0	0	0	0	0	0	0	0	0	0	0	0	0	0	0	0	0	0	0	0	0	0	0	0	0	0	0	18	0	0
0	0	0	0	0	0	0	0	0	0	0	0	0	0	0	0	0	0	0	0	0	0	0	0	0	0	0	0	0	0	0	0	0	0	0	0	0	0	0	0	0	0	0	0	0	0	0	0	0	0	0	0	0	0	0	0	0	0	0	0	0	0	0	0	0	0	0	0	0	0	0	0	0	0
0	1	0	0	2	0	0	0	0	116	0	0	0	1	123	0	2	7	0	0	0	0	0	0	0	0	0	0	0	10	94	0	0	4	0	0	0	2	0	0	0	2	0	0	0	0	0	0	0	0	17	0	0	0	0	0	17	0	0	0	0	2	0	0	0	0	0	0	1	0	0	1	6	118
0	3	0	0	0	86	0	0	0	0	0	0	0	0	0	0	104	0	0	12	96	0	0	0	0	108	0	0	0	0	0	0	1	1	0	0	0	0	0	0	0	0	0	0	0	0	0	0	0	0	0	0	0	0	0	0	0	0	0	0	0	0	0	0	0	0	0	0	0	0	0	3	1	2
0	2	0	0	0	0	0	0	0	0	0	0	0	0	0	0	0	0	0	0	0	0	0	0	0	0	0	0	0	0	0	0	0	0	0	0	0	0	0	0	0	0	0	0	0	0	0	0	0	0	0	0	0	0	0	0	0	0	0	0	0	0	0	0	0	0	0	0	0	0	0	2	0	0
0	0	0	0	0	0	0	0	0	0	0	0	0	0	0	0	0	0	0	0	0	0	0	0	0	0	0	0	0	0	0	0	0	0	0	0	0	0	0	0	0	0	0	0	0	0	0	0	0	0	0	0	0	0	0	0	0	0	0	0	0	0	0	0	0	0	0	0	0	0	0	0	0	0
0	0	0	0	0	0	0	0	0	0	0	0	0	0	0	0	0	0	0	0	0	0	0	0	0	0	0	0	0	0	0	0	0	0	0	0	0	0	0	0	0	0	0	0	0	0	0	0	0	0	0	0	0	0	0	0	0	0	0	0	0	3	0	0	0	0	0	0	0	0	0	0	0	0
0	0	0	0	0	0	0	0	0	0	0	0	0	0	0	0	0	0	0	0	0	0	0	0	0	0	0	0	0	0	0	0	0	0	0	0	0	0	0	0	0	0	0	0	0	0	0	0	0	0	0	0	0	0	0	0	0	0	0	0	0	0	0	0	0	0	0	0	0	0	0	0	0	0
0	0	0	0	0	0	0	0	1	0	0	0	0	0	0	0	0	118	0	0	0	0	0	0	0	0	0	0	0	0	0	0	0	0	0	0	0	0	0	0	0	0	0	0	0	0	0	0	0	0	0	0	0	0	0	0	0	0	0	0	0	0	0	0	0	0	0	0	0	0	0	0	0	0
0	0	0	0	0	0	0	0	0	32	0	0	0	0	0	0	0	0	0	0	0	8	0	0	1	0	0	0	0	0	131	0	0	0	0	0	0	0	0	0	0	0	0	17	0	0	0	0	0	0	0	0	0	0	8	0	0	1	0	0	0	0	0	0	0	0	1	0	0	0	0	0	0	59
0	0	0	0	0	0	0	0	0	0	0	0	0	0	0	0	0	0	0	0	0	26	0	26	26	0	0	0	0	0	0	0	0	0	0	0	0	0	0	0	0	0	0	0	0	0	0	0	0	0	0	0	0	0	5	0	0	0	0	0	0	0	0	0	0	0	0	0	0	0	0	0	0	0
0	0	0	0	0	0	0	0	0	0	0	0	0	0	0	0	0	0	0	0	0	0	0	0	0	0	0	0	0	0	0	0	0	0	0	0	0	0	0	0	0	0	0	0	0	0	0	0	0	0	0	0	0	0	0	0	0	0	0	0	0	0	0	0	0	0	0	0	0	0	0	0	0	0
0	0	0	0	0	0	0	0	0	0	0	0	0	0	0	0	0	0	0	0	0	0	0	0	0	0	0	0	0	0	0	0	0	0	0	0	0	0	0	0	0	0	0	0	0	0	0	0	0	0	0	0	0	0	0	0	0	0	0	0	0	0	0	0	0	0	0	0	0	0	0	0	0	0
3	0	0	0	0	24	0	0	0	0	0	0	0	0	0	0	34	0	0	1	32	0	0	0	0	32	0	0	0	0	68	0	0	2	0	0	0	0	0	0	0	0	0	0	0	0	0	0	0	0	8	5	0	0	0	0	1	0	0	0	0	0	0	0	0	0	0	0	0	0	0	0	0	0
0	0	0	0	0	3	0	0	0	0	0	0	0	0	0	0	5	0	4	2	12	0	0	2	0	0	0	0	0	0	0	0	0	0	0	0	0	0	0	0	0	0	0	0	0	0	0	0	0	0	0	0	0	0	0	0	31	0	0	0	0	0	0	0	0	0	0	0	0	0	0	0	0	0
0	7	11	0	0	0	0	0	0	123	0	0	0	0	97	0	0	0	19	38	0	10	4	0	0	0	0	0	0	0	143	0	0	4	0	0	0	0	0	0	0	0	0	17	0	0	0	0	0	0	0	0	0	0	1	31	0	0	0	0	0	0	0	0	0	8	0	0	0	1	0	4	0	89
0	3	0	0	0	5	0	0	0	0	0	0	0	0	1	0	2	0	0	10	3	0	0	0	0	0	0	0	0	0	12	0	0	172	0	0	0	0	0	0	0	0	0	0	0	0	0	0	0	0	1	0	0	0	0	0	0	0	0	0	0	0	0	0	0	0	0	0	0	0	0	3	0	86
0	0	0	0	0	0	0	0	0	0	0	0	0	0	0	0	0	0	0	0	0	0	0	0	0	0	0	0	0	0	0	0	0	0	0	0	0	0	0	0	0	0	0	0	0	0	0	0	0	0	0	0	0	0	0	0	0	0	0	0	0	0	0	0	0	0	0	0	0	0	0	0	0	0
0	0	0	0	0	0	0	0	0	0	0	0	0	0	0	0	0	0	0	0	0	0	0	0	0	0	0	0	0	0	0	0	0	0	0	0	0	0	0	0	0	0	0	0	0	0	0	0	0	0	0	0	0	0	0	0	0	0	0	0	0	0	0	0	0	0	0	0	0	0	0	0	0	0
0	20	0	0	0	0	0	0	0	0	0	0	2	96	0	0	0	0	0	13	0	0	0	0	0	0	0	0	0	6	0	0	0	0	0	0	0	0	0	0	0	0	0	0	0	0	0	0	0	0	0	0	0	0	0	0	0	0	0	0	0	0	0	0	0	0	0	0	0	0	0	20	3	0
0	17	0	0	0	0	0	0	0	0	0	0	0	190	0	0	1	13	0	6	0	0	0	0	0	0	0	0	0	0	0	0	0	4	0	0	0	0	0	0	0	0	0	2	0	0	0	3	0	0	0	0	0	0	0	0	0	0	0	0	0	0	0	0	0	0	0	0	1	0	0	17	21	0
0	0	0	0	0	0	0	0	0	0	0	0	0	0	0	0	0	0	0	0	0	0	0	0	0	0	0	0	0	0	0	0	0	0	0	0	0	0	0	0	0	0	0	0	0	0	0	0	0	0	0	0	0	0	0	0	0	0	0	0	0	0	0	0	0	0	0	0	0	0	0	0	0	0
0	4	0	0	0	0	0	0	0	0	0	0	0	0	0	0	0	0	0	0	0	0	0	0	0	0	0	0	0	0	2	0	0	0	0	0	0	0	0	0	0	0	0	0	0	0	0	0	0	0	0	0	0	0	0	0	0	0	0	0	0	0	0	0	0	0	0	0	0	0	0	3	0	0
0	0	0	0	0	0	0	0	0	0	0	0	0	0	0	0	0	0	0	0	0	0	0	0	0	0	0	0	0	0	0	0	0	0	0	0	0	0	0	0	0	0	0	0	0	0	0	0	0	0	0	0	0	0	0	0	0	0	0	0	0	0	0	0	0	0	0	0	0	0	0	0	0	0
0	0	0	0	0	0	0	0	0	20	0	0	0	7	2	0	0	0	0	11	0	0	0	0	0	0	0	0	0	542	0	0	0	0	0	0	0	0	0	0	0	0	0	0	0	0	0	0	0	0	0	0	0	0	0	0	8	0	0	0	0	0	0	0	0	0	0	0	0	0	0	0	0	0
0	0	0	0	0	3	0	0	0	0	0	0	0	0	0	0	4	0	0	6	6	0	0	0	0	5	0	0	0	0	34	0	0	9	0	0	0	0	0	0	0	0	0	0	0	0	0	0	0	0	1	0	0	0	0	0	0	0	0	0	0	0	0	0	0	0	0	0	0	0	0	0	1	18
0	0	0	0	0	80	0	0	0	0	0	0	0	0	0	0	151	0	4	12	121	0	0	0	0	98	0	0	0	0	6	0	2	62	0	0	0	0	0	0	0	0	0	0	0	0	0	0	0	0	0	0	0	0	0	0	0	0	0	0	0	0	0	0	0	0	0	0	0	0	0	0	2	18
0	2	0	0	0	0	0	0	0	0	0	0	0	0	0	0	0	11	0	0	0	0	0	0	0	0	0	0	0	0	0	0	0	0	0	0	0	0	0	0	0	0	0	1	0	0	0	0	0	0	0	0	0	0	0	0	0	0	0	0	0	1	0	0	0	0	0	0	0	0	0	2	1	0
0	0	0	0	0	14	0	0	0	0	0	0	2	0	0	0	0	0	4	1	11	0	0	0	0	1	0	0	0	0	0	0	0	3	0	0	0	0	0	0	0	0	0	0	0	0	0	0	0	0	0	0	0	0	0	0	1	0	0	0	0	0	0	0	0	0	0	0	0	0	0	0	0	0
0	6	0	0	0	1	0	0	0	0	0	0	0	0	0	0	0	1	0	65	11	0	0	0	0	4	0	0	0	0	0	0	0	2	0	0	0	0	0	0	0	0	0	0	0	0	0	0	0	0	0	0	0	0	0	0	0	0	0	0	0	0	0	0	0	0	0	0	0	0	0	6	0	0
0	0	6	0	8	0	0	0	0	1	0	0	0	19	0	0	0	1	0	3	0	0	0	0	0	0	0	0	0	19	0	0	0	2	0	0	0	3	0	0	0	18	0	1	3	2	0	0	0	0	0	0	0	0	0	0	4	3	0	0	20	17	0	3	0	0	0	0	2	0	6	0	7	0
0	6	1	0	20	0	0	0	0	0	0	0	3	7	0	0	0	15	0	3	1	1	0	0	0	8	0	0	1	55	0	0	0	16	2	2	0	16	0	1	0	0	0	6	1	0	0	0	0	0	0	0	0	0	0	0	0	0	0	0	3	21	0	0	0	0	1	2	1	0	0	7	0	0
0	0	0	0	0	1	0	0	0	0	0	0	1	0	0	0	6	1	32	0	0	3	0	0	0	0	0	0	1	0	164	0	0	3	1	12	0	0	0	0	0	0	0	118	2	0	0	0	0	0	59	0	0	0	0	0	89	86	0	0	0	0	0	0	0	0	18	18	0	0	0	0	0	0
