0	0	0	0	0	6	0	0	0	0	0	0	0	0	0	0	0	0	2	0	0	93	0	93	0	0	0	0	18	0	0	0	0	0	21	0	0	0	0	0	0	0	0	0	0	0	0	0	0	0	0	0	1	0	81	0	0	13	0	0	0	0	0	0	0	0	7	85	0	0	0	0	0	0
0	0	1	0	74	0	0	53	0	8	0	0	68	5	0	0	0	0	1	0	0	1	4	1	0	0	0	0	1	9	1	0	0	59	4	1	0	1	0	8	0	4	0	16	0	38	0	0	0	7	0	0	1	0	1	1	1	0	10	0	8	20	0	50	0	1	0	0	0	0	32	9	0	0
0	1	0	0	0	0	0	0	0	60	0	0	1	37	59	0	0	0	0	0	1	0	0	0	0	0	0	0	0	0	0	0	0	0	0	0	0	0	0	0	0	0	0	0	0	0	0	0	0	0	0	0	0	0	0	0	24	0	0	0	0	0	0	0	0	3	0	0	0	0	0	1	0	3
0	0	0	0	0	0	0	0	0	0	0	0	0	2	0	0	0	0	0	0	0	0	0	0	0	0	0	0	0	0	0	3	0	1	0	0	0	0	0	0	0	0	0	0	0	0	0	0	0	0	0	0	0	0	0	0	0	0	0	0	0	0	0	0	0	0	0	0	0	0	0	0	0	0
0	74	0	0	0	0	0	0	0	6	0	0	42	12	0	0	0	0	0	0	1	0	0	0	0	0	0	0	0	0	0	0	0	134	0	0	0	0	0	0	0	0	0	0	0	0	0	0	0	0	0	0	0	0	0	0	0	0	0	0	0	0	0	0	0	0	0	0	0	0	0	67	0	0
6	0	0	0	0	0	0	1	0	0	0	0	0	0	0	0	291	0	3	0	151	42	0	1	0	163	0	0	20	0	1	0	76	1	92	0	0	0	0	137	0	0	0	0	0	0	0	0	0	0	0	0	84	0	59	5	17	22	0	0	0	0	0	0	0	0	17	35	0	2	27	1	0	2
0	0	0	0	0	0	0	0	0	0	0	0	0	0	0	0	0	0	0	0	0	0	0	0	0	0	0	0	0	0	0	0	0	0	0	0	0	0	0	0	0	0	0	0	0	0	0	0	0	0	0	0	0	0	0	0	0	0	0	0	0	0	0	0	0	0	0	0	0	0	0	0	0	0
0	53	0	0	0	1	0	0	0	0	0	0	130	0	0	0	74	0	2	0	60	0	0	0	0	1	0	0	0	0	0	0	3	12	0	0	0	0	0	0	0	0	0	0	0	0	0	0	0	0	0	0	0	0	0	0	0	0	4	0	0	0	0	0	0	0	0	0	0	0	0	49	0	0
0	0	0	0	0	0	0	0	0	0	0	0	0	0	0	0	0	0	0	0	0	0	0	0	0	0	0	0	0	0	0	0	0	0	0	0	0	0	0	0	0	0	0	0	0	0	0	0	0	0	0	0	0	0	0	0	0	0	0	0	0	0	0	0	0	0	0	0	0	0	0	0	0	0
0	8	60	0	6	0	0	0	0	0	0	0	1	0	19	0	0	0	121	0	2	0	2	0	0	0	0	0	0	14	25	0	0	0	0	41	0	1	0	1	0	0	0	55	0	0	0	0	0	0	3	0	61	0	0	0	10	0	0	0	0	29	0	0	0	32	0	0	0	35	0	25	0	1
0	0	0	0	0	0	0	0	0	0	0	0	0	0	0	0	0	0	0	0	0	0	0	0	0	0	0	0	0	0	0	0	0	0	0	0	0	0	0	0	0	0	0	0	0	0	0	0	0	0	0	0	0	0	0	0	0	0	0	0	0	0	0	0	0	0	0	0	0	0	0	0	0	0
0	0	0	0	0	0	0	0	0	0	0	0	0	0	0	0	0	0	0	0	0	0	0	0	0	0	0	0	0	0	0	0	0	0	0	0	0	0	0	0	0	0	0	0	0	0	0	0	0	0	0	0	0	0	0	0	0	0	0	0	0	0	0	0	0	0	0	0	0	0	0	0	0	0
0	68	1	0	42	0	0	130	0	1	0	0	0	3	0	0	4	0	7	0	12	0	5	0	0	0	0	0	0	0	0	0	87	365	13	0	0	0	0	109	0	0	0	1	0	41	0	0	0	0	0	0	0	0	3	0	10	1	36	0	1	1	0	1	0	0	0	1	0	3	61	136	0	0
0	5	37	2	12	0	0	0	0	0	0	0	3	0	0	0	0	0	0	0	0	0	10	0	0	1	0	0	0	0	0	0	0	0	0	33	0	22	0	0	0	55	0	94	0	0	0	0	0	0	0	0	0	0	0	33	1	0	0	0	147	159	0	20	0	7	0	0	0	0	0	30	0	0
0	0	59	0	0	0	0	0	0	19	0	0	0	0	0	0	0	0	16	0	0	0	0	0	0	0	0	0	0	0	0	0	0	0	0	115	0	0	0	0	0	34	0	0	0	0	0	0	0	0	0	0	0	0	0	0	31	0	0	0	0	0	0	0	0	74	0	0	0	0	0	0	0	0
0	0	0	0	0	0	0	0	0	0	0	0	0	0	0	0	0	0	0	0	0	0	0	0	0	0	0	0	0	0	0	0	0	0	0	0	0	0	0	0	0	0	0	0	0	0	0	0	0	0	0	0	0	0	0	0	0	0	0	0	0	0	0	0	0	0	0	0	0	0	0	0	0	0
0	0	0	0	0	291	0	74	0	0	0	0	4	0	0	0	0	0	24	0	232	12	0	22	0	120	0	0	15	0	5	0	58	73	27	0	0	0	0	112	0	0	0	1	0	0	0	0	0	0	0	14	60	0	25	13	1	48	0	0	0	0	0	0	0	0	43	64	0	2	15	0	0	17
0	0	0	0	0	0	0	0	0	0	0	0	0	0	0	0	0	0	0	0	0	0	0	0	0	0	0	0	0	0	0	0	0	0	0	0	0	0	0	0	0	0	0	0	0	0	0	0	0	223	0	0	0	0	0	0	0	0	0	0	0	0	0	0	0	0	0	0	0	0	0	0	0	0
2	1	0	0	0	3	0	2	0	121	0	0	7	0	16	0	24	0	0	0	2	22	0	0	0	10	0	0	0	7	19	0	2	63	6	0	0	0	0	4	0	76	0	2	0	0	0	0	0	0	2	0	24	0	0	10	112	18	124	0	0	0	0	0	0	0	34	122	0	2	22	1	0	229
0	0	0	0	0	0	0	0	0	0	0	0	0	0	0	0	0	0	0	0	0	0	0	0	0	0	0	0	0	0	0	0	0	0	0	0	0	0	0	0	0	0	0	0	0	0	0	0	0	0	0	0	0	0	0	0	0	0	0	0	0	0	0	0	0	0	0	0	0	0	0	0	0	0
0	0	1	0	1	151	0	60	0	2	0	0	12	0	0	0	232	0	2	0	0	1	1	1	0	70	0	0	0	2	0	0	130	3	10	0	0	0	0	111	0	1	0	3	0	7	0	0	0	0	0	0	41	0	22	14	2	4	0	0	2	3	0	2	0	0	0	8	0	1	0	3	0	0
93	1	0	0	0	42	0	0	0	0	0	0	0	0	0	0	12	0	22	0	1	0	0	0	0	3	0	0	0	0	20	0	0	0	0	0	0	0	0	0	0	0	0	0	0	0	0	0	0	0	0	30	0	0	0	0	0	0	0	0	0	0	0	0	0	0	0	0	0	0	0	1	0	1
0	4	0	0	0	0	0	0	0	2	0	0	5	10	0	0	0	0	0	0	1	0	0	0	0	0	0	0	0	0	0	0	0	4	0	0	0	0	0	0	0	0	0	0	0	0	0	0	0	0	0	0	0	0	0	53	1	0	0	0	0	0	0	0	0	0	0	0	0	0	0	4	0	0
93	1	0	0	0	1	0	0	0	0	0	0	0	0	0	0	22	0	0	0	1	0	0	0	0	0	0	0	0	3	0	0	0	0	0	0	0	0	0	0	0	0	0	0	0	0	0	0	0	0	0	86	0	0	0	102	0	0	0	0	0	0	0	0	0	0	0	0	0	0	0	1	0	0
0	0	0	0	0	0	0	0	0	0	0	0	0	0	0	0	0	0	0	0	0	0	0	0	0	0	0	0	0	0	0	0	0	0	0	0	0	0	0	0	0	0	0	0	0	0	0	0	0	0	0	0	0	0	0	0	0	0	0	0	0	0	0	0	0	0	0	0	0	0	0	0	0	0
0	0	0	0	0	163	0	1	0	0	0	0	0	1	0	0	120	0	10	0	70	3	0	0	0	0	0	0	2	1	3	0	55	3	38	0	0	2	0	88	0	0	0	1	0	0	0	0	0	0	0	0	57	0	26	1	14	17	0	0	0	1	0	0	0	0	62	24	0	7	7	1	0	1
0	0	0	0	0	0	0	0	0	0	0	0	0	0	0	0	0	0	0	0	0	0	0	0	0	0	0	0	0	0	0	0	0	0	0	0	0	0	0	0	0	0	0	0	0	0	0	0	0	0	0	0	0	0	0	0	0	0	0	0	0	0	0	0	0	0	0	0	0	0	0	0	0	0
0	0	0	0	0	0	0	0	0	0	0	0	0	0	0	0	0	0	0	0	0	0	0	0	0	0	0	0	0	0	0	0	0	0	0	0	0	0	0	0	0	0	0	0	0	0	0	0	0	0	0	0	0	0	0	0	0	0	0	0	0	0	0	0	0	0	0	0	0	0	0	0	0	0
18	1	0	0	0	20	0	0	0	0	0	0	0	0	0	0	15	0	0	0	0	0	0	0	0	2	0	0	0	2	0	0	4	0	0	0	0	0	0	0	0	0	0	0	0	0	0	0	0	0	0	0	0	0	0	0	2	2	6	0	0	0	0	0	0	0	0	2	0	0	0	1	0	0
0	9	0	0	0	0	0	0	0	14	0	0	0	0	0	0	0	0	7	0	2	0	0	3	0	1	0	0	2	0	11	0	0	8	6	567	0	0	0	0	0	0	0	6	0	0	0	0	0	0	0	1	9	0	1	0	0	0	0	0	0	1	0	0	0	610	10	4	0	0	0	41	0	1
0	1	0	0	0	1	0	0	0	25	0	0	0	0	0	0	5	0	19	0	0	20	0	0	0	3	0	0	0	11	0	0	0	1	0	0	0	0	0	0	0	0	0	0	0	0	0	0	0	0	5	0	20	0	21	0	58	0	0	0	0	0	0	0	0	0	46	2	0	0	0	1	0	96
0	0	0	3	0	0	0	0	0	0	0	0	0	0	0	0	0	0	0	0	0	0	0	0	0	0	0	0	0	0	0	0	0	0	0	0	0	0	0	0	0	0	0	0	0	0	0	0	0	0	0	0	0	0	0	0	0	0	0	0	0	0	0	0	0	0	0	0	0	0	0	0	0	0
0	0	0	0	0	76	0	3	0	0	0	0	87	0	0	0	58	0	2	0	130	0	0	0	0	55	0	0	4	0	0	0	0	1	5	0	0	0	0	9	0	0	0	0	0	0	0	0	0	0	0	0	0	0	3	0	0	0	0	0	0	0	0	0	0	0	0	1	0	0	0	1	0	1
0	59	0	1	134	1	0	12	0	0	0	0	365	0	0	0	73	0	63	0	3	0	4	0	0	3	0	0	0	8	1	0	1	0	94	0	0	3	0	65	0	0	0	0	0	36	0	0	0	0	5	0	0	0	27	0	6	15	0	0	1	0	0	0	0	0	19	1	0	26	13	166	0	1
21	4	0	0	0	92	0	0	0	0	0	0	13	0	0	0	27	0	6	0	10	0	0	0	0	38	0	0	0	6	0	0	5	94	0	0	0	0	0	0	0	0	0	0	0	0	0	0	0	0	0	0	0	0	0	0	6	0	0	0	0	0	0	0	0	0	0	0	0	0	0	4	0	0
0	1	0	0	0	0	0	0	0	41	0	0	0	33	115	0	0	0	0	0	0	0	0	0	0	0	0	0	0	567	0	0	0	0	0	0	0	0	0	0	0	0	0	0	0	0	0	0	0	0	0	0	0	0	0	0	0	0	0	0	0	0	0	0	0	3	0	0	0	0	0	1	0	0
0	0	0	0	0	0	0	0	0	0	0	0	0	0	0	0	0	0	0	0	0	0	0	0	0	0	0	0	0	0	0	0	0	0	0	0	0	0	0	0	0	0	0	0	0	0	0	0	0	0	0	0	0	0	0	0	0	0	0	0	0	0	0	0	0	0	0	0	0	0	0	0	0	0
0	1	0	0	0	0	0	0	0	1	0	0	0	22	0	0	0	0	0	0	0	0	0	0	0	2	0	0	0	0	0	0	0	3	0	0	0	0	0	0	0	0	0	0	0	0	0	0	0	0	0	0	0	0	0	0	0	0	0	0	0	0	0	0	0	0	0	0	0	0	0	1	0	0
0	0	0	0	0	0	0	0	0	0	0	0	0	0	0	0	0	0	0	0	0	0	0	0	0	0	0	0	0	0	0	0	0	0	0	0	0	0	0	0	0	0	0	0	0	0	0	0	0	0	0	0	0	0	0	0	0	0	0	0	0	0	0	0	0	0	0	0	0	0	0	0	0	0
0	8	0	0	0	137	0	0	0	1	0	0	109	0	0	0	112	0	4	0	111	0	0	0	0	88	0	0	0	0	0	0	9	65	0	0	0	0	0	0	0	0	0	0	0	0	0	0	0	0	0	0	0	0	0	1	3	0	0	0	0	0	0	0	0	0	0	0	0	0	0	2	0	1
0	0	0	0	0	0	0	0	0	0	0	0	0	0	0	0	0	0	0	0	0	0	0	0	0	0	0	0	0	0	0	0	0	0	0	0	0	0	0	0	0	0	0	0	0	0	0	0	0	0	0	0	0	0	0	0	0	0	0	0	0	0	0	0	0	0	0	0	0	0	0	0	0	0
0	4	0	0	0	0	0	0	0	0	0	0	0	55	34	0	0	0	76	0	1	0	0	0	0	0	0	0	0	0	0	0	0	0	0	0	0	0	0	0	0	0	0	0	0	0	0	0	0	0	0	0	0	0	0	0	1	0	6	0	0	0	0	0	0	0	0	0	0	0	0	4	0	0
0	0	0	0	0	0	0	0	0	0	0	0	0	0	0	0	0	0	0	0	0	0	0	0	0	0	0	0	0	0	0	0	0	0	0	0	0	0	0	0	0	0	0	0	0	0	0	0	0	0	0	0	0	0	0	0	0	0	0	0	0	0	0	0	0	0	0	0	0	0	0	0	0	0
0	16	0	0	0	0	0	0	0	55	0	0	1	94	0	0	1	0	2	0	3	0	0	0	0	1	0	0	0	6	0	0	0	0	0	0	0	0	0	0	0	0	0	0	0	0	0	0	0	0	0	0	0	0	0	0	6	0	0	0	0	0	0	0	0	0	0	0	0	0	0	16	0	16
0	0	0	0	0	0	0	0	0	0	0	0	0	0	0	0	0	0	0	0	0	0	0	0	0	0	0	0	0	0	0	0	0	0	0	0	0	0	0	0	0	0	0	0	0	0	0	0	0	0	0	1	0	0	0	0	0	0	0	0	0	0	0	0	0	0	0	0	0	0	0	0	0	5
0	38	0	0	0	0	0	0	0	0	0	0	41	0	0	0	0	0	0	0	7	0	0	0	0	0	0	0	0	0	0	0	0	36	0	0	0	0	0	0	0	0	0	0	0	0	0	0	0	0	0	0	0	0	0	0	0	0	0	0	0	0	0	0	0	0	0	0	0	0	0	38	0	0
0	0	0	0	0	0	0	0	0	0	0	0	0	0	0	0	0	0	0	0	0	0	0	0	0	0	0	0	0	0	0	0	0	0	0	0	0	0	0	0	0	0	0	0	0	0	0	0	0	0	0	0	0	0	0	0	0	0	0	0	0	0	0	0	0	0	0	0	0	0	0	0	0	0
0	0	0	0	0	0	0	0	0	0	0	0	0	0	0	0	0	0	0	0	0	0	0	0	0	0	0	0	0	0	0	0	0	0	0	0	0	0	0	0	0	0	0	0	0	0	0	0	0	0	0	0	0	0	0	0	0	0	0	0	0	0	0	0	0	0	0	0	0	0	0	0	0	0
0	0	0	0	0	0	0	0	0	0	0	0	0	0	0	0	0	0	0	0	0	0	0	0	0	0	0	0	0	0	0	0	0	0	0	0	0	0	0	0	0	0	0	0	0	0	0	0	0	0	0	0	0	0	0	0	0	0	0	0	0	0	0	0	0	0	0	0	0	0	0	0	0	0
0	7	0	0	0	0	0	0	0	0	0	0	0	0	0	0	0	223	0	0	0	0	0	0	0	0	0	0	0	0	0	0	0	0	0	0	0	0	0	0	0	0	0	0	0	0	0	0	0	0	0	0	0	0	0	0	3	0	0	0	0	0	0	0	0	0	0	0	0	0	0	7	0	0
0	0	0	0	0	0	0	0	0	3	0	0	0	0	0	0	0	0	2	0	0	0	0	0	0	0	0	0	0	0	5	0	0	5	0	0	0	0	0	0	0	0	0	0	0	0	0	0	0	0	0	0	0	0	0	0	0	0	0	0	0	0	0	0	0	0	0	0	0	0	0	0	0	2
0	0	0	0	0	0	0	0	0	0	0	0	0	0	0	0	14	0	0	0	0	30	0	86	0	0	0	0	0	1	0	0	0	0	0	0	0	0	0	0	0	0	0	0	1	0	0	0	0	0	0	0	0	0	32	0	0	0	0	0	0	0	0	0	0	0	0	68	0	0	0	1	0	0
1	1	0	0	0	84	0	0	0	61	0	0	0	0	0	0	60	0	24	0	41	0	0	0	0	57	0	0	0	9	20	0	0	0	0	0	0	0	0	0	0	0	0	0	0	0	0	0	0	0	0	0	0	0	0	0	39	0	0	0	0	0	0	0	0	0	0	0	0	0	0	1	0	33
0	0	0	0	0	0	0	0	0	0	0	0	0	0	0	0	0	0	0	0	0	0	0	0	0	0	0	0	0	0	0	0	0	0	0	0	0	0	0	0	0	0	0	0	0	0	0	0	0	0	0	0	0	0	0	0	0	0	0	0	0	0	0	0	0	0	0	0	0	0	0	0	0	0
81	1	0	0	0	59	0	0	0	0	0	0	3	0	0	0	25	0	0	0	22	0	0	0	0	26	0	0	0	1	21	0	3	27	0	0	0	0	0	0	0	0	0	0	0	0	0	0	0	0	0	32	0	0	0	56	0	0	0	0	0	0	0	0	0	0	0	0	0	0	0	1	0	0
0	1	0	0	0	5	0	0	0	0	0	0	0	33	0	0	13	0	10	0	14	0	53	102	0	1	0	0	0	0	0	0	0	0	0	0	0	0	0	1	0	0	0	0	0	0	0	0	0	0	0	0	0	0	56	0	12	0	0	0	0	0	0	0	0	0	0	10	0	16	0	1	0	0
0	1	24	0	0	17	0	0	0	10	0	0	10	1	31	0	1	0	112	0	2	0	1	0	0	14	0	0	2	0	58	0	0	6	6	0	0	0	0	3	0	1	0	6	0	0	0	0	0	3	0	0	39	0	0	12	0	1	5	0	2	1	0	0	0	3	2	1	0	1	3	2	0	13
13	0	0	0	0	22	0	0	0	0	0	0	1	0	0	0	48	0	18	0	4	0	0	0	0	17	0	0	2	0	0	0	0	15	0	0	0	0	0	0	0	0	0	0	0	0	0	0	0	0	0	0	0	0	0	0	1	0	8	0	0	0	0	0	0	0	0	0	0	0	0	0	0	50
0	10	0	0	0	0	0	4	0	0	0	0	36	0	0	0	0	0	124	0	0	0	0	0	0	0	0	0	6	0	0	0	0	0	0	0	0	0	0	0	0	6	0	0	0	0	0	0	0	0	0	0	0	0	0	0	5	8	0	0	0	0	0	0	0	0	8	0	0	0	8	14	0	0
0	0	0	0	0	0	0	0	0	0	0	0	0	0	0	0	0	0	0	0	0	0	0	0	0	0	0	0	0	0	0	0	0	0	0	0	0	0	0	0	0	0	0	0	0	0	0	0	0	0	0	0	0	0	0	0	0	0	0	0	0	0	0	0	0	0	0	0	0	0	0	0	0	0
0	8	0	0	0	0	0	0	0	0	0	0	1	147	0	0	0	0	0	0	2	0	0	0	0	0	0	0	0	0	0	0	0	1	0	0	0	0	0	0	0	0	0	0	0	0	0	0	0	0	0	0	0	0	0	0	2	0	0	0	0	0	0	0	0	0	0	0	0	0	0	8	0	0
0	20	0	0	0	0	0	0	0	29	0	0	1	159	0	0	0	0	0	0	3	0	0	0	0	1	0	0	0	1	0	0	0	0	0	0	0	0	0	0	0	0	0	0	0	0	0	0	0	0	0	0	0	0	0	0	1	0	0	0	0	0	0	0	0	0	0	0	0	0	0	20	0	1
0	0	0	0	0	0	0	0	0	0	0	0	0	0	0	0	0	0	0	0	0	0	0	0	0	0	0	0	0	0	0	0	0	0	0	0	0	0	0	0	0	0	0	0	0	0	0	0	0	0	0	0	0	0	0	0	0	0	0	0	0	0	0	0	0	0	0	0	0	0	0	0	0	0
0	50	0	0	0	0	0	0	0	0	0	0	1	20	0	0	0	0	0	0	2	0	0	0	0	0	0	0	0	0	0	0	0	0	0	0	0	0	0	0	0	0	0	0	0	0	0	0	0	0	0	0	0	0	0	0	0	0	0	0	0	0	0	0	0	0	0	0	0	0	0	45	0	0
0	0	0	0	0	0	0	0	0	0	0	0	0	0	0	0	0	0	0	0	0	0	0	0	0	0	0	0	0	0	0	0	0	0	0	0	0	0	0	0	0	0	0	0	0	0	0	0	0	0	0	0	0	0	0	0	0	0	0	0	0	0	0	0	0	0	0	0	0	0	0	0	0	0
0	1	3	0	0	0	0	0	0	32	0	0	0	7	74	0	0	0	0	0	0	0	0	0	0	0	0	0	0	610	0	0	0	0	0	3	0	0	0	0	0	0	0	0	0	0	0	0	0	0	0	0	0	0	0	0	3	0	0	0	0	0	0	0	0	0	0	0	0	0	0	1	0	0
7	0	0	0	0	17	0	0	0	0	0	0	0	0	0	0	43	0	34	0	0	0	0	0	0	62	0	0	0	10	46	0	0	19	0	0	0	0	0	0	0	0	0	0	0	0	0	0	0	0	0	0	0	0	0	0	2	0	8	0	0	0	0	0	0	0	0	0	0	0	0	0	0	3
85	0	0	0	0	35	0	0	0	0	0	0	1	0	0	0	64	0	122	0	8	0	0	0	0	24	0	0	2	4	2	0	1	1	0	0	0	0	0	0	0	0	0	0	0	0	0	0	0	0	0	68	0	0	0	10	1	0	0	0	0	0	0	0	0	0	0	0	0	0	0	0	0	88
0	0	0	0	0	0	0	0	0	0	0	0	0	0	0	0	0	0	0	0	0	0	0	0	0	0	0	0	0	0	0	0	0	0	0	0	0	0	0	0	0	0	0	0	0	0	0	0	0	0	0	0	0	0	0	0	0	0	0	0	0	0	0	0	0	0	0	0	0	0	0	0	0	0
0	0	0	0	0	2	0	0	0	35	0	0	3	0	0	0	2	0	2	0	1	0	0	0	0	7	0	0	0	0	0	0	0	26	0	0	0	0	0	0	0	0	0	0	0	0	0	0	0	0	0	0	0	0	0	16	1	0	0	0	0	0	0	0	0	0	0	0	0	0	0	0	0	6
0	32	0	0	0	27	0	0	0	0	0	0	61	0	0	0	15	0	22	0	0	0	0	0	0	7	0	0	0	0	0	0	0	13	0	0	0	0	0	0	0	0	0	0	0	0	0	0	0	0	0	0	0	0	0	0	3	0	8	0	0	0	0	0	0	0	0	0	0	0	0	27	0	0
0	9	1	0	67	1	0	49	0	25	0	0	136	30	0	0	0	0	1	0	3	1	4	1	0	1	0	0	1	41	1	0	1	166	4	1	0	1	0	2	0	4	0	16	0	38	0	0	0	7	0	1	1	0	1	1	2	0	14	0	8	20	0	45	0	1	0	0	0	0	27	0	0	1
0	0	0	0	0	0	0	0	0	0	0	0	0	0	0	0	0	0	0	0	0	0	0	0	0	0	0	0	0	0	0	0	0	0	0	0	0	0	0	0	0	0	0	0	0	0	0	0	0	0	0	0	0	0	0	0	0	0	0	0	0	0	0	0	0	0	0	0	0	0	0	0	0	0
0	0	3	0	0	2	0	0	0	1	0	0	0	0	0	0	17	0	229	0	0	1	0	0	0	1	0	0	0	1	96	0	1	1	0	0	0	0	0	1	0	0	0	16	5	0	0	0	0	0	2	0	33	0	0	0	13	50	0	0	0	1	0	0	0	0	3	88	0	6	0	1	0	0
