0	0	0	0	0	0	0	0	0	0	0	0	0	0	0	0	1	0	0	2	0	10	0	1	0	3	0	0	0	0	0	0	0	0	1	0	0	0	0	0	0	0	0	0	1	12	0	0	0	0	0	0	0	0	5	10	0	2	0	0	0	0	0	0	0	0	17	5	0	0	2	0	4	0
0	4	0	0	6	0	0	9	1	1	0	0	231	2	0	0	3	0	6	27	0	0	0	0	1	0	4	0	0	0	7	0	7	5	6	0	0	0	0	5	0	0	0	0	0	8	3	0	0	0	0	0	0	0	5	6	9	2	4	1	3	2	0	0	0	0	0	1	1	9	1	2	0	0
0	0	0	0	0	0	0	0	0	43	0	0	3	59	0	0	2	0	0	0	0	0	0	0	0	7	14	0	0	0	5	0	0	0	0	0	0	0	0	0	0	0	0	42	0	0	0	0	0	0	0	0	0	0	0	0	1	0	0	0	0	0	0	0	0	0	0	0	4	0	0	0	0	0
0	0	0	0	0	0	0	0	0	0	0	0	0	0	0	0	0	0	0	0	0	0	0	0	0	0	0	0	0	0	0	0	0	0	0	0	0	0	0	0	0	0	0	0	0	0	0	0	0	0	0	0	0	0	0	0	0	0	0	0	0	0	0	0	0	0	0	0	0	0	0	0	0	0
0	6	0	0	0	0	0	0	0	0	0	0	74	5	0	0	0	0	0	1	0	0	0	0	0	0	10	0	0	0	0	0	0	0	0	0	0	0	0	0	0	0	0	58	0	0	0	0	0	0	0	0	0	0	0	0	0	0	0	0	0	31	0	0	0	0	0	0	10	0	0	6	2	0
0	0	0	0	0	0	0	0	0	63	0	0	0	0	0	0	0	7	0	0	0	0	0	0	0	0	0	0	0	0	125	0	0	0	0	0	0	0	0	0	0	0	12	876	0	0	0	0	0	0	0	0	0	0	0	0	5	0	0	0	0	0	0	0	0	0	0	0	0	0	0	0	0	124
0	0	0	0	0	0	0	0	0	0	0	0	0	0	0	0	0	0	0	0	0	0	0	0	0	0	0	0	0	0	0	0	0	0	0	0	0	0	0	0	0	0	0	0	0	0	0	0	0	0	0	0	0	0	0	0	0	0	0	0	0	0	0	0	0	0	0	0	0	0	0	0	0	0
0	9	0	0	0	0	0	0	0	0	0	0	213	0	0	0	104	0	0	117	134	0	0	0	0	32	0	0	0	0	2	0	53	0	0	0	0	0	0	0	0	0	0	0	0	0	0	0	0	0	5	0	0	0	0	0	0	0	0	3	0	0	0	0	0	0	0	0	0	1	0	9	0	0
0	1	0	0	0	0	0	0	0	2	0	0	0	1	0	0	0	1	0	0	0	0	0	0	0	1	0	0	0	0	0	0	0	0	9	0	0	0	0	0	0	0	0	0	0	0	0	0	0	0	0	0	0	0	0	0	0	4	0	0	0	0	0	0	0	0	0	0	0	0	0	1	0	0
0	1	43	0	0	63	0	0	2	0	0	0	0	16	0	0	0	4	1	23	0	0	0	0	0	0	9	0	0	0	32	0	0	0	7	59	0	0	0	0	0	0	0	302	0	7	0	40	0	0	9	0	7	0	0	0	81	21	1	0	15	5	0	0	0	68	0	0	0	83	1	1	0	0
0	0	0	0	0	0	0	0	0	0	0	0	0	0	0	0	0	0	0	0	0	0	0	0	0	0	0	0	0	0	0	0	0	0	0	0	0	0	0	0	0	0	0	0	0	0	0	0	0	0	0	0	0	0	0	0	0	0	0	0	0	9	0	0	0	0	0	0	6	0	0	0	0	0
0	0	0	0	0	0	0	0	0	0	0	0	0	0	0	0	0	0	0	0	0	0	0	0	0	0	0	0	0	0	0	0	0	0	0	0	0	0	0	0	0	0	0	0	0	0	0	0	0	0	0	0	0	0	0	0	0	0	0	0	0	0	0	0	0	0	0	0	0	0	0	0	0	0
0	231	3	0	74	0	0	213	0	0	0	0	0	0	0	1	64	0	34	38	32	1	2	0	1	65	0	0	0	0	36	0	121	131	56	0	0	0	0	204	0	0	0	0	0	134	0	0	0	0	29	0	0	0	32	16	26	40	1	0	0	0	0	1	0	0	0	36	2	27	204	29	0	0
0	2	59	0	5	0	0	0	1	16	0	0	0	0	0	0	0	0	0	0	0	0	0	0	0	0	0	0	0	0	0	0	2	0	0	22	0	0	0	1	0	0	0	0	0	4	1	0	0	0	0	0	0	0	0	0	1	0	0	0	44	72	0	0	0	0	0	0	0	1	0	16	0	0
0	0	0	0	0	0	0	0	0	0	0	0	0	0	0	0	0	0	0	0	0	0	0	0	0	0	0	0	0	0	0	0	0	0	0	0	0	0	0	0	0	0	0	0	0	0	0	0	0	0	0	0	0	0	0	0	0	0	0	0	0	0	0	0	0	0	0	0	0	0	0	0	0	0
0	0	0	0	0	0	0	0	0	0	0	0	1	0	0	0	0	0	0	0	0	0	0	0	0	0	0	0	0	0	0	0	0	0	0	0	0	0	0	0	0	0	0	0	0	0	0	0	0	0	0	0	0	0	0	0	0	0	0	0	0	0	0	0	0	0	0	0	0	0	0	0	0	0
1	3	2	0	0	0	0	104	0	0	0	0	64	0	0	0	0	0	121	3	328	0	0	1	0	184	1	0	0	0	44	0	85	61	23	0	0	0	0	153	0	0	5	0	0	6	0	0	0	5	19	1	2	0	47	3	0	32	1	0	0	0	0	0	0	1	8	88	0	2	5	25	0	10
0	0	0	0	0	7	0	0	1	4	0	0	0	0	0	0	0	0	0	0	0	0	0	0	0	0	0	0	0	0	0	0	0	1	1	2	0	0	0	0	0	0	0	181	0	0	0	0	0	163	0	0	0	0	0	0	0	0	0	0	0	0	0	0	0	0	0	0	2	0	0	0	38	0
0	6	0	0	0	0	0	0	0	1	0	0	34	0	0	0	121	0	0	15	123	0	0	0	0	128	0	0	0	0	0	0	79	0	2	0	0	0	0	2	0	0	0	0	0	0	0	0	0	0	0	0	0	0	0	2	0	0	0	1	0	0	0	0	0	0	0	0	0	8	0	6	0	12
2	27	0	0	1	0	0	117	0	23	0	0	38	0	0	0	3	0	15	0	32	0	1	0	0	14	0	0	0	0	19	0	56	8	19	0	0	0	0	55	0	0	0	0	0	2	0	12	0	0	0	0	1	0	24	3	15	16	7	0	0	0	0	0	0	0	2	9	1	9	71	4	0	1
0	0	0	0	0	0	0	134	0	0	0	0	32	0	0	0	328	0	123	32	0	0	0	3	0	179	0	0	0	0	2	0	226	126	47	0	0	0	0	236	0	0	0	0	0	16	0	0	0	0	0	2	0	0	3	36	8	44	1	0	0	0	0	0	0	0	0	6	0	7	1	7	0	19
10	0	0	0	0	0	0	0	0	0	0	0	1	0	0	0	0	0	0	0	0	0	0	10	0	53	0	0	0	0	30	0	1	0	0	0	0	0	0	0	0	0	0	0	0	0	0	0	0	0	0	0	0	0	0	0	0	0	0	0	0	0	0	0	0	0	0	0	0	0	0	0	0	31
0	0	0	0	0	0	0	0	0	0	0	0	2	0	0	0	0	0	0	1	0	0	0	0	0	1	0	0	0	0	0	0	0	0	0	0	0	0	0	0	0	0	0	0	0	0	0	0	0	0	0	0	0	0	0	0	0	0	0	0	0	0	0	0	0	0	0	0	0	0	0	0	0	0
1	0	0	0	0	0	0	0	0	0	0	0	0	0	0	0	1	0	0	0	3	10	0	0	341	3	0	0	0	0	0	0	0	0	0	0	0	0	0	0	0	0	0	0	6	0	0	0	0	0	0	0	0	0	12	8	0	0	0	0	0	0	0	0	0	0	0	0	0	0	0	0	0	1
0	1	0	0	0	0	0	0	0	0	0	0	1	0	0	0	0	0	0	0	0	0	0	341	0	0	0	0	0	0	0	0	1	0	0	0	0	0	0	1	0	0	0	0	0	0	0	0	0	0	0	0	0	0	0	0	0	0	0	0	0	0	0	0	0	0	0	0	0	0	0	0	0	0
3	0	7	0	0	0	0	32	1	0	0	0	65	0	0	0	184	0	128	14	179	53	1	3	0	0	0	0	0	0	21	0	73	87	47	0	0	0	0	154	0	0	0	4	3	3	0	0	0	0	19	0	0	0	32	14	2	41	0	1	0	0	0	0	0	0	46	62	0	7	32	18	0	1
0	4	14	0	10	0	0	0	0	9	0	0	0	0	0	0	1	0	0	0	0	0	0	0	0	0	0	0	0	0	0	0	0	25	0	114	0	0	0	0	0	0	0	0	0	0	0	0	0	0	0	0	0	0	24	19	0	0	0	0	1	0	0	0	0	108	0	0	0	0	0	23	0	0
0	0	0	0	0	0	0	0	0	0	0	0	0	0	0	0	0	0	0	0	0	0	0	0	0	0	0	0	0	0	0	0	0	0	0	0	0	0	0	0	0	0	0	0	0	0	0	0	0	0	0	0	0	0	0	0	0	0	0	0	0	0	0	0	0	0	0	0	0	0	0	0	0	0
0	0	0	0	0	0	0	0	0	0	0	0	0	0	0	0	0	0	0	0	0	0	0	0	0	0	0	0	0	0	0	0	0	0	0	0	0	0	0	0	0	0	0	0	0	0	0	0	0	0	0	0	0	0	0	0	0	0	0	0	0	0	0	0	0	0	0	0	0	0	0	0	0	0
0	0	0	0	0	0	0	0	0	0	0	0	0	0	0	0	0	0	0	0	0	0	0	0	0	0	0	0	0	0	0	0	0	0	0	0	0	0	0	0	0	0	0	0	0	0	0	0	0	0	0	0	0	0	0	0	0	0	0	0	0	0	0	0	0	0	0	0	0	0	0	0	0	0
0	7	5	0	0	125	0	2	0	32	0	0	36	0	0	0	44	0	0	19	2	30	0	0	0	21	0	0	0	0	0	0	0	28	0	0	0	0	0	0	0	0	0	63	169	34	0	0	0	0	58	0	2	0	87	0	134	1	0	0	5	2	0	0	0	0	48	27	0	37	0	30	0	154
0	0	0	0	0	0	0	0	0	0	0	0	0	0	0	0	0	0	0	0	0	0	0	0	0	0	0	0	0	0	0	0	0	0	0	0	0	0	0	0	0	0	0	0	0	0	0	0	0	0	0	0	0	0	0	0	0	0	0	0	0	0	0	0	0	0	0	0	0	0	0	0	0	0
0	7	0	0	0	0	0	53	0	0	0	0	121	2	0	0	85	0	79	56	226	1	0	0	1	73	0	0	0	0	0	0	0	5	38	0	0	0	0	75	0	0	0	6	0	0	0	0	0	0	2	0	0	0	1	16	5	6	0	0	0	2	0	0	0	0	0	1	0	9	11	12	0	16
0	5	0	0	0	0	0	0	0	0	0	0	131	0	0	0	61	1	0	8	126	0	0	0	0	87	25	0	0	0	28	0	5	0	0	0	0	0	0	0	0	0	0	8	0	0	0	0	0	0	0	1	0	0	0	0	2	0	6	0	0	0	0	0	0	0	0	0	0	3	0	5	0	0
1	6	0	0	0	0	0	0	9	7	0	0	56	0	0	0	23	1	2	19	47	0	0	0	0	47	0	0	0	0	0	0	38	0	0	0	0	0	0	0	0	0	0	0	0	0	0	0	0	0	0	1	0	0	0	0	1	0	4	0	0	0	0	0	0	0	0	0	0	4	0	6	0	5
0	0	0	0	0	0	0	0	0	59	0	0	0	22	0	0	0	2	0	0	0	0	0	0	0	0	114	0	0	0	0	0	0	0	0	0	0	0	0	0	0	0	0	872	0	0	0	0	0	0	0	0	0	0	0	0	0	0	0	0	0	3	0	0	0	62	0	0	0	0	0	0	13	0
0	0	0	0	0	0	0	0	0	0	0	0	0	0	0	0	0	0	0	0	0	0	0	0	0	0	0	0	0	0	0	0	0	0	0	0	0	0	0	0	0	0	0	0	0	0	0	0	0	0	0	0	0	0	0	0	0	0	0	0	0	0	0	0	0	0	0	0	0	0	0	0	0	0
0	0	0	0	0	0	0	0	0	0	0	0	0	0	0	0	0	0	0	0	0	0	0	0	0	0	0	0	0	0	0	0	0	0	0	0	0	0	0	0	0	0	0	0	0	0	0	0	0	0	0	0	0	0	0	0	0	0	0	0	0	0	0	0	0	0	0	0	0	0	0	0	0	0
0	0	0	0	0	0	0	0	0	0	0	0	0	0	0	0	0	0	0	0	0	0	0	0	0	0	0	0	0	0	0	0	0	0	0	0	0	0	0	0	0	0	0	0	0	0	0	0	0	0	0	0	0	0	0	0	0	0	0	0	0	0	0	0	0	0	0	0	0	0	0	0	0	0
0	5	0	0	0	0	0	0	0	0	0	0	204	1	0	0	153	0	2	55	236	0	0	0	1	154	0	0	0	0	0	0	75	0	0	0	0	0	0	0	0	0	4	14	0	0	0	0	0	0	0	0	0	0	0	0	0	0	0	0	0	0	0	0	0	0	0	0	0	8	0	5	0	11
0	0	0	0	0	0	0	0	0	0	0	0	0	0	0	0	0	0	0	0	0	0	0	0	0	0	0	0	0	0	0	0	0	0	0	0	0	0	0	0	0	0	0	0	0	0	0	0	0	0	0	0	0	0	0	0	0	0	0	0	0	0	0	0	0	0	0	0	0	0	0	0	0	0
0	0	0	0	0	0	0	0	0	0	0	0	0	0	0	0	0	0	0	0	0	0	0	0	0	0	0	0	0	0	0	0	0	0	0	0	0	0	0	0	0	0	0	0	0	0	0	0	0	0	0	0	0	0	0	0	0	0	0	0	0	0	0	0	0	0	0	0	0	0	0	0	0	0
0	0	0	0	0	12	0	0	0	0	0	0	0	0	0	0	5	0	0	0	0	0	0	0	0	0	0	0	0	0	0	0	0	0	0	0	0	0	0	4	0	0	0	0	12	0	0	0	0	0	0	0	0	0	3	0	0	2	2	0	0	0	0	0	0	0	0	8	0	27	0	0	0	0
0	0	42	0	58	876	0	0	0	302	0	0	0	0	0	0	0	181	0	0	0	0	0	0	0	4	0	0	0	0	63	0	6	8	0	872	0	0	0	14	0	0	0	0	0	4	0	4	0	0	0	0	0	0	0	0	685	102	0	0	1928	0	0	0	0	138	2	62	0	10	0	0	50	941
1	0	0	0	0	0	0	0	0	0	0	0	0	0	0	0	0	0	0	0	0	0	0	6	0	3	0	0	0	0	169	0	0	0	0	0	0	0	0	0	0	0	12	0	0	0	0	0	0	0	0	0	0	0	0	0	4	0	0	0	0	0	0	0	0	0	0	0	0	0	0	0	0	4
12	8	0	0	0	0	0	0	0	7	0	0	134	4	0	0	6	0	0	2	16	0	0	0	0	3	0	0	0	0	34	0	0	0	0	0	0	0	0	0	0	0	0	4	0	0	0	0	0	0	0	0	0	0	0	0	3	0	0	0	0	19	0	2	0	0	0	0	0	0	0	8	0	0
0	3	0	0	0	0	0	0	0	0	0	0	0	1	0	0	0	0	0	0	0	0	0	0	0	0	0	0	0	0	0	0	0	0	0	0	0	0	0	0	0	0	0	0	0	0	0	0	0	0	0	0	0	0	0	0	0	0	4	0	0	0	0	0	0	0	0	0	0	0	0	3	0	0
0	0	0	0	0	0	0	0	0	40	0	0	0	0	0	0	0	0	0	12	0	0	0	0	0	0	0	0	0	0	0	0	0	0	0	0	0	0	0	0	0	0	0	4	0	0	0	0	0	0	0	0	0	0	0	0	0	0	0	0	0	0	0	0	0	0	0	0	0	0	0	0	0	0
0	0	0	0	0	0	0	0	0	0	0	0	0	0	0	0	0	0	0	0	0	0	0	0	0	0	0	0	0	0	0	0	0	0	0	0	0	0	0	0	0	0	0	0	0	0	0	0	0	0	0	0	0	0	0	0	0	0	0	0	0	0	0	0	0	0	0	0	0	0	0	0	0	0
0	0	0	0	0	0	0	0	0	0	0	0	0	0	0	0	5	163	0	0	0	0	0	0	0	0	0	0	0	0	0	0	0	0	0	0	0	0	0	0	0	0	0	0	0	0	0	0	0	0	0	0	0	0	0	0	0	0	0	0	0	0	0	0	0	0	0	0	0	0	0	0	0	0
0	0	0	0	0	0	0	5	0	9	0	0	29	0	0	0	19	0	0	0	0	0	0	0	0	19	0	0	0	0	58	0	2	0	0	0	0	0	0	0	0	0	0	0	0	0	0	0	0	0	0	0	0	0	11	0	0	0	0	0	0	0	0	0	0	0	0	9	0	0	0	11	0	23
0	0	0	0	0	0	0	0	0	0	0	0	0	0	0	0	1	0	0	0	2	0	0	0	0	0	0	0	0	0	0	0	0	1	1	0	0	0	0	0	0	0	0	0	0	0	0	0	0	0	0	0	0	0	0	1	0	0	0	0	0	0	0	0	0	0	0	1	0	0	0	0	0	0
0	0	0	0	0	0	0	0	0	7	0	0	0	0	0	0	2	0	0	1	0	0	0	0	0	0	0	0	0	0	2	0	0	0	0	0	0	0	0	0	0	0	0	0	0	0	0	0	0	0	0	0	0	0	0	0	0	0	0	0	0	0	0	0	0	0	0	0	0	0	0	0	0	8
0	0	0	0	0	0	0	0	0	0	0	0	0	0	0	0	0	0	0	0	0	0	0	0	0	0	0	0	0	0	0	0	0	0	0	0	0	0	0	0	0	0	0	0	0	0	0	0	0	0	0	0	0	0	0	0	0	0	0	0	0	0	0	0	0	0	0	0	0	0	0	0	0	0
5	5	0	0	0	0	0	0	0	0	0	0	32	0	0	0	47	0	0	24	3	0	0	12	0	32	24	0	0	0	87	0	1	0	0	0	0	0	0	0	0	0	3	0	0	0	0	0	0	0	11	0	0	0	0	0	0	0	0	0	0	0	0	0	0	0	0	0	0	0	0	5	0	2
10	6	0	0	0	0	0	0	0	0	0	0	16	0	0	0	3	0	2	3	36	0	0	8	0	14	19	0	0	0	0	0	16	0	0	0	0	0	0	0	0	0	0	0	0	0	0	0	0	0	0	1	0	0	0	0	0	0	10	2	0	0	0	0	0	0	0	0	0	5	0	6	0	0
0	9	1	0	0	5	0	0	0	81	0	0	26	1	0	0	0	0	0	15	8	0	0	0	0	2	0	0	0	0	134	0	5	2	1	0	0	0	0	0	0	0	0	685	4	3	0	0	0	0	0	0	0	0	0	0	0	0	7	0	1	0	0	0	0	0	0	0	0	5	3	10	0	109
2	2	0	0	0	0	0	0	4	21	0	0	40	0	0	0	32	0	0	16	44	0	0	0	0	41	0	0	0	0	1	0	6	0	0	0	0	0	0	0	0	0	2	102	0	0	0	0	0	0	0	0	0	0	0	0	0	0	2	0	0	0	0	0	0	0	0	0	1	2	0	2	0	68
0	4	0	0	0	0	0	0	0	1	0	0	1	0	0	0	1	0	0	7	1	0	0	0	0	0	0	0	0	0	0	0	0	6	4	0	0	0	0	0	0	0	2	0	0	0	4	0	0	0	0	0	0	0	0	10	7	2	0	5	0	0	0	0	0	0	16	0	0	12	20	4	31	0
0	1	0	0	0	0	0	3	0	0	0	0	0	0	0	0	0	0	1	0	0	0	0	0	0	1	0	0	0	0	0	0	0	0	0	0	0	0	0	0	0	0	0	0	0	0	0	0	0	0	0	0	0	0	0	2	0	0	5	0	0	0	0	0	0	0	0	0	0	3	2	2	0	0
0	3	0	0	0	0	0	0	0	15	0	0	0	44	0	0	0	0	0	0	0	0	0	0	0	0	1	0	0	0	5	0	0	0	0	0	0	0	0	0	0	0	0	1928	0	0	0	0	0	0	0	0	0	0	0	0	1	0	0	0	0	39	0	0	0	0	0	0	0	0	0	3	22	0
0	2	0	0	31	0	0	0	0	5	9	0	0	72	0	0	0	0	0	0	0	0	0	0	0	0	0	0	0	0	2	0	2	0	0	3	0	0	0	0	0	0	0	0	0	19	0	0	0	0	0	0	0	0	0	0	0	0	0	0	39	0	0	0	0	0	0	0	21	0	0	35	0	0
0	0	0	0	0	0	0	0	0	0	0	0	0	0	0	0	0	0	0	0	0	0	0	0	0	0	0	0	0	0	0	0	0	0	0	0	0	0	0	0	0	0	0	0	0	0	0	0	0	0	0	0	0	0	0	0	0	0	0	0	0	0	0	0	0	0	0	0	0	0	0	0	0	0
0	0	0	0	0	0	0	0	0	0	0	0	1	0	0	0	0	0	0	0	0	0	0	0	0	0	0	0	0	0	0	0	0	0	0	0	0	0	0	0	0	0	0	0	0	2	0	0	0	0	0	0	0	0	0	0	0	0	0	0	0	0	0	0	0	0	0	0	4	0	0	0	0	0
0	0	0	0	0	0	0	0	0	0	0	0	0	0	0	0	0	0	0	0	0	0	0	0	0	0	0	0	0	0	0	0	0	0	0	0	0	0	0	0	0	0	0	0	0	0	0	0	0	0	0	0	0	0	0	0	0	0	0	0	0	0	0	0	0	0	0	0	0	0	0	0	0	0
0	0	0	0	0	0	0	0	0	68	0	0	0	0	0	0	1	0	0	0	0	0	0	0	0	0	108	0	0	0	0	0	0	0	0	62	0	0	0	0	0	0	0	138	0	0	0	0	0	0	0	0	0	0	0	0	0	0	0	0	0	0	0	0	0	0	0	0	0	0	0	0	0	0
17	0	0	0	0	0	0	0	0	0	0	0	0	0	0	0	8	0	0	2	0	0	0	0	0	46	0	0	0	0	48	0	0	0	0	0	0	0	0	0	0	0	0	2	0	0	0	0	0	0	0	0	0	0	0	0	0	0	16	0	0	0	0	0	0	0	0	0	0	2	0	0	0	25
5	1	0	0	0	0	0	0	0	0	0	0	36	0	0	0	88	0	0	9	6	0	0	0	0	62	0	0	0	0	27	0	1	0	0	0	0	0	0	0	0	0	8	62	0	0	0	0	0	0	9	1	0	0	0	0	0	0	0	0	0	0	0	0	0	0	0	0	0	0	0	1	0	121
0	1	4	0	10	0	0	0	0	0	6	0	2	0	0	0	0	2	0	1	0	0	0	0	0	0	0	0	0	0	0	0	0	0	0	0	0	0	0	0	0	0	0	0	0	0	0	0	0	0	0	0	0	0	0	0	0	1	0	0	0	21	0	4	0	0	0	0	0	0	2	1	12	0
0	9	0	0	0	0	0	1	0	83	0	0	27	1	0	0	2	0	8	9	7	0	0	0	0	7	0	0	0	0	37	0	9	3	4	0	0	0	0	8	0	0	27	10	0	0	0	0	0	0	0	0	0	0	0	5	5	2	12	3	0	0	0	0	0	0	2	0	0	0	8	3	0	29
2	1	0	0	0	0	0	0	0	1	0	0	204	0	0	0	5	0	0	71	1	0	0	0	0	32	0	0	0	0	0	0	11	0	0	0	0	0	0	0	0	0	0	0	0	0	0	0	0	0	0	0	0	0	0	0	3	0	20	2	0	0	0	0	0	0	0	0	2	8	0	1	0	0
0	2	0	0	6	0	0	9	1	1	0	0	29	16	0	0	25	0	6	4	7	0	0	0	0	18	23	0	0	0	30	0	12	5	6	0	0	0	0	5	0	0	0	0	0	8	3	0	0	0	11	0	0	0	5	6	10	2	4	2	3	35	0	0	0	0	0	1	1	3	1	0	0	0
4	0	0	0	2	0	0	0	0	0	0	0	0	0	0	0	0	38	0	0	0	0	0	0	0	0	0	0	0	0	0	0	0	0	0	13	0	0	0	0	0	0	0	50	0	0	0	0	0	0	0	0	0	0	0	0	0	0	31	0	22	0	0	0	0	0	0	0	12	0	0	0	0	0
0	0	0	0	0	124	0	0	0	0	0	0	0	0	0	0	10	0	12	1	19	31	0	1	0	1	0	0	0	0	154	0	16	0	5	0	0	0	0	11	0	0	0	941	4	0	0	0	0	0	23	0	8	0	2	0	109	68	0	0	0	0	0	0	0	0	25	121	0	29	0	0	0	0
