0	0	0	0	0	0	0	0	0	0	0	0	0	0	0	0	0	0	1	0	19	81	0	2	5	35	0	0	7	0	15	0	34	1	64	0	0	0	0	7	0	0	0	0	7	0	0	0	0	0	4	62	0	0	77	27	6	4	11	0	0	0	0	0	0	0	22	0	0	0	5	0	0	0
0	0	0	0	3	0	0	3	0	0	0	0	3	0	0	0	0	0	0	0	0	0	0	0	0	0	0	0	0	0	0	0	0	0	0	0	0	0	0	2	0	0	0	0	0	2	0	0	0	0	0	0	0	0	0	0	0	0	2	3	0	0	0	3	0	0	0	0	0	0	3	0	2	0
0	0	0	0	1	0	0	0	0	43	15	0	0	25	0	0	0	2	0	0	1	0	0	0	0	0	92	0	0	0	0	0	0	0	0	0	0	0	0	0	65	0	0	0	0	0	0	0	0	0	0	0	0	0	0	0	56	2	0	0	0	65	0	0	0	10	0	0	0	0	0	0	20	0
0	0	0	0	0	0	0	0	0	0	0	0	0	0	0	0	0	0	0	0	0	0	0	0	0	0	0	0	0	0	0	0	0	0	0	0	0	0	0	9	0	0	0	0	0	0	0	0	0	0	0	0	0	0	0	1	0	0	0	0	0	0	0	0	0	0	0	0	0	0	10	0	0	0
0	3	1	0	0	0	0	0	2	0	204	0	90	26	0	14	0	0	0	0	0	0	0	0	0	0	0	0	0	0	0	0	0	38	0	0	0	0	0	2	0	58	0	0	0	120	0	0	0	0	0	0	0	0	0	1	0	2	0	0	0	265	0	92	0	5	1	0	0	0	0	103	198	0
0	0	0	0	0	0	0	0	0	0	0	0	0	0	0	0	0	0	0	0	0	0	0	0	0	0	0	0	0	0	0	0	0	0	0	0	0	0	0	0	0	0	0	0	0	0	0	0	0	0	0	0	0	0	0	0	0	0	0	0	0	0	0	0	0	0	0	0	0	0	0	0	0	0
0	0	0	0	0	0	0	0	0	0	0	0	0	0	0	0	0	1	0	0	0	0	0	0	0	0	0	0	0	0	0	0	0	0	0	0	0	0	0	0	69	0	0	0	0	0	0	0	0	0	0	0	0	0	0	0	0	16	0	0	0	0	0	0	0	8	0	0	0	0	0	0	1	0
0	3	0	0	0	0	0	0	0	0	0	0	143	0	0	0	0	0	0	0	30	1	0	2	1	21	0	0	0	0	0	0	1	0	0	0	0	0	0	3	0	0	0	0	0	0	0	0	0	0	0	44	0	0	0	2	0	1	0	135	0	0	0	0	0	0	0	0	0	0	0	0	0	0
0	0	0	0	2	0	0	0	0	0	9	0	18	1	0	0	0	4	0	0	0	0	0	0	0	0	0	0	1	0	1	0	0	0	0	0	0	0	0	0	0	0	0	0	0	0	0	0	0	0	1	0	0	0	0	0	0	26	0	20	0	4	0	0	0	0	0	0	0	2	0	0	7	0
0	0	43	0	0	0	0	0	0	0	0	0	0	2	38	0	0	1	49	8	0	0	0	0	0	0	0	0	0	0	9	0	1	0	0	0	0	0	0	0	43	50	0	62	13	0	0	62	0	0	13	0	39	0	0	0	171	2	0	0	0	3	0	0	0	53	0	0	0	66	0	0	0	0
0	0	15	0	204	0	0	0	9	0	0	0	0	159	0	6	0	4	0	11	2	0	0	0	0	0	0	0	0	0	0	0	5	3	0	0	0	0	0	0	5	105	0	0	0	0	0	0	0	0	0	0	0	0	0	0	30	12	0	0	0	286	0	64	0	1	0	0	0	0	23	98	198	0
0	0	0	0	0	0	0	0	0	0	0	0	0	0	0	0	0	0	0	0	0	0	0	0	0	0	0	0	0	0	0	0	0	0	0	0	0	0	0	0	0	0	0	0	0	0	0	0	0	0	0	0	0	0	0	0	0	0	0	0	0	0	0	0	0	0	0	0	0	0	0	0	0	0
0	3	0	0	90	0	0	143	18	0	0	0	0	2	0	33	0	0	0	0	48	1	0	3	5	0	0	0	0	0	1	0	124	72	31	0	0	0	0	40	0	2	0	0	0	174	0	0	0	0	0	2	0	0	1	4	3	8	35	280	0	2	0	14	0	1	0	0	0	8	126	78	0	1
0	0	25	0	26	0	0	0	1	2	159	0	2	0	10	0	0	4	0	0	2	0	0	0	0	0	1	0	1	0	0	0	1	0	0	0	0	0	0	0	3	1	0	0	0	0	0	0	0	0	0	2	0	0	1	0	0	1	0	0	1	438	0	0	0	7	0	0	0	1	1	37	11	0
0	0	0	0	0	0	0	0	0	38	0	0	0	10	0	26	0	3	8	0	1	0	0	0	0	0	0	0	0	0	0	0	2	0	0	0	0	0	0	0	0	27	0	32	0	0	0	27	0	0	0	0	3	0	0	0	1	2	0	0	0	0	0	0	0	6	0	0	0	10	0	0	0	0
0	0	0	0	14	0	0	0	0	0	6	0	33	0	26	0	0	0	0	0	0	0	0	0	0	0	0	0	0	0	0	0	0	0	0	0	0	0	0	0	0	0	0	0	0	0	0	0	0	0	16	0	0	0	0	1	0	2	0	0	0	21	0	0	0	0	0	0	0	0	0	0	7	0
0	0	0	0	0	0	0	0	0	0	0	0	0	0	0	0	0	0	0	0	0	0	0	0	0	0	0	0	0	0	0	0	0	0	0	0	0	0	0	0	0	0	0	0	0	0	0	0	0	0	0	0	0	0	0	0	0	0	0	0	0	0	0	0	0	0	0	0	0	0	0	0	0	0
0	0	2	0	0	0	1	0	4	1	4	0	0	4	3	0	0	0	0	0	0	0	0	0	0	0	0	0	0	0	0	0	3	0	0	0	0	0	0	0	17	4	0	5	0	0	0	2	0	125	0	0	2	0	0	0	1	1	0	0	0	34	0	0	0	1	0	0	0	0	0	1	0	0
1	0	0	0	0	0	0	0	0	49	0	0	0	0	8	0	0	0	0	55	0	0	0	0	0	0	0	0	0	0	31	0	3	0	0	0	0	0	0	0	0	0	0	0	18	0	0	0	0	0	8	0	0	0	0	0	126	124	0	0	0	0	0	0	0	0	0	0	0	3	0	0	0	0
0	0	0	0	0	0	0	0	0	8	11	0	0	0	0	0	0	0	55	0	3	0	0	0	0	0	0	0	0	0	1	0	0	0	0	0	0	0	0	0	0	0	0	0	0	0	0	13	0	0	2	0	41	0	9	85	144	0	1	8	0	0	0	0	0	1	0	0	0	53	0	0	0	0
19	0	1	0	0	0	0	30	0	0	2	0	48	2	1	0	0	0	0	3	0	0	0	0	4	154	0	0	18	0	0	0	42	22	20	0	0	0	0	20	40	1	0	1	0	11	0	0	0	0	3	148	2	0	10	22	2	3	0	0	0	1	0	0	0	0	0	0	0	0	43	2	25	0
81	0	0	0	0	0	0	1	0	0	0	0	1	0	0	0	0	0	0	0	0	0	0	82	10	34	0	0	0	0	4	0	0	1	0	0	0	0	0	0	0	0	0	0	70	0	0	0	0	0	9	81	0	0	84	1	0	47	0	31	0	1	0	0	0	0	1	0	0	0	1	0	0	0
0	0	0	0	0	0	0	0	0	0	0	0	0	0	0	0	0	0	0	0	0	0	0	0	0	0	0	0	0	0	0	0	0	0	0	0	0	0	0	0	0	0	0	0	0	0	0	0	0	0	0	0	0	0	0	0	0	0	0	0	0	0	0	0	0	0	0	0	0	0	0	0	0	0
2	0	0	0	0	0	0	2	0	0	0	0	3	0	0	0	0	0	0	0	0	82	0	0	234	2	0	0	62	0	7	0	0	34	14	0	0	0	0	14	0	2	0	0	138	0	0	0	0	0	4	98	16	0	22	92	0	5	0	10	0	0	0	0	0	0	0	0	0	0	18	4	0	0
5	0	0	0	0	0	0	1	0	0	0	0	5	0	0	0	0	0	0	0	4	10	0	234	0	2	0	0	2	0	1	0	3	0	2	0	0	0	0	0	0	0	0	0	14	0	0	0	0	0	1	7	3	0	0	10	2	0	0	2	0	1	0	0	0	0	0	0	0	0	0	0	0	0
35	0	0	0	0	0	0	21	0	0	0	0	0	0	0	0	0	0	0	0	154	34	0	2	2	0	0	0	12	0	0	0	95	2	34	0	0	0	0	49	0	0	0	0	0	2	0	0	0	0	5	175	19	0	23	1	3	6	2	1	0	1	0	0	0	0	16	0	0	0	96	1	0	0
0	0	92	0	0	0	0	0	0	0	0	0	0	1	0	0	0	0	0	0	0	0	0	0	0	0	0	0	0	0	0	0	0	0	0	0	0	0	0	0	75	0	0	0	0	0	0	31	0	0	0	0	0	0	1	0	0	0	0	0	0	2	0	0	0	165	0	0	0	0	0	1	0	0
0	0	0	0	0	0	0	0	0	0	0	0	0	0	0	0	0	0	0	0	0	0	0	0	0	0	0	0	0	0	0	0	0	0	0	0	0	0	0	0	0	0	0	0	0	0	0	0	0	0	0	0	0	0	0	0	0	0	0	0	0	0	0	0	0	0	0	0	0	0	0	0	0	0
7	0	0	0	0	0	0	0	1	0	0	0	0	1	0	0	0	0	0	0	18	0	0	62	2	12	0	0	0	0	1	0	7	0	14	0	0	0	0	4	0	0	0	0	4	0	0	0	0	0	0	175	0	0	1	2	1	153	8	165	0	0	0	0	0	0	8	0	0	3	3	0	0	0
0	0	0	0	0	0	0	0	0	0	0	0	0	0	0	0	0	0	0	0	0	0	0	0	0	0	0	0	0	0	0	0	0	0	0	0	0	0	0	0	0	0	0	0	0	0	0	0	0	0	0	0	0	0	0	0	0	0	0	0	0	0	0	0	0	0	0	0	0	0	0	0	0	0
15	0	0	0	0	0	0	0	1	9	0	0	1	0	0	0	0	0	31	1	0	4	0	7	1	0	0	0	1	0	0	0	0	0	1	0	0	0	0	0	0	0	0	26	77	0	0	1	0	0	120	6	40	0	17	0	38	17	0	0	0	1	0	0	0	0	35	0	0	31	2	1	0	26
0	0	0	0	0	0	0	0	0	0	0	0	0	0	0	0	0	0	0	0	0	0	0	0	0	0	0	0	0	0	0	0	0	0	0	0	0	0	0	0	0	0	0	0	0	0	0	0	0	0	0	0	0	0	0	0	0	0	0	0	0	0	0	0	0	0	0	0	0	0	0	0	0	0
34	0	0	0	0	0	0	1	0	1	5	0	124	1	2	0	0	3	3	0	42	0	0	0	3	95	0	0	7	0	0	0	0	1	7	0	0	0	0	2	1	3	0	0	0	4	0	0	0	0	0	117	1	0	0	3	2	8	3	97	0	24	0	0	0	0	3	0	0	3	4	0	1	0
1	0	0	0	38	0	0	0	0	0	3	0	72	0	0	0	0	0	0	0	22	1	0	34	0	2	0	0	0	0	0	0	1	0	0	0	0	0	0	0	0	0	0	0	0	0	0	0	0	0	0	1	0	0	0	0	0	43	0	55	0	5	0	0	0	0	0	0	0	0	0	0	35	0
64	0	0	0	0	0	0	0	0	0	0	0	31	0	0	0	0	0	0	0	20	0	0	14	2	34	0	0	14	0	1	0	7	0	0	0	0	0	0	11	0	0	0	0	0	2	0	0	0	0	2	129	0	0	1	4	0	115	1	74	0	0	0	0	0	0	1	0	0	0	2	0	0	0
0	0	0	0	0	0	0	0	0	0	0	0	0	0	0	0	0	0	0	0	0	0	0	0	0	0	0	0	0	0	0	0	0	0	0	0	0	0	0	0	0	0	0	0	0	0	0	0	0	0	0	0	0	0	0	0	0	0	0	0	0	0	0	0	0	0	0	0	0	0	0	0	0	0
0	0	0	0	0	0	0	0	0	0	0	0	0	0	0	0	0	0	0	0	0	0	0	0	0	0	0	0	0	0	0	0	0	0	0	0	0	0	0	0	0	0	0	0	0	0	0	0	0	0	0	0	0	0	0	0	0	0	0	0	0	0	0	0	0	0	0	0	0	0	0	0	0	0
0	0	0	0	0	0	0	0	0	0	0	0	0	0	0	0	0	0	0	0	0	0	0	0	0	0	0	0	0	0	0	0	0	0	0	0	0	0	0	0	0	0	0	0	0	0	0	0	0	0	0	0	0	0	0	0	0	0	0	0	0	0	0	0	0	0	0	0	0	0	0	0	0	0
0	0	0	0	0	0	0	0	0	0	0	0	0	0	0	0	0	0	0	0	0	0	0	0	0	0	0	0	0	0	0	0	0	0	0	0	0	0	0	0	0	0	0	0	0	0	0	0	0	0	0	0	0	0	0	0	0	0	0	0	0	0	0	0	0	0	0	0	0	0	0	0	0	0
7	2	0	9	2	0	0	3	0	0	0	0	40	0	0	0	0	0	0	0	20	0	0	14	0	49	0	0	4	0	0	0	2	0	11	0	0	0	0	0	1	0	0	0	0	1	0	0	0	0	0	60	0	0	0	0	0	0	0	48	0	0	0	0	0	0	0	0	0	0	5	2	0	0
0	0	65	0	0	0	69	0	0	43	5	0	0	3	0	0	0	17	0	0	40	0	0	0	0	0	75	0	0	0	0	0	1	0	0	0	0	0	0	1	0	2	0	76	0	0	0	72	0	0	0	0	0	0	0	5	1	1	0	0	0	33	0	1	0	77	0	0	0	0	0	0	30	0
0	0	0	0	58	0	0	0	0	50	105	0	2	1	27	0	0	4	0	0	1	0	0	2	0	0	0	0	0	0	0	0	3	0	0	0	0	0	0	0	2	0	0	0	0	0	0	0	0	0	0	1	0	0	0	0	15	125	0	12	0	151	0	0	0	1	0	0	0	0	0	0	32	0
0	0	0	0	0	0	0	0	0	0	0	0	0	0	0	0	0	0	0	0	0	0	0	0	0	0	0	0	0	0	0	0	0	0	0	0	0	0	0	0	0	0	0	0	0	0	0	0	0	0	0	0	0	0	0	0	0	0	0	0	0	0	0	0	0	0	0	0	0	0	0	0	0	0
0	0	0	0	0	0	0	0	0	62	0	0	0	0	32	0	0	5	0	0	1	0	0	0	0	0	0	0	0	0	26	0	0	0	0	0	0	0	0	0	76	0	0	0	0	0	0	0	0	0	15	0	0	0	0	0	31	125	0	0	0	0	0	0	0	8	0	0	0	0	0	0	1	0
7	0	0	0	0	0	0	0	0	13	0	0	0	0	0	0	0	0	18	0	0	70	0	138	14	0	0	0	4	0	77	0	0	0	0	0	0	0	0	0	0	0	0	0	0	0	0	0	0	0	4	1	88	0	19	2	8	24	0	0	0	0	0	0	0	0	15	0	0	62	0	0	0	18
0	2	0	0	120	0	0	0	0	0	0	0	174	0	0	0	0	0	0	0	11	0	0	0	0	2	0	0	0	0	0	0	4	0	2	0	0	0	0	1	0	0	0	0	0	0	0	0	0	0	0	10	0	0	1	0	0	46	0	53	0	0	0	0	0	0	0	0	0	0	0	0	101	0
0	0	0	0	0	0	0	0	0	0	0	0	0	0	0	0	0	0	0	0	0	0	0	0	0	0	0	0	0	0	0	0	0	0	0	0	0	0	0	0	0	0	0	0	0	0	0	0	0	0	0	0	0	0	0	0	0	0	0	0	0	0	0	0	0	0	0	0	0	0	0	0	0	0
0	0	0	0	0	0	0	0	0	62	0	0	0	0	27	0	0	2	0	13	0	0	0	0	0	0	31	0	0	0	1	0	0	0	0	0	0	0	0	0	72	0	0	0	0	0	0	0	0	0	1	0	0	0	0	0	139	0	0	0	0	0	0	0	0	19	0	0	0	0	0	0	0	0
0	0	0	0	0	0	0	0	0	0	0	0	0	0	0	0	0	0	0	0	0	0	0	0	0	0	0	0	0	0	0	0	0	0	0	0	0	0	0	0	0	0	0	0	0	0	0	0	0	0	0	0	0	0	0	0	0	0	0	0	0	0	0	0	0	0	0	0	0	0	0	0	0	0
0	0	0	0	0	0	0	0	0	0	0	0	0	0	0	0	0	125	0	0	0	0	0	0	0	0	0	0	0	0	0	0	0	0	0	0	0	0	0	0	0	0	0	0	0	0	0	0	0	0	0	0	0	0	0	0	0	0	0	0	0	0	0	0	0	0	0	0	0	0	0	0	1	0
4	0	0	0	0	0	0	0	1	13	0	0	0	0	0	16	0	0	8	2	3	9	0	4	1	5	0	0	0	0	120	0	0	0	2	0	0	0	0	0	0	0	0	15	4	0	0	1	0	0	0	6	10	0	5	0	19	6	0	0	0	0	0	0	0	0	6	0	0	13	0	0	0	9
62	0	0	0	0	0	0	44	0	0	0	0	2	2	0	0	0	0	0	0	148	81	0	98	7	175	0	0	175	0	6	0	117	1	129	0	0	0	0	60	0	1	0	0	1	10	0	0	0	0	6	0	38	0	58	5	15	15	0	0	0	0	0	0	0	0	20	0	0	0	15	2	0	0
0	0	0	0	0	0	0	0	0	39	0	0	0	0	3	0	0	2	0	41	2	0	0	16	3	19	0	0	0	0	40	0	1	0	0	0	0	0	0	0	0	0	0	0	88	0	0	0	0	0	10	38	0	0	4	4	88	43	0	0	0	0	0	0	0	0	0	0	0	3	0	0	0	0
0	0	0	0	0	0	0	0	0	0	0	0	0	0	0	0	0	0	0	0	0	0	0	0	0	0	0	0	0	0	0	0	0	0	0	0	0	0	0	0	0	0	0	0	0	0	0	0	0	0	0	0	0	0	0	0	0	0	0	0	0	0	0	0	0	0	0	0	0	0	0	0	0	0
77	0	0	0	0	0	0	0	0	0	0	0	1	1	0	0	0	0	0	9	10	84	0	22	0	23	1	0	1	0	17	0	0	0	1	0	0	0	0	0	0	0	0	0	19	1	0	0	0	0	5	58	4	0	0	150	0	25	3	10	0	0	0	0	0	0	13	0	0	2	0	0	0	0
27	0	0	1	1	0	0	2	0	0	0	0	4	0	0	1	0	0	0	85	22	1	0	92	10	1	0	0	2	0	0	0	3	0	4	0	0	0	0	0	5	0	0	0	2	0	0	0	0	0	0	5	4	0	150	0	78	1	0	5	0	1	0	0	0	0	0	0	0	117	2	1	0	0
6	0	56	0	0	0	0	0	0	171	30	0	3	0	1	0	0	1	126	144	2	0	0	0	2	3	0	0	1	0	38	0	2	0	0	0	0	0	0	0	1	15	0	31	8	0	0	139	0	0	19	15	88	0	0	78	0	53	3	2	0	1	0	0	0	4	0	0	0	123	2	2	3	44
4	0	2	0	2	0	16	1	26	2	12	0	8	1	2	2	0	1	124	0	3	47	0	5	0	6	0	0	153	0	17	0	8	43	115	0	0	0	0	0	1	125	0	125	24	46	0	0	0	0	6	15	43	0	25	1	53	0	138	183	0	9	0	0	0	0	141	0	0	10	29	16	9	117
11	2	0	0	0	0	0	0	0	0	0	0	35	0	0	0	0	0	0	1	0	0	0	0	0	2	0	0	8	0	0	0	3	0	1	0	0	0	0	0	0	0	0	0	0	0	0	0	0	0	0	0	0	0	3	0	3	138	0	228	0	0	0	0	0	0	0	0	0	0	0	0	1	0
0	3	0	0	0	0	0	135	20	0	0	0	280	0	0	0	0	0	0	8	0	31	0	10	2	1	0	0	165	0	0	0	97	55	74	0	0	0	0	48	0	12	0	0	0	53	0	0	0	0	0	0	0	0	10	5	2	183	228	0	0	0	0	15	0	0	24	0	0	10	179	90	0	0
0	0	0	0	0	0	0	0	0	0	0	0	0	1	0	0	0	0	0	0	0	0	0	0	0	0	0	0	0	0	0	0	0	0	0	0	0	0	0	0	0	0	0	0	0	0	0	0	0	0	0	0	0	0	0	0	0	0	0	0	0	1	0	0	0	0	0	0	0	0	0	0	0	0
0	0	65	0	265	0	0	0	4	3	286	0	2	438	0	21	0	34	0	0	1	1	0	0	1	1	2	0	0	0	1	0	24	5	0	0	0	0	0	0	33	151	0	0	0	0	0	0	0	0	0	0	0	0	0	1	1	9	0	0	1	0	0	2	0	5	1	0	0	0	0	103	122	0
0	0	0	0	0	0	0	0	0	0	0	0	0	0	0	0	0	0	0	0	0	0	0	0	0	0	0	0	0	0	0	0	0	0	0	0	0	0	0	0	0	0	0	0	0	0	0	0	0	0	0	0	0	0	0	0	0	0	0	0	0	0	0	0	0	0	0	0	0	0	0	0	0	0
0	3	0	0	92	0	0	0	0	0	64	0	14	0	0	0	0	0	0	0	0	0	0	0	0	0	0	0	0	0	0	0	0	0	0	0	0	0	0	0	1	0	0	0	0	0	0	0	0	0	0	0	0	0	0	0	0	0	0	15	0	2	0	0	0	0	0	0	0	0	0	0	69	0
0	0	0	0	0	0	0	0	0	0	0	0	0	0	0	0	0	0	0	0	0	0	0	0	0	0	0	0	0	0	0	0	0	0	0	0	0	0	0	0	0	0	0	0	0	0	0	0	0	0	0	0	0	0	0	0	0	0	0	0	0	0	0	0	0	0	0	0	0	0	0	0	0	0
0	0	10	0	5	0	8	0	0	53	1	0	1	7	6	0	0	1	0	1	0	0	0	0	0	0	165	0	0	0	0	0	0	0	0	0	0	0	0	0	77	1	0	8	0	0	0	19	0	0	0	0	0	0	0	0	4	0	0	0	0	5	0	0	0	0	0	0	0	0	0	1	2	0
22	0	0	0	1	0	0	0	0	0	0	0	0	0	0	0	0	0	0	0	0	1	0	0	0	16	0	0	8	0	35	0	3	0	1	0	0	0	0	0	0	0	0	0	15	0	0	0	0	0	6	20	0	0	13	0	0	141	0	24	0	1	0	0	0	0	0	0	0	0	0	0	0	0
0	0	0	0	0	0	0	0	0	0	0	0	0	0	0	0	0	0	0	0	0	0	0	0	0	0	0	0	0	0	0	0	0	0	0	0	0	0	0	0	0	0	0	0	0	0	0	0	0	0	0	0	0	0	0	0	0	0	0	0	0	0	0	0	0	0	0	0	0	0	0	0	0	0
0	0	0	0	0	0	0	0	0	0	0	0	0	0	0	0	0	0	0	0	0	0	0	0	0	0	0	0	0	0	0	0	0	0	0	0	0	0	0	0	0	0	0	0	0	0	0	0	0	0	0	0	0	0	0	0	0	0	0	0	0	0	0	0	0	0	0	0	0	0	0	0	0	0
0	0	0	0	0	0	0	0	2	66	0	0	8	1	10	0	0	0	3	53	0	0	0	0	0	0	0	0	3	0	31	0	3	0	0	0	0	0	0	0	0	0	0	0	62	0	0	0	0	0	13	0	3	0	2	117	123	10	0	10	0	0	0	0	0	0	0	0	0	0	2	0	0	0
5	3	0	10	0	0	0	0	0	0	23	0	126	1	0	0	0	0	0	0	43	1	0	18	0	96	0	0	3	0	2	0	4	0	2	0	0	0	0	5	0	0	0	0	0	0	0	0	0	0	0	15	0	0	0	2	2	29	0	179	0	0	0	0	0	0	0	0	0	2	0	0	0	0
0	0	0	0	103	0	0	0	0	0	98	0	78	37	0	0	0	1	0	0	2	0	0	4	0	1	1	0	0	0	1	0	0	0	0	0	0	0	0	2	0	0	0	0	0	0	0	0	0	0	0	2	0	0	0	1	2	16	0	90	0	103	0	0	0	1	0	0	0	0	0	0	110	0
0	2	20	0	198	0	1	0	7	0	198	0	0	11	0	7	0	0	0	0	25	0	0	0	0	0	0	0	0	0	0	0	1	35	0	0	0	0	0	0	30	32	0	1	0	101	0	0	0	1	0	0	0	0	0	0	3	9	1	0	0	122	0	69	0	2	0	0	0	0	0	110	0	0
0	0	0	0	0	0	0	0	0	0	0	0	1	0	0	0	0	0	0	0	0	0	0	0	0	0	0	0	0	0	26	0	0	0	0	0	0	0	0	0	0	0	0	0	18	0	0	0	0	0	9	0	0	0	0	0	44	117	0	0	0	0	0	0	0	0	0	0	0	0	0	0	0	0
