0	0	0	0	0	0	0	0	0	0	0	0	0	0	0	0	0	0	0	0	0	0	0	0	0	0	0	0	0	0	0	0	0	0	0	0	0	0	0	0	0	0	0	0	0	0	0	0	0	0	0	0	0	0	0	0	0	0	0	0	0	0	0	0	0	0	0	0	0	0	0	0	0	0
0	0	0	0	69	0	0	0	0	0	0	0	20	0	0	41	0	0	0	0	1	12	0	0	0	3	0	0	0	0	0	0	13	4	5	0	0	0	0	74	0	0	0	0	0	19	0	0	0	0	0	0	0	0	8	0	3	0	10	0	0	0	0	0	0	0	0	0	0	0	9	2	65	0
0	0	0	0	0	0	0	0	0	16	0	0	0	1	0	0	0	1	0	0	0	0	0	0	0	0	8	0	0	0	0	0	0	0	0	0	0	0	0	0	0	0	0	11	0	0	0	0	0	0	0	0	0	0	0	0	21	0	0	0	0	0	0	0	0	0	0	0	0	17	0	0	0	0
0	0	0	0	0	0	0	0	0	0	0	0	0	0	0	0	0	0	0	0	0	0	0	0	0	0	0	0	0	0	0	0	0	0	0	0	0	0	0	0	0	0	0	0	0	0	0	0	0	0	0	0	0	0	0	0	0	0	0	0	0	0	0	0	0	0	0	0	0	0	0	0	0	0
0	69	0	0	0	0	0	1	0	0	0	0	81	71	0	4	2	2	0	0	0	0	0	0	0	1	5	0	0	0	0	0	0	2	1	1	0	0	0	0	0	0	0	0	0	0	0	0	0	0	0	0	1	0	1	0	0	0	0	0	0	175	0	2	0	0	0	0	1	0	1	3	166	0
0	0	0	0	0	0	0	0	0	0	0	0	0	0	0	0	0	0	0	0	0	0	0	0	0	0	0	0	0	0	0	0	0	0	0	0	0	0	0	0	0	0	0	0	0	0	0	0	0	0	0	0	0	0	0	0	0	0	0	0	0	0	0	0	0	0	0	0	0	0	0	0	0	0
0	0	0	0	0	0	0	0	0	0	0	0	0	0	0	0	14	0	0	0	9	0	0	0	0	3	0	0	0	0	0	0	0	0	1	0	0	0	0	1	20	0	0	11	0	0	0	0	0	0	0	2	6	0	0	0	0	12	0	0	0	0	0	0	0	0	0	0	0	0	0	0	1	0
0	0	0	0	1	0	0	0	0	0	0	0	138	0	0	0	0	0	0	0	0	0	0	0	0	0	0	0	0	0	0	0	0	0	0	0	0	0	0	7	2	0	0	0	0	0	0	0	0	0	0	0	0	0	0	0	0	0	2	0	0	0	0	0	0	0	0	0	0	0	0	0	0	0
0	0	0	0	0	0	0	0	0	0	0	0	0	0	0	0	0	0	0	0	0	0	0	0	0	0	0	0	0	0	0	0	0	0	0	0	0	0	0	0	0	0	0	0	0	0	0	0	0	0	0	0	0	0	0	0	0	0	0	0	0	0	0	0	0	0	0	0	0	0	0	0	0	0
0	0	16	0	0	0	0	0	0	0	0	0	0	0	0	0	0	1	0	0	0	0	0	2	0	0	1	0	0	0	2	0	0	0	0	0	0	0	0	0	16	12	0	125	0	0	0	85	0	0	0	0	1	0	0	0	3	0	0	0	0	7	0	0	0	0	0	0	6	262	0	0	0	0
0	0	0	0	0	0	0	0	0	0	0	0	0	0	0	2	0	0	0	0	0	0	0	0	0	0	3	0	0	0	0	0	0	0	1	4	0	0	0	0	0	0	0	0	0	0	0	0	0	0	0	0	0	0	0	0	0	0	0	0	0	4	0	0	0	0	0	0	3	0	0	0	4	0
0	0	0	0	0	0	0	0	0	0	0	0	0	0	0	0	0	0	0	0	0	0	0	0	0	0	0	0	0	0	0	0	0	0	0	0	0	0	0	0	0	0	0	0	0	0	0	0	0	0	0	0	0	0	0	0	0	0	0	0	0	0	0	0	0	0	0	0	0	0	0	0	0	0
0	20	0	0	81	0	0	138	0	0	0	0	0	1	0	18	34	3	0	0	4	3	8	1	0	0	1	0	5	0	0	0	83	114	29	1	0	0	0	160	7	8	0	1	0	101	0	0	0	0	0	0	1	0	1	1	5	13	28	0	1	3	0	19	0	0	3	4	6	3	149	96	0	0
0	0	1	0	71	0	0	0	0	0	0	0	1	0	0	18	2	2	0	0	0	0	0	0	0	0	45	0	0	0	0	0	1	0	1	13	0	0	0	0	6	152	0	0	0	0	119	0	0	0	0	0	0	0	0	0	2	0	0	0	0	205	0	62	0	0	0	0	86	0	0	66	35	0
0	0	0	0	0	0	0	0	0	0	0	0	0	0	0	0	0	0	0	0	0	0	0	0	0	0	0	0	0	0	0	0	0	0	0	0	0	0	0	0	0	0	0	0	0	0	0	0	0	0	0	0	0	0	0	0	0	0	0	0	0	0	0	0	0	0	0	0	0	0	0	0	0	0
0	41	0	0	4	0	0	0	0	0	2	0	18	18	0	0	0	0	0	0	0	0	0	0	0	0	4	0	0	0	0	0	0	0	1	0	0	0	0	0	0	0	0	0	0	0	0	0	0	0	0	0	0	0	0	0	0	0	0	0	0	58	0	0	0	0	0	0	0	0	0	0	69	0
0	0	0	0	2	0	14	0	0	0	0	0	34	2	0	0	0	0	0	0	298	81	2	7	5	193	0	0	0	0	1	0	122	34	20	0	0	0	0	196	8	0	0	0	1	0	0	0	0	0	0	151	0	0	50	1	8	68	1	0	0	0	0	0	0	0	11	46	1	0	3	4	0	0
0	0	1	0	2	0	0	0	0	1	0	0	3	2	0	0	0	0	0	0	0	0	5	0	0	0	2	0	0	0	0	0	2	0	0	9	0	0	0	0	47	1	0	2	0	0	10	1	0	83	0	0	58	0	0	0	13	0	0	0	39	72	0	0	0	0	1	0	44	1	0	14	1	1
0	0	0	0	0	0	0	0	0	0	0	0	0	0	0	0	0	0	0	0	0	0	0	0	0	0	0	0	0	0	0	0	0	0	0	0	0	0	0	0	0	0	0	0	0	0	0	0	0	0	0	0	0	0	0	0	0	0	0	0	0	0	0	0	0	0	0	0	0	0	0	0	0	0
0	0	0	0	0	0	0	0	0	0	0	0	0	0	0	0	0	0	0	0	0	0	0	0	0	0	0	0	0	0	0	0	0	0	0	0	0	0	0	0	0	0	0	0	0	0	0	0	0	0	0	0	0	0	0	0	0	0	0	0	0	0	0	0	0	0	0	0	0	0	0	0	0	0
0	1	0	0	0	0	9	0	0	0	0	0	4	0	0	0	298	0	0	0	0	5	2	7	1	181	0	0	0	0	0	0	50	43	15	0	0	0	0	72	5	0	0	0	0	0	0	0	0	0	0	42	0	0	9	0	5	71	0	0	0	0	0	0	0	0	0	45	0	0	0	0	0	0
0	12	0	0	0	0	0	0	0	0	0	0	3	0	0	0	81	0	0	0	5	0	0	16	1	71	0	0	16	0	0	0	1	1	2	0	0	0	0	3	0	0	0	0	36	2	0	0	0	0	0	2	0	0	90	14	4	0	0	0	1	1	0	0	0	0	6	1	0	0	0	0	1	1
0	0	0	0	0	0	0	0	0	0	0	0	8	0	0	0	2	5	0	0	2	0	0	0	0	0	0	0	1	0	0	0	0	0	1	0	0	0	0	0	0	0	0	0	0	0	0	0	0	0	0	0	0	0	22	48	0	4	0	0	0	5	0	0	0	0	0	0	0	2	0	0	0	0
0	0	0	0	0	0	0	0	0	2	0	0	1	0	0	0	7	0	0	0	7	16	0	0	327	2	0	0	2	0	5	0	10	4	2	0	0	0	0	4	0	0	0	0	16	2	0	0	0	0	0	2	0	0	91	91	11	0	2	0	0	0	0	0	0	0	0	58	0	3	4	0	1	0
0	0	0	0	0	0	0	0	0	0	0	0	0	0	0	0	5	0	0	0	1	1	0	327	0	9	0	0	1	0	0	0	0	2	3	0	0	0	0	0	0	0	0	0	2	1	0	0	0	0	0	3	0	0	1	1	1	0	0	0	0	1	0	0	0	0	1	1	0	0	1	0	1	0
0	3	0	0	1	0	3	0	0	0	0	0	0	0	0	0	193	0	0	0	181	71	0	2	9	0	0	0	1	0	1	0	81	0	23	0	0	0	0	101	6	1	0	0	0	5	0	0	0	0	0	138	0	0	23	1	19	30	2	0	0	0	0	0	0	0	32	57	0	0	0	2	0	0
0	0	8	0	5	0	0	0	0	1	3	0	1	45	0	4	0	2	0	0	0	0	0	0	0	0	0	0	0	0	0	0	0	0	1	8	0	0	0	0	142	3	0	1	0	0	18	9	0	0	0	0	0	0	1	0	0	0	0	0	1	11	0	1	0	0	0	0	11	1	0	0	5	0
0	0	0	0	0	0	0	0	0	0	0	0	0	0	0	0	0	0	0	0	0	0	0	0	0	0	0	0	0	0	0	0	0	0	0	0	0	0	0	0	0	0	0	0	0	0	0	0	0	0	0	0	0	0	0	0	0	0	0	0	0	0	0	0	0	0	0	0	0	0	0	0	0	0
0	0	0	0	0	0	0	0	0	0	0	0	5	0	0	0	0	0	0	0	0	16	1	2	1	1	0	0	0	0	0	0	25	3	73	0	0	0	0	64	7	0	0	0	0	14	0	0	0	0	0	5	0	0	0	0	8	44	0	0	0	0	0	0	0	0	29	58	0	0	0	0	0	0
0	0	0	0	0	0	0	0	0	0	0	0	0	0	0	0	0	0	0	0	0	0	0	0	0	0	0	0	0	0	0	0	0	0	0	0	0	0	0	0	0	0	0	0	0	0	0	0	0	0	0	0	0	0	0	0	0	0	0	0	0	0	0	0	0	0	0	0	0	0	0	0	0	0
0	0	0	0	0	0	0	0	0	2	0	0	0	0	0	0	1	0	0	0	0	0	0	5	0	1	0	0	0	0	0	0	0	4	0	0	0	0	0	0	0	0	0	5	0	0	0	0	0	0	17	1	0	0	44	0	8	0	0	0	0	0	0	0	0	0	5	0	0	28	1	1	0	13
0	0	0	0	0	0	0	0	0	0	0	0	0	0	0	0	0	0	0	0	0	0	0	0	0	0	0	0	0	0	0	0	0	0	0	0	0	0	0	0	0	0	0	0	0	0	0	0	0	0	0	0	0	0	0	0	0	0	0	0	0	0	0	0	0	0	0	0	0	0	0	0	0	0
0	13	0	0	0	0	0	0	0	0	0	0	83	1	0	0	122	2	0	0	50	1	0	10	0	81	0	0	25	0	0	0	0	0	6	0	0	0	0	20	4	0	0	0	0	0	0	0	0	0	0	2	0	0	7	1	1	20	0	0	0	2	0	0	0	0	2	0	0	0	1	0	0	0
0	4	0	0	2	0	0	0	0	0	0	0	114	0	0	0	34	0	0	0	43	1	0	4	2	0	0	0	3	0	4	0	0	0	5	0	0	0	0	5	2	0	0	0	0	0	0	0	0	0	0	2	0	0	0	0	1	25	0	0	0	0	0	0	0	0	0	0	0	0	0	0	122	0
0	5	0	0	1	0	1	0	0	0	1	0	29	1	0	1	20	0	0	0	15	2	1	2	3	23	1	0	73	0	0	0	6	5	0	1	0	0	0	16	4	0	0	0	0	7	0	0	0	0	0	6	0	0	8	0	6	26	1	0	0	1	0	0	0	0	4	8	1	0	0	0	0	0
0	0	0	0	1	0	0	0	0	0	4	0	1	13	0	0	0	9	0	0	0	0	0	0	0	0	8	0	0	0	0	0	0	0	1	0	0	0	0	0	0	0	0	0	0	0	0	0	0	0	0	0	3	0	0	0	0	0	0	0	0	1	0	0	0	0	0	0	0	0	0	0	0	0
0	0	0	0	0	0	0	0	0	0	0	0	0	0	0	0	0	0	0	0	0	0	0	0	0	0	0	0	0	0	0	0	0	0	0	0	0	0	0	0	0	0	0	0	0	0	0	0	0	0	0	0	0	0	0	0	0	0	0	0	0	0	0	0	0	0	0	0	0	0	0	0	0	0
0	0	0	0	0	0	0	0	0	0	0	0	0	0	0	0	0	0	0	0	0	0	0	0	0	0	0	0	0	0	0	0	0	0	0	0	0	0	0	0	0	0	0	0	0	0	0	0	0	0	0	0	0	0	0	0	0	0	0	0	0	0	0	0	0	0	0	0	0	0	0	0	0	0
0	0	0	0	0	0	0	0	0	0	0	0	0	0	0	0	0	0	0	0	0	0	0	0	0	0	0	0	0	0	0	0	0	0	0	0	0	0	0	0	0	0	0	0	0	0	0	0	0	0	0	0	0	0	0	0	0	0	0	0	0	0	0	0	0	0	0	0	0	0	0	0	0	0
0	74	0	0	0	0	1	7	0	0	0	0	160	0	0	0	196	0	0	0	72	3	0	4	0	101	0	0	64	0	0	0	20	5	16	0	0	0	0	0	5	0	0	0	0	2	0	0	0	0	0	4	1	0	6	0	1	26	0	0	0	1	0	0	0	0	0	1	0	0	6	6	0	0
0	0	0	0	0	0	20	2	0	16	0	0	7	6	0	0	8	47	0	0	5	0	0	0	0	6	142	0	7	0	0	0	4	2	4	0	0	0	0	5	0	0	0	38	0	0	1	12	0	0	0	4	13	0	0	0	0	5	0	0	12	35	0	0	0	0	0	4	29	0	1	2	1	0
0	0	0	0	0	0	0	0	0	12	0	0	8	152	0	0	0	1	0	0	0	0	0	0	0	1	3	0	0	0	0	0	0	0	0	0	0	0	0	0	0	0	0	13	0	0	2	0	0	0	0	0	1	0	0	0	6	0	2	0	0	79	0	0	0	0	0	0	0	2	0	0	4	0
0	0	0	0	0	0	0	0	0	0	0	0	0	0	0	0	0	0	0	0	0	0	0	0	0	0	0	0	0	0	0	0	0	0	0	0	0	0	0	0	0	0	0	0	0	0	0	0	0	0	0	0	0	0	0	0	0	0	0	0	0	0	0	0	0	0	0	0	0	0	0	0	0	0
0	0	11	0	0	0	11	0	0	125	0	0	1	0	0	0	0	2	0	0	0	0	0	0	0	0	1	0	0	0	5	0	0	0	0	0	0	0	0	0	38	13	0	0	5	0	1	20	0	0	0	0	3	0	0	0	8	0	1	0	0	1	0	0	0	0	1	0	1	0	0	0	1	1
0	0	0	0	0	0	0	0	0	0	0	0	0	0	0	0	1	0	0	0	0	36	0	16	2	0	0	0	0	0	0	0	0	0	0	0	0	0	0	0	0	0	0	5	0	0	0	0	0	0	0	0	0	0	23	0	45	0	0	0	0	0	0	0	0	0	44	0	0	70	0	0	0	8
0	19	0	0	0	0	0	0	0	0	0	0	101	0	0	0	0	0	0	0	0	2	0	2	1	5	0	0	14	0	0	0	0	0	7	0	0	0	0	2	0	0	0	0	0	0	0	0	0	0	0	1	0	0	2	0	2	19	0	0	0	0	0	0	0	0	0	0	0	0	0	0	0	0
0	0	0	0	0	0	0	0	0	0	0	0	0	119	0	0	0	10	0	0	0	0	0	0	0	0	18	0	0	0	0	0	0	0	0	0	0	0	0	0	1	2	0	1	0	0	0	0	0	0	0	0	0	0	0	0	0	0	0	0	0	3	0	0	0	0	0	0	0	36	0	0	0	0
0	0	0	0	0	0	0	0	0	85	0	0	0	0	0	0	0	1	0	0	0	0	0	0	0	0	9	0	0	0	0	0	0	0	0	0	0	0	0	0	12	0	0	20	0	0	0	0	0	0	0	0	0	0	0	0	2	0	0	0	0	0	0	0	0	0	0	0	0	90	0	0	0	0
0	0	0	0	0	0	0	0	0	0	0	0	0	0	0	0	0	0	0	0	0	0	0	0	0	0	0	0	0	0	0	0	0	0	0	0	0	0	0	0	0	0	0	0	0	0	0	0	0	0	0	0	0	0	0	0	0	0	0	0	0	0	0	0	0	0	0	0	0	0	0	0	0	0
0	0	0	0	0	0	0	0	0	0	0	0	0	0	0	0	0	83	0	0	0	0	0	0	0	0	0	0	0	0	0	0	0	0	0	0	0	0	0	0	0	0	0	0	0	0	0	0	0	0	0	0	0	0	0	0	0	0	0	0	0	0	0	0	0	0	0	0	0	0	0	0	0	0
0	0	0	0	0	0	0	0	0	0	0	0	0	0	0	0	0	0	0	0	0	0	0	0	0	0	0	0	0	0	17	0	0	0	0	0	0	0	0	0	0	0	0	0	0	0	0	0	0	0	0	0	0	0	0	0	0	0	0	0	0	0	0	0	0	0	0	0	0	0	0	0	0	0
0	0	0	0	0	0	2	0	0	0	0	0	0	0	0	0	151	0	0	0	42	2	0	2	3	138	0	0	5	0	1	0	2	2	6	0	0	0	0	4	4	0	0	0	0	1	0	0	0	0	0	0	0	0	0	0	0	29	0	0	0	0	0	0	0	0	0	2	0	0	0	0	0	0
0	0	0	0	1	0	6	0	0	1	0	0	1	0	0	0	0	58	0	0	0	0	0	0	0	0	0	0	0	0	0	0	0	0	0	3	0	0	0	1	13	1	0	3	0	0	0	0	0	0	0	0	0	0	0	0	13	0	0	0	0	7	0	0	0	0	0	0	6	0	0	3	2	0
0	0	0	0	0	0	0	0	0	0	0	0	0	0	0	0	0	0	0	0	0	0	0	0	0	0	0	0	0	0	0	0	0	0	0	0	0	0	0	0	0	0	0	0	0	0	0	0	0	0	0	0	0	0	0	0	0	0	0	0	0	0	0	0	0	0	0	0	0	0	0	0	0	0
0	8	0	0	1	0	0	0	0	0	0	0	1	0	0	0	50	0	0	0	9	90	22	91	1	23	1	0	0	0	44	0	7	0	8	0	0	0	0	6	0	0	0	0	23	2	0	0	0	0	0	0	0	0	0	279	7	3	0	0	1	0	0	0	0	0	4	79	0	0	1	0	1	0
0	0	0	0	0	0	0	0	0	0	0	0	1	0	0	0	1	0	0	0	0	14	48	91	1	1	0	0	0	0	0	0	1	0	0	0	0	0	0	0	0	0	0	0	0	0	0	0	0	0	0	0	0	0	279	0	4	0	2	0	0	0	0	0	0	0	0	11	0	356	1	1	0	0
0	3	21	0	0	0	0	0	0	3	0	0	5	2	0	0	8	13	0	0	5	4	0	11	1	19	0	0	8	0	8	0	1	1	6	0	0	0	0	1	0	6	0	8	45	2	0	2	0	0	0	0	13	0	7	4	0	4	13	0	0	6	0	0	0	0	3	0	1	50	1	0	3	3
0	0	0	0	0	0	12	0	0	0	0	0	13	0	0	0	68	0	0	0	71	0	4	0	0	30	0	0	44	0	0	0	20	25	26	0	0	0	0	26	5	0	0	0	0	19	0	0	0	0	0	29	0	0	3	0	4	0	0	0	0	0	0	0	0	0	4	27	0	0	17	0	0	0
0	10	0	0	0	0	0	2	0	0	0	0	28	0	0	0	1	0	0	0	0	0	0	2	0	2	0	0	0	0	0	0	0	0	1	0	0	0	0	0	0	2	0	1	0	0	0	0	0	0	0	0	0	0	0	2	13	0	0	0	0	1	0	0	0	0	20	0	0	26	20	0	0	0
0	0	0	0	0	0	0	0	0	0	0	0	0	0	0	0	0	0	0	0	0	0	0	0	0	0	0	0	0	0	0	0	0	0	0	0	0	0	0	0	0	0	0	0	0	0	0	0	0	0	0	0	0	0	0	0	0	0	0	0	0	0	0	0	0	0	0	0	0	0	0	0	0	0
0	0	0	0	0	0	0	0	0	0	0	0	1	0	0	0	0	39	0	0	0	1	0	0	0	0	1	0	0	0	0	0	0	0	0	0	0	0	0	0	12	0	0	0	0	0	0	0	0	0	0	0	0	0	1	0	0	0	0	0	0	114	0	0	0	0	0	0	0	0	0	0	35	0
0	0	0	0	175	0	0	0	0	7	4	0	3	205	0	58	0	72	0	0	0	1	5	0	1	0	11	0	0	0	0	0	2	0	1	1	0	0	0	1	35	79	0	1	0	0	3	0	0	0	0	0	7	0	0	0	6	0	1	0	114	0	0	0	0	0	0	0	51	0	0	56	130	8
0	0	0	0	0	0	0	0	0	0	0	0	0	0	0	0	0	0	0	0	0	0	0	0	0	0	0	0	0	0	0	0	0	0	0	0	0	0	0	0	0	0	0	0	0	0	0	0	0	0	0	0	0	0	0	0	0	0	0	0	0	0	0	0	0	0	0	0	0	0	0	0	0	0
0	0	0	0	2	0	0	0	0	0	0	0	19	62	0	0	0	0	0	0	0	0	0	0	0	0	1	0	0	0	0	0	0	0	0	0	0	0	0	0	0	0	0	0	0	0	0	0	0	0	0	0	0	0	0	0	0	0	0	0	0	0	0	0	0	0	0	0	0	0	0	0	46	0
0	0	0	0	0	0	0	0	0	0	0	0	0	0	0	0	0	0	0	0	0	0	0	0	0	0	0	0	0	0	0	0	0	0	0	0	0	0	0	0	0	0	0	0	0	0	0	0	0	0	0	0	0	0	0	0	0	0	0	0	0	0	0	0	0	0	0	0	0	0	0	0	0	0
0	0	0	0	0	0	0	0	0	0	0	0	0	0	0	0	0	0	0	0	0	0	0	0	0	0	0	0	0	0	0	0	0	0	0	0	0	0	0	0	0	0	0	0	0	0	0	0	0	0	0	0	0	0	0	0	0	0	0	0	0	0	0	0	0	0	0	0	0	0	0	0	0	0
0	0	0	0	0	0	0	0	0	0	0	0	3	0	0	0	11	1	0	0	0	6	0	0	1	32	0	0	29	0	5	0	2	0	4	0	0	0	0	0	0	0	0	1	44	0	0	0	0	0	0	0	0	0	4	0	3	4	20	0	0	0	0	0	0	0	0	0	0	0	0	0	0	0
0	0	0	0	0	0	0	0	0	0	0	0	4	0	0	0	46	0	0	0	45	1	0	58	1	57	0	0	58	0	0	0	0	0	8	0	0	0	0	1	4	0	0	0	0	0	0	0	0	0	0	2	0	0	79	11	0	27	0	0	0	0	0	0	0	0	0	0	0	0	0	0	0	0
0	0	0	0	1	0	0	0	0	6	3	0	6	86	0	0	1	44	0	0	0	0	0	0	0	0	11	0	0	0	0	0	0	0	1	0	0	0	0	0	29	0	0	1	0	0	0	0	0	0	0	0	6	0	0	0	1	0	0	0	0	51	0	0	0	0	0	0	0	0	0	0	55	0
0	0	17	0	0	0	0	0	0	262	0	0	3	0	0	0	0	1	0	0	0	0	2	3	0	0	1	0	0	0	28	0	0	0	0	0	0	0	0	0	0	2	0	0	70	0	36	90	0	0	0	0	0	0	0	356	50	0	26	0	0	0	0	0	0	0	0	0	0	0	0	2	0	35
0	9	0	0	1	0	0	0	0	0	0	0	149	0	0	0	3	0	0	0	0	0	0	4	1	0	0	0	0	0	1	0	1	0	0	0	0	0	0	6	1	0	0	0	0	0	0	0	0	0	0	0	0	0	1	1	1	17	20	0	0	0	0	0	0	0	0	0	0	0	0	0	0	0
0	2	0	0	3	0	0	0	0	0	0	0	96	66	0	0	4	14	0	0	0	0	0	0	0	2	0	0	0	0	1	0	0	0	0	0	0	0	0	6	2	0	0	0	0	0	0	0	0	0	0	0	3	0	0	1	0	0	0	0	0	56	0	0	0	0	0	0	0	2	0	0	91	0
0	65	0	0	166	0	1	0	0	0	4	0	0	35	0	69	0	1	0	0	0	1	0	1	1	0	5	0	0	0	0	0	0	122	0	0	0	0	0	0	1	4	0	1	0	0	0	0	0	0	0	0	2	0	1	0	3	0	0	0	35	130	0	46	0	0	0	0	55	0	0	91	0	0
0	0	0	0	0	0	0	0	0	0	0	0	0	0	0	0	0	1	0	0	0	1	0	0	0	0	0	0	0	0	13	0	0	0	0	0	0	0	0	0	0	0	0	1	8	0	0	0	0	0	0	0	0	0	0	0	3	0	0	0	0	8	0	0	0	0	0	0	0	35	0	0	0	0
