0	0	0	0	0	0	0	0	0	0	0	0	0	0	0	0	0	0	0	0	0	0	0	0	0	0	0	0	0	0	0	0	0	0	0	0	0	0	0	0	0	0	0	0	0	0	0	0	0	0	0	0	0	0	0	0	0	0	0	0	0	0	0	0	0	0	0	0	0	0	0	0	0	0
0	0	1	0	1	0	0	2	0	0	1	0	0	0	0	0	0	0	0	0	0	0	0	0	0	0	0	0	0	0	0	0	0	0	0	0	0	0	0	4	1	4	0	0	0	0	1	0	0	0	0	0	0	0	2	0	0	0	0	0	1	0	0	2	0	1	0	0	1	0	2	0	0	0
0	1	0	1	67	0	2	1	0	96	55	0	5	91	103	26	0	3	0	1	1	0	0	0	0	0	89	0	0	0	3	0	55	0	0	50	0	0	0	0	22	23	0	20	0	0	40	39	0	0	0	0	0	0	0	1	81	0	0	0	57	0	0	0	0	39	0	1	7	0	0	14	9	0
0	0	1	0	4	0	0	0	0	1	0	0	0	0	0	0	0	1	0	0	0	0	0	0	0	0	89	0	0	0	0	0	0	0	0	0	0	0	0	0	0	0	0	0	0	0	0	0	0	0	0	0	0	0	0	0	0	0	0	0	0	0	0	0	0	0	0	0	0	0	0	0	3	0
0	1	67	4	0	0	0	0	0	0	223	0	114	19	1	31	0	44	0	1	0	0	0	0	0	0	12	0	0	0	3	0	27	109	0	10	0	0	0	65	5	93	0	1	0	0	4	0	0	0	0	0	0	0	9	0	1	0	0	0	37	0	0	90	0	0	0	2	67	0	10	32	210	0
0	0	0	0	0	0	0	0	0	0	0	0	0	0	0	0	0	0	0	0	0	0	0	0	0	0	0	0	0	0	0	0	0	0	0	0	0	0	0	0	0	0	0	0	0	0	0	0	0	0	0	0	0	0	0	0	0	0	0	0	0	0	0	0	0	0	0	0	0	0	0	0	0	0
0	0	2	0	0	0	0	0	0	0	0	0	0	0	0	0	0	7	0	0	0	0	0	0	0	1	0	0	0	0	0	0	0	0	0	0	0	0	0	0	0	0	0	0	0	0	0	0	0	0	0	0	0	0	0	0	0	2	0	0	0	0	0	0	0	0	0	0	0	0	0	0	1	0
0	2	1	0	0	0	0	0	0	0	2	0	89	0	0	0	1	1	0	1	22	0	0	2	0	22	0	0	6	0	0	0	0	0	0	0	0	0	0	2	0	0	0	0	0	0	0	0	0	0	0	0	0	0	0	0	1	1	0	0	0	0	0	0	0	0	0	0	0	0	0	0	0	0
0	0	0	0	0	0	0	0	0	0	0	0	0	0	0	0	0	0	0	0	0	0	0	0	0	0	0	0	0	0	0	0	0	0	0	0	0	0	0	0	0	0	0	0	0	0	0	0	0	0	0	0	0	0	0	0	0	0	0	0	0	0	0	0	0	0	0	0	0	0	0	0	0	0
0	0	96	1	0	0	0	0	0	0	0	0	0	0	224	0	0	21	69	3	0	0	0	0	0	0	0	0	0	0	3	0	0	0	0	109	0	0	0	0	60	102	0	134	0	0	0	149	0	0	19	0	0	0	0	0	165	0	0	0	0	0	0	0	0	111	0	0	0	0	0	1	0	0
0	1	55	0	223	0	0	2	0	0	0	0	10	75	3	56	9	0	3	9	0	4	0	0	0	3	1	0	3	0	18	0	2	4	23	0	0	0	0	26	1	105	0	6	0	0	9	0	0	0	0	56	0	0	1	0	9	78	0	0	74	0	0	38	0	0	25	4	67	0	27	9	153	0
0	0	0	0	0	0	0	0	0	0	0	0	0	0	0	0	0	0	0	0	0	0	0	0	0	0	0	0	0	0	0	0	0	0	0	0	0	0	0	0	0	0	0	0	0	0	0	0	0	0	0	0	0	0	0	0	0	0	0	0	0	0	0	0	0	0	0	0	0	0	0	0	0	0
0	0	5	0	114	0	0	89	0	0	10	0	0	0	0	5	22	5	2	1	6	1	0	1	0	0	0	0	0	0	0	0	95	106	0	0	0	0	0	96	18	1	0	0	0	0	0	0	0	0	0	0	0	0	1	0	7	0	0	0	0	0	0	4	0	0	0	4	0	0	53	0	8	9
0	0	91	0	19	0	0	0	0	0	75	0	0	0	0	0	0	1	0	0	0	0	0	0	0	0	3	0	0	0	0	0	3	2	0	0	0	0	0	0	0	25	0	0	0	0	6	0	0	0	0	0	0	0	0	0	0	1	0	0	122	0	0	2	0	0	1	0	0	0	1	16	19	0
0	0	103	0	1	0	0	0	0	224	3	0	0	0	0	0	0	26	22	0	0	0	0	0	0	0	0	0	0	0	0	0	2	0	0	128	0	0	0	1	55	99	0	137	0	0	0	134	0	0	0	0	0	0	0	0	63	3	0	0	0	0	0	0	0	96	0	0	2	0	0	0	2	0
0	0	26	0	31	0	0	0	0	0	56	0	5	0	0	0	0	3	0	2	0	0	0	0	0	5	0	0	0	0	0	0	0	0	0	0	0	0	0	0	0	0	0	0	0	0	0	0	0	0	0	7	0	0	0	0	0	0	0	0	0	0	0	0	0	0	0	0	0	0	0	0	1	0
0	0	0	0	0	0	0	1	0	0	9	0	22	0	0	0	0	7	35	1	52	15	0	0	0	32	0	0	10	0	1	0	0	1	7	0	0	0	0	39	0	0	0	1	0	0	0	0	0	0	0	65	0	0	35	3	0	0	0	0	0	0	0	0	0	0	4	39	0	0	4	0	1	0
0	0	3	1	44	0	7	1	0	21	0	0	5	1	26	3	7	0	0	0	0	0	0	0	0	2	0	0	0	0	0	0	19	0	0	8	0	0	0	0	8	2	0	28	0	0	0	27	0	173	4	0	0	0	0	0	3	10	0	0	0	0	0	0	0	0	0	8	0	0	0	0	40	0
0	0	0	0	0	0	0	0	0	69	3	0	2	0	22	0	35	0	0	18	5	4	0	0	0	74	0	0	24	0	3	0	0	0	0	0	0	0	0	0	0	0	0	0	0	0	0	0	0	0	12	0	0	0	3	35	60	18	0	0	0	0	0	0	0	0	0	0	0	0	0	0	0	0
0	0	1	0	1	0	0	1	0	3	9	0	1	0	0	2	1	0	18	0	0	2	0	0	0	1	0	0	6	0	0	0	2	0	5	4	0	0	0	16	1	0	0	0	0	0	0	0	0	0	0	0	0	0	1	0	63	1	0	0	7	0	0	0	0	2	0	0	0	0	27	0	1	0
0	0	1	0	0	0	0	22	0	0	0	0	6	0	0	0	52	0	5	0	0	3	0	4	0	82	0	0	0	0	1	0	26	1	1	0	0	0	0	95	0	1	0	0	0	0	0	0	0	0	0	2	0	0	16	0	2	3	0	0	0	0	0	0	0	1	0	31	0	0	1	0	1	1
0	0	0	0	0	0	0	0	0	0	4	0	1	0	0	0	15	0	4	2	3	0	5	197	28	52	0	0	15	0	30	0	0	0	9	0	0	0	0	1	0	0	0	0	0	0	0	0	0	0	25	34	0	0	88	7	0	37	0	0	0	0	0	0	0	0	10	8	0	0	1	0	1	4
0	0	0	0	0	0	0	0	0	0	0	0	0	0	0	0	0	0	0	0	0	5	0	30	16	0	0	0	0	0	0	0	0	0	0	0	0	0	0	0	0	0	0	0	0	0	0	0	0	0	0	0	0	0	0	8	0	0	0	0	0	0	0	0	0	0	0	0	0	0	0	0	0	0
0	0	0	0	0	0	0	2	0	0	0	0	1	0	0	0	0	0	0	0	4	197	30	0	66	10	0	0	10	0	2	0	4	0	28	0	0	0	0	6	0	0	0	0	0	0	0	0	0	0	47	4	0	0	186	370	65	0	0	0	0	0	0	0	0	0	2	20	0	0	4	0	0	0
0	0	0	0	0	0	0	0	0	0	0	0	0	0	0	0	0	0	0	0	0	28	16	66	0	1	0	0	2	0	0	0	0	0	0	0	0	0	0	0	0	0	0	0	0	0	0	0	0	0	3	0	0	0	0	26	0	0	0	0	0	0	0	0	0	0	0	10	0	0	0	0	0	0
0	0	0	0	0	0	1	22	0	0	3	0	0	0	0	5	32	2	74	1	82	52	0	10	1	0	0	0	58	0	1	0	70	2	75	0	0	0	0	92	0	0	0	0	0	0	0	0	0	0	0	142	0	0	74	11	4	9	0	0	0	0	0	0	0	0	82	31	0	0	28	0	1	4
0	0	89	89	12	0	0	0	0	0	1	0	0	3	0	0	0	0	0	0	0	0	0	0	0	0	0	0	0	0	2	0	0	0	0	114	0	0	0	0	88	0	0	0	0	0	1	3	0	0	0	0	0	0	0	0	0	0	0	0	3	0	0	1	0	103	0	0	1	0	0	2	1	0
0	0	0	0	0	0	0	0	0	0	0	0	0	0	0	0	0	0	0	0	0	0	0	0	0	0	0	0	0	0	0	0	0	0	0	0	0	0	0	0	0	0	0	0	0	0	0	0	0	0	0	0	0	0	0	0	0	0	0	0	0	0	0	0	0	0	0	0	0	0	0	0	0	0
0	0	0	0	0	0	0	6	0	0	3	0	0	0	0	0	10	0	24	6	0	15	0	10	2	58	0	0	0	0	1	0	1	0	32	0	0	0	0	35	0	4	0	0	0	0	0	0	0	0	0	1	0	0	19	42	5	136	0	0	0	0	0	0	0	0	11	8	0	0	9	0	0	0
0	0	0	0	0	0	0	0	0	0	0	0	0	0	0	0	0	0	0	0	0	0	0	0	0	0	0	0	0	0	0	0	0	0	0	0	0	0	0	0	0	0	0	0	0	0	0	0	0	0	0	0	0	0	0	0	0	0	0	0	0	0	0	0	0	0	0	0	0	0	0	0	0	0
0	0	3	0	3	0	0	0	0	3	18	0	0	0	0	0	1	0	3	0	1	30	0	2	0	1	2	0	1	0	0	0	1	8	1	2	0	0	0	1	0	9	0	20	0	0	12	1	0	0	250	7	0	0	5	0	9	33	0	0	1	0	0	12	0	0	50	0	10	0	1	1	0	26
0	0	0	0	0	0	0	0	0	0	0	0	0	0	0	0	0	0	0	0	0	0	0	0	0	0	0	0	0	0	0	0	0	0	0	0	0	0	0	0	0	0	0	0	0	0	0	0	0	0	0	0	0	0	0	0	0	0	0	0	0	0	0	0	0	0	0	0	0	0	0	0	0	0
0	0	55	0	27	0	0	0	0	0	2	0	95	3	2	0	0	19	0	2	26	0	0	4	0	70	0	0	1	0	1	0	0	0	0	0	0	0	0	3	0	0	0	0	0	0	0	0	0	0	0	3	0	0	0	0	1	25	0	0	0	0	0	0	0	0	0	0	0	0	0	0	17	0
0	0	0	0	109	0	0	0	0	0	4	0	106	2	0	0	1	0	0	0	1	0	0	0	0	2	0	0	0	0	8	0	0	0	0	0	0	0	0	6	0	0	0	0	0	0	0	0	0	0	9	15	0	0	2	0	2	69	0	0	0	0	0	0	0	0	0	0	0	0	2	0	79	0
0	0	0	0	0	0	0	0	0	0	23	0	0	0	0	0	7	0	0	5	1	9	0	28	0	75	0	0	32	0	1	0	0	0	0	0	0	0	0	4	0	1	0	0	0	0	0	0	0	0	0	7	0	0	10	0	6	128	0	0	0	0	0	0	0	0	0	2	0	0	0	0	0	0
0	0	50	0	10	0	0	0	0	109	0	0	0	0	128	0	0	8	0	4	0	0	0	0	0	0	114	0	0	0	2	0	0	0	0	0	0	0	0	0	0	0	0	0	0	0	0	0	0	0	0	1	0	0	0	0	8	0	0	0	0	0	0	0	0	0	0	0	0	0	0	0	2	0
0	0	0	0	0	0	0	0	0	0	0	0	0	0	0	0	0	0	0	0	0	0	0	0	0	0	0	0	0	0	0	0	0	0	0	0	0	0	0	0	0	0	0	0	0	0	0	0	0	0	0	0	0	0	0	0	0	0	0	0	0	0	0	0	0	0	0	0	0	0	0	0	0	0
0	0	0	0	0	0	0	0	0	0	0	0	0	0	0	0	0	0	0	0	0	0	0	0	0	0	0	0	0	0	0	0	0	0	0	0	0	0	0	0	0	0	0	0	0	0	0	0	0	0	0	0	0	0	0	0	0	0	0	0	0	0	0	0	0	0	0	0	0	0	0	0	0	0
0	0	0	0	0	0	0	0	0	0	0	0	0	0	0	0	0	0	0	0	0	0	0	0	0	0	0	0	0	0	0	0	0	0	0	0	0	0	0	0	0	0	0	0	0	0	0	0	0	0	0	0	0	0	0	0	0	0	0	0	0	0	0	0	0	0	0	0	0	0	0	0	0	0
0	4	0	0	65	0	0	2	0	0	26	0	96	0	1	0	39	0	0	16	95	1	0	6	0	92	0	0	35	0	1	0	3	6	4	0	0	0	0	0	0	1	0	0	0	0	0	0	0	0	0	21	0	0	2	1	2	44	0	0	0	0	0	0	0	0	0	0	0	0	4	0	4	0
0	1	22	0	5	0	0	0	0	60	1	0	18	0	55	0	0	8	0	1	0	0	0	0	0	0	88	0	0	0	0	0	0	0	0	0	0	0	0	0	0	0	0	0	0	0	0	0	0	0	0	0	0	0	0	0	0	0	0	0	0	0	0	0	0	0	0	0	0	0	0	0	2	0
0	4	23	0	93	0	0	0	0	102	105	0	1	25	99	0	0	2	0	0	1	0	0	0	0	0	0	0	4	0	9	0	0	0	1	0	0	0	0	1	0	0	0	1	0	0	1	0	0	0	0	0	0	0	0	0	6	54	0	0	0	0	0	0	0	0	0	0	0	0	0	0	6	0
0	0	0	0	0	0	0	0	0	0	0	0	0	0	0	0	0	0	0	0	0	0	0	0	0	0	0	0	0	0	0	0	0	0	0	0	0	0	0	0	0	0	0	0	0	0	0	0	0	0	0	0	0	0	0	0	0	0	0	0	0	0	0	0	0	0	0	0	0	0	0	0	0	0
0	0	20	0	1	0	0	0	0	134	6	0	0	0	137	0	1	28	0	0	0	0	0	0	0	0	0	0	0	0	20	0	0	0	0	0	0	0	0	0	0	1	0	0	0	0	0	0	0	0	21	0	0	0	0	0	43	98	0	0	0	0	0	0	0	0	0	0	0	0	0	0	2	0
0	0	0	0	0	0	0	0	0	0	0	0	0	0	0	0	0	0	0	0	0	0	0	0	0	0	0	0	0	0	0	0	0	0	0	0	0	0	0	0	0	0	0	0	0	0	0	0	0	0	0	0	0	0	0	0	0	0	0	0	0	0	0	0	0	0	0	0	0	0	0	0	0	0
0	0	0	0	0	0	0	0	0	0	0	0	0	0	0	0	0	0	0	0	0	0	0	0	0	0	0	0	0	0	0	0	0	0	0	0	0	0	0	0	0	0	0	0	0	0	0	0	0	0	0	0	0	0	0	0	0	0	0	0	0	0	0	0	0	0	0	0	0	0	0	0	0	0
0	1	40	0	4	0	0	0	0	0	9	0	0	6	0	0	0	0	0	0	0	0	0	0	0	0	1	0	0	0	12	0	0	0	0	0	0	0	0	0	0	1	0	0	0	0	0	0	0	0	0	0	0	0	0	0	0	0	0	0	0	0	0	0	0	0	0	0	0	0	0	0	0	0
0	0	39	0	0	0	0	0	0	149	0	0	0	0	134	0	0	27	0	0	0	0	0	0	0	0	3	0	0	0	1	0	0	0	0	0	0	0	0	0	0	0	0	0	0	0	0	0	0	0	2	0	0	0	0	0	50	0	0	0	0	0	0	0	0	0	0	0	0	0	0	0	0	0
0	0	0	0	0	0	0	0	0	0	0	0	0	0	0	0	0	0	0	0	0	0	0	0	0	0	0	0	0	0	0	0	0	0	0	0	0	0	0	0	0	0	0	0	0	0	0	0	0	0	0	0	0	0	0	0	0	0	0	0	0	0	0	0	0	0	0	0	0	0	0	0	0	0
0	0	0	0	0	0	0	0	0	0	0	0	0	0	0	0	0	173	0	0	0	0	0	0	0	0	0	0	0	0	0	0	0	0	0	0	0	0	0	0	0	0	0	0	0	0	0	0	0	0	0	0	0	0	0	0	0	0	0	0	0	0	0	0	0	0	0	0	0	0	0	0	0	0
0	0	0	0	0	0	0	0	0	19	0	0	0	0	0	0	0	4	12	0	0	25	0	47	3	0	0	0	0	0	250	0	0	9	0	0	0	0	0	0	0	0	0	21	0	0	0	2	0	0	0	1	0	0	4	0	20	4	0	0	3	0	0	0	0	0	25	0	0	0	0	0	0	10
0	0	0	0	0	0	0	0	0	0	56	0	0	0	0	7	65	0	0	0	2	34	0	4	0	142	0	0	1	0	7	0	3	15	7	1	0	0	0	21	0	0	0	0	0	0	0	0	0	0	1	0	0	0	81	2	11	189	0	0	0	0	0	0	0	0	268	29	0	0	203	0	0	1
0	0	0	0	0	0	0	0	0	0	0	0	0	0	0	0	0	0	0	0	0	0	0	0	0	0	0	0	0	0	0	0	0	0	0	0	0	0	0	0	0	0	0	0	0	0	0	0	0	0	0	0	0	0	0	0	0	0	0	0	0	0	0	0	0	0	0	0	0	0	0	0	0	0
0	0	0	0	0	0	0	0	0	0	0	0	0	0	0	0	0	0	0	0	0	0	0	0	0	0	0	0	0	0	0	0	0	0	0	0	0	0	0	0	0	0	0	0	0	0	0	0	0	0	0	0	0	0	0	0	0	0	0	0	0	0	0	0	0	0	0	0	0	0	0	0	0	0
0	2	0	0	9	0	0	0	0	0	1	0	1	0	0	0	35	0	3	1	16	88	0	186	0	74	0	0	19	0	5	0	0	2	10	0	0	0	0	2	0	0	0	0	0	0	0	0	0	0	4	81	0	0	0	165	0	5	0	0	0	0	0	0	0	0	6	2	0	0	2	0	0	0
0	0	1	0	0	0	0	0	0	0	0	0	0	0	0	0	3	0	35	0	0	7	8	370	26	11	0	0	42	0	0	0	0	0	0	0	0	0	0	1	0	0	0	0	0	0	0	0	0	0	0	2	0	0	165	0	165	0	0	0	0	0	0	0	0	0	0	4	0	0	1	0	1	0
0	0	81	0	1	0	0	1	0	165	9	0	7	0	63	0	0	3	60	63	2	0	0	65	0	4	0	0	5	0	9	0	1	2	6	8	0	0	0	2	0	6	0	43	0	0	0	50	0	0	20	11	0	0	0	165	0	3	0	0	0	0	0	0	0	26	5	0	0	0	7	0	1	35
0	0	0	0	0	0	2	1	0	0	78	0	0	1	3	0	0	10	18	1	3	37	0	0	0	9	0	0	136	0	33	0	25	69	128	0	0	0	0	44	0	54	0	98	0	0	0	0	0	0	4	189	0	0	5	0	3	0	0	0	9	0	0	0	0	0	131	11	31	0	67	0	4	39
0	0	0	0	0	0	0	0	0	0	0	0	0	0	0	0	0	0	0	0	0	0	0	0	0	0	0	0	0	0	0	0	0	0	0	0	0	0	0	0	0	0	0	0	0	0	0	0	0	0	0	0	0	0	0	0	0	0	0	0	0	0	0	0	0	0	0	0	0	0	0	0	0	0
0	0	0	0	0	0	0	0	0	0	0	0	0	0	0	0	0	0	0	0	0	0	0	0	0	0	0	0	0	0	0	0	0	0	0	0	0	0	0	0	0	0	0	0	0	0	0	0	0	0	0	0	0	0	0	0	0	0	0	0	0	0	0	0	0	0	0	0	0	0	0	0	0	0
0	1	57	0	37	0	0	0	0	0	74	0	0	122	0	0	0	0	0	7	0	0	0	0	0	0	3	0	0	0	1	0	0	0	0	0	0	0	0	0	0	0	0	0	0	0	0	0	0	0	3	0	0	0	0	0	0	9	0	0	0	0	0	0	0	0	0	0	0	0	0	0	5	0
0	0	0	0	0	0	0	0	0	0	0	0	0	0	0	0	0	0	0	0	0	0	0	0	0	0	0	0	0	0	0	0	0	0	0	0	0	0	0	0	0	0	0	0	0	0	0	0	0	0	0	0	0	0	0	0	0	0	0	0	0	0	0	0	0	0	0	0	0	0	0	0	0	0
0	0	0	0	0	0	0	0	0	0	0	0	0	0	0	0	0	0	0	0	0	0	0	0	0	0	0	0	0	0	0	0	0	0	0	0	0	0	0	0	0	0	0	0	0	0	0	0	0	0	0	0	0	0	0	0	0	0	0	0	0	0	0	0	0	0	0	0	0	0	0	0	0	0
0	2	0	0	90	0	0	0	0	0	38	0	4	2	0	0	0	0	0	0	0	0	0	0	0	0	1	0	0	0	12	0	0	0	0	0	0	0	0	0	0	0	0	0	0	0	0	0	0	0	0	0	0	0	0	0	0	0	0	0	0	0	0	0	0	0	0	0	0	0	0	0	41	0
0	0	0	0	0	0	0	0	0	0	0	0	0	0	0	0	0	0	0	0	0	0	0	0	0	0	0	0	0	0	0	0	0	0	0	0	0	0	0	0	0	0	0	0	0	0	0	0	0	0	0	0	0	0	0	0	0	0	0	0	0	0	0	0	0	0	0	0	0	0	0	0	0	0
0	1	39	0	0	0	0	0	0	111	0	0	0	0	96	0	0	0	0	2	1	0	0	0	0	0	103	0	0	0	0	0	0	0	0	0	0	0	0	0	0	0	0	0	0	0	0	0	0	0	0	0	0	0	0	0	26	0	0	0	0	0	0	0	0	0	0	0	0	0	0	0	0	0
0	0	0	0	0	0	0	0	0	0	25	0	0	1	0	0	4	0	0	0	0	10	0	2	0	82	0	0	11	0	50	0	0	0	0	0	0	0	0	0	0	0	0	0	0	0	0	0	0	0	25	268	0	0	6	0	5	131	0	0	0	0	0	0	0	0	0	0	0	0	0	0	0	0
0	0	1	0	2	0	0	0	0	0	4	0	4	0	0	0	39	8	0	0	31	8	0	20	10	31	0	0	8	0	0	0	0	0	2	0	0	0	0	0	0	0	0	0	0	0	0	0	0	0	0	29	0	0	2	4	0	11	0	0	0	0	0	0	0	0	0	0	0	0	0	0	1	0
0	1	7	0	67	0	0	0	0	0	67	0	0	0	2	0	0	0	0	0	0	0	0	0	0	0	1	0	0	0	10	0	0	0	0	0	0	0	0	0	0	0	0	0	0	0	0	0	0	0	0	0	0	0	0	0	0	31	0	0	0	0	0	0	0	0	0	0	0	0	0	0	56	0
0	0	0	0	0	0	0	0	0	0	0	0	0	0	0	0	0	0	0	0	0	0	0	0	0	0	0	0	0	0	0	0	0	0	0	0	0	0	0	0	0	0	0	0	0	0	0	0	0	0	0	0	0	0	0	0	0	0	0	0	0	0	0	0	0	0	0	0	0	0	0	0	0	0
0	2	0	0	10	0	0	0	0	0	27	0	53	1	0	0	4	0	0	27	1	1	0	4	0	28	0	0	9	0	1	0	0	2	0	0	0	0	0	4	0	0	0	0	0	0	0	0	0	0	0	203	0	0	2	1	7	67	0	0	0	0	0	0	0	0	0	0	0	0	0	0	0	0
0	0	14	0	32	0	0	0	0	1	9	0	0	16	0	0	0	0	0	0	0	0	0	0	0	0	2	0	0	0	1	0	0	0	0	0	0	0	0	0	0	0	0	0	0	0	0	0	0	0	0	0	0	0	0	0	0	0	0	0	0	0	0	0	0	0	0	0	0	0	0	0	0	0
0	0	9	3	210	0	1	0	0	0	153	0	8	19	2	1	1	40	0	1	1	1	0	0	0	1	1	0	0	0	0	0	17	79	0	2	0	0	0	4	2	6	0	2	0	0	0	0	0	0	0	0	0	0	0	1	1	4	0	0	5	0	0	41	0	0	0	1	56	0	0	0	0	0
0	0	0	0	0	0	0	0	0	0	0	0	9	0	0	0	0	0	0	0	1	4	0	0	0	4	0	0	0	0	26	0	0	0	0	0	0	0	0	0	0	0	0	0	0	0	0	0	0	0	10	1	0	0	0	0	35	39	0	0	0	0	0	0	0	0	0	0	0	0	0	0	0	0
