0	0	0	0	0	1	0	0	0	0	0	0	0	0	0	0	0	0	1	0	1	1	0	12	1	1	0	0	0	0	0	0	1	1	2	0	0	0	0	0	0	0	0	0	0	0	0	0	0	0	0	3	0	0	6	0	0	0	0	0	0	0	0	0	0	0	2	5	0	0	0	0	0	1
0	0	0	0	20	1	0	2	0	0	0	0	0	5	0	0	0	0	0	0	0	0	0	0	0	0	0	0	1	0	0	0	0	1	1	0	0	0	0	7	0	0	0	14	0	5	0	0	0	0	0	0	0	0	0	0	2	0	0	0	12	7	0	2	0	0	0	0	0	6	2	0	1	0
0	0	0	0	0	0	0	0	0	83	0	0	0	27	0	0	1	0	0	0	0	0	0	0	0	0	0	0	0	0	0	6	0	3	0	0	0	0	0	0	0	0	0	0	0	0	0	0	0	0	0	0	0	0	0	0	41	0	0	0	0	13	0	0	0	1	0	0	0	3	0	0	13	0
0	0	0	0	0	0	0	0	0	0	0	0	0	0	0	0	0	0	0	0	0	0	0	0	0	1	0	0	0	0	0	0	0	0	0	0	0	0	0	0	0	0	0	0	0	0	0	0	0	0	0	0	0	0	0	0	0	0	0	0	0	1	0	0	0	32	0	0	0	0	0	0	16	0
0	20	0	0	0	1	0	0	0	0	0	0	9	19	0	0	6	0	2	0	0	0	0	0	0	0	0	0	0	0	0	854	0	228	0	0	0	0	0	0	0	0	0	0	0	0	0	0	0	0	0	0	0	0	0	0	0	0	0	0	0	72	0	0	0	0	0	0	0	1	0	20	32	0
1	1	0	0	1	0	0	0	0	1	0	0	0	0	0	0	51	0	0	2	24	29	0	0	0	36	0	0	17	0	0	0	28	78	12	0	0	0	0	23	0	0	0	2	18	3	0	0	0	0	0	99	1	0	10	6	11	22	0	0	0	3	0	0	0	0	9	2	0	0	5	1	4	0
0	0	0	0	0	0	0	0	0	0	0	0	0	0	0	0	0	0	0	0	0	0	0	0	0	0	0	0	0	0	0	0	0	0	0	0	0	0	0	0	0	0	0	0	0	0	0	0	0	0	0	0	0	0	0	0	0	0	0	0	0	0	0	0	0	0	0	0	0	0	0	0	0	0
0	2	0	0	0	0	0	0	0	0	0	0	82	0	0	0	0	0	0	0	1	0	0	0	0	0	0	0	0	0	0	1023	0	688	0	0	0	0	0	0	0	0	0	0	0	0	0	0	0	0	0	0	0	0	0	0	0	0	0	0	0	0	0	0	0	0	0	0	0	0	0	2	0	0
0	0	0	0	0	0	0	0	0	0	0	0	0	0	0	0	0	0	0	0	0	0	0	0	0	0	0	0	0	0	0	0	0	0	0	0	0	0	0	0	0	0	0	0	0	0	0	0	0	1	0	0	0	0	0	0	0	0	0	0	0	0	0	0	0	0	0	0	0	0	0	0	0	0
0	0	83	0	0	1	0	0	0	0	0	0	0	0	0	0	0	0	103	143	0	0	0	0	0	0	0	0	0	0	2	1	0	0	0	15	0	0	0	0	0	0	0	13	0	0	0	0	0	0	0	0	123	0	0	0	119	0	0	0	3	17	0	0	0	83	0	0	0	107	0	2	0	0
0	0	0	0	0	0	0	0	0	0	0	0	0	0	0	0	0	0	0	0	0	0	0	0	0	0	0	0	0	0	0	0	0	0	0	0	0	0	0	0	0	0	0	6	0	0	0	0	0	0	0	0	0	0	0	0	0	0	0	0	0	6	0	0	0	0	0	0	0	0	0	0	0	0
0	0	0	0	0	0	0	0	0	0	0	0	0	0	0	0	0	0	0	0	0	0	0	0	0	0	0	0	0	0	0	0	0	0	0	0	0	0	0	0	0	0	0	0	0	0	0	0	0	0	0	0	0	0	0	0	0	0	0	0	0	0	0	0	0	0	0	0	0	0	0	0	0	0
0	0	0	0	9	0	0	82	0	0	0	0	0	0	0	0	0	0	2	0	11	0	0	0	0	0	0	0	0	0	0	785	55	664	5	0	0	0	0	132	0	0	0	1	0	45	0	0	0	0	0	1	0	0	0	2	14	0	3	0	0	0	0	0	0	0	0	0	0	1	76	2	0	0
0	5	27	0	19	0	0	0	0	0	0	0	0	0	0	0	0	0	0	0	0	0	0	0	0	0	0	0	1	0	12	644	0	0	0	0	0	0	0	2	0	0	1	121	0	2	0	0	0	9	0	0	0	0	0	9	15	0	10	0	112	212	0	13	0	0	1	0	0	8	1	10	8	0
0	0	0	0	0	0	0	0	0	0	0	0	0	0	0	0	0	0	0	0	0	0	0	0	0	0	0	0	0	0	0	0	0	0	0	1	0	0	0	0	0	0	0	0	0	0	0	0	0	0	0	0	0	0	0	0	0	0	0	0	0	0	0	0	0	0	0	0	0	0	0	0	0	0
0	0	0	0	0	0	0	0	0	0	0	0	0	0	0	0	0	0	0	0	0	0	0	0	0	0	0	0	0	0	0	0	0	0	0	0	0	0	0	0	0	0	0	0	0	0	0	0	0	0	0	0	0	0	0	0	0	0	0	0	0	0	0	0	0	0	0	0	0	0	0	0	0	0
0	0	1	0	6	51	0	0	0	0	0	0	0	0	0	0	0	0	1	2	19	15	0	3	0	15	0	0	4	0	0	0	6	79	3	0	0	0	0	16	0	0	0	47	15	16	0	0	0	0	0	32	0	0	9	0	13	14	0	0	11	87	0	0	0	0	10	19	0	0	0	2	3	0
0	0	0	0	0	0	0	0	0	0	0	0	0	0	0	0	0	0	0	0	0	0	0	0	0	0	0	0	0	0	0	0	0	0	0	0	0	0	0	0	0	0	0	0	0	0	0	0	0	0	0	0	0	0	0	0	0	0	0	0	0	0	0	0	0	0	0	0	0	0	0	0	0	0
1	0	0	0	2	0	0	0	0	103	0	0	2	0	0	0	1	0	0	78	6	0	0	10	0	0	0	0	2	0	0	1	6	24	0	0	0	0	0	0	0	0	0	0	0	0	0	0	0	0	0	1	2	0	0	0	54	2	24	0	0	0	0	0	0	0	0	4	0	4	2	0	1	99
0	0	0	0	0	2	0	0	0	143	0	0	0	0	0	0	2	0	78	0	0	0	0	33	89	0	0	0	2	0	2	8	3	22	4	0	0	0	0	6	0	0	0	1	6	10	0	0	0	0	0	1	109	0	68	117	147	3	0	0	0	2	0	0	0	19	2	48	0	94	1	1	0	0
1	0	0	0	0	24	0	1	0	0	0	0	11	0	0	0	19	0	6	0	0	22	0	0	0	160	0	0	6	0	0	0	93	388	16	0	0	0	0	103	0	0	0	0	0	5	0	0	0	0	0	46	0	0	6	0	1	12	0	0	0	0	0	1	0	0	0	1	0	0	0	1	0	0
1	0	0	0	0	29	0	0	0	0	0	0	0	0	0	0	15	0	0	0	22	0	0	4	0	24	0	0	3	0	0	0	0	101	0	0	0	0	0	0	0	0	0	0	0	0	0	0	0	0	0	31	0	0	0	0	0	0	0	0	0	0	0	0	0	0	0	0	0	0	0	0	0	0
0	0	0	0	0	0	0	0	0	0	0	0	0	0	0	0	0	0	0	0	0	0	0	0	0	0	0	0	0	0	0	0	0	0	0	0	0	0	0	0	0	0	0	0	0	0	0	0	0	0	0	0	0	0	0	0	0	0	0	0	0	0	0	0	0	0	0	0	0	0	0	0	0	0
12	0	0	0	0	0	0	0	0	0	0	0	0	0	0	0	3	0	10	33	0	4	0	0	23	2	0	0	0	0	0	0	13	0	6	0	0	0	0	0	0	0	0	0	8	0	0	0	0	0	0	0	0	0	42	29	0	0	0	0	0	0	0	0	0	0	0	40	0	0	0	0	0	4
1	0	0	0	0	0	0	0	0	0	0	0	0	0	0	0	0	0	0	89	0	0	0	23	0	0	0	0	0	0	1	0	1	1	0	0	0	0	0	0	0	0	0	0	4	0	0	0	0	0	0	0	9	0	11	20	0	0	0	0	0	0	0	0	0	0	0	13	0	0	0	0	0	0
1	0	0	1	0	36	0	0	0	0	0	0	0	0	0	0	15	0	0	0	160	24	0	2	0	0	0	0	13	0	0	0	70	30	18	0	0	0	0	71	0	0	0	0	6	0	0	0	0	0	0	79	2	0	16	10	3	20	0	0	0	0	0	0	0	0	19	7	0	0	10	0	0	0
0	0	0	0	0	0	0	0	0	0	0	0	0	0	0	0	0	0	0	0	0	0	0	0	0	0	0	0	0	0	0	0	0	0	0	0	0	0	0	0	0	0	0	0	0	0	0	0	0	0	0	0	0	0	0	0	0	0	0	0	0	0	0	0	0	0	0	0	0	0	0	0	0	0
0	0	0	0	0	0	0	0	0	0	0	0	0	0	0	0	0	0	0	0	0	0	0	0	0	0	0	0	0	0	0	0	0	0	0	0	0	0	0	0	0	0	0	0	0	0	0	0	0	0	0	0	0	0	0	0	0	0	0	0	0	0	0	0	0	0	0	0	0	0	0	0	0	0
0	1	0	0	0	17	0	0	0	0	0	0	0	1	0	0	4	0	2	2	6	3	0	0	0	13	0	0	0	0	0	0	5	30	5	0	0	0	0	3	0	0	0	0	4	0	0	0	0	0	0	66	0	0	0	1	0	3	18	0	0	0	0	0	0	0	5	2	0	0	0	1	0	0
0	0	0	0	0	0	0	0	0	0	0	0	0	0	0	0	0	0	0	0	0	0	0	0	0	0	0	0	0	0	0	0	0	0	0	0	0	0	0	0	0	0	0	0	0	0	0	0	0	0	0	0	0	0	0	0	0	0	0	0	0	0	0	0	0	56	0	0	0	0	0	0	3	0
0	0	0	0	0	0	0	0	0	2	0	0	0	12	0	0	0	0	0	2	0	0	0	0	1	0	0	0	0	0	0	51	0	0	0	0	0	0	0	0	0	0	0	0	0	0	0	0	0	0	12	0	0	0	0	0	0	0	0	0	0	2	0	0	0	0	0	0	0	0	0	0	0	0
0	0	6	0	854	0	0	1023	0	1	0	0	785	644	0	0	0	0	1	8	0	0	0	0	0	0	0	0	0	0	51	0	0	340	0	0	0	0	0	1090	0	0	1	136	0	633	0	0	0	0	0	0	0	0	0	0	8	13	0	0	1	185	0	1129	0	0	0	0	131	5	2	41	7	0
1	0	0	0	0	28	0	0	0	0	0	0	55	0	0	0	6	0	6	3	93	0	0	13	1	70	0	0	5	0	0	0	0	52	0	0	0	0	0	10	0	0	0	0	0	0	0	0	0	0	0	71	0	0	1	0	2	0	0	1	0	0	0	0	0	0	0	0	0	0	0	0	0	0
1	1	3	0	228	78	0	688	0	0	0	0	664	0	0	0	79	0	24	22	388	101	0	0	1	30	0	0	30	0	0	340	52	0	61	0	0	0	0	515	0	0	0	0	0	422	0	0	0	0	0	210	51	0	25	2	67	666	22	0	0	0	0	0	0	0	370	26	0	28	432	8	0	32
2	1	0	0	0	12	0	0	0	0	0	0	5	0	0	0	3	0	0	4	16	0	0	6	0	18	0	0	5	0	0	0	0	61	0	0	0	0	0	0	0	0	0	0	0	0	0	0	0	0	0	60	0	0	0	0	0	0	8	1	0	0	0	0	0	0	0	0	0	0	0	1	0	0
0	0	0	0	0	0	0	0	0	15	0	0	0	0	1	0	0	0	0	0	0	0	0	0	0	0	0	0	0	0	0	0	0	0	0	0	0	0	0	0	0	0	0	0	0	0	0	0	0	0	0	0	0	0	0	0	0	0	0	0	0	4	0	0	0	56	0	0	0	0	0	0	2	0
0	0	0	0	0	0	0	0	0	0	0	0	0	0	0	0	0	0	0	0	0	0	0	0	0	0	0	0	0	0	0	0	0	0	0	0	0	0	0	0	0	0	0	0	0	0	0	0	0	0	0	0	0	0	0	0	0	0	0	0	0	0	0	0	0	0	0	0	0	0	0	0	0	0
0	0	0	0	0	0	0	0	0	0	0	0	0	0	0	0	0	0	0	0	0	0	0	0	0	0	0	0	0	0	0	0	0	0	0	0	0	0	0	0	0	0	0	0	0	0	0	0	0	0	0	0	0	0	0	0	0	0	0	0	0	0	0	0	0	0	0	0	0	0	0	0	0	0
0	0	0	0	0	0	0	0	0	0	0	0	0	0	0	0	0	0	0	0	0	0	0	0	0	0	0	0	0	0	0	0	0	0	0	0	0	0	0	0	0	0	0	0	0	0	0	0	0	0	0	0	0	0	0	0	0	0	0	0	0	0	0	0	0	0	0	0	0	0	0	0	0	0
0	7	0	0	0	23	0	0	0	0	0	0	132	2	0	0	16	0	0	6	103	0	0	0	0	71	0	0	3	0	0	1090	10	515	0	0	0	0	0	0	0	0	0	0	0	0	0	0	0	0	0	55	0	0	0	0	0	0	0	2	0	0	0	0	0	0	0	0	0	0	0	6	1	0
0	0	0	0	0	0	0	0	0	0	0	0	0	0	0	0	0	0	0	0	0	0	0	0	0	0	0	0	0	0	0	0	0	0	0	0	0	0	0	0	0	0	0	0	0	0	0	0	0	0	0	0	0	0	0	0	0	0	0	0	0	0	0	0	0	0	0	0	0	0	0	0	0	0
0	0	0	0	0	0	0	0	0	0	0	0	0	0	0	0	0	0	0	0	0	0	0	0	0	0	0	0	0	0	0	0	0	0	0	0	0	0	0	0	0	0	0	0	0	0	0	0	0	0	0	0	0	0	0	0	0	0	0	0	0	0	0	0	0	0	0	0	0	0	0	0	0	0
0	0	0	0	0	0	0	0	0	0	0	0	0	1	0	0	0	0	0	0	0	0	0	0	0	0	0	0	0	0	0	1	0	0	0	0	0	0	0	0	0	0	0	1	0	0	0	0	0	0	0	0	0	0	0	0	1	0	0	0	0	1	0	0	0	0	0	0	0	0	0	1	0	0
0	14	0	0	0	2	0	0	0	13	6	0	1	121	0	0	47	0	0	1	0	0	0	0	0	0	0	0	0	0	0	136	0	0	0	0	0	0	0	0	0	0	1	0	0	0	0	0	0	0	0	0	0	0	0	0	0	0	0	0	0	150	0	0	0	0	0	0	2	3	0	14	12	0
0	0	0	0	0	18	0	0	0	0	0	0	0	0	0	0	15	0	0	6	0	0	0	8	4	6	0	0	4	0	0	0	0	0	0	0	0	0	0	0	0	0	0	0	0	0	0	0	0	0	0	27	0	0	0	0	0	0	0	0	0	0	0	0	0	0	0	0	0	0	0	0	2	0
0	5	0	0	0	3	0	0	0	0	0	0	45	2	0	0	16	0	0	10	5	0	0	0	0	0	0	0	0	0	0	633	0	422	0	0	0	0	0	0	0	0	0	0	0	0	0	0	0	0	0	3	0	0	0	0	0	0	0	0	0	30	0	0	0	0	0	0	0	2	0	3	25	0
0	0	0	0	0	0	0	0	0	0	0	0	0	0	0	0	0	0	0	0	0	0	0	0	0	0	0	0	0	0	0	0	0	0	0	0	0	0	0	0	0	0	0	0	0	0	0	0	0	0	0	0	0	0	0	0	0	0	0	0	0	0	0	0	0	0	0	0	0	0	0	0	0	0
0	0	0	0	0	0	0	0	0	0	0	0	0	0	0	0	0	0	0	0	0	0	0	0	0	0	0	0	0	0	0	0	0	0	0	0	0	0	0	0	0	0	0	0	0	0	0	0	0	0	0	0	0	0	0	0	0	0	0	0	0	0	0	0	0	0	0	0	0	0	0	0	0	0
0	0	0	0	0	0	0	0	0	0	0	0	0	0	0	0	0	0	0	0	0	0	0	0	0	0	0	0	0	0	0	0	0	0	0	0	0	0	0	0	0	0	0	0	0	0	0	0	0	0	0	0	0	0	0	0	0	0	0	0	0	0	0	0	0	0	0	0	0	0	0	0	0	0
0	0	0	0	0	0	0	0	1	0	0	0	0	9	0	0	0	0	0	0	0	0	0	0	0	0	0	0	0	0	0	0	0	0	0	0	0	0	0	0	0	0	0	0	0	0	0	0	0	0	0	0	0	0	0	0	0	0	0	0	0	0	0	0	0	0	0	0	0	0	0	0	0	0
0	0	0	0	0	0	0	0	0	0	0	0	0	0	0	0	0	0	0	0	0	0	0	0	0	0	0	0	0	0	12	0	0	0	0	0	0	0	0	0	0	0	0	0	0	0	0	0	0	0	0	0	0	0	0	0	0	0	0	0	0	0	0	0	0	0	0	0	0	0	0	0	0	0
3	0	0	0	0	99	0	0	0	0	0	0	1	0	0	0	32	0	1	1	46	31	0	0	0	79	0	0	66	0	0	0	71	210	60	0	0	0	0	55	0	0	0	0	27	3	0	0	0	0	0	0	2	0	10	1	2	25	0	0	0	0	0	0	0	0	46	2	0	0	9	1	0	0
0	0	0	0	0	1	0	0	0	123	0	0	0	0	0	0	0	0	2	109	0	0	0	0	9	2	0	0	0	0	0	0	0	51	0	0	0	0	0	0	0	0	0	0	0	0	0	0	0	0	0	2	0	0	0	0	54	0	0	0	0	0	0	0	0	0	0	0	0	1	0	0	0	52
0	0	0	0	0	0	0	0	0	0	0	0	0	0	0	0	0	0	0	0	0	0	0	0	0	0	0	0	0	0	0	0	0	0	0	0	0	0	0	0	0	0	0	0	0	0	0	0	0	0	0	0	0	0	0	0	0	0	0	0	0	0	0	0	0	0	0	0	0	0	0	0	0	0
6	0	0	0	0	10	0	0	0	0	0	0	0	0	0	0	9	0	0	68	6	0	0	42	11	16	0	0	0	0	0	0	1	25	0	0	0	0	0	0	0	0	0	0	0	0	0	0	0	0	0	10	0	0	0	3	0	0	0	0	0	0	0	0	0	0	0	0	0	0	0	0	1	0
0	0	0	0	0	6	0	0	0	0	0	0	2	9	0	0	0	0	0	117	0	0	0	29	20	10	0	0	1	0	0	0	0	2	0	0	0	0	0	0	0	0	0	0	0	0	0	0	0	0	0	1	0	0	3	0	26	0	0	0	0	0	0	0	0	0	0	0	0	13	0	0	0	0
0	2	41	0	0	11	0	0	0	119	0	0	14	15	0	0	13	0	54	147	1	0	0	0	0	3	0	0	0	0	0	8	2	67	0	0	0	0	0	0	0	0	1	0	0	0	0	0	0	0	0	2	54	0	0	26	0	0	14	0	0	49	0	0	0	6	0	0	1	55	0	2	18	4
0	0	0	0	0	22	0	0	0	0	0	0	0	0	0	0	14	0	2	3	12	0	0	0	0	20	0	0	3	0	0	13	0	666	0	0	0	0	0	0	0	0	0	0	0	0	0	0	0	0	0	25	0	0	0	0	0	0	8	0	0	4	0	0	0	2	0	0	0	0	0	0	9	15
0	0	0	0	0	0	0	0	0	0	0	0	3	10	0	0	0	0	24	0	0	0	0	0	0	0	0	0	18	0	0	0	0	22	8	0	0	0	0	0	0	0	0	0	0	0	0	0	0	0	0	0	0	0	0	0	14	8	0	0	0	0	0	0	0	0	22	0	0	2	16	0	0	0
0	0	0	0	0	0	0	0	0	0	0	0	0	0	0	0	0	0	0	0	0	0	0	0	0	0	0	0	0	0	0	0	1	0	1	0	0	0	0	2	0	0	0	0	0	0	0	0	0	0	0	0	0	0	0	0	0	0	0	0	0	0	0	0	0	0	0	0	0	0	0	0	0	0
0	12	0	0	0	0	0	0	0	3	0	0	0	112	0	0	11	0	0	0	0	0	0	0	0	0	0	0	0	0	0	1	0	0	0	0	0	0	0	0	0	0	0	0	0	0	0	0	0	0	0	0	0	0	0	0	0	0	0	0	0	32	0	0	0	0	0	0	0	1	0	12	2	0
0	7	13	1	72	3	0	0	0	17	6	0	0	212	0	0	87	0	0	2	0	0	0	0	0	0	0	0	0	0	2	185	0	0	0	4	0	0	0	0	0	0	1	150	0	30	0	0	0	0	0	0	0	0	0	0	49	4	0	0	32	0	0	0	0	0	0	0	28	27	0	20	47	0
0	0	0	0	0	0	0	0	0	0	0	0	0	0	0	0	0	0	0	0	0	0	0	0	0	0	0	0	0	0	0	0	0	0	0	0	0	0	0	0	0	0	0	0	0	0	0	0	0	0	0	0	0	0	0	0	0	0	0	0	0	0	0	0	0	0	0	0	0	0	0	0	0	0
0	2	0	0	0	0	0	0	0	0	0	0	0	13	0	0	0	0	0	0	1	0	0	0	0	0	0	0	0	0	0	1129	0	0	0	0	0	0	0	0	0	0	0	0	0	0	0	0	0	0	0	0	0	0	0	0	0	0	0	0	0	0	0	0	0	0	0	0	0	0	0	0	0	0
0	0	0	0	0	0	0	0	0	0	0	0	0	0	0	0	0	0	0	0	0	0	0	0	0	0	0	0	0	0	0	0	0	0	0	0	0	0	0	0	0	0	0	0	0	0	0	0	0	0	0	0	0	0	0	0	0	0	0	0	0	0	0	0	0	0	0	0	0	0	0	0	0	0
0	0	1	32	0	0	0	0	0	83	0	0	0	0	0	0	0	0	0	19	0	0	0	0	0	0	0	0	0	56	0	0	0	0	0	56	0	0	0	0	0	0	0	0	0	0	0	0	0	0	0	0	0	0	0	0	6	2	0	0	0	0	0	0	0	0	0	0	0	0	0	0	0	0
2	0	0	0	0	9	0	0	0	0	0	0	0	1	0	0	10	0	0	2	0	0	0	0	0	19	0	0	5	0	0	0	0	370	0	0	0	0	0	0	0	0	0	0	0	0	0	0	0	0	0	46	0	0	0	0	0	0	22	0	0	0	0	0	0	0	0	0	0	0	0	0	0	12
5	0	0	0	0	2	0	0	0	0	0	0	0	0	0	0	19	0	4	48	1	0	0	40	13	7	0	0	2	0	0	0	0	26	0	0	0	0	0	0	0	0	0	0	0	0	0	0	0	0	0	2	0	0	0	0	0	0	0	0	0	0	0	0	0	0	0	0	0	0	0	0	0	42
0	0	0	0	0	0	0	0	0	0	0	0	0	0	0	0	0	0	0	0	0	0	0	0	0	0	0	0	0	0	0	131	0	0	0	0	0	0	0	0	0	0	0	2	0	0	0	0	0	0	0	0	0	0	0	0	1	0	0	0	0	28	0	0	0	0	0	0	0	1	0	1	0	0
0	6	3	0	1	0	0	0	0	107	0	0	1	8	0	0	0	0	4	94	0	0	0	0	0	0	0	0	0	0	0	5	0	28	0	0	0	0	0	0	0	0	0	3	0	2	0	0	0	0	0	0	1	0	0	13	55	0	2	0	1	27	0	0	0	0	0	0	1	0	0	6	0	1
0	2	0	0	0	5	0	0	0	0	0	0	76	1	0	0	0	0	2	1	0	0	0	0	0	10	0	0	0	0	0	2	0	432	0	0	0	0	0	0	0	0	0	0	0	0	0	0	0	0	0	9	0	0	0	0	0	0	16	0	0	0	0	0	0	0	0	0	0	0	0	0	1	0
0	0	0	0	20	1	0	2	0	2	0	0	2	10	0	0	2	0	0	1	1	0	0	0	0	0	0	0	1	0	0	41	0	8	1	0	0	0	0	6	0	0	1	14	0	3	0	0	0	0	0	1	0	0	0	0	2	0	0	0	12	20	0	0	0	0	0	0	1	6	0	0	9	0
0	1	13	16	32	4	0	0	0	0	0	0	0	8	0	0	3	0	1	0	0	0	0	0	0	0	0	0	0	3	0	7	0	0	0	2	0	0	0	1	0	0	0	12	2	25	0	0	0	0	0	0	0	0	1	0	18	9	0	0	2	47	0	0	0	0	0	0	0	0	1	9	0	0
1	0	0	0	0	0	0	0	0	0	0	0	0	0	0	0	0	0	99	0	0	0	0	4	0	0	0	0	0	0	0	0	0	32	0	0	0	0	0	0	0	0	0	0	0	0	0	0	0	0	0	0	52	0	0	0	4	15	0	0	0	0	0	0	0	0	12	42	0	1	0	0	0	0
