0	3	0	0	0	0	0	0	0	0	0	0	0	0	0	0	20	0	0	0	2	107	0	5	5	1	0	0	17	0	0	0	0	3	32	0	0	0	11	20	0	0	0	0	0	7	0	0	0	0	0	14	2	0	114	5	0	19	4	0	0	0	0	0	0	0	59	0	0	0	0	0	4	0
3	0	8	1	175	0	0	0	0	0	0	0	0	6	2	63	7	0	17	0	2	2	0	0	1	0	1	0	0	0	1	0	16	125	4	0	0	0	2	209	0	0	132	0	0	1	15	0	0	0	0	0	0	0	1	5	15	56	30	0	0	0	0	13	0	0	1	0	0	1	21	115	174	0
0	8	0	0	0	0	0	0	0	0	0	0	0	24	11	0	0	0	0	0	4	0	0	0	0	0	46	0	0	14	0	0	0	0	1	14	0	0	3	2	1	0	0	20	0	0	20	0	0	0	0	0	0	0	1	0	40	7	1	0	0	13	0	0	0	0	0	0	0	8	0	3	0	1
0	1	0	0	0	0	0	0	0	63	0	0	0	0	0	0	0	0	0	0	0	0	0	0	0	0	25	0	0	20	13	0	0	2	0	0	0	0	0	0	0	0	0	0	0	0	0	0	0	0	20	0	0	0	1	0	0	0	0	0	0	2	0	0	0	0	0	0	0	0	0	0	0	0
0	175	0	0	0	0	0	0	0	0	1	0	0	4	5	15	0	0	2	0	1	0	0	0	0	0	0	0	0	0	0	0	4	7	0	0	0	0	7	20	0	0	6	1	0	4	0	0	0	0	0	0	0	0	5	0	1	5	4	0	0	87	0	3	0	0	0	0	0	0	10	11	90	0
0	0	0	0	0	0	0	0	0	0	0	0	0	0	0	0	0	0	0	0	0	0	0	0	0	0	0	0	0	0	0	0	0	0	0	0	0	0	0	0	0	0	0	0	0	0	0	0	0	0	0	0	0	0	0	0	0	0	0	0	0	0	0	0	0	0	0	0	0	0	0	0	0	0
0	0	0	0	0	0	0	0	0	0	16	0	0	0	14	0	0	0	0	0	0	0	0	0	0	0	0	0	0	66	0	0	0	0	2	63	0	0	0	0	0	0	0	5	0	0	0	0	0	0	0	0	0	0	0	0	0	0	0	0	0	1	0	0	0	0	0	0	0	0	0	0	4	0
0	0	0	0	0	0	0	0	0	0	0	0	0	0	0	0	0	0	0	0	0	0	0	0	0	0	0	0	0	0	0	0	0	0	0	0	0	0	0	0	0	0	0	0	0	0	0	0	0	0	0	0	0	0	0	0	0	0	0	0	0	0	0	0	0	0	0	0	0	0	0	0	0	0
0	0	0	0	0	0	0	0	0	0	0	0	0	0	0	0	0	0	0	0	0	0	0	0	0	0	0	0	0	0	0	0	0	0	0	0	0	0	0	0	0	0	0	0	0	0	0	0	0	0	0	0	0	0	0	0	0	0	0	0	0	0	0	0	0	0	0	0	0	0	0	0	0	0
0	0	0	63	0	0	0	0	0	0	0	0	0	3	0	0	0	0	0	0	0	0	0	0	0	0	0	0	0	0	2	0	0	0	0	0	0	0	0	0	0	0	0	0	0	0	0	0	0	0	3	0	0	0	0	0	0	0	0	0	0	0	0	0	0	0	0	0	0	1	0	0	0	0
0	0	0	0	1	0	16	0	0	0	0	0	0	0	0	1	0	0	1	0	0	0	0	0	0	0	0	0	0	0	0	0	0	0	1	0	0	0	0	0	3	0	0	16	0	0	0	0	0	0	0	0	0	0	0	0	5	1	0	0	0	18	0	0	0	0	0	0	0	17	1	13	0	0
0	0	0	0	0	0	0	0	0	0	0	0	0	0	0	0	0	0	0	0	0	0	0	0	0	0	0	0	0	0	0	0	0	0	0	0	0	0	0	0	0	0	0	0	0	0	0	0	0	0	0	0	0	0	0	0	0	0	0	0	0	0	0	0	0	0	0	0	0	0	0	0	0	0
0	0	0	0	0	0	0	0	0	0	0	0	0	0	0	0	0	0	0	0	0	0	0	0	0	0	0	0	0	0	0	0	0	0	0	0	0	0	0	0	0	0	0	0	0	0	0	0	0	0	0	0	0	0	0	0	0	0	0	0	0	0	0	0	0	0	0	0	0	0	0	0	0	0
0	6	24	0	4	0	0	0	0	3	0	0	0	0	1	0	0	0	1	0	10	0	0	0	0	0	3	0	8	0	2	0	0	6	10	0	0	0	18	16	4	0	0	17	0	0	23	0	0	0	0	0	0	0	10	36	7	14	14	0	0	109	0	0	0	0	0	0	0	3	1	8	0	0
0	2	11	0	5	0	14	0	0	0	0	0	0	1	0	1	1	0	18	0	19	0	0	0	0	1	2	0	1	1	0	0	0	1	1	178	0	0	1	2	44	4	75	117	0	1	2	0	0	0	0	0	9	0	3	0	20	3	7	0	0	3	0	0	0	0	0	0	0	1	4	7	2	1
0	63	0	0	15	0	0	0	0	0	1	0	0	0	1	0	0	0	0	0	0	0	0	0	0	0	0	0	0	0	0	0	0	0	0	0	0	0	0	0	0	0	0	0	0	0	0	0	0	0	0	0	0	0	0	0	0	0	0	0	0	14	0	0	0	0	0	0	0	0	0	0	4	0
20	7	0	0	0	0	0	0	0	0	0	0	0	0	1	0	0	0	7	0	162	33	0	3	0	108	0	0	48	0	0	0	83	54	74	0	0	0	171	109	3	0	1	0	0	3	0	0	0	1	0	204	72	0	10	2	5	21	3	0	0	1	0	0	0	0	95	0	0	0	1	0	0	2
0	0	0	0	0	0	0	0	0	0	0	0	0	0	0	0	0	0	0	0	0	0	0	0	0	0	0	0	0	0	0	0	0	0	0	0	0	0	0	0	0	0	0	0	0	0	0	0	0	0	0	0	0	0	0	0	0	0	0	0	0	0	0	0	0	0	0	0	0	0	0	0	0	0
0	17	0	0	2	0	0	0	0	0	1	0	0	1	18	0	7	0	0	0	0	0	0	0	0	4	0	0	41	0	1	0	7	0	2	0	0	0	0	3	0	0	4	2	0	0	0	0	0	0	0	4	0	0	0	2	2	21	8	0	0	2	0	0	0	0	0	0	0	0	0	0	0	0
0	0	0	0	0	0	0	0	0	0	0	0	0	0	0	0	0	0	0	0	0	0	0	0	0	0	0	0	0	0	0	0	0	0	0	0	0	0	0	0	0	0	0	0	0	0	0	0	0	0	0	0	0	0	0	3	0	0	0	0	0	0	0	0	0	0	0	0	0	6	0	0	0	0
2	2	4	0	1	0	0	0	0	0	0	0	0	10	19	0	162	0	0	0	0	0	0	0	0	102	0	0	9	0	3	0	88	14	14	0	0	0	199	98	5	0	0	0	0	17	0	0	0	0	0	77	46	0	10	2	0	16	0	0	0	2	0	0	0	0	0	0	0	0	0	1	0	0
107	2	0	0	0	0	0	0	0	0	0	0	0	0	0	0	33	0	0	0	0	0	0	0	0	8	0	0	24	0	5	0	1	0	2	0	0	0	0	0	0	0	0	0	0	0	0	0	0	0	0	14	0	0	76	0	0	3	0	0	0	0	0	0	0	0	1	2	0	0	0	0	0	0
0	0	0	0	0	0	0	0	0	0	0	0	0	0	0	0	0	0	0	0	0	0	0	0	0	0	0	0	0	0	0	0	0	0	0	0	0	0	0	0	0	0	0	0	0	0	0	0	0	0	0	0	0	0	0	0	0	0	0	0	0	0	0	0	0	0	0	0	0	0	0	0	0	0
5	0	0	0	0	0	0	0	0	0	0	0	0	0	0	0	3	0	0	0	0	0	0	0	9	7	0	0	3	0	1	0	0	0	0	0	0	0	0	0	0	0	0	0	0	0	0	0	0	0	0	0	0	0	0	0	0	3	0	0	0	0	0	0	0	0	0	0	0	0	0	0	0	0
5	1	0	0	0	0	0	0	0	0	0	0	0	0	0	0	0	0	0	0	0	0	0	9	0	4	0	0	0	0	0	0	0	0	0	0	0	0	0	0	0	0	0	0	0	0	0	0	0	0	0	0	0	0	0	0	0	1	0	0	0	0	0	0	0	0	0	0	0	0	0	0	0	0
1	0	0	0	0	0	0	0	0	0	0	0	0	0	1	0	108	0	4	0	102	8	0	7	4	0	0	0	2	0	2	0	75	8	8	0	0	0	138	141	2	0	3	0	0	11	0	0	0	0	0	70	60	0	10	7	3	33	8	0	0	1	0	0	0	0	39	0	0	0	21	6	0	0
0	1	46	25	0	0	0	0	0	0	0	0	0	3	2	0	0	0	0	0	0	0	0	0	0	0	0	0	0	319	0	0	0	0	0	43	0	0	0	0	27	0	0	2	0	0	4	0	0	0	0	0	0	0	1	0	5	11	2	0	0	6	0	0	0	0	0	0	0	0	0	0	1	0
0	0	0	0	0	0	0	0	0	0	0	0	0	0	0	0	0	0	0	0	0	0	0	0	0	0	0	0	0	0	0	0	0	0	0	0	0	0	0	0	0	0	0	0	0	0	0	0	0	0	0	0	0	0	0	0	0	0	0	0	0	0	0	0	0	0	0	0	0	0	0	0	0	0
17	0	0	0	0	0	0	0	0	0	0	0	0	8	1	0	48	0	41	0	9	24	0	3	0	2	0	0	0	0	5	0	33	10	115	0	0	0	17	113	2	0	62	0	0	11	0	0	0	0	0	41	7	0	3	30	8	112	109	0	0	0	0	0	0	0	50	0	0	0	5	12	0	0
0	0	14	20	0	0	66	0	0	0	0	0	0	0	1	0	0	0	0	0	0	0	0	0	0	0	319	0	0	0	0	0	0	0	0	183	0	0	0	0	104	0	0	4	0	0	0	0	0	0	0	0	0	0	0	0	3	2	0	0	0	0	0	0	0	0	0	0	0	1	0	2	0	0
0	1	0	13	0	0	0	0	0	2	0	0	0	2	0	0	0	0	1	0	3	5	0	1	0	2	0	0	5	0	0	0	0	22	1	0	0	0	0	1	0	0	0	1	0	0	0	0	0	0	188	0	17	0	0	2	15	3	0	0	0	1	0	0	0	0	7	0	0	9	0	2	0	6
0	0	0	0	0	0	0	0	0	0	0	0	0	0	0	0	0	0	0	0	0	0	0	0	0	0	0	0	0	0	0	0	0	0	0	0	0	0	0	0	0	0	0	0	0	0	0	0	0	0	0	0	0	0	0	0	0	0	0	0	0	0	0	0	0	0	0	0	0	0	0	0	0	0
0	16	0	0	4	0	0	0	0	0	0	0	0	0	0	0	83	0	7	0	88	1	0	0	0	75	0	0	33	0	0	0	0	5	23	0	0	0	65	36	2	0	3	0	0	0	0	0	0	0	0	57	11	0	4	0	1	11	2	0	0	0	0	0	0	0	1	0	0	0	0	0	1	0
3	125	0	2	7	0	0	0	0	0	0	0	0	6	1	0	54	0	0	0	14	0	0	0	0	8	0	0	10	0	22	0	5	0	5	0	0	0	28	7	0	0	4	0	0	0	0	0	0	0	0	57	1	0	3	1	0	100	0	0	0	1	0	0	0	0	0	0	0	0	0	0	48	0
32	4	1	0	0	0	2	0	0	0	1	0	0	10	1	0	74	0	2	0	14	2	0	0	0	8	0	0	115	0	1	0	23	5	0	0	0	0	32	17	2	0	13	2	0	11	0	0	0	0	0	41	2	0	1	15	4	139	25	0	0	20	0	0	0	0	14	0	0	0	5	1	4	0
0	0	14	0	0	0	63	0	0	0	0	0	0	0	178	0	0	0	0	0	0	0	0	0	0	0	43	0	0	183	0	0	0	0	0	0	0	0	0	0	69	0	0	75	0	0	1	0	0	0	0	0	0	0	0	0	2	3	7	0	0	0	0	0	0	0	0	0	0	0	1	1	11	0
0	0	0	0	0	0	0	0	0	0	0	0	0	0	0	0	0	0	0	0	0	0	0	0	0	0	0	0	0	0	0	0	0	0	0	0	0	0	0	0	0	0	0	0	0	0	0	0	0	0	0	0	0	0	0	0	0	0	0	0	0	0	0	0	0	0	0	0	0	0	0	0	0	0
0	0	0	0	0	0	0	0	0	0	0	0	0	0	0	0	0	0	0	0	0	0	0	0	0	0	0	0	0	0	0	0	0	0	0	0	0	0	0	0	0	0	0	0	0	0	0	0	0	0	0	0	0	0	0	0	0	0	0	0	0	0	0	0	0	0	0	0	0	0	0	0	0	0
11	2	3	0	7	0	0	0	0	0	0	0	0	18	1	0	171	0	0	0	199	0	0	0	0	138	0	0	17	0	0	0	65	28	32	0	0	0	0	67	3	0	0	0	0	0	0	0	0	0	0	110	30	0	7	4	4	12	1	0	0	1	0	0	0	0	0	0	0	0	0	1	0	0
20	209	2	0	20	0	0	0	0	0	0	0	0	16	2	0	109	0	3	0	98	0	0	0	0	141	0	0	113	0	1	0	36	7	17	0	0	0	67	0	2	0	9	1	0	2	0	0	0	0	0	39	2	0	2	6	1	26	0	0	0	2	0	0	0	0	0	0	0	0	1	8	0	2
0	0	1	0	0	0	0	0	0	0	3	0	0	4	44	0	3	0	0	0	5	0	0	0	0	2	27	0	2	104	0	0	2	0	2	69	0	0	3	2	0	0	0	1	0	0	0	0	0	0	0	4	0	0	0	1	2	2	0	0	0	7	0	0	0	0	0	0	0	0	0	0	11	0
0	0	0	0	0	0	0	0	0	0	0	0	0	0	4	0	0	0	0	0	0	0	0	0	0	0	0	0	0	0	0	0	0	0	0	0	0	0	0	0	0	0	0	0	0	0	0	0	0	0	0	0	0	0	0	0	1	0	1	0	0	0	0	0	0	0	0	0	0	0	0	0	0	0
0	132	0	0	6	0	0	0	0	0	0	0	0	0	75	0	1	0	4	0	0	0	0	0	0	3	0	0	62	0	0	0	3	4	13	0	0	0	0	9	0	0	0	0	0	0	0	0	0	0	0	1	1	0	3	4	1	158	13	0	0	3	0	0	0	0	4	0	0	0	2	0	1	0
0	0	20	0	1	0	5	0	0	0	16	0	0	17	117	0	0	0	2	0	0	0	0	0	0	0	2	0	0	4	1	0	0	0	2	75	0	0	0	1	1	0	0	0	0	0	0	0	0	0	0	0	1	0	5	0	3	12	0	0	0	73	0	0	0	0	0	0	0	3	0	1	14	1
0	0	0	0	0	0	0	0	0	0	0	0	0	0	0	0	0	0	0	0	0	0	0	0	0	0	0	0	0	0	0	0	0	0	0	0	0	0	0	0	0	0	0	0	0	0	0	0	0	0	0	0	0	0	0	0	0	0	0	0	0	0	0	0	0	0	0	0	0	0	0	0	0	0
7	1	0	0	4	0	0	0	0	0	0	0	0	0	1	0	3	0	0	0	17	0	0	0	0	11	0	0	11	0	0	0	0	0	11	0	0	0	0	2	0	0	0	0	0	0	0	0	0	0	0	0	0	0	0	3	0	7	0	0	0	0	0	0	0	0	0	0	0	0	0	0	10	0
0	15	20	0	0	0	0	0	0	0	0	0	0	23	2	0	0	0	0	0	0	0	0	0	0	0	4	0	0	0	0	0	0	0	0	1	0	0	0	0	0	0	0	0	0	0	0	0	0	0	0	0	0	0	0	0	1	4	8	0	0	3	0	0	0	0	0	0	0	0	0	0	20	0
0	0	0	0	0	0	0	0	0	0	0	0	0	0	0	0	0	0	0	0	0	0	0	0	0	0	0	0	0	0	0	0	0	0	0	0	0	0	0	0	0	0	0	0	0	0	0	0	0	0	0	0	0	0	0	0	0	0	0	0	0	0	0	0	0	0	0	0	0	0	0	0	0	0
0	0	0	0	0	0	0	0	0	0	0	0	0	0	0	0	0	0	0	0	0	0	0	0	0	0	0	0	0	0	0	0	0	0	0	0	0	0	0	0	0	0	0	0	0	0	0	0	0	0	0	0	0	0	0	0	0	0	0	0	0	0	0	0	0	0	0	0	0	0	0	0	0	0
0	0	0	0	0	0	0	0	0	0	0	0	0	0	0	0	1	0	0	0	0	0	0	0	0	0	0	0	0	0	0	0	0	0	0	0	0	0	0	0	0	0	0	0	0	0	0	0	0	0	0	0	0	0	0	0	0	0	0	0	0	0	0	0	0	0	0	0	0	0	0	0	0	0
0	0	0	20	0	0	0	0	0	3	0	0	0	0	0	0	0	0	0	0	0	0	0	0	0	0	0	0	0	0	188	0	0	0	0	0	0	0	0	0	0	0	0	0	0	0	0	0	0	0	0	0	0	0	0	0	0	0	0	0	0	0	0	0	0	0	0	0	0	0	0	0	0	0
14	0	0	0	0	0	0	0	0	0	0	0	0	0	0	0	204	0	4	0	77	14	0	0	0	70	0	0	41	0	0	0	57	57	41	0	0	0	110	39	4	0	1	0	0	0	0	0	0	0	0	0	70	0	8	0	10	7	0	0	0	1	0	0	0	0	70	0	0	0	0	3	0	0
2	0	0	0	0	0	0	0	0	0	0	0	0	0	9	0	72	0	0	0	46	0	0	0	0	60	0	0	7	0	17	0	11	1	2	0	0	0	30	2	0	0	1	1	0	0	0	0	0	0	0	70	0	0	2	1	2	43	0	0	0	0	0	0	0	0	1	0	0	6	0	0	0	0
0	0	0	0	0	0	0	0	0	0	0	0	0	0	0	0	0	0	0	0	0	0	0	0	0	0	0	0	0	0	0	0	0	0	0	0	0	0	0	0	0	0	0	0	0	0	0	0	0	0	0	0	0	0	0	0	0	0	0	0	0	0	0	0	0	0	0	0	0	0	0	0	0	0
114	1	1	1	5	0	0	0	0	0	0	0	0	10	3	0	10	0	0	0	10	76	0	0	0	10	1	0	3	0	0	0	4	3	1	0	0	0	7	2	0	0	3	5	0	0	0	0	0	0	0	8	2	0	0	37	1	4	2	0	0	28	0	0	0	0	2	0	0	0	0	3	12	0
5	5	0	0	0	0	0	0	0	0	0	0	0	36	0	0	2	0	2	3	2	0	0	0	0	7	0	0	30	0	2	0	0	1	15	0	0	0	4	6	1	0	4	0	0	3	0	0	0	0	0	0	1	0	37	0	7	36	6	0	0	0	0	0	0	0	1	0	0	8	0	1	0	2
0	15	40	0	1	0	0	0	0	0	5	0	0	7	20	0	5	0	2	0	0	0	0	0	0	3	5	0	8	3	15	0	1	0	4	2	0	0	4	1	2	1	1	3	0	0	1	0	0	0	0	10	2	0	1	7	0	11	12	0	0	39	0	0	0	0	2	0	0	10	1	4	5	0
19	56	7	0	5	0	0	0	0	0	1	0	0	14	3	0	21	0	21	0	16	3	0	3	1	33	11	0	112	2	3	0	11	100	139	3	0	0	12	26	2	0	158	12	0	7	4	0	0	0	0	7	43	0	4	36	11	0	156	0	0	33	0	0	0	0	140	0	0	1	0	28	1	41
4	30	1	0	4	0	0	0	0	0	0	0	0	14	7	0	3	0	8	0	0	0	0	0	0	8	2	0	109	0	0	0	2	0	25	7	0	0	1	0	0	1	13	0	0	0	8	0	0	0	0	0	0	0	2	6	12	156	0	0	0	1	0	0	0	0	28	0	0	14	0	0	17	0
0	0	0	0	0	0	0	0	0	0	0	0	0	0	0	0	0	0	0	0	0	0	0	0	0	0	0	0	0	0	0	0	0	0	0	0	0	0	0	0	0	0	0	0	0	0	0	0	0	0	0	0	0	0	0	0	0	0	0	0	0	0	0	0	0	0	0	0	0	0	0	0	0	0
0	0	0	0	0	0	0	0	0	0	0	0	0	0	0	0	0	0	0	0	0	0	0	0	0	0	0	0	0	0	0	0	0	0	0	0	0	0	0	0	0	0	0	0	0	0	0	0	0	0	0	0	0	0	0	0	0	0	0	0	0	0	0	0	0	0	0	0	0	0	0	0	0	0
0	0	13	2	87	0	1	0	0	0	18	0	0	109	3	14	1	0	2	0	2	0	0	0	0	1	6	0	0	0	1	0	0	1	20	0	0	0	1	2	7	0	3	73	0	0	3	0	0	0	0	1	0	0	28	0	39	33	1	0	0	0	0	1	0	0	0	0	0	0	1	20	60	11
0	0	0	0	0	0	0	0	0	0	0	0	0	0	0	0	0	0	0	0	0	0	0	0	0	0	0	0	0	0	0	0	0	0	0	0	0	0	0	0	0	0	0	0	0	0	0	0	0	0	0	0	0	0	0	0	0	0	0	0	0	0	0	0	0	0	0	0	0	0	0	0	0	0
0	13	0	0	3	0	0	0	0	0	0	0	0	0	0	0	0	0	0	0	0	0	0	0	0	0	0	0	0	0	0	0	0	0	0	0	0	0	0	0	0	0	0	0	0	0	0	0	0	0	0	0	0	0	0	0	0	0	0	0	0	1	0	0	0	0	0	0	0	0	0	0	22	0
0	0	0	0	0	0	0	0	0	0	0	0	0	0	0	0	0	0	0	0	0	0	0	0	0	0	0	0	0	0	0	0	0	0	0	0	0	0	0	0	0	0	0	0	0	0	0	0	0	0	0	0	0	0	0	0	0	0	0	0	0	0	0	0	0	0	0	0	0	0	0	0	0	0
0	0	0	0	0	0	0	0	0	0	0	0	0	0	0	0	0	0	0	0	0	0	0	0	0	0	0	0	0	0	0	0	0	0	0	0	0	0	0	0	0	0	0	0	0	0	0	0	0	0	0	0	0	0	0	0	0	0	0	0	0	0	0	0	0	0	0	0	0	0	0	0	0	0
59	1	0	0	0	0	0	0	0	0	0	0	0	0	0	0	95	0	0	0	0	1	0	0	0	39	0	0	50	0	7	0	1	0	14	0	0	0	0	0	0	0	4	0	0	0	0	0	0	0	0	70	1	0	2	1	2	140	28	0	0	0	0	0	0	0	0	0	0	0	0	0	0	0
0	0	0	0	0	0	0	0	0	0	0	0	0	0	0	0	0	0	0	0	0	2	0	0	0	0	0	0	0	0	0	0	0	0	0	0	0	0	0	0	0	0	0	0	0	0	0	0	0	0	0	0	0	0	0	0	0	0	0	0	0	0	0	0	0	0	0	0	0	0	0	0	0	0
0	0	0	0	0	0	0	0	0	0	0	0	0	0	0	0	0	0	0	0	0	0	0	0	0	0	0	0	0	0	0	0	0	0	0	0	0	0	0	0	0	0	0	0	0	0	0	0	0	0	0	0	0	0	0	0	0	0	0	0	0	0	0	0	0	0	0	0	0	0	0	0	0	0
0	1	8	0	0	0	0	0	0	1	17	0	0	3	1	0	0	0	0	6	0	0	0	0	0	0	0	0	0	1	9	0	0	0	0	0	0	0	0	0	0	0	0	3	0	0	0	0	0	0	0	0	6	0	0	8	10	1	14	0	0	0	0	0	0	0	0	0	0	0	0	0	0	0
0	21	0	0	10	0	0	0	0	0	1	0	0	1	4	0	1	0	0	0	0	0	0	0	0	21	0	0	5	0	0	0	0	0	5	1	0	0	0	1	0	0	2	0	0	0	0	0	0	0	0	0	0	0	0	0	1	0	0	0	0	1	0	0	0	0	0	0	0	0	0	0	0	0
0	115	3	0	11	0	0	0	0	0	13	0	0	8	7	0	0	0	0	0	1	0	0	0	0	6	0	0	12	2	2	0	0	0	1	1	0	0	1	8	0	0	0	1	0	0	0	0	0	0	0	3	0	0	3	1	4	28	0	0	0	20	0	0	0	0	0	0	0	0	0	0	5	0
4	174	0	0	90	0	4	0	0	0	0	0	0	0	2	4	0	0	0	0	0	0	0	0	0	0	1	0	0	0	0	0	1	48	4	11	0	0	0	0	11	0	1	14	0	10	20	0	0	0	0	0	0	0	12	0	5	1	17	0	0	60	0	22	0	0	0	0	0	0	0	5	0	0
0	0	1	0	0	0	0	0	0	0	0	0	0	0	1	0	2	0	0	0	0	0	0	0	0	0	0	0	0	0	6	0	0	0	0	0	0	0	0	2	0	0	0	1	0	0	0	0	0	0	0	0	0	0	0	2	0	41	0	0	0	11	0	0	0	0	0	0	0	0	0	0	0	0
