0	0	0	0	0	2	0	0	0	0	0	0	0	0	0	0	3	0	5	0	0	22	0	39	0	0	0	0	8	0	1	0	0	0	13	0	0	0	0	0	0	0	0	0	1	0	0	0	0	0	0	106	0	0	48	0	0	0	0	0	0	0	0	0	0	0	0	2	0	0	0	0	0	0
0	0	0	0	12	0	0	0	0	1	0	0	0	11	0	0	0	0	0	0	0	0	0	0	0	0	0	0	0	0	0	0	3	0	0	0	0	3	0	0	0	0	0	17	0	0	0	0	0	0	0	0	0	0	0	0	1	1	5	0	14	18	0	0	0	5	0	0	0	0	1	0	7	0
0	0	0	0	0	7	0	0	0	73	0	0	2	31	35	0	5	14	0	0	0	0	0	0	0	0	7	0	18	0	0	0	0	0	0	0	0	0	0	0	0	0	0	0	0	0	0	0	0	0	0	0	0	0	0	0	9	0	0	0	0	0	0	0	0	0	0	0	0	0	0	0	4	0
0	0	0	0	0	0	0	0	0	0	0	0	0	0	5	0	0	0	0	3	0	0	0	0	0	0	7	0	0	482	4	0	0	0	0	0	0	0	0	0	0	0	0	0	0	0	0	0	0	0	0	0	0	0	0	0	0	0	0	0	0	0	0	0	0	0	0	0	0	0	0	0	0	0
0	12	0	0	0	0	0	0	0	25	0	0	10	2	1	0	0	0	0	1	0	0	0	0	0	0	0	0	0	0	0	0	0	68	0	0	0	0	0	0	0	0	0	0	0	0	0	0	0	0	0	0	0	0	0	0	0	0	0	0	0	0	0	0	0	0	0	0	0	0	0	12	1	0
2	0	7	0	0	0	0	0	0	0	0	0	3	0	0	0	327	0	86	0	151	2	2	3	0	133	0	0	124	0	3	0	28	30	134	0	0	0	0	208	0	0	0	0	90	0	0	0	0	0	0	0	0	0	29	30	2	9	0	0	0	0	0	0	0	0	1	32	0	0	24	0	0	24
0	0	0	0	0	0	0	0	0	0	0	0	0	0	0	0	0	0	0	0	0	0	0	0	0	0	0	0	0	1	0	0	0	0	0	0	0	0	0	0	0	0	0	0	0	0	0	0	0	0	0	0	0	0	0	0	0	0	0	0	0	0	0	0	0	0	0	0	0	0	0	0	0	0
0	0	0	0	0	0	0	0	0	0	0	0	125	0	0	0	72	0	0	70	11	0	0	0	0	0	0	0	2	0	0	0	1	0	0	0	0	0	0	0	0	0	0	0	0	0	0	0	0	0	0	0	0	0	0	0	0	0	0	0	0	0	0	0	0	0	0	0	0	0	0	0	0	0
0	0	0	0	0	0	0	0	0	0	0	0	0	0	0	0	0	0	0	0	0	0	0	0	0	0	0	0	0	0	0	0	0	0	0	0	0	0	0	0	0	0	0	0	0	0	0	0	0	0	0	0	0	0	0	0	0	0	0	0	0	0	0	0	0	0	0	0	0	0	0	0	0	0
0	1	73	0	25	0	0	0	0	0	0	0	1	1	157	0	3	1	0	5	0	0	1	0	0	0	2	0	0	0	45	0	3	0	0	13	0	15	0	0	0	0	0	12	0	0	0	0	0	0	0	0	40	0	0	0	68	2	2	0	10	28	0	2	0	34	0	15	0	0	0	2	24	0
0	0	0	0	0	0	0	0	0	0	0	0	0	0	0	0	0	0	0	0	0	0	0	0	0	0	0	0	0	0	0	0	0	0	0	0	0	0	0	0	0	0	0	0	0	0	0	0	0	0	0	0	0	0	0	0	0	0	0	0	0	0	0	0	0	0	0	0	0	0	0	0	0	0
0	0	0	0	0	0	0	0	0	0	0	0	0	0	0	0	0	0	0	0	0	0	0	0	0	0	0	0	0	0	0	0	0	0	0	0	0	0	0	0	0	0	0	0	0	0	0	0	0	0	0	0	0	0	0	0	0	0	0	0	0	0	0	0	0	0	0	0	0	0	0	0	0	0
0	0	2	0	10	3	0	125	0	1	0	0	0	2	4	0	29	1	50	0	27	0	7	0	0	0	0	0	12	0	0	0	56	130	24	0	0	0	0	69	0	0	0	1	0	80	0	0	0	0	0	0	0	0	4	19	6	8	7	0	2	2	0	0	0	0	0	0	0	0	84	0	0	0
0	11	31	0	2	0	0	0	0	1	0	0	2	0	0	0	0	1	2	0	0	0	6	0	0	0	0	0	0	0	0	0	1	0	0	3	0	91	0	0	0	125	0	130	0	0	0	0	0	0	0	0	0	0	0	0	7	5	0	0	62	165	0	8	0	2	0	0	0	0	0	27	26	0
0	0	35	5	1	0	0	0	0	157	0	0	4	0	0	0	5	7	4	1	0	0	16	0	0	0	2	0	1	0	0	0	3	0	4	57	0	6	0	4	0	5	0	8	0	0	0	0	0	0	0	0	0	0	0	0	5	19	0	0	2	5	0	0	0	46	6	23	0	0	0	3	3	0
0	0	0	0	0	0	0	0	0	0	0	0	0	0	0	0	0	0	0	0	0	0	0	0	0	0	0	0	0	0	0	0	0	0	0	0	0	0	0	0	0	0	0	0	0	0	0	0	0	0	0	0	0	0	0	0	0	0	0	0	0	0	0	0	0	0	0	0	0	0	0	0	1	0
3	0	5	0	0	327	0	72	0	3	0	0	29	0	5	0	0	3	5	0	244	0	4	0	0	104	0	0	2	0	4	0	59	28	8	1	0	2	0	128	0	0	0	1	77	0	0	0	0	0	0	1	1	0	32	3	4	8	2	0	18	1	0	0	0	0	47	50	0	0	42	1	5	0
0	0	14	0	0	0	0	0	0	1	0	0	1	1	7	0	3	0	0	0	0	0	1	0	0	0	0	0	0	1	0	0	9	0	0	1	0	13	0	0	0	0	0	41	0	0	0	0	0	136	0	0	0	0	0	0	5	13	0	0	28	16	0	0	0	0	0	0	0	0	0	2	4	0
5	0	0	0	0	86	0	0	0	0	0	0	50	2	4	0	5	0	0	23	5	0	0	0	0	3	0	0	248	0	4	0	1	0	0	0	0	0	0	0	0	0	0	0	0	0	0	0	0	0	0	0	0	0	0	0	9	0	0	0	0	0	0	0	0	5	0	0	0	0	0	0	0	2
0	0	0	3	1	0	0	70	0	5	0	0	0	0	1	0	0	0	23	0	23	0	1	0	0	5	0	0	0	0	5	0	80	1	1	0	0	0	0	76	0	0	0	0	6	0	0	0	0	0	0	0	0	0	0	0	0	1	0	0	11	0	0	0	0	15	0	0	0	0	81	7	0	0
0	0	0	0	0	151	0	11	0	0	0	0	27	0	0	0	244	0	5	23	0	0	0	0	0	147	0	0	2	0	0	0	100	8	7	0	0	0	0	124	0	0	0	0	15	9	0	0	0	0	0	0	0	0	7	11	0	1	0	0	0	0	0	0	0	0	0	26	0	0	117	0	0	3
22	0	0	0	0	2	0	0	0	0	0	0	0	0	0	0	0	0	0	0	0	0	0	0	0	5	0	0	1	0	15	0	0	0	0	0	0	0	0	0	0	0	0	0	0	0	0	0	0	0	0	56	0	0	0	0	0	0	0	0	0	0	0	0	0	0	0	0	0	0	0	0	0	6
0	0	0	0	0	2	0	0	0	1	0	0	7	6	16	0	4	1	0	1	0	0	0	0	0	1	0	0	13	0	0	0	0	1	0	0	0	0	0	0	0	0	0	0	0	0	0	0	0	0	0	0	0	0	0	1	1	0	0	0	0	0	0	0	0	0	0	0	0	0	0	0	0	1
39	0	0	0	0	3	0	0	0	0	0	0	0	0	0	0	0	0	0	0	0	0	0	0	0	2	0	0	0	0	0	0	0	0	0	0	0	0	0	0	0	0	0	0	0	0	0	0	0	0	0	34	0	0	0	0	0	0	0	0	0	0	0	0	0	0	0	0	0	0	0	0	0	0
0	0	0	0	0	0	0	0	0	0	0	0	0	0	0	0	0	0	0	0	0	0	0	0	0	0	0	0	0	0	0	0	0	0	0	0	0	0	0	0	0	0	0	0	0	0	0	0	0	0	0	0	0	0	0	0	0	0	0	0	0	0	0	0	0	0	0	0	0	0	0	0	0	0
0	0	0	0	0	133	0	0	0	0	0	0	0	0	0	0	104	0	3	5	147	5	1	2	0	0	0	0	1	0	1	0	76	0	0	0	0	0	0	92	0	0	0	0	57	0	0	0	0	0	0	0	0	0	2	13	0	0	0	0	0	0	0	0	0	0	2	6	0	0	92	0	0	1
0	0	7	7	0	0	0	0	0	2	0	0	0	0	2	0	0	0	0	0	0	0	0	0	0	0	0	0	0	206	0	0	0	0	0	6	0	0	0	0	0	0	0	3	0	0	0	0	0	0	0	0	0	0	0	0	0	0	0	0	1	0	0	0	0	16	0	0	0	0	0	0	0	0
0	0	0	0	0	0	0	0	0	0	0	0	0	0	0	0	0	0	0	0	0	0	0	0	0	0	0	0	0	0	0	0	0	0	0	0	0	0	0	0	0	0	0	0	0	0	0	0	0	0	0	0	0	0	0	0	0	0	0	0	0	0	0	0	0	0	0	0	0	0	0	0	0	0
8	0	18	0	0	124	0	2	0	0	0	0	12	0	1	0	2	0	248	0	2	1	13	0	0	1	0	0	0	0	0	0	109	0	266	0	0	186	0	321	0	0	0	0	28	2	0	0	0	0	0	0	0	0	0	75	0	177	5	0	0	0	0	0	0	0	169	281	0	0	12	0	0	2
0	0	0	482	0	0	1	0	0	0	0	0	0	0	0	0	0	1	0	0	0	0	0	0	0	0	206	0	0	0	0	0	0	0	0	483	0	10	0	0	0	0	0	0	0	0	0	0	0	0	0	0	0	0	0	0	0	0	0	0	0	0	0	0	0	586	0	0	0	0	0	1	0	0
1	0	0	4	0	3	0	0	0	45	0	0	0	0	0	0	4	0	4	5	0	15	0	0	0	1	0	0	0	0	0	0	0	0	0	0	0	13	0	5	0	0	0	0	2	0	0	0	0	0	13	0	78	0	59	0	0	2	0	0	0	0	0	0	0	0	100	0	0	0	0	0	0	133
0	0	0	0	0	0	0	0	0	0	0	0	0	0	0	0	0	0	0	0	0	0	0	0	0	0	0	0	0	0	0	0	0	0	0	0	0	0	0	0	0	0	0	0	0	0	0	0	0	0	0	0	0	0	0	0	0	0	0	0	0	0	0	0	0	0	0	0	0	0	0	0	0	0
0	3	0	0	0	28	0	1	0	3	0	0	56	1	3	0	59	9	1	80	100	0	0	0	0	76	0	0	109	0	0	0	0	0	0	0	0	0	0	2	0	0	0	0	0	0	0	0	0	0	0	0	0	0	0	1	1	0	0	0	0	0	0	0	0	1	0	0	0	0	1	3	4	0
0	0	0	0	68	30	0	0	0	0	0	0	130	0	0	0	28	0	0	1	8	0	1	0	0	0	0	0	0	0	0	0	0	0	3	0	0	0	0	1	0	0	0	0	0	47	0	0	0	0	0	0	0	0	3	0	1	5	1	0	0	0	0	0	0	0	3	1	0	0	4	0	0	0
13	0	0	0	0	134	0	0	0	0	0	0	24	0	4	0	8	0	0	1	7	0	0	0	0	0	0	0	266	0	0	0	0	3	0	0	0	0	0	0	0	0	0	0	0	0	0	0	0	0	0	0	0	0	0	0	0	0	0	0	0	0	0	0	0	0	0	0	0	0	0	0	0	0
0	0	0	0	0	0	0	0	0	13	0	0	0	3	57	0	1	1	0	0	0	0	0	0	0	0	6	0	0	483	0	0	0	0	0	0	0	0	0	0	0	0	0	0	0	0	0	0	0	0	0	0	0	0	0	0	0	0	0	0	0	0	0	0	0	0	0	0	0	0	0	0	4	0
0	0	0	0	0	0	0	0	0	0	0	0	0	0	0	0	0	0	0	0	0	0	0	0	0	0	0	0	0	0	0	0	0	0	0	0	0	0	0	0	0	0	0	0	0	0	0	0	0	0	0	0	0	0	0	0	0	0	0	0	0	0	0	0	0	0	0	0	0	0	0	0	0	0
0	3	0	0	0	0	0	0	0	15	0	0	0	91	6	0	2	13	0	0	0	0	0	0	0	0	0	0	186	10	13	0	0	0	0	0	0	0	0	0	0	0	0	0	0	0	0	0	0	0	0	0	0	0	0	0	0	0	0	0	0	0	0	0	0	0	0	0	0	0	0	3	9	0
0	0	0	0	0	0	0	0	0	0	0	0	0	0	0	0	0	0	0	0	0	0	0	0	0	0	0	0	0	0	0	0	0	0	0	0	0	0	0	0	0	0	0	0	0	0	0	0	0	0	0	0	0	0	0	0	0	0	0	0	0	0	0	0	0	0	0	0	0	0	0	0	0	0
0	0	0	0	0	208	0	0	0	0	0	0	69	0	4	0	128	0	0	76	124	0	0	0	0	92	0	0	321	0	5	0	2	1	0	0	0	0	0	0	0	0	0	0	0	0	0	0	0	0	0	0	0	0	0	0	0	0	0	0	0	0	0	0	0	0	0	0	0	0	0	0	0	0
0	0	0	0	0	0	0	0	0	0	0	0	0	0	0	0	0	0	0	0	0	0	0	0	0	0	0	0	0	0	0	0	0	0	0	0	0	0	0	0	0	0	0	0	0	0	0	0	0	0	0	0	0	0	0	0	0	0	0	0	0	0	0	0	0	0	0	0	0	0	0	0	0	0
0	0	0	0	0	0	0	0	0	0	0	0	0	125	5	0	0	0	0	0	0	0	0	0	0	0	0	0	0	0	0	0	0	0	0	0	0	0	0	0	0	0	0	0	0	0	0	0	0	0	0	0	0	0	0	0	0	0	0	0	0	0	0	0	0	0	0	0	0	0	0	0	0	0
0	0	0	0	0	0	0	0	0	0	0	0	0	0	0	0	0	0	0	0	0	0	0	0	0	0	0	0	0	0	0	0	0	0	0	0	0	0	0	0	0	0	0	0	0	0	0	0	0	0	0	0	0	0	0	0	0	0	0	0	0	0	0	0	0	0	0	0	0	0	0	0	0	0
0	17	0	0	0	0	0	0	0	12	0	0	1	130	8	0	1	41	0	0	0	0	0	0	0	0	3	0	0	0	0	0	0	0	0	0	0	0	0	0	0	0	0	0	0	0	0	0	0	0	0	0	0	0	0	0	1	0	0	0	0	0	0	0	0	0	0	0	0	0	0	17	10	20
1	0	0	0	0	90	0	0	0	0	0	0	0	0	0	0	77	0	0	6	15	0	0	0	0	57	0	0	28	0	2	0	0	0	0	0	0	0	0	0	0	0	0	0	0	0	0	0	0	0	0	0	0	0	0	0	0	0	0	0	0	0	0	0	0	0	0	0	0	0	0	0	0	0
0	0	0	0	0	0	0	0	0	0	0	0	80	0	0	0	0	0	0	0	9	0	0	0	0	0	0	0	2	0	0	0	0	47	0	0	0	0	0	0	0	0	0	0	0	0	0	0	0	0	0	0	0	0	0	0	0	0	0	0	0	0	0	0	0	0	0	0	0	0	0	0	0	0
0	0	0	0	0	0	0	0	0	0	0	0	0	0	0	0	0	0	0	0	0	0	0	0	0	0	0	0	0	0	0	0	0	0	0	0	0	0	0	0	0	0	0	0	0	0	0	0	0	0	0	0	0	0	0	0	0	0	0	0	0	0	0	0	0	0	0	0	0	0	0	0	0	0
0	0	0	0	0	0	0	0	0	0	0	0	0	0	0	0	0	0	0	0	0	0	0	0	0	0	0	0	0	0	0	0	0	0	0	0	0	0	0	0	0	0	0	0	0	0	0	0	0	0	0	0	0	0	0	0	0	0	0	0	0	0	0	0	0	0	0	0	0	0	0	0	0	0
0	0	0	0	0	0	0	0	0	0	0	0	0	0	0	0	0	0	0	0	0	0	0	0	0	0	0	0	0	0	0	0	0	0	0	0	0	0	0	0	0	0	0	0	0	0	0	0	0	0	0	0	0	0	0	0	0	0	0	0	0	0	0	0	0	0	0	0	0	0	0	0	0	0
0	0	0	0	0	0	0	0	0	0	0	0	0	0	0	0	0	136	0	0	0	0	0	0	0	0	0	0	0	0	0	0	0	0	0	0	0	0	0	0	0	0	0	0	0	0	0	0	0	0	0	0	0	0	0	0	0	0	0	0	0	0	0	0	0	0	0	0	0	0	0	0	0	0
0	0	0	0	0	0	0	0	0	0	0	0	0	0	0	0	0	0	0	0	0	0	0	0	0	0	0	0	0	0	13	0	0	0	0	0	0	0	0	0	0	0	0	0	0	0	0	0	0	0	0	0	0	0	0	0	0	0	0	0	0	0	0	0	0	0	0	0	0	0	0	0	0	0
106	0	0	0	0	0	0	0	0	0	0	0	0	0	0	0	1	0	0	0	0	56	0	34	0	0	0	0	0	0	0	0	0	0	0	0	0	0	0	0	0	0	0	0	0	0	0	0	0	0	0	0	0	0	118	0	0	0	0	0	0	0	0	0	0	0	0	83	0	0	0	0	0	0
0	0	0	0	0	0	0	0	0	40	0	0	0	0	0	0	1	0	0	0	0	0	0	0	0	0	0	0	0	0	78	0	0	0	0	0	0	0	0	0	0	0	0	0	0	0	0	0	0	0	0	0	0	0	0	0	0	0	0	0	0	0	0	0	0	0	0	0	0	0	0	0	0	44
0	0	0	0	0	0	0	0	0	0	0	0	0	0	0	0	0	0	0	0	0	0	0	0	0	0	0	0	0	0	0	0	0	0	0	0	0	0	0	0	0	0	0	0	0	0	0	0	0	0	0	0	0	0	0	0	0	0	0	0	0	0	0	0	0	0	0	0	0	0	0	0	0	0
48	0	0	0	0	29	0	0	0	0	0	0	4	0	0	0	32	0	0	0	7	0	0	0	0	2	0	0	0	0	59	0	0	3	0	0	0	0	0	0	0	0	0	0	0	0	0	0	0	0	0	118	0	0	0	0	0	0	0	0	0	0	0	0	0	0	0	0	0	0	0	0	0	7
0	0	0	0	0	30	0	0	0	0	0	0	19	0	0	0	3	0	0	0	11	0	1	0	0	13	0	0	75	0	0	0	1	0	0	0	0	0	0	0	0	0	0	0	0	0	0	0	0	0	0	0	0	0	0	0	0	0	0	0	0	0	0	0	0	0	0	0	0	0	0	0	0	0
0	1	9	0	0	2	0	0	0	68	0	0	6	7	5	0	4	5	9	0	0	0	1	0	0	0	0	0	0	0	0	0	1	1	0	0	0	0	0	0	0	0	0	1	0	0	0	0	0	0	0	0	0	0	0	0	0	1	0	0	0	0	0	0	0	2	0	0	0	0	0	1	2	1
0	1	0	0	0	9	0	0	0	2	0	0	8	5	19	0	8	13	0	1	1	0	0	0	0	0	0	0	177	0	2	0	0	5	0	0	0	0	0	0	0	0	0	0	0	0	0	0	0	0	0	0	0	0	0	0	1	0	0	0	0	0	0	0	0	0	0	0	0	0	0	1	2	31
0	5	0	0	0	0	0	0	0	2	0	0	7	0	0	0	2	0	0	0	0	0	0	0	0	0	0	0	5	0	0	0	0	1	0	0	0	0	0	0	0	0	0	0	0	0	0	0	0	0	0	0	0	0	0	0	0	0	0	0	0	0	0	0	0	18	22	0	0	0	14	7	1	0
0	0	0	0	0	0	0	0	0	0	0	0	0	0	0	0	0	0	0	0	0	0	0	0	0	0	0	0	0	0	0	0	0	0	0	0	0	0	0	0	0	0	0	0	0	0	0	0	0	0	0	0	0	0	0	0	0	0	0	0	0	0	0	0	0	0	0	0	0	0	0	0	0	0
0	14	0	0	0	0	0	0	0	10	0	0	2	62	2	0	18	28	0	11	0	0	0	0	0	0	1	0	0	0	0	0	0	0	0	0	0	0	0	0	0	0	0	0	0	0	0	0	0	0	0	0	0	0	0	0	0	0	0	0	0	0	0	0	0	0	0	0	0	0	0	14	10	0
0	18	0	0	0	0	0	0	0	28	0	0	2	165	5	0	1	16	0	0	0	0	0	0	0	0	0	0	0	0	0	0	0	0	0	0	0	0	0	0	0	0	0	0	0	0	0	0	0	0	0	0	0	0	0	0	0	0	0	0	0	0	0	0	0	11	0	0	0	0	0	18	9	3
0	0	0	0	0	0	0	0	0	0	0	0	0	0	0	0	0	0	0	0	0	0	0	0	0	0	0	0	0	0	0	0	0	0	0	0	0	0	0	0	0	0	0	0	0	0	0	0	0	0	0	0	0	0	0	0	0	0	0	0	0	0	0	0	0	0	0	0	0	0	0	0	0	0
0	0	0	0	0	0	0	0	0	2	0	0	0	8	0	0	0	0	0	0	0	0	0	0	0	0	0	0	0	0	0	0	0	0	0	0	0	0	0	0	0	0	0	0	0	0	0	0	0	0	0	0	0	0	0	0	0	0	0	0	0	0	0	0	0	0	0	0	0	0	0	0	0	0
0	0	0	0	0	0	0	0	0	0	0	0	0	0	0	0	0	0	0	0	0	0	0	0	0	0	0	0	0	0	0	0	0	0	0	0	0	0	0	0	0	0	0	0	0	0	0	0	0	0	0	0	0	0	0	0	0	0	0	0	0	0	0	0	0	0	0	0	0	0	0	0	0	0
0	5	0	0	0	0	0	0	0	34	0	0	0	2	46	0	0	0	5	15	0	0	0	0	0	0	16	0	0	586	0	0	1	0	0	0	0	0	0	0	0	0	0	0	0	0	0	0	0	0	0	0	0	0	0	0	2	0	18	0	0	11	0	0	0	0	0	0	0	0	0	5	0	0
0	0	0	0	0	1	0	0	0	0	0	0	0	0	6	0	47	0	0	0	0	0	0	0	0	2	0	0	169	0	100	0	0	3	0	0	0	0	0	0	0	0	0	0	0	0	0	0	0	0	0	0	0	0	0	0	0	0	22	0	0	0	0	0	0	0	0	0	0	0	0	0	0	5
2	0	0	0	0	32	0	0	0	15	0	0	0	0	23	0	50	0	0	0	26	0	0	0	0	6	0	0	281	0	0	0	0	1	0	0	0	0	0	0	0	0	0	0	0	0	0	0	0	0	0	83	0	0	0	0	0	0	0	0	0	0	0	0	0	0	0	0	0	0	0	0	0	2
0	0	0	0	0	0	0	0	0	0	0	0	0	0	0	0	0	0	0	0	0	0	0	0	0	0	0	0	0	0	0	0	0	0	0	0	0	0	0	0	0	0	0	0	0	0	0	0	0	0	0	0	0	0	0	0	0	0	0	0	0	0	0	0	0	0	0	0	0	0	0	0	0	0
0	0	0	0	0	0	0	0	0	0	0	0	0	0	0	0	0	0	0	0	0	0	0	0	0	0	0	0	0	0	0	0	0	0	0	0	0	0	0	0	0	0	0	0	0	0	0	0	0	0	0	0	0	0	0	0	0	0	0	0	0	0	0	0	0	0	0	0	0	0	0	0	0	0
0	1	0	0	0	24	0	0	0	0	0	0	84	0	0	0	42	0	0	81	117	0	0	0	0	92	0	0	12	0	0	0	1	4	0	0	0	0	0	0	0	0	0	0	0	0	0	0	0	0	0	0	0	0	0	0	0	0	14	0	0	0	0	0	0	0	0	0	0	0	0	1	0	24
0	0	0	0	12	0	0	0	0	2	0	0	0	27	3	0	1	2	0	7	0	0	0	0	0	0	0	0	0	1	0	0	3	0	0	0	0	3	0	0	0	0	0	17	0	0	0	0	0	0	0	0	0	0	0	0	1	1	7	0	14	18	0	0	0	5	0	0	0	0	1	0	14	0
0	7	4	0	1	0	0	0	0	24	0	0	0	26	3	1	5	4	0	0	0	0	0	0	0	0	0	0	0	0	0	0	4	0	0	4	0	9	0	0	0	0	0	10	0	0	0	0	0	0	0	0	0	0	0	0	2	2	1	0	10	9	0	0	0	0	0	0	0	0	0	14	0	0
0	0	0	0	0	24	0	0	0	0	0	0	0	0	0	0	0	0	2	0	3	6	1	0	0	1	0	0	2	0	133	0	0	0	0	0	0	0	0	0	0	0	0	20	0	0	0	0	0	0	0	0	44	0	7	0	1	31	0	0	0	3	0	0	0	0	5	2	0	0	24	0	0	0
