0	0	0	0	0	13	0	1	4	0	0	0	0	0	0	0	26	0	1	0	22	0	0	2	0	0	0	0	0	0	0	0	1	14	0	0	0	0	0	7	0	0	0	0	0	0	0	0	0	0	0	11	10	0	3	0	0	0	0	0	0	0	0	0	0	0	3	0	0	0	0	0	0	0
0	0	10	0	4	2	0	7	3	11	0	0	0	0	0	0	0	0	0	0	1	0	0	0	0	0	0	0	0	0	0	0	1	3	2	0	0	0	0	10	0	0	0	2	0	0	7	1	0	0	0	1	0	0	0	0	3	3	0	0	13	13	0	0	0	0	0	1	0	0	0	0	1	0
0	10	0	0	0	0	0	0	0	81	0	0	0	44	0	0	0	0	0	0	0	0	0	0	0	0	0	0	0	0	0	39	0	2	0	0	0	0	0	0	0	0	0	0	0	0	0	1	0	0	0	0	0	0	0	0	35	0	0	0	0	27	0	0	0	38	0	0	0	9	0	10	2	0
0	0	0	0	0	0	0	0	0	0	0	0	0	0	0	0	0	0	0	0	0	0	0	0	0	0	0	0	0	0	0	0	0	0	0	0	0	0	0	0	0	0	0	0	0	0	0	0	0	0	0	0	0	0	0	0	0	0	0	0	0	0	0	0	0	2	0	0	0	0	0	0	0	0
0	4	0	0	0	0	0	0	0	0	0	0	1	10	0	0	0	0	0	0	0	0	0	0	0	0	0	0	0	0	0	48	1	2	0	0	0	0	0	0	0	0	0	0	0	0	0	1	0	0	0	0	0	0	0	0	0	0	0	0	0	30	0	0	0	0	0	0	0	0	0	4	2	0
13	2	0	0	0	0	0	0	0	0	0	0	0	0	0	0	230	0	0	0	197	22	0	0	1	102	0	0	25	0	2	0	87	180	8	0	0	0	0	64	0	0	7	0	5	2	0	0	0	0	0	356	4	0	16	2	7	3	0	0	1	2	0	0	0	6	69	14	0	0	0	4	0	3
0	0	0	0	0	0	0	0	0	0	0	0	0	0	0	0	0	0	0	0	0	0	0	0	0	0	0	0	0	0	0	0	0	0	0	0	0	0	0	0	0	0	0	0	0	0	0	0	0	0	0	0	0	0	0	0	0	0	0	0	0	0	0	0	0	0	0	0	0	0	0	0	0	0
1	7	0	0	0	0	0	0	1	0	0	0	16	0	0	0	0	0	0	0	1	0	0	0	0	0	0	0	0	0	0	308	0	0	0	0	0	0	0	0	0	0	0	0	0	0	0	0	0	0	0	0	0	0	0	0	0	0	0	0	0	0	0	0	0	0	0	0	0	0	0	3	0	0
4	3	0	0	0	0	0	1	0	2	0	0	5	8	0	0	0	0	1	0	0	0	0	0	0	0	0	0	0	0	0	7	2	1	0	0	0	0	0	4	0	0	0	0	0	0	1	0	0	0	0	0	0	0	0	0	3	0	0	0	4	10	0	1	0	0	0	1	0	0	0	7	0	0
0	11	81	0	0	0	0	0	2	0	0	0	0	2	0	0	0	0	23	27	0	0	0	0	0	0	0	0	0	0	6	0	0	0	0	69	0	0	0	0	0	0	0	23	0	5	5	0	0	0	0	0	59	0	0	0	106	34	0	0	34	54	0	0	0	88	0	0	0	96	0	28	0	0
0	0	0	0	0	0	0	0	0	0	0	0	0	0	0	0	0	0	0	10	0	0	0	0	0	0	0	0	0	0	0	0	0	0	0	0	0	0	0	0	0	0	0	0	0	0	0	0	0	0	0	0	0	0	0	0	0	0	0	0	0	0	0	0	0	0	0	0	0	0	0	0	0	0
0	0	0	0	0	0	0	0	0	0	0	0	0	0	0	0	0	0	0	0	0	0	0	0	0	0	0	0	0	0	0	0	0	0	0	0	0	0	0	0	0	0	0	0	0	0	0	0	0	0	0	0	0	0	0	0	0	0	0	0	0	0	0	0	0	0	0	0	0	0	0	0	0	0
0	0	0	0	1	0	0	16	5	0	0	0	0	0	0	0	2	0	0	2	22	0	0	0	0	0	0	0	0	0	0	910	35	262	2	0	0	0	0	119	0	0	0	0	0	35	0	0	0	0	0	1	0	0	0	0	8	6	0	0	0	0	0	0	0	0	0	0	0	0	0	3	0	34
0	0	44	0	10	0	0	0	8	2	0	0	0	0	0	0	0	0	0	0	1	0	0	0	0	0	0	0	0	0	8	428	0	5	0	2	0	0	0	0	0	0	0	79	0	0	9	8	0	0	0	0	0	0	0	18	4	0	0	0	118	257	0	32	0	9	0	0	0	0	0	3	2	0
0	0	0	0	0	0	0	0	0	0	0	0	0	0	0	0	0	0	1	0	0	0	0	0	0	0	0	0	0	0	0	0	0	0	0	0	0	0	0	0	0	0	0	1	0	0	0	0	0	0	0	0	0	0	0	0	0	0	0	0	0	0	0	0	0	2	0	0	0	0	0	0	0	0
0	0	0	0	0	0	0	0	0	0	0	0	0	0	0	0	0	0	0	0	0	0	0	0	0	0	0	0	0	0	0	1	0	0	0	0	0	0	0	0	0	0	0	0	0	0	0	0	0	0	0	0	0	0	0	0	0	0	0	0	0	0	0	0	0	0	0	0	0	0	0	0	0	0
26	0	0	0	0	230	0	0	0	0	0	0	2	0	0	0	0	0	1	1	172	8	0	6	1	97	0	0	0	0	3	0	38	126	3	0	0	0	0	127	0	0	0	0	0	0	0	0	0	0	0	244	11	0	59	0	10	1	0	0	1	0	0	0	0	0	42	4	0	0	0	0	0	8
0	0	0	0	0	0	0	0	0	0	0	0	0	0	0	0	0	0	0	0	0	0	0	0	0	0	0	0	0	0	0	0	0	0	0	0	0	0	0	0	0	0	0	0	0	0	0	0	0	0	0	0	0	0	0	0	0	0	0	0	0	0	0	0	0	0	0	0	0	0	0	0	0	0
1	0	0	0	0	0	0	0	1	23	0	0	0	0	1	0	1	0	0	143	2	2	0	0	2	0	0	0	4	0	0	0	2	58	0	0	0	0	0	0	0	0	0	0	0	0	0	0	0	0	0	0	2	0	0	0	60	0	0	0	0	0	0	0	0	0	0	2	0	13	0	0	0	44
0	0	0	0	0	0	0	0	0	27	10	0	2	0	0	0	1	0	143	0	1	1	0	71	98	0	0	0	0	0	13	0	0	55	0	0	0	0	0	2	0	0	0	0	9	15	0	0	0	0	2	1	83	0	83	94	156	25	0	0	0	0	0	0	0	2	1	61	0	146	0	0	0	0
22	1	0	0	0	197	0	1	0	0	0	0	22	1	0	0	172	0	2	1	0	20	0	3	1	99	0	0	4	0	1	0	108	322	2	0	0	0	0	151	0	0	0	0	12	0	0	0	0	0	0	98	6	0	25	9	2	2	0	0	0	0	0	1	0	0	4	7	0	0	0	2	0	0
0	0	0	0	0	22	0	0	0	0	0	0	0	0	0	0	8	0	2	1	20	0	0	124	19	3	0	0	2	0	0	0	3	98	0	0	0	0	0	0	0	0	6	0	0	0	0	0	0	0	0	32	0	0	0	0	0	0	0	0	0	0	0	0	0	0	0	0	0	0	0	0	0	25
0	0	0	0	0	0	0	0	0	0	0	0	0	0	0	0	0	0	0	0	0	0	0	0	0	0	0	0	0	0	0	0	0	0	0	0	0	0	0	0	0	0	0	0	0	0	0	0	0	0	0	0	0	0	0	0	0	0	0	0	0	0	0	0	0	0	0	0	0	0	0	0	0	0
2	0	0	0	0	0	0	0	0	0	0	0	0	0	0	0	6	0	0	71	3	124	0	0	202	0	0	0	0	0	0	0	2	2	2	0	0	0	0	0	0	0	0	0	2	0	0	0	0	0	0	1	0	0	199	231	2	0	0	0	0	0	0	0	0	0	0	193	0	0	0	0	0	0
0	0	0	0	0	1	0	0	0	0	0	0	0	0	0	0	1	0	2	98	1	19	0	202	0	0	0	0	0	0	0	0	0	1	0	0	0	0	0	0	0	0	0	0	4	0	0	0	0	0	0	1	10	0	19	18	2	0	0	0	0	0	0	0	0	0	0	25	0	0	0	0	0	0
0	0	0	0	0	102	0	0	0	0	0	0	0	0	0	0	97	0	0	0	99	3	0	0	0	0	0	0	1	0	0	0	54	0	1	0	0	0	0	59	0	0	0	0	3	0	0	0	0	0	0	74	1	0	17	0	0	8	0	0	0	0	0	0	0	0	4	1	0	0	0	0	0	0
0	0	0	0	0	0	0	0	0	0	0	0	0	0	0	0	0	0	0	0	0	0	0	0	0	0	0	0	0	0	0	0	0	0	0	0	0	0	0	0	0	0	0	0	0	0	0	0	0	0	0	0	0	0	0	0	0	0	0	0	0	0	0	0	0	0	0	0	0	0	0	0	0	0
0	0	0	0	0	0	0	0	0	0	0	0	0	0	0	0	0	0	0	0	0	0	0	0	0	0	0	0	0	0	0	0	0	0	0	0	0	0	0	0	0	0	0	0	0	0	0	0	0	0	0	0	0	0	0	0	0	0	0	0	0	0	0	0	0	0	0	0	0	0	0	0	0	0
0	0	0	0	0	25	0	0	0	0	0	0	0	0	0	0	0	0	4	0	4	2	0	0	0	1	0	0	0	0	0	0	5	117	4	0	0	0	0	2	0	0	0	0	0	0	0	0	0	0	0	17	0	0	1	0	0	3	0	0	0	0	0	0	0	0	4	3	0	0	0	0	0	0
0	0	0	0	0	0	0	0	0	0	0	0	0	0	0	0	0	0	0	0	0	0	0	0	0	0	0	0	0	0	0	0	0	0	0	0	0	0	0	0	0	0	0	0	0	0	0	0	0	0	0	0	0	0	0	0	0	0	0	0	0	0	0	0	0	133	0	0	0	0	0	0	0	0
0	0	0	0	0	2	0	0	0	6	0	0	0	8	0	0	3	0	0	13	1	0	0	0	0	0	0	0	0	0	0	29	0	47	0	0	0	0	0	0	0	0	0	0	0	0	0	0	0	0	1	5	0	0	0	0	23	0	0	0	0	0	0	0	0	0	0	0	0	1	0	0	0	27
0	0	39	0	48	0	0	308	7	0	0	0	910	428	0	1	0	0	0	0	0	0	0	0	0	0	0	0	0	0	29	0	1	262	0	0	0	0	0	1186	0	0	0	12	1	123	49	0	0	0	0	0	0	0	0	0	52	29	0	0	1	247	0	1457	0	1	0	0	355	0	0	19	11	1
1	1	0	0	1	87	0	0	2	0	0	0	35	0	0	0	38	0	2	0	108	3	0	2	0	54	0	0	5	0	0	1	0	112	1	0	0	0	0	7	0	0	12	0	0	3	0	0	0	0	0	72	0	0	0	0	0	0	0	0	0	0	0	0	0	0	0	4	0	0	0	1	0	0
14	3	2	0	2	180	0	0	1	0	0	0	262	5	0	0	126	0	58	55	322	98	0	2	1	0	0	0	117	0	47	262	112	0	51	0	0	0	0	692	0	0	4	10	1	654	0	0	0	0	0	282	9	0	4	0	188	589	0	0	2	2	0	0	0	0	500	47	3	0	0	3	1	119
0	2	0	0	0	8	0	0	0	0	0	0	2	0	0	0	3	0	0	0	2	0	0	2	0	1	0	0	4	0	0	0	1	51	0	0	0	0	0	0	0	0	0	0	0	0	0	0	0	0	0	21	0	0	0	0	1	0	0	0	0	0	0	0	0	0	0	0	0	0	0	2	0	0
0	0	0	0	0	0	0	0	0	69	0	0	0	2	0	0	0	0	0	0	0	0	0	0	0	0	0	0	0	0	0	0	0	0	0	0	0	0	0	0	0	0	0	0	0	0	0	0	0	0	0	0	0	0	0	0	0	0	0	0	0	1	0	0	0	133	0	0	0	0	0	0	6	2
0	0	0	0	0	0	0	0	0	0	0	0	0	0	0	0	0	0	0	0	0	0	0	0	0	0	0	0	0	0	0	0	0	0	0	0	0	0	0	0	0	0	0	0	0	0	0	0	0	0	0	0	0	0	0	0	0	0	0	0	0	0	0	0	0	0	0	0	0	0	0	0	0	0
0	0	0	0	0	0	0	0	0	0	0	0	0	0	0	0	0	0	0	0	0	0	0	0	0	0	0	0	0	0	0	0	0	0	0	0	0	0	0	0	0	0	0	0	0	0	0	0	0	0	0	0	0	0	0	0	0	0	0	0	0	0	0	0	0	0	0	0	0	0	0	0	0	0
0	0	0	0	0	0	0	0	0	0	0	0	0	0	0	0	0	0	0	0	0	0	0	0	0	0	0	0	0	0	0	0	0	0	0	0	0	0	0	0	0	0	0	0	0	0	0	0	0	0	0	0	0	0	0	0	0	0	0	0	0	0	0	0	0	0	0	0	0	0	0	0	0	0
7	10	0	0	0	64	0	0	4	0	0	0	119	0	0	0	127	0	0	2	151	0	0	0	0	59	0	0	2	0	0	1186	7	692	0	0	0	0	0	0	0	0	12	0	0	0	0	0	0	0	0	31	0	0	0	0	0	0	0	0	0	0	0	0	0	0	0	0	0	0	0	5	0	23
0	0	0	0	0	0	0	0	0	0	0	0	0	0	0	0	0	0	0	0	0	0	0	0	0	0	0	0	0	0	0	0	0	0	0	0	0	0	0	0	0	0	0	0	0	0	0	0	0	0	0	0	0	0	0	0	0	0	0	0	0	0	0	0	0	0	0	0	0	0	0	0	0	0
0	0	0	0	0	0	0	0	0	0	0	0	0	0	0	0	0	0	0	0	0	0	0	0	0	0	0	0	0	0	0	0	0	0	0	0	0	0	0	0	0	0	0	0	0	0	0	0	0	0	0	0	0	0	0	0	0	0	0	0	0	0	0	0	0	0	0	0	0	0	0	0	0	0
0	0	0	0	0	7	0	0	0	0	0	0	0	0	0	0	0	0	0	0	0	6	0	0	0	0	0	0	0	0	0	0	12	4	0	0	0	0	0	12	0	0	0	0	0	0	0	0	0	0	0	12	0	0	0	0	0	0	0	0	0	0	0	0	0	0	1	0	0	0	0	3	0	0
0	2	0	0	0	0	0	0	0	23	0	0	0	79	1	0	0	0	0	0	0	0	0	0	0	0	0	0	0	0	0	12	0	10	0	0	0	0	0	0	0	0	0	0	0	0	0	5	0	0	0	0	0	0	0	0	5	0	0	0	0	154	0	0	0	0	0	0	1	0	0	2	3	0
0	0	0	0	0	5	0	0	0	0	0	0	0	0	0	0	0	0	0	9	12	0	0	2	4	3	0	0	0	0	0	1	0	1	0	0	0	0	0	0	0	0	0	0	0	0	0	0	0	0	0	14	0	0	0	0	3	0	0	0	0	0	0	0	0	0	0	0	0	0	0	0	0	0
0	0	0	0	0	2	0	0	0	5	0	0	35	0	0	0	0	0	0	15	0	0	0	0	0	0	0	0	0	0	0	123	3	654	0	0	0	0	0	0	0	0	0	0	0	0	0	0	0	0	0	10	0	0	0	0	0	0	0	0	0	2	0	0	0	0	0	0	0	0	0	0	0	0
0	7	0	0	0	0	0	0	1	5	0	0	0	9	0	0	0	0	0	0	0	0	0	0	0	0	0	0	0	0	0	49	0	0	0	0	0	0	0	0	0	0	0	0	0	0	0	0	0	0	0	0	0	0	0	0	0	0	0	0	0	4	0	0	0	0	0	0	0	0	0	7	0	0
0	1	1	0	1	0	0	0	0	0	0	0	0	8	0	0	0	0	0	0	0	0	0	0	0	0	0	0	0	0	0	0	0	0	0	0	0	0	0	0	0	0	0	5	0	0	0	0	0	0	0	0	0	0	0	0	0	0	0	0	2	5	0	0	0	0	0	0	1	0	0	4	0	0
0	0	0	0	0	0	0	0	0	0	0	0	0	0	0	0	0	0	0	0	0	0	0	0	0	0	0	0	0	0	0	0	0	0	0	0	0	0	0	0	0	0	0	0	0	0	0	0	0	0	0	0	0	0	0	0	0	0	0	0	0	0	0	0	0	0	0	0	0	0	0	0	0	0
0	0	0	0	0	0	0	0	0	0	0	0	0	0	0	0	0	0	0	0	0	0	0	0	0	0	0	0	0	0	0	0	0	0	0	0	0	0	0	0	0	0	0	0	0	0	0	0	0	0	0	0	0	0	0	0	0	0	0	0	0	0	0	0	0	0	0	0	0	0	0	0	0	0
0	0	0	0	0	0	0	0	0	0	0	0	0	0	0	0	0	0	0	2	0	0	0	0	0	0	0	0	0	0	1	0	0	0	0	0	0	0	0	0	0	0	0	0	0	0	0	0	0	0	0	0	0	0	0	0	0	0	0	0	0	0	0	0	0	0	0	0	0	0	0	0	0	0
11	1	0	0	0	356	0	0	0	0	0	0	1	0	0	0	244	0	0	1	98	32	0	1	1	74	0	0	17	0	5	0	72	282	21	0	0	0	0	31	0	0	12	0	14	10	0	0	0	0	0	0	10	0	27	1	4	11	0	0	0	0	0	0	0	0	61	13	0	0	0	5	0	0
10	0	0	0	0	4	0	0	0	59	0	0	0	0	0	0	11	0	2	83	6	0	0	0	10	1	0	0	0	0	0	0	0	9	0	0	0	0	0	0	0	0	0	0	0	0	0	0	0	0	0	10	0	0	0	0	50	0	0	0	0	0	0	0	0	0	0	0	0	9	0	0	0	49
0	0	0	0	0	0	0	0	0	0	0	0	0	0	0	0	0	0	0	0	0	0	0	0	0	0	0	0	0	0	0	0	0	0	0	0	0	0	0	0	0	0	0	0	0	0	0	0	0	0	0	0	0	0	0	0	0	0	0	0	0	0	0	0	0	0	0	0	0	0	0	0	0	0
3	0	0	0	0	16	0	0	0	0	0	0	0	0	0	0	59	0	0	83	25	0	0	199	19	17	0	0	1	0	0	0	0	4	0	0	0	0	0	0	0	0	0	0	0	0	0	0	0	0	0	27	0	0	0	0	0	0	0	0	0	0	0	0	0	0	0	0	0	0	0	0	0	0
0	0	0	0	0	2	0	0	0	0	0	0	0	18	0	0	0	0	0	94	9	0	0	231	18	0	0	0	0	0	0	0	0	0	0	0	0	0	0	0	0	0	0	0	0	0	0	0	0	0	0	1	0	0	0	0	23	0	0	0	0	0	0	0	0	0	0	0	0	1	0	0	0	1
0	3	35	0	0	7	0	0	3	106	0	0	8	4	0	0	10	0	60	156	2	0	0	2	2	0	0	0	0	0	23	52	0	188	1	0	0	0	0	0	0	0	0	5	3	0	0	0	0	0	0	4	50	0	0	23	0	0	0	0	0	14	0	0	0	11	0	0	3	66	0	3	1	27
0	3	0	0	0	3	0	0	0	34	0	0	6	0	0	0	1	0	0	25	2	0	0	0	0	8	0	0	3	0	0	29	0	589	0	0	0	0	0	0	0	0	0	0	0	0	0	0	0	0	0	11	0	0	0	0	0	0	0	0	0	0	0	0	0	0	0	0	0	0	0	3	0	54
0	0	0	0	0	0	0	0	0	0	0	0	0	0	0	0	0	0	0	0	0	0	0	0	0	0	0	0	0	0	0	0	0	0	0	0	0	0	0	0	0	0	0	0	0	0	0	0	0	0	0	0	0	0	0	0	0	0	0	0	0	0	0	0	0	0	0	0	0	0	0	0	0	0
0	0	0	0	0	0	0	0	0	0	0	0	0	0	0	0	0	0	0	0	0	0	0	0	0	0	0	0	0	0	0	0	0	0	0	0	0	0	0	0	0	0	0	0	0	0	0	0	0	0	0	0	0	0	0	0	0	0	0	0	0	0	0	0	0	0	0	0	0	0	0	0	0	0
0	13	0	0	0	1	0	0	4	34	0	0	0	118	0	0	1	0	0	0	0	0	0	0	0	0	0	0	0	0	0	1	0	2	0	0	0	0	0	0	0	0	0	0	0	0	0	2	0	0	0	0	0	0	0	0	0	0	0	0	0	137	0	0	0	6	0	0	0	0	0	13	2	0
0	13	27	0	30	2	0	0	10	54	0	0	0	257	0	0	0	0	0	0	0	0	0	0	0	0	0	0	0	0	0	247	0	2	0	1	0	0	0	0	0	0	0	154	0	2	4	5	0	0	0	0	0	0	0	0	14	0	0	0	137	0	0	4	0	2	0	34	35	0	0	29	13	0
0	0	0	0	0	0	0	0	0	0	0	0	0	0	0	0	0	0	0	0	0	0	0	0	0	0	0	0	0	0	0	0	0	0	0	0	0	0	0	0	0	0	0	0	0	0	0	0	0	0	0	0	0	0	0	0	0	0	0	0	0	0	0	0	0	0	0	0	0	0	0	0	0	0
0	0	0	0	0	0	0	0	1	0	0	0	0	32	0	0	0	0	0	0	1	0	0	0	0	0	0	0	0	0	0	1457	0	0	0	0	0	0	0	0	0	0	0	0	0	0	0	0	0	0	0	0	0	0	0	0	0	0	0	0	0	4	0	0	0	0	0	0	0	0	0	0	0	0
0	0	0	0	0	0	0	0	0	0	0	0	0	0	0	0	0	0	0	0	0	0	0	0	0	0	0	0	0	0	0	0	0	0	0	0	0	0	0	0	0	0	0	0	0	0	0	0	0	0	0	0	0	0	0	0	0	0	0	0	0	0	0	0	0	0	0	0	0	0	0	0	0	0
0	0	38	2	0	6	0	0	0	88	0	0	0	9	2	0	0	0	0	2	0	0	0	0	0	0	0	0	0	133	0	1	0	0	0	133	0	0	0	0	0	0	0	0	0	0	0	0	0	0	0	0	0	0	0	0	11	0	0	0	6	2	0	0	0	0	0	0	0	0	0	0	1	0
3	0	0	0	0	69	0	0	0	0	0	0	0	0	0	0	42	0	0	1	4	0	0	0	0	4	0	0	4	0	0	0	0	500	0	0	0	0	0	0	0	0	1	0	0	0	0	0	0	0	0	61	0	0	0	0	0	0	0	0	0	0	0	0	0	0	0	0	0	0	0	0	0	2
0	1	0	0	0	14	0	0	1	0	0	0	0	0	0	0	4	0	2	61	7	0	0	193	25	1	0	0	3	0	0	0	4	47	0	0	0	0	0	0	0	0	0	0	0	0	0	0	0	0	0	13	0	0	0	0	0	0	0	0	0	34	0	0	0	0	0	0	0	0	0	1	0	46
0	0	0	0	0	0	0	0	0	0	0	0	0	0	0	0	0	0	0	0	0	0	0	0	0	0	0	0	0	0	0	355	0	3	0	0	0	0	0	0	0	0	0	1	0	0	0	1	0	0	0	0	0	0	0	0	3	0	0	0	0	35	0	0	0	0	0	0	0	0	0	2	11	0
0	0	9	0	0	0	0	0	0	96	0	0	0	0	0	0	0	0	13	146	0	0	0	0	0	0	0	0	0	0	1	0	0	0	0	0	0	0	0	0	0	0	0	0	0	0	0	0	0	0	0	0	9	0	0	1	66	0	0	0	0	0	0	0	0	0	0	0	0	0	0	0	0	0
0	0	0	0	0	0	0	0	0	0	0	0	0	0	0	0	0	0	0	0	0	0	0	0	0	0	0	0	0	0	0	0	0	0	0	0	0	0	0	0	0	0	0	0	0	0	0	0	0	0	0	0	0	0	0	0	0	0	0	0	0	0	0	0	0	0	0	0	0	0	0	0	0	0
0	0	10	0	4	4	0	3	7	28	0	0	3	3	0	0	0	0	0	0	2	0	0	0	0	0	0	0	0	0	0	19	1	3	2	0	0	0	0	5	0	0	3	2	0	0	7	4	0	0	0	5	0	0	0	0	3	3	0	0	13	29	0	0	0	0	0	1	2	0	0	0	8	0
0	1	2	0	2	0	0	0	0	0	0	0	0	2	0	0	0	0	0	0	0	0	0	0	0	0	0	0	0	0	0	11	0	1	0	6	0	0	0	0	0	0	0	3	0	0	0	0	0	0	0	0	0	0	0	0	1	0	0	0	2	13	0	0	0	1	0	0	11	0	0	8	0	0
0	0	0	0	0	3	0	0	0	0	0	0	34	0	0	0	8	0	44	0	0	25	0	0	0	0	0	0	0	0	27	1	0	119	0	2	0	0	0	23	0	0	0	0	0	0	0	0	0	0	0	0	49	0	0	1	27	54	0	0	0	0	0	0	0	0	2	46	0	0	0	0	0	0
