0	0	0	0	0	0	2	0	0	0	0	0	2	0	0	0	16	0	2	3	4	144	0	0	0	0	0	0	0	0	2	0	4	1	52	0	0	0	0	0	0	0	0	0	0	0	0	0	0	0	2	21	0	0	74	0	0	19	0	0	0	0	0	0	0	0	49	133	0	0	1	0	1	1
0	0	0	0	2	0	0	1	5	0	1	0	1	2	0	1	0	2	0	0	0	0	0	0	0	0	0	0	0	0	3	0	3	0	1	0	0	0	0	0	0	1	0	5	2	0	4	0	0	0	0	0	0	0	0	0	0	0	0	1	0	2	0	1	0	0	0	0	0	1	2	0	0	0
0	0	0	0	0	0	0	0	9	129	8	0	0	12	87	0	0	0	0	0	0	0	0	0	0	0	0	0	0	0	9	0	0	0	1	0	0	0	0	0	19	0	0	0	5	0	0	80	0	0	0	0	0	0	0	0	116	0	42	0	0	6	0	0	0	0	0	0	0	0	0	0	1	0
0	0	0	0	0	0	0	0	0	0	0	0	0	0	0	0	0	1	0	0	0	0	0	0	0	0	0	0	0	0	0	0	0	0	0	0	0	0	0	0	0	0	0	0	0	0	0	0	0	0	0	0	0	0	0	0	0	0	0	0	0	0	0	0	0	0	0	0	0	0	0	0	0	0
0	2	0	0	0	0	0	2	9	7	74	0	6	29	7	0	1	0	0	1	0	0	0	0	0	1	0	0	0	0	4	0	0	0	0	0	0	0	0	0	10	0	0	0	11	0	0	7	0	0	0	0	0	0	0	0	0	0	6	2	0	40	0	0	0	0	0	0	0	0	0	2	141	0
0	0	0	0	0	0	0	0	0	0	0	0	0	0	0	0	0	0	0	0	0	0	0	0	0	0	0	0	0	0	0	0	0	0	0	0	0	0	0	0	0	0	0	0	0	0	0	0	0	0	0	0	0	0	0	0	0	0	0	0	0	0	0	0	0	0	0	0	0	0	0	0	0	0
2	0	0	0	0	0	0	0	5	0	0	0	0	0	6	0	15	0	0	0	0	3	0	0	0	15	0	0	0	0	0	0	0	0	0	0	0	0	0	0	32	0	0	0	21	0	0	0	0	0	0	27	0	0	12	0	0	0	0	0	0	0	0	0	0	0	0	0	0	0	0	0	0	0
0	1	0	0	2	0	0	0	16	0	0	0	244	0	0	0	153	0	174	0	122	6	0	0	0	18	0	0	0	0	0	0	129	0	30	0	0	0	0	0	0	2	0	0	0	0	0	0	0	0	0	0	0	0	0	15	6	4	17	377	0	0	0	0	0	0	0	0	0	25	121	8	0	0
0	5	9	0	9	0	5	16	0	0	0	0	10	1	0	4	0	0	2	12	0	0	0	0	0	0	0	0	0	0	11	0	59	16	26	2	0	0	0	0	24	15	0	15	98	0	6	0	0	0	0	0	0	0	2	4	12	0	16	26	0	8	0	11	0	0	0	4	0	18	21	23	17	3
0	0	129	0	7	0	0	0	0	0	0	0	0	0	307	1	0	8	0	40	0	0	0	0	0	0	72	0	0	0	47	0	0	0	0	132	0	0	0	0	62	91	0	155	0	0	0	430	0	1	49	0	182	0	0	1	292	0	0	0	0	0	0	0	0	0	0	0	0	72	1	0	0	0
0	1	8	0	74	0	0	0	0	0	0	0	0	2	1	110	0	37	0	3	0	0	0	0	0	0	0	0	0	0	0	0	2	0	0	10	0	0	0	0	31	71	0	6	0	0	4	0	0	0	0	0	0	0	0	0	0	0	4	0	0	76	0	0	0	0	0	0	0	2	0	21	0	0
0	0	0	0	0	0	0	0	0	0	0	0	0	0	0	0	0	0	0	0	0	0	0	0	0	0	0	0	0	0	0	0	0	0	0	0	0	0	0	0	0	0	0	0	0	0	0	0	0	0	0	0	0	0	0	0	0	0	0	0	0	0	0	0	0	0	0	0	0	0	0	0	0	0
2	1	0	0	6	0	0	244	10	0	0	0	0	0	7	17	168	0	87	2	49	0	0	0	0	0	0	0	0	0	1	0	82	101	25	0	0	0	0	0	0	2	0	0	0	0	0	0	0	0	0	5	0	0	4	16	14	23	0	127	0	0	0	6	0	0	0	13	0	11	157	7	6	3
0	2	12	0	29	0	0	0	1	0	2	0	0	0	0	1	0	0	0	0	0	0	0	0	0	1	4	0	0	0	69	0	9	0	0	2	0	0	0	0	1	0	0	1	6	0	34	0	0	0	0	0	0	0	0	0	1	0	2	0	0	106	0	19	0	0	0	0	0	0	0	38	1	0
0	0	87	0	7	0	6	0	0	307	1	0	7	0	0	0	0	0	0	1	0	0	0	0	0	0	60	0	0	0	1	0	1	0	0	150	0	0	0	0	154	113	0	152	7	0	2	269	0	0	1	0	3	0	0	0	146	0	4	0	0	0	0	0	0	0	0	0	0	55	5	1	0	6
0	1	0	0	0	0	0	0	4	1	110	0	17	1	0	0	2	0	2	1	2	0	0	0	0	10	0	0	0	0	2	0	0	0	0	0	0	0	0	0	0	0	0	0	1	0	0	0	0	0	0	17	0	0	0	0	0	0	2	16	0	21	0	0	0	0	0	0	0	0	0	1	45	0
16	0	0	0	1	0	15	153	0	0	0	0	168	0	0	2	0	0	147	0	299	69	0	0	0	256	0	0	0	0	5	0	107	76	45	1	0	0	0	0	5	0	0	0	17	0	1	1	0	0	0	374	14	0	131	0	2	16	9	7	0	2	0	0	0	0	21	56	0	29	36	3	0	25
0	2	0	1	0	0	0	0	0	8	37	0	0	0	0	0	0	0	1	1	1	0	0	0	0	0	0	0	0	0	0	0	0	1	1	4	0	0	0	0	32	10	0	23	2	0	2	20	0	106	0	0	9	0	0	0	1	0	0	0	0	27	0	0	0	0	0	0	0	0	0	22	0	0
2	0	0	0	0	0	0	174	2	0	0	0	87	0	0	2	147	1	0	3	129	4	0	0	0	92	0	0	0	0	5	0	6	0	12	0	0	0	0	0	1	0	0	0	9	0	0	0	0	0	0	189	0	0	6	0	3	10	4	124	0	0	0	0	0	0	0	0	0	0	2	0	1	0
3	0	0	0	1	0	0	0	12	40	3	0	2	0	1	1	0	1	3	0	0	1	0	0	0	3	0	0	0	0	35	0	3	8	2	0	0	0	0	0	3	6	0	3	9	0	0	11	0	0	75	3	138	0	93	155	274	0	42	84	0	4	0	0	0	0	3	3	0	117	59	2	0	2
4	0	0	0	0	0	0	122	0	0	0	0	49	0	0	2	299	1	129	0	0	32	0	0	0	220	0	0	0	0	1	0	79	57	23	1	0	0	0	0	1	0	0	4	6	0	0	0	0	0	0	210	14	0	47	0	0	17	9	32	0	0	0	0	0	0	16	23	0	9	34	2	0	17
144	0	0	0	0	0	3	6	0	0	0	0	0	0	0	0	69	0	4	1	32	0	0	0	0	47	0	0	0	0	48	0	6	2	109	0	0	0	0	0	0	0	0	1	30	0	0	0	0	0	63	103	10	0	151	3	0	66	4	74	0	0	0	0	0	0	133	109	0	8	9	0	1	6
0	0	0	0	0	0	0	0	0	0	0	0	0	0	0	0	0	0	0	0	0	0	0	0	0	0	0	0	0	0	0	0	0	0	0	0	0	0	0	0	0	0	0	0	0	0	0	0	0	0	0	0	0	0	0	0	0	0	0	0	0	0	0	0	0	0	0	0	0	0	0	0	0	0
0	0	0	0	0	0	0	0	0	0	0	0	0	0	0	0	0	0	0	0	0	0	0	0	509	0	0	0	0	0	0	0	0	0	0	0	0	0	0	0	0	0	0	0	0	0	0	0	0	0	0	0	0	0	0	0	0	0	0	0	0	0	0	0	0	0	0	0	0	0	0	0	0	0
0	0	0	0	0	0	0	0	0	0	0	0	0	0	0	0	0	0	0	0	0	0	0	509	0	0	0	0	0	0	0	0	0	0	0	0	0	0	0	0	0	0	0	0	0	0	0	0	0	0	0	0	0	0	0	0	0	0	0	0	0	0	0	0	0	0	0	0	0	0	0	0	0	0
0	0	0	0	1	0	15	18	0	0	0	0	0	1	0	10	256	0	92	3	220	47	0	0	0	0	0	0	0	0	3	0	121	2	33	1	0	0	0	0	1	0	0	0	11	0	0	0	0	0	0	186	13	0	80	1	2	6	2	1	0	0	0	0	0	0	10	49	0	23	12	0	0	21
0	0	0	0	0	0	0	0	0	72	0	0	0	4	60	0	0	0	0	0	0	0	0	0	0	0	0	0	0	0	0	0	0	0	0	0	0	0	0	0	35	0	0	0	1	0	0	52	0	0	0	0	0	0	0	0	0	0	0	0	0	1	0	0	0	0	0	0	0	0	0	0	0	0
0	0	0	0	0	0	0	0	0	0	0	0	0	0	0	0	0	0	0	0	0	0	0	0	0	0	0	0	0	0	0	0	0	0	0	0	0	0	0	0	0	0	0	0	0	0	0	0	0	0	0	0	0	0	0	0	0	0	0	0	0	0	0	0	0	0	0	0	0	0	0	0	0	0
0	0	0	0	0	0	0	0	0	0	0	0	0	0	0	0	0	0	0	0	0	0	0	0	0	0	0	0	0	0	0	0	0	0	0	0	0	0	0	0	0	0	0	0	0	0	0	0	0	0	0	0	0	0	0	0	0	0	0	0	0	0	0	0	0	0	0	0	0	0	0	0	0	0
0	0	0	0	0	0	0	0	0	0	0	0	0	0	0	0	0	0	0	0	0	0	0	0	0	0	0	0	0	0	0	0	0	0	0	0	0	0	0	0	0	0	0	0	0	0	0	0	0	0	0	0	0	0	0	0	0	0	0	0	0	0	0	0	0	0	0	0	0	0	0	0	0	0
2	3	9	0	4	0	0	0	11	47	0	0	1	69	1	2	5	0	5	35	1	48	0	0	0	3	0	0	0	0	0	0	1	0	6	0	0	0	0	0	10	7	0	19	25	0	26	2	0	0	107	7	120	0	62	1	106	4	0	1	0	0	0	7	0	0	21	2	0	29	0	10	2	20
0	0	0	0	0	0	0	0	0	0	0	0	0	0	0	0	0	0	0	0	0	0	0	0	0	0	0	0	0	0	0	0	0	0	0	0	0	0	0	0	0	0	0	0	0	0	0	0	0	0	0	0	0	0	0	0	0	0	0	0	0	0	0	0	0	0	0	0	0	0	0	0	0	0
4	3	0	0	0	0	0	129	59	0	2	0	82	9	1	0	107	0	6	3	79	6	0	0	0	121	0	0	0	0	1	0	0	0	15	0	0	0	0	0	13	0	0	0	77	0	0	1	0	0	0	22	0	0	0	2	1	5	13	60	0	11	0	0	0	0	0	3	0	4	4	4	0	1
1	0	0	0	0	0	0	0	16	0	0	0	101	0	0	0	76	1	0	8	57	2	0	0	0	2	0	0	0	0	0	0	0	0	1	0	0	0	0	0	0	0	0	0	0	0	0	0	0	0	0	15	0	0	25	0	0	97	4	60	0	0	0	0	0	0	0	0	0	0	0	0	122	0
52	1	1	0	0	0	0	30	26	0	0	0	25	0	0	0	45	1	12	2	23	109	0	0	0	33	0	0	0	0	6	0	15	1	0	0	0	0	0	0	7	0	0	1	54	0	0	0	0	0	0	137	1	0	2	0	7	106	124	106	0	16	0	0	0	0	3	5	0	0	3	2	3	0
0	0	0	0	0	0	0	0	2	132	10	0	0	2	150	0	1	4	0	0	1	0	0	0	0	1	0	0	0	0	0	0	0	0	0	0	0	0	0	0	41	1	0	2	6	0	0	125	0	0	0	1	0	0	0	0	63	0	0	0	0	0	0	0	0	0	0	0	0	0	0	0	13	0
0	0	0	0	0	0	0	0	0	0	0	0	0	0	0	0	0	0	0	0	0	0	0	0	0	0	0	0	0	0	0	0	0	0	0	0	0	0	0	0	0	0	0	0	0	0	0	0	0	0	0	0	0	0	0	0	0	0	0	0	0	0	0	0	0	0	0	0	0	0	0	0	0	0
0	0	0	0	0	0	0	0	0	0	0	0	0	0	0	0	0	0	0	0	0	0	0	0	0	0	0	0	0	0	0	0	0	0	0	0	0	0	0	0	0	0	0	0	0	0	0	0	0	0	0	0	0	0	0	0	0	0	0	0	0	0	0	0	0	0	0	0	0	0	0	0	0	0
0	0	0	0	0	0	0	0	0	0	0	0	0	0	0	0	0	0	0	0	0	0	0	0	0	0	0	0	0	0	0	0	0	0	0	0	0	0	0	0	0	0	0	0	0	0	0	0	0	0	0	0	0	0	0	0	0	0	0	0	0	0	0	0	0	0	0	0	0	0	0	0	0	0
0	0	0	0	0	0	0	0	0	0	0	0	0	0	0	0	0	0	0	0	0	0	0	0	0	0	0	0	0	0	0	0	0	0	0	0	0	0	0	0	0	0	0	0	0	0	0	0	0	0	0	0	0	0	0	0	0	0	0	0	0	0	0	0	0	0	0	0	0	0	0	0	0	0
0	0	19	0	10	0	32	0	24	62	31	0	0	1	154	0	5	32	1	3	1	0	0	0	0	1	35	0	0	0	10	0	13	0	7	41	0	0	0	0	0	0	0	50	35	0	1	150	0	0	0	1	0	0	0	0	0	0	3	0	0	16	0	0	0	0	0	0	0	0	0	15	0	0
0	1	0	0	0	0	0	2	15	91	71	0	2	0	113	0	0	10	0	6	0	0	0	0	0	0	0	0	0	0	7	0	0	0	0	1	0	0	0	0	0	0	0	0	34	0	0	59	0	0	0	0	0	0	0	0	53	75	229	16	0	18	0	0	0	0	0	0	0	0	0	1	23	0
0	0	0	0	0	0	0	0	0	0	0	0	0	0	0	0	0	0	0	0	0	0	0	0	0	0	0	0	0	0	0	0	0	0	0	0	0	0	0	0	0	0	0	0	0	0	0	0	0	0	0	0	0	0	0	0	0	0	0	0	0	0	0	0	0	0	0	0	0	0	0	0	0	0
0	5	0	0	0	0	0	0	15	155	6	0	0	1	152	0	0	23	0	3	4	1	0	0	0	0	0	0	0	0	19	0	0	0	1	2	0	0	0	0	50	0	0	0	36	0	0	122	0	0	0	0	2	0	1	0	44	5	0	0	0	45	0	0	0	0	0	0	0	0	0	5	39	0
0	2	5	0	11	0	21	0	98	0	0	0	0	6	7	1	17	2	9	9	6	30	0	0	0	11	1	0	0	0	25	0	77	0	54	6	0	0	0	0	35	34	0	36	0	0	0	0	0	1	2	13	10	0	14	0	5	19	3	0	0	35	0	2	0	0	15	2	0	4	5	25	3	9
0	0	0	0	0	0	0	0	0	0	0	0	0	0	0	0	0	0	0	0	0	0	0	0	0	0	0	0	0	0	0	0	0	0	0	0	0	0	0	0	0	0	0	0	0	0	0	0	0	0	0	0	0	0	0	0	0	0	0	0	0	0	0	0	0	0	0	0	0	0	0	0	0	0
0	4	0	0	0	0	0	0	6	0	4	0	0	34	2	0	1	2	0	0	0	0	0	0	0	0	0	0	0	0	26	0	0	0	0	0	0	0	0	0	1	0	0	0	0	0	0	1	0	0	0	0	0	0	0	0	0	41	122	0	0	3	0	0	0	0	0	0	0	0	0	4	0	0
0	0	80	0	7	0	0	0	0	430	0	0	0	0	269	0	1	20	0	11	0	0	0	0	0	0	52	0	0	0	2	0	1	0	0	125	0	0	0	0	150	59	0	122	0	0	1	0	0	0	11	0	59	0	1	0	240	0	0	0	0	0	0	0	0	0	0	0	0	23	0	0	0	0
0	0	0	0	0	0	0	0	0	0	0	0	0	0	0	0	0	0	0	0	0	0	0	0	0	0	0	0	0	0	0	0	0	0	0	0	0	0	0	0	0	0	0	0	0	0	0	0	0	0	0	0	0	0	0	0	0	0	0	0	0	0	0	0	0	0	0	0	0	0	0	0	0	0
0	0	0	0	0	0	0	0	0	1	0	0	0	0	0	0	0	106	0	0	0	0	0	0	0	0	0	0	0	0	0	0	0	0	0	0	0	0	0	0	0	0	0	0	1	0	0	0	0	0	0	0	0	0	0	0	0	0	0	0	0	0	0	0	0	0	0	0	0	0	0	0	0	0
2	0	0	0	0	0	0	0	0	49	0	0	0	0	1	0	0	0	0	75	0	63	0	0	0	0	0	0	0	0	107	0	0	0	0	0	0	0	0	0	0	0	0	0	2	0	0	11	0	0	0	1	0	0	0	0	59	0	0	0	0	0	0	0	0	0	0	0	0	0	0	0	0	0
21	0	0	0	0	0	27	0	0	0	0	0	5	0	0	17	374	0	189	3	210	103	0	0	0	186	0	0	0	0	7	0	22	15	137	1	0	0	0	0	1	0	0	0	13	0	0	0	0	0	1	0	17	0	143	1	1	17	1	1	0	0	0	0	0	0	16	30	0	30	47	0	0	37
0	0	0	0	0	0	0	0	0	182	0	0	0	0	3	0	14	9	0	138	14	10	0	0	0	13	0	0	0	0	120	0	0	0	1	0	0	0	0	0	0	0	0	2	10	0	0	59	0	0	0	17	0	0	1	0	110	30	0	0	0	0	0	0	0	0	0	0	0	0	0	0	0	0
0	0	0	0	0	0	0	0	0	0	0	0	0	0	0	0	0	0	0	0	0	0	0	0	0	0	0	0	0	0	0	0	0	0	0	0	0	0	0	0	0	0	0	0	0	0	0	0	0	0	0	0	0	0	0	0	0	0	0	0	0	0	0	0	0	0	0	0	0	0	0	0	0	0
74	0	0	0	0	0	12	0	2	0	0	0	4	0	0	0	131	0	6	93	47	151	0	0	0	80	0	0	0	0	62	0	0	25	2	0	0	0	0	0	0	0	0	1	14	0	0	1	0	0	0	143	1	0	0	5	6	18	14	42	0	0	0	0	0	0	29	9	0	28	30	0	1	1
0	0	0	0	0	0	0	15	4	1	0	0	16	0	0	0	0	0	0	155	0	3	0	0	0	1	0	0	0	0	1	0	2	0	0	0	0	0	0	0	0	0	0	0	0	0	0	0	0	0	0	1	0	0	5	0	18	0	63	18	0	0	0	0	0	0	0	0	0	2	0	0	0	1
0	0	116	0	0	0	0	6	12	292	0	0	14	1	146	0	2	1	3	274	0	0	0	0	0	2	0	0	0	0	106	0	1	0	7	63	0	0	0	0	0	53	0	44	5	0	0	240	0	0	59	1	110	0	6	18	0	34	96	49	0	1	0	0	0	0	2	0	0	64	7	0	2	11
19	0	0	0	0	0	0	4	0	0	0	0	23	0	0	0	16	0	10	0	17	66	0	0	0	6	0	0	0	0	4	0	5	97	106	0	0	0	0	0	0	75	0	5	19	0	41	0	0	0	0	17	30	0	18	0	34	0	238	156	0	1	0	0	0	0	102	14	0	6	114	0	0	43
0	0	42	0	6	0	0	17	16	0	4	0	0	2	4	2	9	0	4	42	9	4	0	0	0	2	0	0	0	0	0	0	13	4	124	0	0	0	0	0	3	229	0	0	3	0	122	0	0	0	0	1	0	0	14	63	96	238	0	422	0	5	0	0	0	0	232	0	0	163	238	6	82	0
0	1	0	0	2	0	0	377	26	0	0	0	127	0	0	16	7	0	124	84	32	74	0	0	0	1	0	0	0	0	1	0	60	60	106	0	0	0	0	0	0	16	0	0	0	0	0	0	0	0	0	1	0	0	42	18	49	156	422	0	0	0	0	15	0	0	14	0	0	86	236	8	0	13
0	0	0	0	0	0	0	0	0	0	0	0	0	0	0	0	0	0	0	0	0	0	0	0	0	0	0	0	0	0	0	0	0	0	0	0	0	0	0	0	0	0	0	0	0	0	0	0	0	0	0	0	0	0	0	0	0	0	0	0	0	0	0	0	0	0	0	0	0	0	0	0	0	0
0	2	6	0	40	0	0	0	8	0	76	0	0	106	0	21	2	27	0	4	0	0	0	0	0	0	1	0	0	0	0	0	11	0	16	0	0	0	0	0	16	18	0	45	35	0	3	0	0	0	0	0	0	0	0	0	1	1	5	0	0	0	0	0	0	0	0	0	0	0	0	48	2	0
0	0	0	0	0	0	0	0	0	0	0	0	0	0	0	0	0	0	0	0	0	0	0	0	0	0	0	0	0	0	0	0	0	0	0	0	0	0	0	0	0	0	0	0	0	0	0	0	0	0	0	0	0	0	0	0	0	0	0	0	0	0	0	0	0	0	0	0	0	0	0	0	0	0
0	1	0	0	0	0	0	0	11	0	0	0	6	19	0	0	0	0	0	0	0	0	0	0	0	0	0	0	0	0	7	0	0	0	0	0	0	0	0	0	0	0	0	0	2	0	0	0	0	0	0	0	0	0	0	0	0	0	0	15	0	0	0	0	0	0	0	0	0	0	0	1	48	0
0	0	0	0	0	0	0	0	0	0	0	0	0	0	0	0	0	0	0	0	0	0	0	0	0	0	0	0	0	0	0	0	0	0	0	0	0	0	0	0	0	0	0	0	0	0	0	0	0	0	0	0	0	0	0	0	0	0	0	0	0	0	0	0	0	0	0	0	0	0	0	0	0	0
0	0	0	0	0	0	0	0	0	0	0	0	0	0	0	0	0	0	0	0	0	0	0	0	0	0	0	0	0	0	0	0	0	0	0	0	0	0	0	0	0	0	0	0	0	0	0	0	0	0	0	0	0	0	0	0	0	0	0	0	0	0	0	0	0	0	0	0	0	0	0	0	0	0
49	0	0	0	0	0	0	0	0	0	0	0	0	0	0	0	21	0	0	3	16	133	0	0	0	10	0	0	0	0	21	0	0	0	3	0	0	0	0	0	0	0	0	0	15	0	0	0	0	0	0	16	0	0	29	0	2	102	232	14	0	0	0	0	0	0	0	0	0	1	0	0	0	0
133	0	0	0	0	0	0	0	4	0	0	0	13	0	0	0	56	0	0	3	23	109	0	0	0	49	0	0	0	0	2	0	3	0	5	0	0	0	0	0	0	0	0	0	2	0	0	0	0	0	0	30	0	0	9	0	0	14	0	0	0	0	0	0	0	0	0	0	0	0	0	0	0	0
0	0	0	0	0	0	0	0	0	0	0	0	0	0	0	0	0	0	0	0	0	0	0	0	0	0	0	0	0	0	0	0	0	0	0	0	0	0	0	0	0	0	0	0	0	0	0	0	0	0	0	0	0	0	0	0	0	0	0	0	0	0	0	0	0	0	0	0	0	0	0	0	0	0
0	1	0	0	0	0	0	25	18	72	2	0	11	0	55	0	29	0	0	117	9	8	0	0	0	23	0	0	0	0	29	0	4	0	0	0	0	0	0	0	0	0	0	0	4	0	0	23	0	0	0	30	0	0	28	2	64	6	163	86	0	0	0	0	0	0	1	0	0	0	1	1	34	1
1	2	0	0	0	0	0	121	21	1	0	0	157	0	5	0	36	0	2	59	34	9	0	0	0	12	0	0	0	0	0	0	4	0	3	0	0	0	0	0	0	0	0	0	5	0	0	0	0	0	0	47	0	0	30	0	7	114	238	236	0	0	0	0	0	0	0	0	0	1	0	2	2	0
0	0	0	0	2	0	0	8	23	0	21	0	7	38	1	1	3	22	0	2	2	0	0	0	0	0	0	0	0	0	10	0	4	0	2	0	0	0	0	0	15	1	0	5	25	0	4	0	0	0	0	0	0	0	0	0	0	0	6	8	0	48	0	1	0	0	0	0	0	1	2	0	5	0
1	0	1	0	141	0	0	0	17	0	0	0	6	1	0	45	0	0	1	0	0	1	0	0	0	0	0	0	0	0	2	0	0	122	3	13	0	0	0	0	0	23	0	39	3	0	0	0	0	0	0	0	0	0	1	0	2	0	82	0	0	2	0	48	0	0	0	0	0	34	2	5	0	0
1	0	0	0	0	0	0	0	3	0	0	0	3	0	6	0	25	0	0	2	17	6	0	0	0	21	0	0	0	0	20	0	1	0	0	0	0	0	0	0	0	0	0	0	9	0	0	0	0	0	0	37	0	0	1	1	11	43	0	13	0	0	0	0	0	0	0	0	0	1	0	0	0	0
