0	0	0	0	0	0	0	0	0	0	0	0	0	0	0	0	2	0	0	0	0	0	0	92	97	0	0	0	5	0	5	0	0	0	16	0	0	0	0	1	1	0	0	0	0	0	0	0	0	0	1	4	0	0	112	11	0	1	0	0	0	0	0	0	0	0	18	0	0	0	8	0	0	0
0	0	0	0	0	0	0	2	0	0	0	0	1	0	0	0	0	0	1	1	0	0	0	0	0	0	0	0	0	0	0	0	0	2	0	0	0	0	0	2	0	0	0	0	0	0	1	0	0	0	0	0	0	0	0	0	0	0	2	0	0	0	0	1	0	0	0	0	0	0	2	0	0	0
0	0	0	6	1	0	0	0	0	77	0	0	0	19	17	2	0	0	3	2	3	0	0	0	0	0	64	0	0	0	0	0	2	1	0	0	0	0	0	0	51	6	0	17	0	0	8	17	0	0	0	0	0	0	0	0	26	0	2	0	10	14	0	11	0	13	0	0	0	9	0	1	3	10
0	0	6	0	0	0	0	0	0	1	0	0	0	0	0	0	0	0	0	0	0	0	0	0	0	0	70	0	0	0	0	0	0	0	0	0	0	0	0	0	36	0	0	0	0	0	0	0	0	0	0	0	0	0	0	0	0	0	0	0	0	0	0	0	0	0	0	0	0	0	0	0	0	0
0	0	1	0	0	0	0	0	0	0	0	0	60	3	0	15	1	1	0	1	0	0	0	0	0	0	0	0	0	0	1	0	1	106	0	0	0	0	0	0	0	121	0	0	0	0	0	1	0	0	0	1	0	0	0	0	9	1	2	0	0	260	0	101	0	0	0	0	0	5	2	56	137	0
0	0	0	0	0	0	0	0	0	0	0	0	0	0	0	0	0	0	0	0	0	0	0	0	0	0	0	0	0	0	0	0	0	0	0	0	0	0	0	0	0	0	0	0	0	0	0	0	0	0	0	0	0	0	0	0	0	0	0	0	0	0	0	0	0	0	0	0	0	0	0	0	0	0
0	0	0	0	0	0	0	0	0	0	0	0	0	0	1	0	0	8	0	1	0	0	0	2	0	0	0	0	0	0	0	0	0	0	0	0	0	0	0	0	24	0	0	0	9	0	0	0	0	0	0	1	0	0	0	1	0	2	0	0	0	1	0	0	0	0	0	0	0	0	0	0	8	0
0	2	0	0	0	0	0	0	0	0	0	0	121	0	0	0	0	0	0	108	23	0	0	0	0	4	0	0	4	0	0	0	3	10	0	0	0	0	0	0	0	0	0	0	0	0	0	0	0	0	0	19	0	0	0	0	1	5	0	0	0	0	0	0	0	0	0	0	0	1	0	0	0	0
0	0	0	0	0	0	0	0	0	0	0	0	0	0	0	0	0	0	0	0	0	0	0	0	0	0	0	0	0	0	0	0	0	0	0	0	0	0	0	0	0	0	0	0	0	0	0	0	0	0	0	0	0	0	0	0	0	0	0	0	0	0	0	0	0	0	0	0	0	0	0	0	0	0
0	0	77	1	0	0	0	0	0	0	0	0	0	0	109	0	0	0	0	1	0	0	0	0	0	0	0	0	0	0	155	0	1	0	0	0	0	0	0	2	10	104	0	142	0	0	0	112	0	0	1	0	121	0	0	0	136	0	0	0	0	1	0	0	0	48	0	0	0	28	0	0	0	0
0	0	0	0	0	0	0	0	0	0	0	0	0	0	0	0	0	0	0	0	0	0	0	0	0	0	0	0	0	0	0	0	0	0	0	0	0	0	0	0	0	0	0	0	0	0	0	0	0	0	0	0	0	0	0	0	0	0	0	0	0	0	0	0	0	0	0	0	0	0	0	0	0	0
0	0	0	0	0	0	0	0	0	0	0	0	0	0	0	0	0	0	0	0	0	0	0	0	0	0	0	0	0	0	0	0	0	0	0	0	0	0	0	0	0	0	0	0	0	0	0	0	0	0	0	0	0	0	0	0	0	0	0	0	0	0	0	0	0	0	0	0	0	0	0	0	0	0
0	1	0	0	60	0	0	121	0	0	0	0	0	4	0	10	46	2	96	11	22	0	0	4	0	0	0	0	3	0	0	0	46	154	8	0	0	0	0	110	2	2	0	0	0	0	2	0	0	0	0	1	0	0	3	2	15	13	15	0	0	3	0	1	0	0	0	0	0	0	112	81	2	0
0	0	19	0	3	0	0	0	0	0	0	0	4	0	0	2	0	4	0	0	2	0	0	0	0	0	2	0	0	0	0	0	6	0	0	0	0	0	0	0	24	7	0	3	0	0	15	30	0	0	0	0	0	0	0	25	11	4	0	0	118	258	0	30	0	1	0	0	0	0	0	6	0	0
0	0	17	0	0	0	1	0	0	109	0	0	0	0	0	0	0	0	0	1	0	0	0	0	0	0	0	0	0	0	0	0	0	0	0	0	0	0	0	1	0	14	0	12	0	0	0	0	0	0	0	0	10	0	0	0	14	0	3	0	0	0	0	0	0	0	1	0	0	2	0	0	0	0
0	0	2	0	15	0	0	0	0	0	0	0	10	2	0	0	1	0	0	1	2	0	0	0	0	0	0	0	0	0	0	0	0	1	0	0	0	0	0	0	0	0	0	0	0	0	0	0	0	0	0	1	0	0	5	0	3	1	0	0	0	35	0	0	0	0	0	0	0	0	0	0	15	0
2	0	0	0	1	0	0	0	0	0	0	0	46	0	0	1	0	0	11	2	18	0	0	3	2	50	0	0	3	0	0	0	11	67	23	0	0	0	0	125	5	0	0	0	10	2	0	0	0	0	0	215	0	0	38	1	16	9	11	0	0	0	0	0	0	0	170	0	0	8	164	0	0	3
0	0	0	0	1	0	8	0	0	0	0	0	2	4	0	0	0	0	0	0	0	0	0	0	0	0	1	0	0	0	0	0	2	0	0	0	0	0	0	0	0	1	0	0	12	0	1	6	0	164	1	0	0	0	0	0	2	6	0	0	4	9	0	0	0	0	0	0	0	0	0	0	3	0
0	1	3	0	0	0	0	0	0	0	0	0	96	0	0	0	11	0	0	62	33	0	0	2	0	67	0	0	83	0	0	0	2	1	4	0	0	0	0	0	0	0	0	0	3	0	0	0	0	0	0	80	0	0	0	0	0	0	0	0	0	0	0	0	0	0	0	0	0	1	0	0	0	0
0	1	2	0	1	0	1	108	0	1	0	0	11	0	1	1	2	0	62	0	29	0	0	0	0	7	0	0	32	0	0	0	51	31	41	0	0	0	0	108	5	2	0	0	0	1	0	0	0	0	0	55	0	0	13	0	17	6	11	0	0	0	0	0	0	0	0	0	0	2	64	78	0	1
0	0	3	0	0	0	0	23	0	0	0	0	22	2	0	2	18	0	33	29	0	0	0	6	3	103	0	0	10	0	0	0	14	17	11	0	0	0	0	31	10	0	0	0	9	0	1	0	0	0	0	78	0	0	2	28	3	0	0	0	3	0	0	0	0	0	0	0	0	0	8	3	0	1
0	0	0	0	0	0	0	0	0	0	0	0	0	0	0	0	0	0	0	0	0	0	0	0	0	0	0	0	0	0	0	0	0	0	0	0	0	0	0	0	0	0	0	0	0	0	0	0	0	0	0	0	0	0	0	0	0	0	0	0	0	0	0	0	0	0	0	0	0	0	0	0	0	0
0	0	0	0	0	0	0	0	0	0	0	0	0	0	0	0	0	0	0	0	0	0	0	0	0	0	0	0	0	0	0	0	0	0	0	0	0	0	0	0	0	0	0	0	0	0	0	0	0	0	0	0	0	0	0	0	0	0	0	0	0	0	0	0	0	0	0	0	0	0	0	0	0	0
92	0	0	0	0	0	2	0	0	0	0	0	4	0	0	0	3	0	2	0	6	0	0	0	283	0	0	0	13	0	62	0	0	5	2	0	0	0	0	0	0	0	0	0	0	0	0	0	0	0	2	19	266	0	167	260	2	0	0	0	0	0	0	0	0	0	6	0	0	4	4	0	0	0
97	0	0	0	0	0	0	0	0	0	0	0	0	0	0	0	2	0	0	0	3	0	0	283	0	0	0	0	1	0	3	0	0	1	1	0	0	0	0	1	0	0	0	0	0	0	0	0	0	0	0	13	37	0	52	166	4	0	0	0	0	0	0	0	0	0	1	0	0	2	1	0	0	0
0	0	0	0	0	0	0	4	0	0	0	0	0	0	0	0	50	0	67	7	103	0	0	0	0	0	0	0	5	0	0	0	25	5	19	0	0	0	0	92	4	0	0	0	8	0	0	0	0	0	0	107	0	0	31	0	0	8	1	0	0	0	0	0	0	1	21	0	0	1	3	27	0	0
0	0	64	70	0	0	0	0	0	0	0	0	0	2	0	0	0	1	0	0	0	0	0	0	0	0	0	0	0	0	0	0	0	0	0	0	0	0	0	0	103	0	0	0	0	0	0	5	0	0	0	0	0	0	0	0	0	2	0	0	1	1	0	0	0	86	0	0	0	0	0	0	0	0
0	0	0	0	0	0	0	0	0	0	0	0	0	0	0	0	0	0	0	0	0	0	0	0	0	0	0	0	0	0	0	0	0	0	0	0	0	0	0	0	0	0	0	0	0	0	0	0	0	0	0	0	0	0	0	0	0	0	0	0	0	0	0	0	0	0	0	0	0	0	0	0	0	0
5	0	0	0	0	0	0	4	0	0	0	0	3	0	0	0	3	0	83	32	10	0	0	13	1	5	0	0	0	0	0	0	15	16	97	0	0	0	0	64	0	2	0	0	1	0	0	0	0	0	0	72	0	0	1	0	9	1	38	0	0	0	0	0	0	0	26	0	0	2	25	26	0	0
0	0	0	0	0	0	0	0	0	0	0	0	0	0	0	0	0	0	0	0	0	0	0	0	0	0	0	0	0	0	0	0	0	0	0	0	0	0	0	0	0	0	0	0	0	0	0	0	0	0	0	0	0	0	0	0	0	0	0	0	0	0	0	0	0	0	0	0	0	0	0	0	0	0
5	0	0	0	1	0	0	0	0	155	0	0	0	0	0	0	0	0	0	0	0	0	0	62	3	0	0	0	0	0	0	0	0	0	0	0	0	0	0	0	0	0	0	9	0	0	0	0	0	0	58	0	242	0	109	0	132	0	0	0	0	0	0	0	0	0	30	0	0	22	0	0	0	25
0	0	0	0	0	0	0	0	0	0	0	0	0	0	0	0	0	0	0	0	0	0	0	0	0	0	0	0	0	0	0	0	0	0	0	0	0	0	0	0	0	0	0	0	0	0	0	0	0	0	0	0	0	0	0	0	0	0	0	0	0	0	0	0	0	0	0	0	0	0	0	0	0	0
0	0	2	0	1	0	0	3	0	1	0	0	46	6	0	0	11	2	2	51	14	0	0	0	0	25	0	0	15	0	0	0	0	9	7	0	0	0	0	3	2	0	0	0	0	0	0	0	0	0	0	12	0	0	4	1	1	0	0	0	0	75	0	0	0	0	0	0	0	1	1	0	47	1
0	2	1	0	106	0	0	10	0	0	0	0	154	0	0	1	67	0	1	31	17	0	0	5	1	5	0	0	16	0	0	0	9	0	7	0	0	0	0	70	0	0	0	0	0	0	0	0	0	0	0	14	0	0	8	0	8	9	1	0	0	1	0	0	0	0	4	0	0	2	72	64	132	0
16	0	0	0	0	0	0	0	0	0	0	0	8	0	0	0	23	0	4	41	11	0	0	2	1	19	0	0	97	0	0	0	7	7	0	0	0	0	0	7	0	0	0	0	3	0	0	0	0	0	0	85	0	0	2	0	3	2	0	0	0	11	0	1	0	0	0	0	0	1	3	0	1	0
0	0	0	0	0	0	0	0	0	0	0	0	0	0	0	0	0	0	0	0	0	0	0	0	0	0	0	0	0	0	0	0	0	0	0	0	0	0	0	0	0	0	0	0	0	0	0	0	0	0	0	0	0	0	0	0	0	0	0	0	0	0	0	0	0	0	0	0	0	0	0	0	0	0
0	0	0	0	0	0	0	0	0	0	0	0	0	0	0	0	0	0	0	0	0	0	0	0	0	0	0	0	0	0	0	0	0	0	0	0	0	0	0	0	0	0	0	0	0	0	0	0	0	0	0	0	0	0	0	0	0	0	0	0	0	0	0	0	0	0	0	0	0	0	0	0	0	0
0	0	0	0	0	0	0	0	0	0	0	0	0	0	0	0	0	0	0	0	0	0	0	0	0	0	0	0	0	0	0	0	0	0	0	0	0	0	0	0	0	0	0	0	0	0	0	0	0	0	0	0	0	0	0	0	0	0	0	0	0	0	0	0	0	0	0	0	0	0	0	0	0	0
0	0	0	0	0	0	0	0	0	0	0	0	0	0	0	0	0	0	0	0	0	0	0	0	0	0	0	0	0	0	0	0	0	0	0	0	0	0	0	0	0	0	0	0	0	0	0	0	0	0	0	0	0	0	0	0	0	0	0	0	0	0	0	0	0	0	0	0	0	0	0	0	0	0
1	2	0	0	0	0	0	0	0	2	0	0	110	0	1	0	125	0	0	108	31	0	0	0	1	92	0	0	64	0	0	0	3	70	7	0	0	0	0	0	0	0	0	0	0	0	0	0	0	0	0	92	0	0	2	0	0	2	0	0	0	0	0	0	0	0	0	0	0	1	0	0	0	0
1	0	51	36	0	0	24	0	0	10	0	0	2	24	0	0	5	0	0	5	10	0	0	0	0	4	103	0	0	0	0	0	2	0	0	0	0	0	0	0	0	2	0	54	3	0	0	64	0	0	3	0	1	0	1	8	0	0	0	0	1	37	0	0	0	42	0	0	0	0	0	0	23	0
0	0	6	0	121	0	0	0	0	104	0	0	2	7	14	0	0	1	0	2	0	0	0	0	0	0	0	0	2	0	0	0	0	0	0	0	0	0	0	0	2	0	0	0	0	0	0	0	0	0	0	0	0	0	0	0	5	0	24	0	0	38	0	0	0	0	0	0	0	1	0	0	15	0
0	0	0	0	0	0	0	0	0	0	0	0	0	0	0	0	0	0	0	0	0	0	0	0	0	0	0	0	0	0	0	0	0	0	0	0	0	0	0	0	0	0	0	0	0	0	0	0	0	0	0	0	0	0	0	0	0	0	0	0	0	0	0	0	0	0	0	0	0	0	0	0	0	0
0	0	17	0	0	0	0	0	0	142	0	0	0	3	12	0	0	0	0	0	0	0	0	0	0	0	0	0	0	0	9	0	0	0	0	0	0	0	0	0	54	0	0	0	0	0	0	0	0	0	1	0	9	0	0	0	1	1	0	0	0	0	0	0	0	0	0	0	0	0	0	0	7	0
0	0	0	0	0	0	9	0	0	0	0	0	0	0	0	0	10	12	3	0	9	0	0	0	0	8	0	0	1	0	0	0	0	0	3	0	0	0	0	0	3	0	0	0	0	0	0	10	0	0	0	6	0	0	0	5	6	20	0	0	8	18	0	0	0	0	0	0	0	0	0	0	0	9
0	0	0	0	0	0	0	0	0	0	0	0	0	0	0	0	2	0	0	1	0	0	0	0	0	0	0	0	0	0	0	0	0	0	0	0	0	0	0	0	0	0	0	0	0	0	0	0	0	0	0	0	0	0	2	0	0	0	0	0	0	0	0	0	0	0	0	0	0	0	0	0	0	0
0	1	8	0	0	0	0	0	0	0	0	0	2	15	0	0	0	1	0	0	1	0	0	0	0	0	0	0	0	0	0	0	0	0	0	0	0	0	0	0	0	0	0	0	0	0	0	0	0	0	0	0	0	0	0	0	1	1	0	0	0	3	0	0	0	0	0	0	0	0	0	0	0	0
0	0	17	0	1	0	0	0	0	112	0	0	0	30	0	0	0	6	0	0	0	0	0	0	0	0	5	0	0	0	0	0	0	0	0	0	0	0	0	0	64	0	0	0	10	0	0	0	0	0	0	0	7	0	11	0	30	6	0	0	0	45	0	0	0	0	0	0	0	4	0	0	1	0
0	0	0	0	0	0	0	0	0	0	0	0	0	0	0	0	0	0	0	0	0	0	0	0	0	0	0	0	0	0	0	0	0	0	0	0	0	0	0	0	0	0	0	0	0	0	0	0	0	0	0	0	0	0	0	0	0	0	0	0	0	0	0	0	0	0	0	0	0	0	0	0	0	0
0	0	0	0	0	0	0	0	0	0	0	0	0	0	0	0	0	164	0	0	0	0	0	0	0	0	0	0	0	0	0	0	0	0	0	0	0	0	0	0	0	0	0	0	0	0	0	0	0	0	0	0	0	0	0	0	0	0	0	0	0	0	0	0	0	0	0	0	0	0	0	0	0	0
1	0	0	0	0	0	0	0	0	1	0	0	0	0	0	0	0	1	0	0	0	0	0	2	0	0	0	0	0	0	58	0	0	0	0	0	0	0	0	0	3	0	0	1	0	0	0	0	0	0	0	0	30	0	1	0	5	0	0	0	0	0	0	0	0	0	2	0	0	36	0	0	0	0
4	0	0	0	1	0	1	19	0	0	0	0	1	0	0	1	215	0	80	55	78	0	0	19	13	107	0	0	72	0	0	0	12	14	85	0	0	0	0	92	0	0	0	0	6	0	0	0	0	0	0	0	0	0	27	8	2	2	0	0	0	0	0	0	0	0	29	0	0	2	25	28	0	0
0	0	0	0	0	0	0	0	0	121	0	0	0	0	10	0	0	0	0	0	0	0	0	266	37	0	0	0	0	0	242	0	0	0	0	0	0	0	0	0	1	0	0	9	0	0	0	7	0	0	30	0	0	0	6	1	61	3	0	0	0	0	0	0	0	0	1	0	0	65	0	0	0	8
0	0	0	0	0	0	0	0	0	0	0	0	0	0	0	0	0	0	0	0	0	0	0	0	0	0	0	0	0	0	0	0	0	0	0	0	0	0	0	0	0	0	0	0	0	0	0	0	0	0	0	0	0	0	0	0	0	0	0	0	0	0	0	0	0	0	0	0	0	0	0	0	0	0
112	0	0	0	0	0	0	0	0	0	0	0	3	0	0	5	38	0	0	13	2	0	0	167	52	31	0	0	1	0	109	0	4	8	2	0	0	0	0	2	1	0	0	0	0	2	0	11	0	0	1	27	6	0	0	47	1	4	0	0	0	1	0	0	0	0	6	0	0	1	2	0	1	0
11	0	0	0	0	0	1	0	0	0	0	0	2	25	0	0	1	0	0	0	28	0	0	260	166	0	0	0	0	0	0	0	1	0	0	0	0	0	0	0	8	0	0	0	5	0	0	0	0	0	0	8	1	0	47	0	36	0	0	0	0	18	0	0	0	0	0	0	0	136	0	0	0	0
0	0	26	0	9	0	0	1	0	136	0	0	15	11	14	3	16	2	0	17	3	0	0	2	4	0	0	0	9	0	132	0	1	8	3	0	0	0	0	0	0	5	0	1	6	0	1	30	0	0	5	2	61	0	1	36	0	8	58	0	2	15	0	0	0	0	5	0	0	26	6	2	4	3
1	0	0	0	1	0	2	5	0	0	0	0	13	4	0	1	9	6	0	6	0	0	0	0	0	8	2	0	1	0	0	0	0	9	2	0	0	0	0	2	0	0	0	1	20	0	1	6	0	0	0	2	3	0	4	0	8	0	0	0	5	34	0	2	0	0	8	0	0	0	1	0	0	14
0	2	2	0	2	0	0	0	0	0	0	0	15	0	3	0	11	0	0	11	0	0	0	0	0	1	0	0	38	0	0	0	0	1	0	0	0	0	0	0	0	24	0	0	0	0	0	0	0	0	0	0	0	0	0	0	58	0	0	0	0	0	0	0	0	0	24	0	0	5	14	2	0	0
0	0	0	0	0	0	0	0	0	0	0	0	0	0	0	0	0	0	0	0	0	0	0	0	0	0	0	0	0	0	0	0	0	0	0	0	0	0	0	0	0	0	0	0	0	0	0	0	0	0	0	0	0	0	0	0	0	0	0	0	0	0	0	0	0	0	0	0	0	0	0	0	0	0
0	0	10	0	0	0	0	0	0	0	0	0	0	118	0	0	0	4	0	0	3	0	0	0	0	0	1	0	0	0	0	0	0	0	0	0	0	0	0	0	1	0	0	0	8	0	0	0	0	0	0	0	0	0	0	0	2	5	0	0	0	118	0	0	0	0	0	0	0	0	0	0	7	0
0	0	14	0	260	0	1	0	0	1	0	0	3	258	0	35	0	9	0	0	0	0	0	0	0	0	1	0	0	0	0	0	75	1	11	0	0	0	0	0	37	38	0	0	18	0	3	45	0	0	0	0	0	0	1	18	15	34	0	0	118	0	0	27	0	2	0	0	0	8	0	3	18	1
0	0	0	0	0	0	0	0	0	0	0	0	0	0	0	0	0	0	0	0	0	0	0	0	0	0	0	0	0	0	0	0	0	0	0	0	0	0	0	0	0	0	0	0	0	0	0	0	0	0	0	0	0	0	0	0	0	0	0	0	0	0	0	0	0	0	0	0	0	0	0	0	0	0
0	1	11	0	101	0	0	0	0	0	0	0	1	30	0	0	0	0	0	0	0	0	0	0	0	0	0	0	0	0	0	0	0	0	1	0	0	0	0	0	0	0	0	0	0	0	0	0	0	0	0	0	0	0	0	0	0	2	0	0	0	27	0	0	0	0	0	0	0	0	0	0	23	0
0	0	0	0	0	0	0	0	0	0	0	0	0	0	0	0	0	0	0	0	0	0	0	0	0	0	0	0	0	0	0	0	0	0	0	0	0	0	0	0	0	0	0	0	0	0	0	0	0	0	0	0	0	0	0	0	0	0	0	0	0	0	0	0	0	0	0	0	0	0	0	0	0	0
0	0	13	0	0	0	0	0	0	48	0	0	0	1	0	0	0	0	0	0	0	0	0	0	0	1	86	0	0	0	0	0	0	0	0	0	0	0	0	0	42	0	0	0	0	0	0	0	0	0	0	0	0	0	0	0	0	0	0	0	0	2	0	0	0	0	0	0	0	0	0	0	2	0
18	0	0	0	0	0	0	0	0	0	0	0	0	0	1	0	170	0	0	0	0	0	0	6	1	21	0	0	26	0	30	0	0	4	0	0	0	0	0	0	0	0	0	0	0	0	0	0	0	0	2	29	1	0	6	0	5	8	24	0	0	0	0	0	0	0	0	0	0	0	0	0	0	0
0	0	0	0	0	0	0	0	0	0	0	0	0	0	0	0	0	0	0	0	0	0	0	0	0	0	0	0	0	0	0	0	0	0	0	0	0	0	0	0	0	0	0	0	0	0	0	0	0	0	0	0	0	0	0	0	0	0	0	0	0	0	0	0	0	0	0	0	0	0	0	0	0	0
0	0	0	0	0	0	0	0	0	0	0	0	0	0	0	0	0	0	0	0	0	0	0	0	0	0	0	0	0	0	0	0	0	0	0	0	0	0	0	0	0	0	0	0	0	0	0	0	0	0	0	0	0	0	0	0	0	0	0	0	0	0	0	0	0	0	0	0	0	0	0	0	0	0
0	0	9	0	5	0	0	1	0	28	0	0	0	0	2	0	8	0	1	2	0	0	0	4	2	1	0	0	2	0	22	0	1	2	1	0	0	0	0	1	0	1	0	0	0	0	0	4	0	0	36	2	65	0	1	136	26	0	5	0	0	8	0	0	0	0	0	0	0	0	2	3	1	1
8	2	0	0	2	0	0	0	0	0	0	0	112	0	0	0	164	0	0	64	8	0	0	4	1	3	0	0	25	0	0	0	1	72	3	0	0	0	0	0	0	0	0	0	0	0	0	0	0	0	0	25	0	0	2	0	6	1	14	0	0	0	0	0	0	0	0	0	0	2	0	0	0	0
0	0	1	0	56	0	0	0	0	0	0	0	81	6	0	0	0	0	0	78	3	0	0	0	0	27	0	0	26	0	0	0	0	64	0	0	0	0	0	0	0	0	0	0	0	0	0	0	0	0	0	28	0	0	0	0	2	0	2	0	0	3	0	0	0	0	0	0	0	3	0	0	15	0
0	0	3	0	137	0	8	0	0	0	0	0	2	0	0	15	0	3	0	0	0	0	0	0	0	0	0	0	0	0	0	0	47	132	1	0	0	0	0	0	23	15	0	7	0	0	0	1	0	0	0	0	0	0	1	0	4	0	0	0	7	18	0	23	0	2	0	0	0	1	0	15	0	0
0	0	10	0	0	0	0	0	0	0	0	0	0	0	0	0	3	0	0	1	1	0	0	0	0	0	0	0	0	0	25	0	1	0	0	0	0	0	0	0	0	0	0	0	9	0	0	0	0	0	0	0	8	0	0	0	3	14	0	0	0	1	0	0	0	0	0	0	0	1	0	0	0	0
