0	0	0	0	0	0	0	0	0	0	0	0	0	0	0	0	1	0	14	0	0	87	0	106	0	3	0	0	0	0	0	0	0	0	81	16	0	0	0	0	0	0	0	0	64	0	0	0	0	0	0	0	1	0	83	1	0	9	0	0	0	0	0	1	0	0	69	136	0	0	0	0	0	6
0	0	0	0	140	0	0	104	0	0	159	0	0	0	0	63	4	0	1	14	0	1	0	0	0	2	0	0	0	0	0	0	14	168	1	1	0	0	0	99	0	0	2	0	0	28	1	0	0	0	0	0	10	0	0	0	31	21	35	0	1	0	0	59	0	0	0	0	0	1	218	74	313	0
0	0	0	0	11	0	1	0	0	23	11	0	0	48	75	2	0	0	0	29	1	0	0	0	0	0	59	0	0	0	0	0	0	0	0	4	0	0	0	0	85	2	7	15	0	0	5	0	0	0	0	0	0	0	0	0	10	0	12	0	27	72	0	0	0	0	0	0	3	12	0	17	5	0
0	0	0	0	0	0	0	0	0	20	0	0	0	0	2	0	0	0	0	0	0	0	0	1	0	0	0	0	0	0	0	0	0	3	0	0	0	0	0	0	0	0	0	0	0	0	0	0	0	0	0	0	0	0	0	0	0	0	0	0	0	0	0	0	0	0	0	0	0	0	0	0	0	2
0	140	11	0	0	0	0	0	0	0	72	0	0	5	0	2	0	0	0	0	0	0	0	0	0	0	0	0	0	0	0	0	0	0	0	0	0	0	0	0	1	1	1	0	0	0	0	0	0	0	0	0	0	0	0	0	0	0	0	0	0	104	0	0	0	0	0	0	0	0	0	0	125	0
0	0	0	0	0	0	0	0	0	0	0	0	0	0	0	0	0	0	0	0	0	0	0	0	0	0	0	0	0	0	0	0	0	0	0	0	0	0	0	0	0	0	0	0	0	0	0	0	0	0	0	0	0	0	0	0	0	0	0	0	0	0	0	0	0	0	0	0	0	0	0	0	0	0
0	0	1	0	0	0	0	0	0	0	0	0	0	0	1	0	1	0	0	0	0	0	0	0	0	3	0	0	0	0	0	0	0	0	0	9	0	0	0	0	87	0	0	45	0	0	0	0	0	0	0	0	0	0	0	0	0	0	0	0	0	2	0	0	0	0	0	0	0	0	0	0	0	0
0	104	0	0	0	0	0	0	0	0	0	0	0	0	0	0	10	0	0	0	47	0	0	0	0	0	0	0	0	0	0	0	1	0	2	0	0	0	0	26	0	0	1	0	0	0	0	0	0	0	0	0	1	0	0	0	0	9	4	0	0	1	0	0	0	0	0	0	0	0	0	0	0	0
0	0	0	0	0	0	0	0	0	0	0	0	0	0	0	0	0	0	0	0	0	0	0	0	0	0	0	0	0	0	0	0	0	0	0	0	0	0	0	0	0	0	0	0	0	0	0	0	0	0	0	0	0	0	0	0	0	0	0	0	0	0	0	0	0	0	0	0	0	0	0	0	0	0
0	0	23	20	0	0	0	0	0	0	0	0	0	7	138	0	0	0	4	0	0	0	0	0	0	0	4	0	0	0	0	0	0	0	0	1	0	0	0	0	13	1	0	46	5	0	0	20	0	0	0	0	0	0	1	0	12	0	0	0	0	26	0	0	0	0	0	0	0	34	0	0	1	0
0	159	11	0	72	0	0	0	0	0	0	0	0	160	0	19	7	0	0	1	0	0	0	0	0	0	0	0	0	0	0	0	0	24	0	0	0	0	0	0	5	31	4	0	0	0	0	0	0	0	0	0	0	0	0	0	0	0	35	0	63	264	0	15	0	0	0	0	20	22	0	42	210	0
0	0	0	0	0	0	0	0	0	0	0	0	0	0	0	0	0	0	0	0	0	0	0	0	0	0	0	0	0	0	0	0	0	0	0	0	0	0	0	0	0	0	0	0	0	0	0	0	0	0	0	0	0	0	0	0	0	0	0	0	0	0	0	0	0	0	0	0	0	0	0	0	0	0
0	0	0	0	0	0	0	0	0	0	0	0	0	0	0	0	0	0	0	0	0	0	0	0	0	0	0	0	0	0	0	0	0	0	0	0	0	0	0	0	0	0	0	0	0	0	0	0	0	0	0	0	0	0	0	0	0	0	0	0	0	0	0	0	0	0	0	0	0	0	0	0	0	0
0	0	48	0	5	0	0	0	0	7	160	0	0	0	0	0	1	0	0	0	0	0	0	0	0	0	3	0	0	0	1	0	0	0	0	2	0	0	0	0	10	24	4	0	32	0	5	0	0	0	0	0	0	0	0	15	0	1	4	0	141	391	0	1	0	0	0	0	0	0	0	23	21	0
0	0	75	2	0	0	1	0	0	138	0	0	0	0	0	0	0	0	56	0	0	0	0	1	0	0	2	0	0	0	0	0	0	0	0	0	0	0	0	0	1	134	0	127	0	0	1	26	0	0	0	0	0	0	0	0	71	11	6	0	0	0	0	0	0	0	0	0	43	21	0	0	0	0
0	63	2	0	2	0	0	0	0	0	19	0	0	0	0	0	0	0	0	0	0	0	0	0	0	3	0	0	0	0	0	0	0	0	0	0	0	0	0	4	1	0	0	0	1	0	0	0	0	0	0	0	0	0	0	0	0	1	0	0	0	29	0	0	0	0	0	0	0	0	0	0	18	0
1	4	0	0	0	0	1	10	0	0	7	0	0	1	0	0	0	0	2	11	192	28	1	3	1	154	1	0	13	0	0	0	73	25	42	0	0	0	0	160	16	0	2	1	86	9	12	0	0	0	0	0	37	0	45	1	5	24	1	0	30	90	0	0	0	0	18	7	1	3	94	10	3	3
0	0	0	0	0	0	0	0	0	0	0	0	0	0	0	0	0	0	0	0	0	0	0	0	0	0	0	0	0	0	0	0	0	0	0	0	0	0	0	0	0	0	0	0	0	0	0	0	0	70	0	0	0	0	0	0	0	0	0	0	0	0	0	0	0	0	0	0	0	0	0	0	0	0
14	1	0	0	0	0	0	0	0	4	0	0	0	0	56	0	2	0	0	0	0	10	0	22	0	3	0	0	16	0	9	0	1	0	47	0	0	0	0	0	0	0	0	0	23	0	0	0	0	0	0	0	46	0	0	5	2	59	54	0	0	0	0	0	0	0	0	0	0	5	0	0	0	0
0	14	29	0	0	0	0	0	0	0	1	0	0	0	0	0	11	0	0	0	1	0	0	0	0	0	0	0	10	0	0	0	2	0	2	0	0	0	0	25	0	0	0	0	10	0	0	0	0	0	0	0	0	0	2	0	3	0	5	0	0	1	0	0	0	0	1	0	0	0	1	4	0	0
0	0	1	0	0	0	0	47	0	0	0	0	0	0	0	0	192	0	0	1	0	0	0	4	0	159	0	0	2	0	0	0	69	63	20	0	0	0	0	113	0	1	1	0	54	0	10	0	0	0	0	0	3	0	10	0	1	0	0	0	0	0	0	0	0	0	0	0	0	1	71	0	0	0
87	1	0	0	0	0	0	0	0	0	0	0	0	0	0	0	28	0	10	0	0	0	0	117	3	27	0	0	8	0	41	0	0	1	31	0	0	0	0	14	1	0	0	0	42	0	0	0	0	0	0	4	21	0	14	2	0	21	5	0	0	1	0	0	0	0	9	16	0	0	0	0	0	1
0	0	0	0	0	0	0	0	0	0	0	0	0	0	0	0	1	0	0	0	0	0	0	264	2	0	0	0	0	0	0	0	0	0	0	0	0	0	0	0	0	0	0	0	0	0	0	0	0	0	0	4	0	0	0	7	0	0	0	0	0	0	0	0	0	0	0	0	0	0	0	0	0	0
106	0	0	1	0	0	0	0	0	0	0	0	0	0	1	0	3	0	22	0	4	117	264	0	180	7	0	0	8	0	2	0	2	4	60	0	0	0	0	0	0	0	0	0	8	0	0	0	0	0	0	0	26	0	44	115	0	4	0	0	0	0	0	0	0	0	2	280	0	0	4	0	0	0
0	0	0	0	0	0	0	0	0	0	0	0	0	0	0	0	1	0	0	0	0	3	2	180	0	5	0	0	5	0	0	0	0	0	0	0	0	0	0	0	0	0	0	0	0	0	0	0	0	0	0	0	0	0	0	8	0	0	0	0	0	0	0	0	0	0	0	2	0	0	0	0	0	0
3	2	0	0	0	0	3	0	0	0	0	0	0	0	0	3	154	0	3	0	159	27	0	7	5	0	0	0	5	0	0	0	102	27	33	0	0	0	0	156	2	1	0	2	66	1	1	0	0	0	0	0	6	0	58	9	1	5	1	0	1	1	0	0	0	0	19	11	0	2	40	3	0	1
0	0	59	0	0	0	0	0	0	4	0	0	0	3	2	0	1	0	0	0	0	0	0	0	0	0	0	0	0	0	0	0	0	0	0	0	0	0	0	0	150	1	1	0	0	0	1	4	0	0	0	0	0	0	0	0	0	0	2	0	0	3	0	0	0	0	0	0	0	0	0	0	0	0
0	0	0	0	0	0	0	0	0	0	0	0	0	0	0	0	0	0	0	0	0	0	0	0	0	0	0	0	0	0	0	0	0	0	0	0	0	0	0	0	0	0	0	0	0	0	0	0	0	0	0	0	0	0	0	0	0	0	0	0	0	0	0	0	0	0	0	0	0	0	0	0	0	0
0	0	0	0	0	0	0	0	0	0	0	0	0	0	0	0	13	0	16	10	2	8	0	8	5	5	0	0	0	0	0	0	11	0	24	0	0	0	0	48	0	0	0	0	5	0	0	0	0	0	0	0	0	0	2	0	2	0	1	0	0	0	0	0	0	0	14	17	0	2	7	1	0	0
0	0	0	0	0	0	0	0	0	0	0	0	0	0	0	0	0	0	0	0	0	0	0	0	0	0	0	0	0	0	0	0	0	0	0	0	0	0	0	0	0	0	0	0	0	0	0	0	0	0	0	0	0	0	0	0	0	0	0	0	0	0	0	0	0	0	0	0	0	0	0	0	0	0
0	0	0	0	0	0	0	0	0	0	0	0	0	1	0	0	0	0	9	0	0	41	0	2	0	0	0	0	0	0	0	0	0	0	0	0	0	0	0	0	0	0	0	20	16	0	1	0	0	0	0	0	140	0	5	1	4	0	0	0	1	3	0	0	0	0	26	0	0	50	0	1	0	48
0	0	0	0	0	0	0	0	0	0	0	0	0	0	0	0	0	0	0	0	0	0	0	0	0	0	0	0	0	0	0	0	0	0	0	0	0	0	0	0	0	0	0	0	0	0	0	0	0	0	0	0	0	0	0	0	0	0	0	0	0	0	0	0	0	0	0	0	0	0	0	0	0	0
0	14	0	0	0	0	0	1	0	0	0	0	0	0	0	0	73	0	1	2	69	0	0	2	0	102	0	0	11	0	0	0	0	0	6	0	0	0	0	33	0	1	1	0	9	0	1	0	0	0	0	0	0	0	4	0	1	13	3	0	0	0	0	0	0	0	0	0	0	0	7	1	0	0
0	168	0	3	0	0	0	0	0	0	24	0	0	0	0	0	25	0	0	0	63	1	0	4	0	27	0	0	0	0	0	0	0	0	0	0	0	0	0	39	0	0	0	0	14	0	0	0	0	0	0	0	119	0	1	0	0	81	18	0	0	1	0	0	0	0	0	0	0	0	0	0	134	0
81	1	0	0	0	0	0	2	0	0	0	0	0	0	0	0	42	0	47	2	20	31	0	60	0	33	0	0	24	0	0	0	6	0	0	0	0	0	0	165	0	0	1	0	19	0	2	0	0	0	0	0	9	0	7	0	1	117	58	0	0	0	0	0	0	0	45	56	0	1	20	0	0	0
16	1	4	0	0	0	9	0	0	1	0	0	0	2	0	0	0	0	0	0	0	0	0	0	0	0	0	0	0	0	0	0	0	0	0	0	0	0	0	0	3	8	0	17	0	0	0	0	0	0	0	0	0	0	0	0	0	0	0	0	0	5	0	0	0	0	0	0	0	1	0	0	0	0
0	0	0	0	0	0	0	0	0	0	0	0	0	0	0	0	0	0	0	0	0	0	0	0	0	0	0	0	0	0	0	0	0	0	0	0	0	0	0	0	0	0	0	0	0	0	0	0	0	0	0	0	0	0	0	0	0	0	0	0	0	0	0	0	0	0	0	0	0	0	0	0	0	0
0	0	0	0	0	0	0	0	0	0	0	0	0	0	0	0	0	0	0	0	0	0	0	0	0	0	0	0	0	0	0	0	0	0	0	0	0	0	0	0	0	0	0	0	0	0	0	0	0	0	0	0	0	0	0	0	0	0	0	0	0	0	0	0	0	0	0	0	0	0	0	0	0	0
0	0	0	0	0	0	0	0	0	0	0	0	0	0	0	0	0	0	0	0	0	0	0	0	0	0	0	0	0	0	0	0	0	0	0	0	0	0	0	0	0	0	0	0	0	0	0	0	0	0	0	0	0	0	0	0	0	0	0	0	0	0	0	0	0	0	0	0	0	0	0	0	0	0
0	99	0	0	0	0	0	26	0	0	0	0	0	0	0	4	160	0	0	25	113	14	0	0	0	156	0	0	48	0	0	0	33	39	165	0	0	0	0	0	0	0	2	0	141	5	10	0	0	0	0	0	33	0	59	0	10	11	5	0	0	0	0	0	0	0	2	0	0	2	113	23	0	2
0	0	85	0	1	0	87	0	0	13	5	0	0	10	1	1	16	0	0	0	0	1	0	0	0	2	150	0	0	0	0	0	0	0	0	3	0	0	0	0	0	0	0	82	38	1	1	23	0	0	0	0	0	0	0	0	0	0	0	0	5	30	0	0	0	0	0	0	0	0	0	2	1	1
0	0	2	0	1	0	0	0	0	1	31	0	0	24	134	0	0	0	0	0	1	0	0	0	0	1	1	0	0	0	0	0	1	0	0	8	0	0	0	0	0	0	1	125	0	0	53	0	0	0	0	0	0	0	0	0	0	75	150	0	0	32	0	0	0	0	32	0	9	0	0	0	19	0
0	2	7	0	1	0	0	1	0	0	4	0	0	4	0	0	2	0	0	0	1	0	0	0	0	0	1	0	0	0	0	0	1	0	1	0	0	0	0	2	0	1	0	5	0	0	1	0	0	0	0	0	0	0	0	0	0	1	0	0	4	8	0	1	0	0	0	0	3	0	1	0	1	0
0	0	15	0	0	0	45	0	0	46	0	0	0	0	127	0	1	0	0	0	0	0	0	0	0	2	0	0	0	0	20	0	0	0	0	17	0	0	0	0	82	125	5	0	0	0	0	1	0	0	0	0	19	0	0	0	0	16	0	0	0	0	0	0	0	0	0	0	0	0	0	2	4	1
64	0	0	0	0	0	0	0	0	5	0	0	0	32	0	1	86	0	23	10	54	42	0	8	0	66	0	0	5	0	16	0	9	14	19	0	0	0	0	141	38	0	0	0	0	0	2	0	0	0	0	0	3	0	77	17	16	0	0	0	16	3	0	0	0	0	8	2	0	2	35	8	0	2
0	28	0	0	0	0	0	0	0	0	0	0	0	0	0	0	9	0	0	0	0	0	0	0	0	1	0	0	0	0	0	0	0	0	0	0	0	0	0	5	1	0	0	0	0	0	0	0	0	0	0	0	10	0	0	0	0	0	0	0	0	5	0	0	0	0	0	0	0	0	0	0	21	0
0	1	5	0	0	0	0	0	0	0	0	0	0	5	1	0	12	0	0	0	10	0	0	0	0	1	1	0	0	0	1	0	1	0	2	0	0	0	0	10	1	53	1	0	2	0	0	0	0	0	0	0	0	0	1	0	0	0	82	0	0	11	0	0	0	0	0	0	0	1	0	0	1	0
0	0	0	0	0	0	0	0	0	20	0	0	0	0	26	0	0	0	0	0	0	0	0	0	0	0	4	0	0	0	0	0	0	0	0	0	0	0	0	0	23	0	0	1	0	0	0	0	0	0	0	0	0	0	0	0	0	0	0	0	0	0	0	0	0	0	0	0	0	0	0	0	0	0
0	0	0	0	0	0	0	0	0	0	0	0	0	0	0	0	0	0	0	0	0	0	0	0	0	0	0	0	0	0	0	0	0	0	0	0	0	0	0	0	0	0	0	0	0	0	0	0	0	0	0	0	0	0	0	0	0	0	0	0	0	0	0	0	0	0	0	0	0	0	0	0	0	0
0	0	0	0	0	0	0	0	0	0	0	0	0	0	0	0	0	70	0	0	0	0	0	0	0	0	0	0	0	0	0	0	0	0	0	0	0	0	0	0	0	0	0	0	0	0	0	0	0	0	0	0	0	0	0	0	0	0	0	0	0	0	0	0	0	0	0	0	0	0	0	0	0	0
0	0	0	0	0	0	0	0	0	0	0	0	0	0	0	0	0	0	0	0	0	0	0	0	0	0	0	0	0	0	0	0	0	0	0	0	0	0	0	0	0	0	0	0	0	0	0	0	0	0	0	0	0	0	0	0	0	0	0	0	0	0	0	0	0	0	0	0	0	0	0	0	0	0
0	0	0	0	0	0	0	0	0	0	0	0	0	0	0	0	0	0	0	0	0	4	4	0	0	0	0	0	0	0	0	0	0	0	0	0	0	0	0	0	0	0	0	0	0	0	0	0	0	0	0	0	0	0	1	12	0	0	0	0	0	0	0	0	0	0	0	17	0	0	0	0	0	0
1	10	0	0	0	0	0	1	0	0	0	0	0	0	0	0	37	0	46	0	3	21	0	26	0	6	0	0	0	0	140	0	0	119	9	0	0	0	0	33	0	0	0	19	3	10	0	0	0	0	0	0	0	0	3	0	8	165	1	0	0	1	0	0	0	0	118	1	0	58	27	0	0	29
0	0	0	0	0	0	0	0	0	0	0	0	0	0	0	0	0	0	0	0	0	0	0	0	0	0	0	0	0	0	0	0	0	0	0	0	0	0	0	0	0	0	0	0	0	0	0	0	0	0	0	0	0	0	0	0	0	0	0	0	0	0	0	0	0	0	0	0	0	0	0	0	0	0
83	0	0	0	0	0	0	0	0	1	0	0	0	0	0	0	45	0	0	2	10	14	0	44	0	58	0	0	2	0	5	0	4	1	7	0	0	0	0	59	0	0	0	0	77	0	1	0	0	0	0	1	3	0	0	0	0	10	0	0	0	0	0	0	0	0	5	2	0	0	0	0	1	0
1	0	0	0	0	0	0	0	0	0	0	0	0	15	0	0	1	0	5	0	0	2	7	115	8	9	0	0	0	0	1	0	0	0	0	0	0	0	0	0	0	0	0	0	17	0	0	0	0	0	0	12	0	0	0	0	3	1	0	0	0	0	0	0	0	0	0	0	0	5	0	0	0	0
0	31	10	0	0	0	0	0	0	12	0	0	0	0	71	0	5	0	2	3	1	0	0	0	0	1	0	0	2	0	4	0	1	0	1	0	0	0	0	10	0	0	0	0	16	0	0	0	0	0	0	0	8	0	0	3	0	51	76	0	0	33	0	0	0	0	0	0	0	4	0	0	0	2
9	21	0	0	0	0	0	9	0	0	0	0	0	1	11	1	24	0	59	0	0	21	0	4	0	5	0	0	0	0	0	0	13	81	117	0	0	0	0	11	0	75	1	16	0	0	0	0	0	0	0	0	165	0	10	1	51	0	261	0	0	34	0	0	0	0	108	2	2	9	22	1	1	15
0	35	12	0	0	0	0	4	0	0	35	0	0	4	6	0	1	0	54	5	0	5	0	0	0	1	2	0	1	0	0	0	3	18	58	0	0	0	0	5	0	150	0	0	0	0	82	0	0	0	0	0	1	0	0	0	76	261	0	0	8	47	0	0	0	0	230	0	2	148	0	22	0	0
0	0	0	0	0	0	0	0	0	0	0	0	0	0	0	0	0	0	0	0	0	0	0	0	0	0	0	0	0	0	0	0	0	0	0	0	0	0	0	0	0	0	0	0	0	0	0	0	0	0	0	0	0	0	0	0	0	0	0	0	0	0	0	0	0	0	0	0	0	0	0	0	0	0
0	1	27	0	0	0	0	0	0	0	63	0	0	141	0	0	30	0	0	0	0	0	0	0	0	1	0	0	0	0	1	0	0	0	0	0	0	0	0	0	5	0	4	0	16	0	0	0	0	0	0	0	0	0	0	0	0	0	8	0	0	147	0	0	0	0	0	0	0	0	0	0	3	0
0	0	72	0	104	0	2	1	0	26	264	0	0	391	0	29	90	0	0	1	0	1	0	0	0	1	3	0	0	0	3	0	0	1	0	5	0	0	0	0	30	32	8	0	3	5	11	0	0	0	0	0	1	0	0	0	33	34	47	0	147	0	0	0	0	0	0	0	46	1	0	65	135	5
0	0	0	0	0	0	0	0	0	0	0	0	0	0	0	0	0	0	0	0	0	0	0	0	0	0	0	0	0	0	0	0	0	0	0	0	0	0	0	0	0	0	0	0	0	0	0	0	0	0	0	0	0	0	0	0	0	0	0	0	0	0	0	0	0	0	0	0	0	0	0	0	0	0
1	59	0	0	0	0	0	0	0	0	15	0	0	1	0	0	0	0	0	0	0	0	0	0	0	0	0	0	0	0	0	0	0	0	0	0	0	0	0	0	0	0	1	0	0	0	0	0	0	0	0	0	0	0	0	0	0	0	0	0	0	0	0	0	0	0	0	0	0	0	0	0	89	0
0	0	0	0	0	0	0	0	0	0	0	0	0	0	0	0	0	0	0	0	0	0	0	0	0	0	0	0	0	0	0	0	0	0	0	0	0	0	0	0	0	0	0	0	0	0	0	0	0	0	0	0	0	0	0	0	0	0	0	0	0	0	0	0	0	0	0	0	0	0	0	0	0	0
0	0	0	0	0	0	0	0	0	0	0	0	0	0	0	0	0	0	0	0	0	0	0	0	0	0	0	0	0	0	0	0	0	0	0	0	0	0	0	0	0	0	0	0	0	0	0	0	0	0	0	0	0	0	0	0	0	0	0	0	0	0	0	0	0	0	0	0	0	0	0	0	0	0
69	0	0	0	0	0	0	0	0	0	0	0	0	0	0	0	18	0	0	1	0	9	0	2	0	19	0	0	14	0	26	0	0	0	45	0	0	0	0	2	0	32	0	0	8	0	0	0	0	0	0	0	118	0	5	0	0	108	230	0	0	0	0	0	0	0	0	0	0	1	0	0	0	0
136	0	0	0	0	0	0	0	0	0	0	0	0	0	0	0	7	0	0	0	0	16	0	280	2	11	0	0	17	0	0	0	0	0	56	0	0	0	0	0	0	0	0	0	2	0	0	0	0	0	0	17	1	0	2	0	0	2	0	0	0	0	0	0	0	0	0	0	0	0	0	0	0	0
0	0	3	0	0	0	0	0	0	0	20	0	0	0	43	0	1	0	0	0	0	0	0	0	0	0	0	0	0	0	0	0	0	0	0	0	0	0	0	0	0	9	3	0	0	0	0	0	0	0	0	0	0	0	0	0	0	2	2	0	0	46	0	0	0	0	0	0	0	0	0	0	40	0
0	1	12	0	0	0	0	0	0	34	22	0	0	0	21	0	3	0	5	0	1	0	0	0	0	2	0	0	2	0	50	0	0	0	1	1	0	0	0	2	0	0	0	0	2	0	1	0	0	0	0	0	58	0	0	5	4	9	148	0	0	1	0	0	0	0	1	0	0	0	0	0	0	0
0	218	0	0	0	0	0	0	0	0	0	0	0	0	0	0	94	0	0	1	71	0	0	4	0	40	0	0	7	0	0	0	7	0	20	0	0	0	0	113	0	0	1	0	35	0	0	0	0	0	0	0	27	0	0	0	0	22	0	0	0	0	0	0	0	0	0	0	0	0	0	0	0	0
0	74	17	0	0	0	0	0	0	0	42	0	0	23	0	0	10	0	0	4	0	0	0	0	0	3	0	0	1	0	1	0	1	0	0	0	0	0	0	23	2	0	0	2	8	0	0	0	0	0	0	0	0	0	0	0	0	1	22	0	0	65	0	0	0	0	0	0	0	0	0	0	37	0
0	313	5	0	125	0	0	0	0	1	210	0	0	21	0	18	3	0	0	0	0	0	0	0	0	0	0	0	0	0	0	0	0	134	0	0	0	0	0	0	1	19	1	4	0	21	1	0	0	0	0	0	0	0	1	0	0	1	0	0	3	135	0	89	0	0	0	0	40	0	0	37	0	0
6	0	0	2	0	0	0	0	0	0	0	0	0	0	0	0	3	0	0	0	0	1	0	0	0	1	0	0	0	0	48	0	0	0	0	0	0	0	0	2	1	0	0	1	2	0	0	0	0	0	0	0	29	0	0	0	2	15	0	0	0	5	0	0	0	0	0	0	0	0	0	0	0	0
