0	0	0	0	0	7	0	0	0	0	0	0	0	0	0	0	7	0	5	0	2	3	0	0	0	2	0	0	0	0	0	0	3	3	3	0	0	0	1	0	0	0	0	0	0	0	0	0	0	0	0	0	5	0	1	0	0	1	0	0	0	0	0	0	0	0	3	5	0	0	0	0	0	0
0	52	18	1	25	0	0	26	0	0	0	0	236	0	3	0	24	13	0	43	0	0	0	0	0	0	0	0	0	0	0	905	2	157	21	1	0	0	0	24	0	0	0	42	11	25	9	0	0	0	0	0	0	0	0	0	3	7	11	0	29	20	0	0	0	1	0	0	0	0	2	26	0	0
0	18	0	0	0	0	0	0	0	84	0	0	0	28	0	0	6	33	0	0	0	0	0	0	0	0	0	0	0	0	0	0	0	0	0	0	0	0	0	0	0	0	0	0	0	0	0	0	0	0	0	0	0	0	0	0	49	0	0	0	0	15	0	0	0	0	0	0	0	0	0	18	0	0
0	1	0	0	0	0	0	0	0	0	0	0	0	0	0	0	2	0	0	0	0	0	0	0	0	0	0	0	0	0	0	0	0	0	0	0	0	0	0	0	0	0	0	0	0	0	0	0	0	0	0	0	0	0	0	0	0	0	0	0	0	0	0	0	0	0	0	0	0	0	0	1	0	0
0	25	0	0	0	0	0	0	0	0	0	0	5	1	0	0	0	0	0	0	0	0	0	0	0	0	0	0	0	0	0	589	0	74	0	0	0	0	0	0	0	0	0	0	0	0	0	0	0	0	0	0	0	0	0	0	0	0	0	0	0	121	0	0	0	0	0	0	2	0	0	25	0	0
7	0	0	0	0	0	0	0	0	1	0	0	0	0	0	0	115	0	129	7	51	1	0	0	3	156	0	0	0	0	49	0	92	34	75	0	0	0	11	30	0	0	0	0	1	0	0	0	0	0	0	0	220	0	13	0	3	10	0	0	0	0	0	0	0	0	10	20	0	0	1	1	0	51
0	0	0	0	0	0	0	0	0	0	0	0	0	0	0	0	0	0	0	0	0	0	0	0	0	0	0	0	0	0	0	0	0	0	0	0	0	0	0	0	0	0	0	0	0	0	0	0	0	0	0	0	0	0	0	0	0	0	0	0	0	0	0	0	0	0	0	0	0	0	0	0	0	0
0	26	0	0	0	0	0	0	0	6	0	0	121	0	0	0	37	0	4	4	64	0	0	0	0	5	0	0	0	0	2	206	12	3	0	0	0	0	0	0	0	0	0	0	0	0	0	0	0	0	0	0	0	0	0	0	0	0	144	0	0	0	0	0	0	0	0	0	0	0	2	26	0	0
0	0	0	0	0	0	0	0	0	1	0	0	0	0	0	0	0	0	0	0	0	0	0	0	0	0	0	0	0	0	0	0	0	0	0	0	0	0	0	0	0	0	0	0	0	0	0	0	0	0	0	0	0	0	0	0	0	0	0	0	0	0	0	0	0	0	0	0	0	0	0	0	0	0
0	0	84	0	0	1	0	6	1	0	0	0	1	0	79	0	3	4	14	99	5	0	0	0	0	3	0	0	0	0	0	0	18	23	14	39	0	0	0	21	0	0	0	4	0	16	0	1	0	0	0	18	1	0	12	0	159	1	0	0	3	11	0	0	0	68	0	0	0	0	11	2	0	1
0	0	0	0	0	0	0	0	0	0	0	0	0	0	0	0	0	0	0	0	0	0	0	0	0	0	0	0	0	0	0	0	0	0	0	0	0	0	0	0	0	0	0	0	0	0	0	0	0	0	0	0	0	0	0	0	0	0	0	0	0	0	0	0	0	0	0	0	0	0	0	0	0	0
0	0	0	0	0	0	0	0	0	0	0	0	0	0	0	0	0	0	0	0	0	0	0	0	0	0	0	0	0	0	0	0	0	0	0	0	0	0	0	0	0	0	0	0	0	0	0	0	0	0	0	0	0	0	0	0	0	0	0	0	0	0	0	0	0	0	0	0	0	0	0	0	0	0
0	236	0	0	5	0	0	121	0	1	0	0	0	0	0	0	10	0	27	42	11	0	0	0	0	3	0	0	0	0	0	257	8	134	3	1	0	0	0	227	0	0	0	0	1	125	1	0	0	0	0	0	3	0	8	3	1	7	10	0	1	1	0	0	0	0	4	0	0	0	30	98	0	0
0	0	28	0	1	0	0	0	0	0	0	0	0	0	0	0	0	0	0	0	2	0	0	0	0	0	0	0	0	0	0	46	0	0	0	0	0	0	0	0	0	0	0	118	0	0	14	0	0	0	0	0	0	0	0	18	0	0	0	0	125	211	0	0	0	9	0	0	0	0	0	0	0	0
0	3	0	0	0	0	0	0	0	79	0	0	0	0	0	0	1	0	0	0	0	0	0	0	0	0	0	0	0	0	0	1	0	0	0	0	0	0	0	0	0	0	0	0	0	0	0	0	0	0	0	0	0	0	0	0	45	0	2	0	0	2	0	0	0	0	0	0	0	0	0	3	0	0
0	0	0	0	0	0	0	0	0	0	0	0	0	0	0	0	0	0	0	0	0	0	0	0	0	0	0	0	0	0	0	4	0	0	0	0	0	0	0	0	0	0	0	0	0	0	0	0	0	0	0	0	0	0	0	0	0	0	0	0	0	0	0	0	0	0	0	0	0	0	0	0	0	0
7	24	6	2	0	115	0	37	0	3	0	0	10	0	1	0	0	4	78	33	213	1	0	1	0	123	0	0	0	0	8	0	83	27	19	0	0	0	16	114	0	0	0	7	20	5	3	0	0	0	1	54	131	0	41	0	1	14	0	0	5	4	0	0	0	0	41	14	0	0	0	46	0	0
0	13	33	0	0	0	0	0	0	4	0	0	0	0	0	0	4	0	0	7	0	0	0	0	0	0	0	0	0	0	0	0	3	0	1	2	0	0	0	0	0	0	0	47	0	4	12	0	0	0	0	0	0	0	0	0	17	31	0	0	32	18	0	0	0	0	0	0	0	0	0	45	0	0
5	0	0	0	0	129	0	4	0	14	0	0	27	0	0	0	78	0	0	28	104	0	0	0	0	84	0	0	0	0	0	1	34	18	6	0	0	0	0	8	0	0	0	0	0	0	0	0	0	0	0	39	6	0	0	0	0	0	0	0	0	1	0	0	0	0	0	0	0	0	8	0	0	0
0	43	0	0	0	7	0	4	0	99	0	0	42	0	0	0	33	7	28	0	3	0	0	193	63	8	0	0	0	0	0	6	11	17	17	0	0	0	0	44	0	0	0	5	25	10	0	1	0	0	0	0	7	0	59	35	152	24	20	0	3	6	0	0	0	0	2	3	0	0	9	24	0	1
2	0	0	0	0	51	0	64	0	5	0	0	11	2	0	0	213	0	104	3	0	0	0	6	1	72	0	0	0	0	0	0	116	69	19	0	0	0	14	164	0	0	0	0	24	0	2	0	0	0	0	65	75	0	10	7	0	21	1	0	0	0	0	0	0	0	0	29	0	0	98	0	0	0
3	0	0	0	0	1	0	0	0	0	0	0	0	0	0	0	1	0	0	0	0	0	0	84	0	9	0	0	0	0	1	0	0	1	0	0	0	0	0	0	0	0	0	0	0	0	0	0	0	0	0	4	0	0	0	0	0	0	0	0	0	0	0	0	0	0	0	0	0	0	0	0	0	0
0	0	0	0	0	0	0	0	0	0	0	0	0	0	0	0	0	0	0	0	0	0	0	0	0	0	0	0	0	0	0	0	0	0	0	0	0	0	0	0	0	0	0	0	0	0	0	0	0	0	0	0	0	0	0	0	0	0	0	0	0	0	0	0	0	0	0	0	0	0	0	0	0	0
0	0	0	0	0	0	0	0	0	0	0	0	0	0	0	0	1	0	0	193	6	84	0	0	197	0	0	0	0	0	0	0	0	4	18	0	0	0	0	0	0	0	0	0	48	0	0	0	0	0	0	5	0	0	190	262	0	10	2	0	0	0	0	0	0	0	0	286	0	0	0	0	0	0
0	0	0	0	0	3	0	0	0	0	0	0	0	0	0	0	0	0	0	63	1	0	0	197	0	0	0	0	0	0	0	0	0	0	0	0	0	0	0	0	0	0	0	0	3	0	0	0	0	0	0	0	0	0	22	33	2	0	0	0	0	0	0	0	0	0	0	23	0	0	0	0	0	0
2	0	0	0	0	156	0	5	0	3	0	0	3	0	0	0	123	0	84	8	72	9	0	0	0	0	0	0	0	0	3	0	94	51	13	0	0	0	3	43	0	0	0	0	10	1	1	0	0	0	0	32	132	0	64	0	1	15	2	0	0	0	0	0	0	0	48	18	0	0	52	1	0	6
0	0	0	0	0	0	0	0	0	0	0	0	0	0	0	0	0	0	0	0	0	0	0	0	0	0	0	0	0	0	0	0	0	0	0	0	0	0	0	0	0	0	0	0	0	0	0	0	0	0	0	0	0	0	0	0	0	0	0	0	0	0	0	0	0	0	0	0	0	0	0	0	0	0
0	0	0	0	0	0	0	0	0	0	0	0	0	0	0	0	0	0	0	0	0	0	0	0	0	0	0	0	0	0	0	0	0	0	0	0	0	0	0	0	0	0	0	0	0	0	0	0	0	0	0	0	0	0	0	0	0	0	0	0	0	0	0	0	0	0	0	0	0	0	0	0	0	0
0	0	0	0	0	0	0	0	0	0	0	0	0	0	0	0	0	0	0	0	0	0	0	0	0	0	0	0	0	0	0	0	0	0	0	0	0	0	0	0	0	0	0	0	0	0	0	0	0	0	0	0	0	0	0	0	0	0	0	0	0	0	0	0	0	0	0	0	0	0	0	0	0	0
0	0	0	0	0	0	0	0	0	0	0	0	0	0	0	0	0	0	0	0	0	0	0	0	0	0	0	0	0	0	0	0	0	0	0	0	0	0	0	0	0	0	0	0	0	0	0	0	0	0	0	0	0	0	0	0	0	0	0	0	0	0	0	0	0	0	0	0	0	0	0	0	0	0
0	0	0	0	0	49	0	2	0	0	0	0	0	0	0	0	8	0	0	0	0	1	0	0	0	3	0	0	0	0	0	0	0	3	0	0	0	0	0	0	0	0	0	0	1	0	0	0	0	0	52	1	4	0	0	0	0	2	0	0	0	0	0	0	0	0	4	0	0	0	0	0	0	38
0	905	0	0	589	0	0	206	0	0	0	0	257	46	1	4	0	0	1	6	0	0	0	0	0	0	0	0	0	0	0	0	3	87	0	0	0	0	0	133	0	0	0	349	0	384	83	0	0	0	0	0	0	0	0	0	0	7	2	0	0	99	0	3	0	0	0	0	172	0	0	324	0	0
3	2	0	0	0	92	0	12	0	18	0	0	8	0	0	0	83	3	34	11	116	0	0	0	0	94	0	0	0	0	0	3	0	25	7	0	0	0	0	31	0	0	0	0	1	0	0	0	0	0	0	6	0	0	0	2	0	2	0	0	0	5	0	0	0	0	0	0	2	0	30	2	0	0
3	157	0	0	74	34	0	3	0	23	0	0	134	0	0	0	27	0	18	17	69	1	0	4	0	51	0	0	0	0	3	87	25	0	15	0	0	0	0	70	0	0	0	0	12	162	0	0	0	0	0	70	14	0	40	0	0	134	33	0	0	0	0	0	0	0	47	29	0	0	9	120	0	0
3	21	0	0	0	75	0	0	0	14	0	0	3	0	0	0	19	1	6	17	19	0	0	18	0	13	0	0	0	0	0	0	7	15	0	0	0	0	0	0	0	0	0	0	0	0	0	0	0	0	0	22	0	0	0	0	0	0	48	0	0	13	0	0	0	0	0	0	0	0	0	21	0	0
0	1	0	0	0	0	0	0	0	39	0	0	1	0	0	0	0	2	0	0	0	0	0	0	0	0	0	0	0	0	0	0	0	0	0	0	0	0	0	0	0	0	0	0	0	0	0	12	0	0	0	0	0	0	0	0	1	0	0	0	0	13	0	0	0	0	0	0	0	0	0	1	0	16
0	0	0	0	0	0	0	0	0	0	0	0	0	0	0	0	0	0	0	0	0	0	0	0	0	0	0	0	0	0	0	0	0	0	0	0	0	0	0	0	0	0	0	0	0	0	0	0	0	0	0	0	0	0	0	0	0	0	0	0	0	0	0	0	0	0	0	0	0	0	0	0	0	0
0	0	0	0	0	0	0	0	0	0	0	0	0	0	0	0	0	0	0	0	0	0	0	0	0	0	0	0	0	0	0	0	0	0	0	0	0	0	0	0	0	0	0	0	0	0	0	0	0	0	0	0	0	0	0	0	0	0	0	0	0	0	0	0	0	0	0	0	0	0	0	0	0	0
1	0	0	0	0	11	0	0	0	0	0	0	0	0	0	0	16	0	0	0	14	0	0	0	0	3	0	0	0	0	0	0	0	0	0	0	0	0	0	0	0	0	0	0	0	0	0	0	0	0	0	0	0	0	0	0	0	0	0	0	0	0	0	0	0	0	0	0	0	0	0	0	0	0
0	24	0	0	0	30	0	0	0	21	0	0	227	0	0	0	114	0	8	44	164	0	0	0	0	43	0	0	0	0	0	133	31	70	0	0	0	0	0	0	0	0	0	0	0	0	0	0	0	0	0	34	0	0	0	0	0	0	4	0	0	0	0	0	0	0	0	0	0	0	2	24	0	0
0	0	0	0	0	0	0	0	0	0	0	0	0	0	0	0	0	0	0	0	0	0	0	0	0	0	0	0	0	0	0	0	0	0	0	0	0	0	0	0	0	0	0	0	0	0	0	0	0	0	0	0	0	0	0	0	0	0	0	0	0	0	0	0	0	0	0	0	0	0	0	0	0	0
0	0	0	0	0	0	0	0	0	0	0	0	0	0	0	0	0	0	0	0	0	0	0	0	0	0	0	0	0	0	0	0	0	0	0	0	0	0	0	0	0	0	0	0	0	0	0	0	0	0	0	0	0	0	0	0	0	0	0	0	0	0	0	0	0	0	0	0	0	0	0	0	0	0
0	0	0	0	0	0	0	0	0	0	0	0	0	0	0	0	0	0	0	0	0	0	0	0	0	0	0	0	0	0	0	0	0	0	0	0	0	0	0	0	0	0	0	0	0	0	0	0	0	0	0	0	0	0	0	0	0	0	0	0	0	0	0	0	0	0	0	0	0	0	0	0	0	0
0	42	0	0	0	0	0	0	0	4	0	0	0	118	0	0	7	47	0	5	0	0	0	0	0	0	0	0	0	0	0	349	0	0	0	0	0	0	0	0	0	0	0	0	0	0	0	0	0	0	0	0	0	0	0	0	0	0	0	0	0	200	0	0	0	0	0	0	0	0	0	42	0	52
0	11	0	0	0	1	0	0	0	0	0	0	1	0	0	0	20	0	0	25	24	0	0	48	3	10	0	0	0	0	1	0	1	12	0	0	0	0	0	0	0	0	0	0	0	0	0	0	0	0	0	22	0	0	0	0	27	0	0	0	0	1	0	0	0	0	0	0	0	0	0	11	0	0
0	25	0	0	0	0	0	0	0	16	0	0	125	0	0	0	5	4	0	10	0	0	0	0	0	1	0	0	0	0	0	384	0	162	0	0	0	0	0	0	0	0	0	0	0	0	0	0	0	0	0	1	0	0	0	0	0	0	0	0	0	0	0	0	0	0	0	0	0	0	0	25	0	1
0	9	0	0	0	0	0	0	0	0	0	0	1	14	0	0	3	12	0	0	2	0	0	0	0	1	0	0	0	0	0	83	0	0	0	0	0	0	0	0	0	0	0	0	0	0	0	0	0	0	0	0	0	0	0	0	0	0	102	0	0	3	0	0	0	0	0	0	0	0	0	9	0	1
0	0	0	0	0	0	0	0	0	1	0	0	0	0	0	0	0	0	0	1	0	0	0	0	0	0	0	0	0	0	0	0	0	0	0	12	0	0	0	0	0	0	0	0	0	0	0	0	0	0	0	0	0	0	0	0	5	0	0	0	0	0	0	0	0	0	0	0	0	0	0	0	0	0
0	0	0	0	0	0	0	0	0	0	0	0	0	0	0	0	0	0	0	0	0	0	0	0	0	0	0	0	0	0	0	0	0	0	0	0	0	0	0	0	0	0	0	0	0	0	0	0	0	0	0	0	0	0	0	0	0	0	0	0	0	0	0	0	0	0	0	0	0	0	0	0	0	0
0	0	0	0	0	0	0	0	0	0	0	0	0	0	0	0	0	0	0	0	0	0	0	0	0	0	0	0	0	0	0	0	0	0	0	0	0	0	0	0	0	0	0	0	0	0	0	0	0	0	0	0	0	0	0	0	0	0	0	0	0	0	0	0	0	0	0	0	0	0	0	0	0	0
0	0	0	0	0	0	0	0	0	0	0	0	0	0	0	0	1	0	0	0	0	0	0	0	0	0	0	0	0	0	52	0	0	0	0	0	0	0	0	0	0	0	0	0	0	0	0	0	0	0	0	0	0	0	0	0	3	0	0	0	0	0	0	0	0	0	0	0	0	0	0	0	0	7
0	0	0	0	0	0	0	0	0	18	0	0	0	0	0	0	54	0	39	0	65	4	0	5	0	32	0	0	0	0	1	0	6	70	22	0	0	0	0	34	0	0	0	0	22	1	0	0	0	0	0	0	0	0	34	0	0	4	0	0	0	0	0	0	0	0	8	0	0	0	0	1	0	1
5	0	0	0	0	220	0	0	0	1	0	0	3	0	0	0	131	0	6	7	75	0	0	0	0	132	0	0	0	0	4	0	0	14	0	0	0	0	0	0	0	0	0	0	0	0	0	0	0	0	0	0	0	0	0	0	0	0	2	0	0	0	0	0	0	0	0	0	0	0	0	0	0	6
0	0	0	0	0	0	0	0	0	0	0	0	0	0	0	0	0	0	0	0	0	0	0	0	0	0	0	0	0	0	0	0	0	0	0	0	0	0	0	0	0	0	0	0	0	0	0	0	0	0	0	0	0	0	0	0	0	0	0	0	0	0	0	0	0	0	0	0	0	0	0	0	0	0
1	0	0	0	0	13	0	0	0	12	0	0	8	0	0	0	41	0	0	59	10	0	0	190	22	64	0	0	0	0	0	0	0	40	0	0	0	0	0	0	0	0	0	0	0	0	0	0	0	0	0	34	0	0	0	0	0	0	2	0	0	0	0	0	0	0	0	0	0	0	0	0	4	0
0	0	0	0	0	0	0	0	0	0	0	0	3	18	0	0	0	0	0	35	7	0	0	262	33	0	0	0	0	0	0	0	2	0	0	0	0	0	0	0	0	0	0	0	0	0	0	0	0	0	0	0	0	0	0	0	4	0	2	0	0	0	0	0	0	0	0	0	0	0	2	0	0	0
0	3	49	0	0	3	0	0	0	159	0	0	1	0	45	0	1	17	0	152	0	0	0	0	2	1	0	0	0	0	0	0	0	0	0	1	0	0	0	0	0	0	0	0	27	0	0	5	0	0	3	0	0	0	0	4	0	2	7	0	0	2	0	0	0	0	0	0	0	0	0	4	0	28
1	7	0	0	0	10	0	0	0	1	0	0	7	0	0	0	14	31	0	24	21	0	0	10	0	15	0	0	0	0	2	7	2	134	0	0	0	0	0	0	0	0	0	0	0	0	0	0	0	0	0	4	0	0	0	0	2	0	248	0	0	2	0	0	0	0	0	0	0	0	0	7	0	95
0	11	0	0	0	0	0	144	0	0	0	0	10	0	2	0	0	0	0	20	1	0	0	2	0	2	0	0	0	0	0	2	0	33	48	0	0	0	0	4	0	0	0	0	0	0	102	0	0	0	0	0	2	0	2	2	7	248	0	0	0	0	0	0	0	0	246	40	0	0	0	13	1	1
0	0	0	0	0	0	0	0	0	0	0	0	0	0	0	0	0	0	0	0	0	0	0	0	0	0	0	0	0	0	0	0	0	0	0	0	0	0	0	0	0	0	0	0	0	0	0	0	0	0	0	0	0	0	0	0	0	0	0	0	0	0	0	0	0	0	0	0	0	0	0	0	0	0
0	29	0	0	0	0	0	0	0	3	0	0	1	125	0	0	5	32	0	3	0	0	0	0	0	0	0	0	0	0	0	0	0	0	0	0	0	0	0	0	0	0	0	0	0	0	0	0	0	0	0	0	0	0	0	0	0	0	0	0	0	103	0	0	0	0	0	0	0	0	1	29	0	0
0	20	15	0	121	0	0	0	0	11	0	0	1	211	2	0	4	18	1	6	0	0	0	0	0	0	0	0	0	0	0	99	5	0	13	13	0	0	0	0	0	0	0	200	1	0	3	0	0	0	0	0	0	0	0	0	2	2	0	0	103	0	0	0	0	0	0	0	27	0	1	47	0	19
0	0	0	0	0	0	0	0	0	0	0	0	0	0	0	0	0	0	0	0	0	0	0	0	0	0	0	0	0	0	0	0	0	0	0	0	0	0	0	0	0	0	0	0	0	0	0	0	0	0	0	0	0	0	0	0	0	0	0	0	0	0	0	0	0	0	0	0	0	0	0	0	0	0
0	0	0	0	0	0	0	0	0	0	0	0	0	0	0	0	0	0	0	0	0	0	0	0	0	0	0	0	0	0	0	3	0	0	0	0	0	0	0	0	0	0	0	0	0	0	0	0	0	0	0	0	0	0	0	0	0	0	0	0	0	0	0	0	0	0	0	0	0	0	0	0	0	0
0	0	0	0	0	0	0	0	0	0	0	0	0	0	0	0	0	0	0	0	0	0	0	0	0	0	0	0	0	0	0	0	0	0	0	0	0	0	0	0	0	0	0	0	0	0	0	0	0	0	0	0	0	0	0	0	0	0	0	0	0	0	0	0	0	0	0	0	0	0	0	0	0	0
0	1	0	0	0	0	0	0	0	68	0	0	0	9	0	0	0	0	0	0	0	0	0	0	0	0	0	0	0	0	0	0	0	0	0	0	0	0	0	0	0	0	0	0	0	0	0	0	0	0	0	0	0	0	0	0	0	0	0	0	0	0	0	0	0	0	0	0	0	0	0	1	0	0
3	0	0	0	0	10	0	0	0	0	0	0	4	0	0	0	41	0	0	2	0	0	0	0	0	48	0	0	0	0	4	0	0	47	0	0	0	0	0	0	0	0	0	0	0	0	0	0	0	0	0	8	0	0	0	0	0	0	246	0	0	0	0	0	0	0	0	0	0	0	0	0	0	5
5	0	0	0	0	20	0	0	0	0	0	0	0	0	0	0	14	0	0	3	29	0	0	286	23	18	0	0	0	0	0	0	0	29	0	0	0	0	0	0	0	0	0	0	0	0	0	0	0	0	0	0	0	0	0	0	0	0	40	0	0	0	0	0	0	0	0	0	0	0	0	0	1	73
0	0	0	0	2	0	0	0	0	0	0	0	0	0	0	0	0	0	0	0	0	0	0	0	0	0	0	0	0	0	0	172	2	0	0	0	0	0	0	0	0	0	0	0	0	0	0	0	0	0	0	0	0	0	0	0	0	0	0	0	0	27	0	0	0	0	0	0	0	0	0	0	0	0
0	0	0	0	0	0	0	0	0	0	0	0	0	0	0	0	0	0	0	0	0	0	0	0	0	0	0	0	0	0	0	0	0	0	0	0	0	0	0	0	0	0	0	0	0	0	0	0	0	0	0	0	0	0	0	0	0	0	0	0	0	0	0	0	0	0	0	0	0	0	0	0	0	0
0	2	0	0	0	1	0	2	0	11	0	0	30	0	0	0	0	0	8	9	98	0	0	0	0	52	0	0	0	0	0	0	30	9	0	0	0	0	0	2	0	0	0	0	0	0	0	0	0	0	0	0	0	0	0	2	0	0	0	0	1	1	0	0	0	0	0	0	0	0	0	3	0	0
0	26	18	1	25	1	0	26	0	2	0	0	98	0	3	0	46	45	0	24	0	0	0	0	0	1	0	0	0	0	0	324	2	120	21	1	0	0	0	24	0	0	0	42	11	25	9	0	0	0	0	1	0	0	0	0	4	7	13	0	29	47	0	0	0	1	0	0	0	0	3	0	0	1
0	0	0	0	0	0	0	0	0	0	0	0	0	0	0	0	0	0	0	0	0	0	0	0	0	0	0	0	0	0	0	0	0	0	0	0	0	0	0	0	0	0	0	0	0	0	0	0	0	0	0	0	0	0	4	0	0	0	1	0	0	0	0	0	0	0	0	1	0	0	0	0	0	0
0	0	0	0	0	51	0	0	0	1	0	0	0	0	0	0	0	0	0	1	0	0	0	0	0	6	0	0	0	0	38	0	0	0	0	16	0	0	0	0	0	0	0	52	0	1	1	0	0	0	7	1	6	0	0	0	28	95	1	0	0	19	0	0	0	0	5	73	0	0	0	1	0	0
