0	0	0	0	0	20	0	0	0	0	0	0	0	0	0	2	6	0	30	2	0	135	0	128	90	11	0	0	0	0	2	0	7	0	77	0	0	0	0	7	0	0	0	0	9	1	0	0	0	0	1	0	3	0	113	0	0	38	0	0	0	0	0	0	0	0	52	116	0	1	0	2	0	6
0	10	7	0	32	0	0	21	0	1	0	0	104	4	0	93	1	0	1	33	1	2	0	0	0	0	2	0	0	0	0	0	6	25	1	0	0	0	0	175	0	2	0	0	0	56	3	0	0	0	0	0	0	0	0	2	27	18	8	34	4	8	0	23	0	0	1	2	0	0	5	8	87	0
0	7	0	0	0	0	0	0	0	81	0	0	0	22	18	0	0	0	0	0	0	0	0	0	0	0	89	0	0	0	0	0	0	0	0	0	0	0	0	0	0	1	0	0	0	0	0	81	0	0	0	0	0	0	0	0	48	0	0	0	0	55	0	21	0	1	0	0	0	0	0	7	28	0
0	0	0	0	0	0	0	0	0	0	0	0	0	0	0	0	5	0	0	0	0	0	0	0	0	0	0	0	0	0	0	0	0	0	7	0	0	0	0	0	0	0	0	0	0	0	0	0	0	0	0	0	0	0	0	0	0	0	0	0	8	0	0	0	0	1	0	3	0	0	0	0	0	0
0	32	0	0	0	0	0	0	0	0	0	0	9	23	0	0	1	0	0	1	0	0	0	0	0	2	6	0	0	0	0	0	0	0	0	0	0	0	0	0	2	0	0	0	0	0	0	0	0	0	0	0	0	0	0	0	0	0	0	0	0	170	0	36	0	0	0	0	0	0	0	10	90	0
20	0	0	0	0	0	0	0	0	0	0	0	0	0	0	0	22	0	0	1	14	15	0	0	0	18	0	0	0	0	0	0	2	0	1	0	0	0	0	0	0	0	0	0	0	0	0	0	0	0	0	0	0	0	0	0	0	1	0	0	0	0	0	0	0	0	0	0	0	0	0	0	0	0
0	0	0	0	0	0	0	0	0	0	0	0	0	0	59	0	1	0	0	0	0	0	0	0	0	0	0	0	0	0	0	0	0	0	0	0	0	0	0	0	113	0	0	6	0	0	0	0	0	0	0	0	0	0	0	0	1	0	0	0	0	0	0	0	0	0	0	0	0	0	0	0	0	0
0	21	0	0	0	0	0	0	0	0	0	0	72	0	0	0	166	0	0	6	0	0	0	0	0	3	9	0	0	0	0	0	91	0	10	0	0	0	0	180	0	0	0	0	0	0	0	0	0	0	0	0	0	0	0	14	0	4	15	61	0	0	0	0	0	0	0	0	0	8	0	7	0	0
0	0	0	0	0	0	0	0	0	0	0	0	0	0	0	0	0	0	0	0	0	0	0	0	0	0	0	0	0	0	0	0	0	0	0	0	0	0	0	0	0	0	0	0	0	0	0	0	0	0	0	0	0	0	0	0	0	0	0	0	0	0	0	0	0	0	0	0	0	0	0	0	0	0
0	1	81	0	0	0	0	0	0	0	0	0	0	0	119	24	0	10	58	82	0	0	0	0	0	0	3	0	0	0	9	0	0	0	0	72	0	0	0	0	19	64	0	140	0	1	0	232	0	0	14	0	140	0	0	0	161	0	0	0	0	1	0	0	0	120	0	0	0	104	0	6	0	0
0	0	0	0	0	0	0	0	0	0	0	0	0	0	0	0	0	0	0	0	0	0	0	0	0	0	0	0	0	0	0	0	0	0	0	0	0	0	0	0	0	0	0	0	0	0	0	0	0	0	0	0	0	0	0	0	0	0	0	0	0	0	0	0	0	0	0	0	0	0	0	0	0	0
0	0	0	0	0	0	0	0	0	0	0	0	0	0	0	0	0	0	0	0	0	0	0	0	0	0	0	0	0	0	0	0	0	0	0	0	0	0	0	0	0	0	0	0	0	0	0	0	0	0	0	0	0	0	0	0	0	0	0	0	0	0	0	0	0	0	0	0	0	0	0	0	0	0
0	104	0	0	9	0	0	72	0	0	0	0	0	2	0	11	37	0	0	0	3	1	0	0	0	0	0	0	0	0	1	0	6	5	0	0	0	0	0	52	0	1	0	0	0	42	2	0	0	0	0	0	0	0	0	0	2	10	1	6	0	4	0	3	0	0	1	0	0	2	0	4	7	0
0	4	22	0	23	0	0	0	0	0	0	0	2	0	0	0	0	0	0	0	0	0	0	0	0	0	11	0	0	0	1	0	0	0	0	0	0	0	0	0	0	3	0	0	13	0	58	0	0	0	0	0	0	0	1	15	1	0	0	0	103	315	0	15	0	0	0	0	0	0	0	19	51	0
0	0	18	0	0	0	59	0	0	119	0	0	0	0	0	0	0	10	45	0	0	0	0	0	0	0	3	0	0	0	0	0	0	0	0	67	0	0	0	0	112	136	0	215	0	0	1	135	0	0	0	0	2	0	0	0	64	0	0	0	0	0	0	0	0	79	0	0	0	59	0	2	0	0
2	93	0	0	0	0	0	0	0	24	0	0	11	0	0	0	1	1	0	1	0	0	0	0	0	0	0	0	0	0	1	0	0	0	0	0	0	0	0	0	0	0	0	0	0	0	0	0	0	0	0	0	0	0	0	0	0	1	0	0	0	48	0	21	0	0	0	0	0	0	0	6	25	0
6	1	0	5	1	22	1	166	0	0	0	0	37	0	0	1	0	0	0	3	4	17	2	4	3	112	0	0	0	0	1	0	100	16	18	1	0	0	0	154	0	29	0	0	39	9	1	0	0	0	0	0	7	0	20	2	1	7	5	1	11	69	0	0	0	0	50	31	0	0	0	1	10	4
0	0	0	0	0	0	0	0	0	10	0	0	0	0	10	1	0	0	3	0	0	0	0	0	0	0	0	0	0	0	2	0	0	0	0	5	0	0	0	0	0	10	0	17	0	0	1	7	0	87	4	0	5	0	0	0	1	1	1	0	1	4	0	0	0	0	1	0	0	0	0	1	3	2
30	1	0	0	0	0	0	0	0	58	0	0	0	0	45	0	0	3	0	101	0	26	0	4	0	0	0	0	0	0	26	0	0	0	0	0	0	0	0	0	0	0	0	0	0	0	0	21	0	0	6	0	2	0	0	3	75	41	2	2	0	0	0	0	0	0	0	0	0	2	0	1	0	0
2	33	0	0	1	1	0	6	0	82	0	0	0	0	0	1	3	0	101	0	1	10	57	186	52	3	1	0	0	0	4	0	13	4	9	0	0	0	0	23	0	4	0	0	0	10	1	116	0	0	16	0	75	0	13	139	159	33	17	39	0	30	0	0	0	2	9	1	0	93	0	3	0	40
0	1	0	0	0	14	0	0	0	0	0	0	3	0	0	0	4	0	0	1	0	0	0	0	0	7	0	0	0	0	0	0	14	7	3	1	0	0	0	15	0	0	0	0	0	2	0	0	0	0	0	0	0	0	0	4	0	0	0	0	0	0	0	0	0	0	0	0	0	0	0	0	0	0
135	2	0	0	0	15	0	0	0	0	0	0	1	0	0	0	17	0	26	10	0	0	0	293	103	14	0	0	0	0	23	0	17	0	79	0	0	0	0	7	0	0	0	0	0	4	0	0	0	0	14	0	3	0	138	3	0	143	38	36	0	0	0	0	0	0	109	101	0	10	0	4	0	5
0	0	0	0	0	0	0	0	0	0	0	0	0	0	0	0	2	0	0	57	0	0	0	308	8	1	0	0	0	0	0	0	0	0	0	0	0	0	0	0	0	0	0	0	0	0	0	0	0	0	0	0	0	0	73	103	8	0	0	0	0	0	0	0	0	0	0	0	0	0	0	0	0	0
128	0	0	0	0	0	0	0	0	0	0	0	0	0	0	0	4	0	4	186	0	293	308	0	211	0	0	0	0	0	28	0	0	12	28	0	0	0	0	0	0	0	0	0	0	0	0	0	0	0	0	0	60	0	280	227	8	34	0	0	0	0	0	0	0	0	0	282	0	0	0	0	0	0
90	0	0	0	0	0	0	0	0	0	0	0	0	0	0	0	3	0	0	52	0	103	8	211	0	4	0	0	0	0	15	0	0	0	2	0	0	0	0	0	0	0	0	0	0	0	0	0	0	0	4	0	0	0	69	98	4	3	0	0	0	0	0	0	0	0	0	8	0	0	0	0	0	0
11	0	0	0	2	18	0	3	0	0	0	0	0	0	0	0	112	0	0	3	7	14	1	0	4	0	0	0	0	0	0	0	102	8	12	0	0	0	0	92	0	0	0	0	8	0	0	0	0	0	0	0	2	0	21	11	2	2	1	0	0	0	0	0	0	0	2	0	0	1	0	2	0	2
0	2	89	0	6	0	0	9	0	3	0	0	0	11	3	0	0	0	0	1	0	0	0	0	0	0	0	0	0	0	1	0	5	1	5	95	0	0	0	4	47	2	0	3	0	1	4	32	0	0	0	0	0	0	0	0	1	2	0	7	3	11	0	4	0	92	0	0	0	3	0	9	8	0
0	0	0	0	0	0	0	0	0	0	0	0	0	0	0	0	0	0	0	0	0	0	0	0	0	0	0	0	0	0	0	0	0	0	0	0	0	0	0	0	0	0	0	0	0	0	0	0	0	0	0	0	0	0	0	0	0	0	0	0	0	0	0	0	0	0	0	0	0	0	0	0	0	0
0	0	0	0	0	0	0	0	0	0	0	0	0	0	0	0	0	0	0	0	0	0	0	0	0	0	0	0	0	0	0	0	0	0	0	0	0	0	0	0	0	0	0	0	0	0	0	0	0	0	0	0	0	0	0	0	0	0	0	0	0	0	0	0	0	0	0	0	0	0	0	0	0	0
0	0	0	0	0	0	0	0	0	0	0	0	0	0	0	0	0	0	0	0	0	0	0	0	0	0	0	0	0	0	0	0	0	0	0	0	0	0	0	0	0	0	0	0	0	0	0	0	0	0	0	0	0	0	0	0	0	0	0	0	0	0	0	0	0	0	0	0	0	0	0	0	0	0
2	0	0	0	0	0	0	0	0	9	0	0	1	1	0	1	1	2	26	4	0	23	0	28	15	0	1	0	0	0	0	0	0	0	0	2	0	0	0	0	0	3	0	5	0	0	2	1	0	0	18	0	30	0	17	0	19	0	1	0	0	2	0	2	0	0	9	0	0	0	0	3	0	27
0	0	0	0	0	0	0	0	0	0	0	0	0	0	0	0	0	0	0	0	0	0	0	0	0	0	0	0	0	0	0	0	0	0	0	0	0	0	0	0	0	0	0	0	0	0	0	0	0	0	0	0	0	0	0	0	0	0	0	0	0	0	0	0	0	0	0	0	0	0	0	0	0	0
7	6	0	0	0	2	0	91	0	0	0	0	6	0	0	0	100	0	0	13	14	17	0	0	0	102	5	0	0	0	0	0	0	0	59	0	0	0	0	14	0	0	0	0	3	2	0	0	0	0	0	0	0	0	0	2	1	11	0	27	0	0	0	0	0	0	0	2	0	3	0	0	0	0
0	25	0	0	0	0	0	0	0	0	0	0	5	0	0	0	16	0	0	4	7	0	0	12	0	8	1	0	0	0	0	0	0	0	5	0	0	0	0	0	0	0	0	0	0	0	0	0	0	0	0	0	0	0	0	1	1	3	0	13	0	1	0	0	0	0	0	0	0	0	0	0	6	0
77	1	0	7	0	1	0	10	0	0	0	0	0	0	0	0	18	0	0	9	3	79	0	28	2	12	5	0	0	0	0	0	59	5	0	0	0	0	0	36	0	0	0	0	16	4	0	0	0	0	0	0	0	0	3	23	6	60	49	21	0	0	0	0	0	0	17	18	0	1	0	0	0	0
0	0	0	0	0	0	0	0	0	72	0	0	0	0	67	0	1	5	0	0	1	0	0	0	0	0	95	0	0	0	2	0	0	0	0	0	0	0	0	0	59	1	0	2	1	0	0	95	0	0	0	0	0	0	0	0	17	0	0	0	0	0	0	1	0	17	0	0	0	0	0	0	2	0
0	0	0	0	0	0	0	0	0	0	0	0	0	0	0	0	0	0	0	0	0	0	0	0	0	0	0	0	0	0	0	0	0	0	0	0	0	0	0	0	0	0	0	0	0	0	0	0	0	0	0	0	0	0	0	0	0	0	0	0	0	0	0	0	0	0	0	0	0	0	0	0	0	0
0	0	0	0	0	0	0	0	0	0	0	0	0	0	0	0	0	0	0	0	0	0	0	0	0	0	0	0	0	0	0	0	0	0	0	0	0	0	0	0	0	0	0	0	0	0	0	0	0	0	0	0	0	0	0	0	0	0	0	0	0	0	0	0	0	0	0	0	0	0	0	0	0	0
0	0	0	0	0	0	0	0	0	0	0	0	0	0	0	0	0	0	0	0	0	0	0	0	0	0	0	0	0	0	0	0	0	0	0	0	0	0	0	0	0	0	0	0	0	0	0	0	0	0	0	0	0	0	0	0	0	0	0	0	0	0	0	0	0	0	0	0	0	0	0	0	0	0
7	175	0	0	0	0	0	180	0	0	0	0	52	0	0	0	154	0	0	23	15	7	0	0	0	92	4	0	0	0	0	0	14	0	36	0	0	0	0	0	0	0	0	0	7	0	0	0	0	0	0	0	0	0	0	1	1	15	0	45	0	0	0	0	0	0	0	0	0	0	0	5	2	0
0	0	0	0	2	0	113	0	0	19	0	0	0	0	112	0	0	0	0	0	0	0	0	0	0	0	47	0	0	0	0	0	0	0	0	59	0	0	0	0	0	0	0	182	0	0	0	104	0	0	0	0	0	0	0	0	0	2	0	0	2	1	0	0	0	72	0	0	0	0	0	2	5	0
0	2	1	0	0	0	0	0	0	64	0	0	1	3	136	0	29	10	0	4	0	0	0	0	0	0	2	0	0	0	3	0	0	0	0	1	0	0	0	0	0	0	0	6	0	0	0	98	0	0	0	0	0	0	0	0	2	88	2	3	0	175	0	1	0	0	0	0	0	1	0	2	46	0
0	0	0	0	0	0	0	0	0	0	0	0	0	0	0	0	0	0	0	0	0	0	0	0	0	0	0	0	0	0	0	0	0	0	0	0	0	0	0	0	0	0	0	0	0	0	0	0	0	0	0	0	0	0	0	0	0	0	0	0	0	0	0	0	0	0	0	0	0	0	0	0	0	0
0	0	0	0	0	0	6	0	0	140	0	0	0	0	215	0	0	17	0	0	0	0	0	0	0	0	3	0	0	0	5	0	0	0	0	2	0	0	0	0	182	6	0	0	0	0	0	141	0	0	7	0	0	0	0	0	14	19	0	0	0	0	0	0	0	0	0	0	0	0	0	0	1	0
9	0	0	0	0	0	0	0	0	0	0	0	0	13	0	0	39	0	0	0	0	0	0	0	0	8	0	0	0	0	0	0	3	0	16	1	0	0	0	7	0	0	0	0	0	0	0	0	0	0	0	0	0	0	2	11	0	0	0	0	0	0	0	0	0	0	15	0	0	0	0	0	0	0
1	56	0	0	0	0	0	0	0	1	0	0	42	0	0	0	9	0	0	10	2	4	0	0	0	0	1	0	0	0	0	0	2	0	4	0	0	0	0	0	0	0	0	0	0	0	0	0	0	0	0	0	0	0	0	0	1	51	0	48	0	1	0	0	0	0	0	0	0	0	0	1	27	0
0	3	0	0	0	0	0	0	0	0	0	0	2	58	1	0	1	1	0	1	0	0	0	0	0	0	4	0	0	0	2	0	0	0	0	0	0	0	0	0	0	0	0	0	0	0	0	0	0	0	0	0	0	0	0	0	0	0	0	0	0	6	0	5	0	0	0	0	0	0	0	3	16	0
0	0	81	0	0	0	0	0	0	232	0	0	0	0	135	0	0	7	21	116	0	0	0	0	0	0	32	0	0	0	1	0	0	0	0	95	0	0	0	0	104	98	0	141	0	0	0	0	0	0	7	0	116	0	0	0	153	0	0	0	1	6	0	0	0	116	0	0	0	104	0	0	0	0
0	0	0	0	0	0	0	0	0	0	0	0	0	0	0	0	0	0	0	0	0	0	0	0	0	0	0	0	0	0	0	0	0	0	0	0	0	0	0	0	0	0	0	0	0	0	0	0	0	0	0	0	0	0	0	0	0	0	0	0	0	0	0	0	0	0	0	0	0	0	0	0	0	0
0	0	0	0	0	0	0	0	0	0	0	0	0	0	0	0	0	87	0	0	0	0	0	0	0	0	0	0	0	0	0	0	0	0	0	0	0	0	0	0	0	0	0	0	0	0	0	0	0	0	0	0	0	0	0	0	0	0	0	0	0	0	0	0	0	0	0	0	0	0	0	0	0	0
1	0	0	0	0	0	0	0	0	14	0	0	0	0	0	0	0	4	6	16	0	14	0	0	4	0	0	0	0	0	18	0	0	0	0	0	0	0	0	0	0	0	0	7	0	0	0	7	0	0	0	0	11	0	0	0	1	0	0	0	0	0	0	0	0	0	2	0	0	0	0	0	0	8
0	0	0	0	0	0	0	0	0	0	0	0	0	0	0	0	0	0	0	0	0	0	0	0	0	0	0	0	0	0	0	0	0	0	0	0	0	0	0	0	0	0	0	0	0	0	0	0	0	0	0	0	0	0	0	0	0	0	0	0	0	0	0	0	0	0	0	0	0	0	0	0	0	0
3	0	0	0	0	0	0	0	0	140	0	0	0	0	2	0	7	5	2	75	0	3	0	60	0	2	0	0	0	0	30	0	0	0	0	0	0	0	0	0	0	0	0	0	0	0	0	116	0	0	11	0	0	0	0	0	83	6	0	0	0	2	0	0	0	0	0	0	0	4	0	0	1	0
0	0	0	0	0	0	0	0	0	0	0	0	0	0	0	0	0	0	0	0	0	0	0	0	0	0	0	0	0	0	0	0	0	0	0	0	0	0	0	0	0	0	0	0	0	0	0	0	0	0	0	0	0	0	0	0	0	0	0	0	0	0	0	0	0	0	0	0	0	0	0	0	0	0
113	0	0	0	0	0	0	0	0	0	0	0	0	1	0	0	20	0	0	13	0	138	73	280	69	21	0	0	0	0	17	0	0	0	3	0	0	0	0	0	0	0	0	0	2	0	0	0	0	0	0	0	0	0	0	38	0	1	0	0	0	13	0	0	0	0	0	80	0	0	0	0	17	0
0	2	0	0	0	0	0	14	0	0	0	0	0	15	0	0	2	0	3	139	4	3	103	227	98	11	0	0	0	0	0	0	2	1	23	0	0	0	0	1	0	0	0	0	11	0	0	0	0	0	0	0	0	0	38	0	95	0	1	0	0	0	0	1	0	0	0	1	0	56	0	0	1	0
0	27	48	0	0	0	1	0	0	161	0	0	2	1	64	0	1	1	75	159	0	0	8	8	4	2	1	0	0	0	19	0	1	1	6	17	0	0	0	1	0	2	0	14	0	1	0	153	0	0	1	0	83	0	0	95	0	6	18	4	0	42	0	1	0	73	1	0	0	81	0	8	28	23
38	18	0	0	0	1	0	4	0	0	0	0	10	0	0	1	7	1	41	33	0	143	0	34	3	2	2	0	0	0	0	0	11	3	60	0	0	0	0	15	2	88	0	19	0	51	0	0	0	0	0	0	6	0	1	0	6	0	76	47	5	16	0	0	0	0	93	50	0	21	0	2	1	57
0	8	0	0	0	0	0	15	0	0	0	0	1	0	0	0	5	1	2	17	0	38	0	0	0	1	0	0	0	0	1	0	0	0	49	0	0	0	0	0	0	2	0	0	0	0	0	0	0	0	0	0	0	0	0	1	18	76	0	58	2	37	0	0	0	0	8	0	0	8	0	2	1	0
0	34	0	0	0	0	0	61	0	0	0	0	6	0	0	0	1	0	2	39	0	36	0	0	0	0	7	0	0	0	0	0	27	13	21	0	0	0	0	45	0	3	0	0	0	48	0	0	0	0	0	0	0	0	0	0	4	47	58	0	0	0	0	17	0	0	13	1	0	37	0	4	0	0
0	4	0	8	0	0	0	0	0	0	0	0	0	103	0	0	11	1	0	0	0	0	0	0	0	0	3	0	0	0	0	0	0	0	0	0	0	0	0	0	2	0	0	0	0	0	0	1	0	0	0	0	0	0	0	0	0	5	2	0	0	140	0	0	0	0	0	0	0	0	0	4	40	0
0	8	55	0	170	0	0	0	0	1	0	0	4	315	0	48	69	4	0	30	0	0	0	0	0	0	11	0	0	0	2	0	0	1	0	0	0	0	0	0	1	175	0	0	0	1	6	6	0	0	0	0	2	0	13	0	42	16	37	0	140	0	0	5	0	0	0	0	0	0	0	67	186	0
0	0	0	0	0	0	0	0	0	0	0	0	0	0	0	0	0	0	0	0	0	0	0	0	0	0	0	0	0	0	0	0	0	0	0	0	0	0	0	0	0	0	0	0	0	0	0	0	0	0	0	0	0	0	0	0	0	0	0	0	0	0	0	0	0	0	0	0	0	0	0	0	0	0
0	23	21	0	36	0	0	0	0	0	0	0	3	15	0	21	0	0	0	0	0	0	0	0	0	0	4	0	0	0	2	0	0	0	0	1	0	0	0	0	0	1	0	0	0	0	5	0	0	0	0	0	0	0	0	1	1	0	0	17	0	5	0	0	0	0	0	0	0	0	0	23	35	0
0	0	0	0	0	0	0	0	0	0	0	0	0	0	0	0	0	0	0	0	0	0	0	0	0	0	0	0	0	0	0	0	0	0	0	0	0	0	0	0	0	0	0	0	0	0	0	0	0	0	0	0	0	0	0	0	0	0	0	0	0	0	0	0	0	0	0	0	0	0	0	0	0	0
0	0	1	1	0	0	0	0	0	120	0	0	0	0	79	0	0	0	0	2	0	0	0	0	0	0	92	0	0	0	0	0	0	0	0	17	0	0	0	0	72	0	0	0	0	0	0	116	0	0	0	0	0	0	0	0	73	0	0	0	0	0	0	0	0	0	0	0	0	0	0	0	0	0
52	1	0	0	0	0	0	0	0	0	0	0	1	0	0	0	50	1	0	9	0	109	0	0	0	2	0	0	0	0	9	0	0	0	17	0	0	0	0	0	0	0	0	0	15	0	0	0	0	0	2	0	0	0	0	0	1	93	8	13	0	0	0	0	0	0	0	0	0	0	0	1	0	0
116	2	0	3	0	0	0	0	0	0	0	0	0	0	0	0	31	0	0	1	0	101	0	282	8	0	0	0	0	0	0	0	2	0	18	0	0	0	0	0	0	0	0	0	0	0	0	0	0	0	0	0	0	0	80	1	0	50	0	1	0	0	0	0	0	0	0	0	0	0	0	0	1	0
0	0	0	0	0	0	0	0	0	0	0	0	0	0	0	0	0	0	0	0	0	0	0	0	0	0	0	0	0	0	0	0	0	0	0	0	0	0	0	0	0	0	0	0	0	0	0	0	0	0	0	0	0	0	0	0	0	0	0	0	0	0	0	0	0	0	0	0	0	0	0	0	0	0
1	0	0	0	0	0	0	8	0	104	0	0	2	0	59	0	0	0	2	93	0	10	0	0	0	1	3	0	0	0	0	0	3	0	1	0	0	0	0	0	0	1	0	0	0	0	0	104	0	0	0	0	4	0	0	56	81	21	8	37	0	0	0	0	0	0	0	0	0	0	0	0	0	0
0	5	0	0	0	0	0	0	0	0	0	0	0	0	0	0	0	0	0	0	0	0	0	0	0	0	0	0	0	0	0	0	0	0	0	0	0	0	0	0	0	0	0	0	0	0	0	0	0	0	0	0	0	0	0	0	0	0	0	0	0	0	0	0	0	0	0	0	0	0	0	2	0	0
2	8	7	0	10	0	0	7	0	6	0	0	4	19	2	6	1	1	1	3	0	4	0	0	0	2	9	0	0	0	3	0	0	0	0	0	0	0	0	5	2	2	0	0	0	1	3	0	0	0	0	0	0	0	0	0	8	2	2	4	4	67	0	23	0	0	1	0	0	0	2	0	42	0
0	87	28	0	90	0	0	0	0	0	0	0	7	51	0	25	10	3	0	0	0	0	0	0	0	0	8	0	0	0	0	0	0	6	0	2	0	0	0	2	5	46	0	1	0	27	16	0	0	0	0	0	1	0	17	1	28	1	1	0	40	186	0	35	0	0	0	1	0	0	0	42	0	0
6	0	0	0	0	0	0	0	0	0	0	0	0	0	0	0	4	2	0	40	0	5	0	0	0	2	0	0	0	0	27	0	0	0	0	0	0	0	0	0	0	0	0	0	0	0	0	0	0	0	8	0	0	0	0	0	23	57	0	0	0	0	0	0	0	0	0	0	0	0	0	0	0	0
