0	0	0	0	0	0	0	0	0	0	0	0	0	0	0	0	1	0	1	0	0	5	0	3	0	0	0	0	0	0	0	0	0	0	2	0	0	0	0	0	0	0	0	0	0	0	0	0	0	0	0	3	0	0	8	0	0	2	0	0	0	0	0	0	0	0	1	10	0	0	0	0	0	1
0	0	0	0	2	0	0	10	0	4	0	0	196	1	0	0	0	2	7	29	0	1	0	0	0	0	0	0	0	0	0	0	5	24	4	2	0	0	0	8	0	0	0	5	0	0	0	3	0	0	0	0	0	0	0	2	3	5	0	0	9	0	0	0	0	1	0	0	0	0	8	0	4	1
0	0	0	0	0	0	0	0	0	0	0	0	1	41	0	0	1	22	2	1	3	0	0	0	0	0	0	0	0	0	0	0	0	0	0	0	0	0	0	0	0	0	0	0	0	0	0	10	0	0	0	0	0	0	0	0	27	0	0	0	0	0	0	0	0	1	0	0	0	0	0	0	12	2
0	0	0	0	0	0	0	0	0	0	0	0	0	0	0	0	0	0	0	0	0	0	0	0	0	0	7	0	0	0	0	0	0	0	0	0	0	0	0	0	0	0	0	0	0	0	0	0	0	0	0	0	0	0	0	0	0	0	0	0	0	0	0	0	0	2	0	0	0	0	0	0	0	1
0	2	0	0	0	0	0	0	0	0	0	0	62	0	0	0	1	0	0	1	1	0	0	0	0	1	0	0	0	0	0	0	0	12	0	0	0	0	0	0	0	0	0	0	0	0	0	11	0	0	0	1	0	0	0	0	0	0	0	0	0	0	0	0	0	0	0	0	0	0	0	2	47	0
0	0	0	0	0	0	0	0	0	0	0	0	0	0	0	0	0	0	0	158	0	5	0	0	0	0	0	0	0	0	114	0	0	11	0	0	0	0	0	0	0	0	0	0	0	0	0	3	0	0	64	0	177	0	4	0	195	5	0	0	0	0	0	0	0	0	11	0	0	16	37	0	1	160
0	0	0	0	0	0	0	0	0	0	0	0	0	0	0	0	0	0	0	0	0	0	0	0	0	0	0	0	0	0	0	0	0	0	0	0	0	0	0	0	0	0	0	0	0	0	0	0	0	0	0	0	0	0	0	0	0	0	0	0	0	0	0	0	0	0	0	0	0	0	0	0	0	0
0	10	0	0	0	0	0	0	0	17	0	0	76	0	0	0	90	0	14	1	42	0	0	0	0	1	0	0	0	0	0	0	22	2	0	0	0	0	0	0	0	0	0	0	0	0	0	2	0	0	0	0	0	0	0	0	1	0	0	0	0	0	0	0	0	0	0	0	0	0	0	10	0	0
0	0	0	0	0	0	0	0	0	0	0	0	0	0	0	0	0	0	0	0	0	0	0	0	0	0	0	0	0	0	0	0	0	0	0	0	0	0	0	0	0	0	0	0	0	0	0	0	0	0	0	0	0	0	0	0	0	0	0	0	0	0	0	0	0	0	0	0	0	0	0	0	0	0
0	4	0	0	0	0	0	17	0	0	0	0	18	1	0	0	6	0	62	16	4	6	0	0	0	3	0	0	0	0	4	0	61	0	56	0	0	0	0	65	0	0	0	0	0	0	1	0	0	0	11	71	3	0	9	0	0	0	1	0	1	0	0	0	0	0	0	0	0	0	45	4	0	0
0	0	0	0	0	0	0	0	0	0	0	0	0	0	0	0	0	0	0	0	0	0	0	0	0	0	0	0	0	0	0	0	0	0	0	0	0	0	0	0	0	0	0	0	0	0	0	0	0	0	0	0	0	0	0	0	0	0	0	0	0	0	0	0	0	0	0	0	0	0	0	0	0	0
0	0	0	0	0	0	0	0	0	0	0	0	0	0	0	0	0	0	0	0	0	0	0	0	0	0	0	0	0	0	0	0	0	0	0	0	0	0	0	0	0	0	0	0	0	0	0	0	0	0	0	0	0	0	0	0	0	0	0	0	0	0	0	0	0	0	0	0	0	0	0	0	0	0
0	196	1	0	62	0	0	76	0	18	0	0	0	0	0	0	88	0	55	42	10	0	0	0	0	0	0	0	0	0	7	0	129	117	38	0	0	0	0	198	0	0	0	0	3	125	0	2	0	0	0	0	0	0	3	2	15	11	0	0	0	0	0	0	0	0	0	0	0	0	36	4	0	0
0	1	41	0	0	0	0	0	0	1	0	0	0	0	0	0	0	6	0	0	0	0	0	0	0	0	1	0	0	0	0	0	0	0	0	0	0	0	0	0	0	0	0	108	0	0	7	0	0	0	0	0	0	0	0	0	17	0	0	0	56	0	0	0	0	0	0	0	1	0	0	1	4	1
0	0	0	0	0	0	0	0	0	0	0	0	0	0	0	0	0	0	0	0	0	0	0	0	0	0	0	0	0	0	0	0	0	0	0	0	0	0	0	0	0	0	0	0	0	0	0	0	0	0	0	0	0	0	0	0	0	0	0	0	0	0	0	0	0	0	0	0	0	0	0	0	0	0
0	0	0	0	0	0	0	0	0	0	0	0	0	0	0	0	0	0	0	0	0	0	0	0	0	0	0	0	0	0	0	0	0	0	0	0	0	0	0	0	0	0	0	0	0	0	0	0	0	0	0	0	0	0	0	0	0	0	0	0	0	0	0	0	0	0	0	0	0	0	0	0	0	0
1	0	1	0	1	0	0	90	0	6	0	0	88	0	0	0	0	0	193	1	357	8	0	0	0	177	0	0	0	0	12	0	136	14	49	0	0	0	0	246	0	0	0	0	0	9	0	0	0	0	27	293	19	0	26	0	9	41	0	0	0	0	0	0	0	0	18	34	0	0	1	1	0	59
0	2	22	0	0	0	0	0	0	0	0	0	0	6	0	0	0	0	0	0	0	0	0	0	0	0	0	0	0	0	0	0	0	0	0	6	0	0	0	0	0	0	0	23	2	1	0	0	0	77	0	0	0	0	0	0	9	11	0	0	8	0	0	0	0	0	0	0	1	0	0	5	32	3
1	7	2	0	0	0	0	14	0	62	0	0	55	0	0	0	193	0	0	17	144	0	0	0	0	93	0	0	0	0	1	0	50	3	18	0	0	0	0	20	0	0	0	0	0	0	0	0	0	0	5	173	0	0	0	2	17	12	0	0	0	0	0	0	0	0	2	18	0	0	2	7	0	70
0	29	1	0	1	158	0	1	0	16	0	0	42	0	0	0	1	0	17	0	7	19	0	6	0	1	0	0	0	0	11	0	23	14	28	0	0	0	0	25	0	0	0	0	4	1	1	1	0	0	3	0	53	0	32	110	184	12	16	0	1	0	0	0	0	0	2	6	0	4	37	0	1	14
0	0	3	0	1	0	0	42	0	4	0	0	10	0	0	0	357	0	144	7	0	3	0	0	0	157	0	0	0	0	5	0	173	51	58	0	0	0	0	214	0	0	0	0	0	5	0	0	0	0	0	30	0	0	1	3	9	38	0	0	0	0	0	0	0	0	1	30	0	0	122	2	0	77
5	1	0	0	0	5	0	0	0	6	0	0	0	0	0	0	8	0	0	19	3	0	0	22	0	20	0	0	0	0	13	0	0	0	0	0	0	0	0	0	0	0	0	0	0	0	0	0	0	0	1	45	0	0	0	0	0	0	0	0	0	0	0	0	0	0	0	0	0	0	0	1	0	17
0	0	0	0	0	0	0	0	0	0	0	0	0	0	0	0	0	0	0	0	0	0	0	0	0	0	0	0	0	0	0	0	0	0	0	0	0	0	0	0	0	0	0	0	0	0	0	0	0	0	0	0	0	0	0	0	0	0	0	0	0	0	0	0	0	0	0	0	0	0	0	0	0	0
3	0	0	0	0	0	0	0	0	0	0	0	0	0	0	0	0	0	0	6	0	22	0	0	67	0	0	0	0	0	0	0	2	0	20	2	0	0	0	0	0	0	0	0	6	0	0	0	0	0	0	0	0	0	56	16	0	2	0	0	0	0	0	0	0	0	0	48	0	0	0	2	0	0
0	0	0	0	0	0	0	0	0	0	0	0	0	0	0	0	0	0	0	0	0	0	0	67	0	0	0	0	0	0	0	0	0	0	0	0	0	0	0	0	0	0	0	0	0	0	0	0	0	0	0	0	0	0	0	0	0	0	0	0	0	0	0	0	0	0	0	0	0	0	0	0	0	0
0	0	0	0	1	0	0	1	0	3	0	0	0	0	0	0	177	0	93	1	157	20	0	0	0	0	0	0	0	0	12	0	80	4	11	0	0	0	0	99	0	0	0	0	0	8	0	0	0	0	6	142	13	0	29	3	9	23	0	0	0	0	0	0	0	0	53	22	0	0	50	0	0	2
0	0	0	7	0	0	0	0	0	0	0	0	0	1	0	0	0	0	0	0	0	0	0	0	0	0	0	0	0	0	0	0	0	0	0	6	0	0	0	0	0	0	0	0	0	0	0	0	0	0	0	0	0	0	0	0	0	0	0	0	0	0	0	0	0	4	0	0	0	0	0	0	0	0
0	0	0	0	0	0	0	0	0	0	0	0	0	0	0	0	0	0	0	0	0	0	0	0	0	0	0	0	0	0	0	0	0	0	0	0	0	0	0	0	0	0	0	0	0	0	0	0	0	0	0	0	0	0	0	0	0	0	0	0	0	0	0	0	0	0	0	0	0	0	0	0	0	0
0	0	0	0	0	0	0	0	0	0	0	0	0	0	0	0	0	0	0	0	0	0	0	0	0	0	0	0	0	0	0	0	0	0	0	0	0	0	0	0	0	0	0	0	0	0	0	0	0	0	0	0	0	0	0	0	0	0	0	0	0	0	0	0	0	0	0	0	0	0	0	0	0	0
0	0	0	0	0	0	0	0	0	0	0	0	0	0	0	0	0	0	0	0	0	0	0	0	0	0	0	0	0	0	0	0	0	0	0	0	0	0	0	0	0	0	0	0	0	0	0	0	0	0	0	0	0	0	0	0	0	0	0	0	0	0	0	0	0	0	0	0	0	0	0	0	0	0
0	0	0	0	0	114	0	0	0	4	0	0	7	0	0	0	12	0	1	11	5	13	0	0	0	12	0	0	0	0	0	0	1	27	1	0	0	0	0	2	0	0	0	3	0	2	0	0	0	0	75	11	48	0	20	0	55	18	0	0	0	0	0	0	0	0	6	0	0	0	0	0	0	28
0	0	0	0	0	0	0	0	0	0	0	0	0	0	0	0	0	0	0	0	0	0	0	0	0	0	0	0	0	0	0	0	0	0	0	0	0	0	0	0	0	0	0	0	0	0	0	0	0	0	0	0	0	0	0	0	0	0	0	0	0	0	0	0	0	0	0	0	0	0	0	0	0	0
0	5	0	0	0	0	0	22	0	61	0	0	129	0	0	0	136	0	50	23	173	0	0	2	0	80	0	0	0	0	1	0	0	0	18	0	0	0	0	31	0	0	0	0	0	1	0	1	0	0	2	29	0	0	0	0	7	13	2	0	0	0	0	0	0	0	0	9	0	0	4	3	0	76
0	24	0	0	12	11	0	2	0	0	0	0	117	0	0	0	14	0	3	14	51	0	0	0	0	4	0	0	0	0	27	0	0	0	2	0	0	0	0	5	0	0	0	0	0	3	0	2	0	0	0	2	0	0	0	0	6	5	0	0	0	0	0	0	0	0	5	1	0	0	0	0	0	6
2	4	0	0	0	0	0	0	0	56	0	0	38	0	0	0	49	0	18	28	58	0	0	20	0	11	0	0	0	0	1	0	18	2	0	0	0	0	0	0	0	0	0	0	0	0	0	0	0	0	2	85	0	0	0	0	4	0	0	0	0	0	0	0	0	0	0	0	0	0	0	4	1	47
0	2	0	0	0	0	0	0	0	0	0	0	0	0	0	0	0	6	0	0	0	0	0	2	0	0	6	0	0	0	0	0	0	0	0	0	0	0	0	0	0	0	0	0	0	0	0	16	0	0	0	0	0	0	0	0	1	0	0	0	0	0	0	0	0	3	0	0	0	0	0	2	5	0
0	0	0	0	0	0	0	0	0	0	0	0	0	0	0	0	0	0	0	0	0	0	0	0	0	0	0	0	0	0	0	0	0	0	0	0	0	0	0	0	0	0	0	0	0	0	0	0	0	0	0	0	0	0	0	0	0	0	0	0	0	0	0	0	0	0	0	0	0	0	0	0	0	0
0	0	0	0	0	0	0	0	0	0	0	0	0	0	0	0	0	0	0	0	0	0	0	0	0	0	0	0	0	0	0	0	0	0	0	0	0	0	0	0	0	0	0	0	0	0	0	0	0	0	0	0	0	0	0	0	0	0	0	0	0	0	0	0	0	0	0	0	0	0	0	0	0	0
0	0	0	0	0	0	0	0	0	0	0	0	0	0	0	0	0	0	0	0	0	0	0	0	0	0	0	0	0	0	0	0	0	0	0	0	0	0	0	0	0	0	0	0	0	0	0	0	0	0	0	0	0	0	0	0	0	0	0	0	0	0	0	0	0	0	0	0	0	0	0	0	0	0
0	8	0	0	0	0	0	0	0	65	0	0	198	0	0	0	246	0	20	25	214	0	0	0	0	99	0	0	0	0	2	0	31	5	0	0	0	0	0	0	0	0	0	0	0	0	0	3	0	0	2	44	0	0	0	0	4	0	0	0	0	0	0	0	0	0	0	0	0	0	0	8	0	43
0	0	0	0	0	0	0	0	0	0	0	0	0	0	0	0	0	0	0	0	0	0	0	0	0	0	0	0	0	0	0	0	0	0	0	0	0	0	0	0	0	0	0	0	0	0	0	0	0	0	0	0	0	0	0	0	0	0	0	0	0	0	0	0	0	0	0	0	0	0	0	0	0	0
0	0	0	0	0	0	0	0	0	0	0	0	0	0	0	0	0	0	0	0	0	0	0	0	0	0	0	0	0	0	0	0	0	0	0	0	0	0	0	0	0	0	0	0	0	0	0	0	0	0	0	0	0	0	0	0	0	0	0	0	0	0	0	0	0	0	0	0	0	0	0	0	0	0
0	0	0	0	0	0	0	0	0	0	0	0	0	0	0	0	0	0	0	0	0	0	0	0	0	0	0	0	0	0	0	0	0	0	0	0	0	0	0	0	0	0	0	0	0	0	0	0	0	0	0	0	0	0	0	0	0	0	0	0	0	0	0	0	0	0	0	0	0	0	0	0	0	0
0	5	0	0	0	0	0	0	0	0	0	0	0	108	0	0	0	23	0	0	0	0	0	0	0	0	0	0	0	0	3	0	0	0	0	0	0	0	0	0	0	0	0	0	0	0	0	0	0	0	0	0	0	0	0	0	2	0	0	0	0	0	0	0	0	0	0	0	0	0	0	5	0	29
0	0	0	0	0	0	0	0	0	0	0	0	3	0	0	0	0	2	0	4	0	0	0	6	0	0	0	0	0	0	0	0	0	0	0	0	0	0	0	0	0	0	0	0	0	0	0	0	0	0	0	0	0	0	0	0	0	0	0	0	0	0	0	0	0	0	0	0	0	0	0	0	1	1
0	0	0	0	0	0	0	0	0	0	0	0	125	0	0	0	9	1	0	1	5	0	0	0	0	8	0	0	0	0	2	0	1	3	0	0	0	0	0	0	0	0	0	0	0	0	0	0	0	0	0	0	0	0	0	0	4	0	0	0	0	0	0	0	0	0	0	0	0	0	2	0	2	2
0	0	0	0	0	0	0	0	0	1	0	0	0	7	0	0	0	0	0	1	0	0	0	0	0	0	0	0	0	0	0	0	0	0	0	0	0	0	0	0	0	0	0	0	0	0	0	0	0	0	0	0	0	0	0	0	0	0	0	0	0	0	0	0	0	0	0	0	0	0	0	0	15	0
0	3	10	0	11	3	0	2	0	0	0	0	2	0	0	0	0	0	0	1	0	0	0	0	0	0	0	0	0	0	0	0	1	2	0	16	0	0	0	3	0	0	0	0	0	0	0	0	0	0	0	0	0	0	0	0	10	0	0	0	0	0	0	0	0	12	0	0	0	0	0	0	0	0
0	0	0	0	0	0	0	0	0	0	0	0	0	0	0	0	0	0	0	0	0	0	0	0	0	0	0	0	0	0	0	0	0	0	0	0	0	0	0	0	0	0	0	0	0	0	0	0	0	0	0	0	0	0	0	0	0	0	0	0	0	0	0	0	0	0	0	0	0	0	0	0	0	0
0	0	0	0	0	0	0	0	0	0	0	0	0	0	0	0	0	77	0	0	0	0	0	0	0	0	0	0	0	0	0	0	0	0	0	0	0	0	0	0	0	0	0	0	0	0	0	0	0	0	0	0	0	0	0	0	0	0	0	0	0	0	0	0	0	0	0	0	0	0	0	0	0	0
0	0	0	0	0	64	0	0	0	11	0	0	0	0	0	0	27	0	5	3	0	1	0	0	0	6	0	0	0	0	75	0	2	0	2	0	0	0	0	2	0	0	0	0	0	0	0	0	0	0	0	31	2	0	5	0	6	0	0	0	0	0	0	0	0	0	0	0	0	0	0	0	0	15
3	0	0	0	1	0	0	0	0	71	0	0	0	0	0	0	293	0	173	0	30	45	0	0	0	142	0	0	0	0	11	0	29	2	85	0	0	0	0	44	0	0	0	0	0	0	0	0	0	0	31	0	21	0	76	2	0	2	0	0	0	0	0	0	0	0	3	11	0	0	0	0	0	2
0	0	0	0	0	177	0	0	0	3	0	0	0	0	0	0	19	0	0	53	0	0	0	0	0	13	0	0	0	0	48	0	0	0	0	0	0	0	0	0	0	0	0	0	0	0	0	0	0	0	2	21	0	0	0	0	84	0	0	0	0	0	0	0	0	0	0	0	0	1	0	0	0	35
0	0	0	0	0	0	0	0	0	0	0	0	0	0	0	0	0	0	0	0	0	0	0	0	0	0	0	0	0	0	0	0	0	0	0	0	0	0	0	0	0	0	0	0	0	0	0	0	0	0	0	0	0	0	0	0	0	0	0	0	0	0	0	0	0	0	0	0	0	0	0	0	0	0
8	0	0	0	0	4	0	0	0	9	0	0	3	0	0	0	26	0	0	32	1	0	0	56	0	29	0	0	0	0	20	0	0	0	0	0	0	0	0	0	0	0	0	0	0	0	0	0	0	0	5	76	0	0	0	0	1	0	0	0	0	0	0	0	0	0	0	0	0	0	0	0	0	0
0	2	0	0	0	0	0	0	0	0	0	0	2	0	0	0	0	0	2	110	3	0	0	16	0	3	0	0	0	0	0	0	0	0	0	0	0	0	0	0	0	0	0	0	0	0	0	0	0	0	0	2	0	0	0	0	19	0	0	0	0	0	0	0	0	0	0	0	0	2	0	2	0	10
0	3	27	0	0	195	0	1	0	0	0	0	15	17	0	0	9	9	17	184	9	0	0	0	0	9	0	0	0	0	55	0	7	6	4	1	0	0	0	4	0	0	0	2	0	4	0	10	0	0	6	0	84	0	1	19	0	4	0	0	1	0	0	0	0	0	0	0	0	0	3	3	2	59
2	5	0	0	0	5	0	0	0	0	0	0	11	0	0	0	41	11	12	12	38	0	0	2	0	23	0	0	0	0	18	0	13	5	0	0	0	0	0	0	0	0	0	0	0	0	0	0	0	0	0	2	0	0	0	0	4	0	0	0	0	0	0	0	0	0	0	0	0	0	0	5	5	88
0	0	0	0	0	0	0	0	0	1	0	0	0	0	0	0	0	0	0	16	0	0	0	0	0	0	0	0	0	0	0	0	2	0	0	0	0	0	0	0	0	0	0	0	0	0	0	0	0	0	0	0	0	0	0	0	0	0	0	0	0	0	0	0	0	0	2	0	0	0	0	0	0	0
0	0	0	0	0	0	0	0	0	0	0	0	0	0	0	0	0	0	0	0	0	0	0	0	0	0	0	0	0	0	0	0	0	0	0	0	0	0	0	0	0	0	0	0	0	0	0	0	0	0	0	0	0	0	0	0	0	0	0	0	0	0	0	0	0	0	0	0	0	0	0	0	0	0
0	9	0	0	0	0	0	0	0	1	0	0	0	56	0	0	0	8	0	1	0	0	0	0	0	0	0	0	0	0	0	0	0	0	0	0	0	0	0	0	0	0	0	0	0	0	0	0	0	0	0	0	0	0	0	0	1	0	0	0	0	0	0	0	0	0	0	0	0	0	0	9	20	1
0	0	0	0	0	0	0	0	0	0	0	0	0	0	0	0	0	0	0	0	0	0	0	0	0	0	0	0	0	0	0	0	0	0	0	0	0	0	0	0	0	0	0	0	0	0	0	0	0	0	0	0	0	0	0	0	0	0	0	0	0	0	0	0	0	0	0	0	0	0	0	0	0	0
0	0	0	0	0	0	0	0	0	0	0	0	0	0	0	0	0	0	0	0	0	0	0	0	0	0	0	0	0	0	0	0	0	0	0	0	0	0	0	0	0	0	0	0	0	0	0	0	0	0	0	0	0	0	0	0	0	0	0	0	0	0	0	0	0	0	0	0	0	0	0	0	0	0
0	0	0	0	0	0	0	0	0	0	0	0	0	0	0	0	0	0	0	0	0	0	0	0	0	0	0	0	0	0	0	0	0	0	0	0	0	0	0	0	0	0	0	0	0	0	0	0	0	0	0	0	0	0	0	0	0	0	0	0	0	0	0	0	0	0	0	0	0	0	0	0	7	0
0	0	0	0	0	0	0	0	0	0	0	0	0	0	0	0	0	0	0	0	0	0	0	0	0	0	0	0	0	0	0	0	0	0	0	0	0	0	0	0	0	0	0	0	0	0	0	0	0	0	0	0	0	0	0	0	0	0	0	0	0	0	0	0	0	0	0	0	0	0	0	0	0	0
0	1	1	2	0	0	0	0	0	0	0	0	0	0	0	0	0	0	0	0	0	0	0	0	0	0	4	0	0	0	0	0	0	0	0	3	0	0	0	0	0	0	0	0	0	0	0	12	0	0	0	0	0	0	0	0	0	0	0	0	0	0	0	0	0	0	0	0	0	0	0	1	0	0
1	0	0	0	0	11	0	0	0	0	0	0	0	0	0	0	18	0	2	2	1	0	0	0	0	53	0	0	0	0	6	0	0	5	0	0	0	0	0	0	0	0	0	0	0	0	0	0	0	0	0	3	0	0	0	0	0	0	2	0	0	0	0	0	0	0	0	0	0	0	0	0	0	0
10	0	0	0	0	0	0	0	0	0	0	0	0	0	0	0	34	0	18	6	30	0	0	48	0	22	0	0	0	0	0	0	9	1	0	0	0	0	0	0	0	0	0	0	0	0	0	0	0	0	0	11	0	0	0	0	0	0	0	0	0	0	0	0	0	0	0	0	0	0	0	0	0	19
0	0	0	0	0	0	0	0	0	0	0	0	0	1	0	0	0	1	0	0	0	0	0	0	0	0	0	0	0	0	0	0	0	0	0	0	0	0	0	0	0	0	0	0	0	0	0	0	0	0	0	0	0	0	0	0	0	0	0	0	0	0	0	0	0	0	0	0	0	0	0	0	6	0
0	0	0	0	0	16	0	0	0	0	0	0	0	0	0	0	0	0	0	4	0	0	0	0	0	0	0	0	0	0	0	0	0	0	0	0	0	0	0	0	0	0	0	0	0	0	0	0	0	0	0	0	1	0	0	2	0	0	0	0	0	0	0	0	0	0	0	0	0	0	3	0	0	0
0	8	0	0	0	37	0	0	0	45	0	0	36	0	0	0	1	0	2	37	122	0	0	0	0	50	0	0	0	0	0	0	4	0	0	0	0	0	0	0	0	0	0	0	0	2	0	0	0	0	0	0	0	0	0	0	3	0	0	0	0	0	0	0	0	0	0	0	0	3	0	8	0	0
0	0	0	0	2	0	0	10	0	4	0	0	4	1	0	0	1	5	7	0	2	1	0	2	0	0	0	0	0	0	0	0	3	0	4	2	0	0	0	8	0	0	0	5	0	0	0	0	0	0	0	0	0	0	0	2	3	5	0	0	9	0	0	0	0	1	0	0	0	0	8	0	26	11
0	4	12	0	47	1	0	0	0	0	0	0	0	4	0	0	0	32	0	1	0	0	0	0	0	0	0	0	0	0	0	0	0	0	1	5	0	0	0	0	0	0	0	0	1	2	15	0	0	0	0	0	0	0	0	0	2	5	0	0	20	0	0	7	0	0	0	0	6	0	0	26	0	1
1	1	2	1	0	160	0	0	0	0	0	0	0	1	0	0	59	3	70	14	77	17	0	0	0	2	0	0	0	0	28	0	76	6	47	0	0	0	0	43	0	0	0	29	1	2	0	0	0	0	15	2	35	0	0	10	59	88	0	0	1	0	0	0	0	0	0	19	0	0	0	11	1	0
