0	6	0	0	0	80	0	0	0	0	0	0	2	0	0	0	53	0	0	1	0	136	2	5	11	0	0	0	0	0	3	0	39	15	61	0	0	0	0	33	0	0	0	0	20	4	0	4	0	4	0	26	0	0	115	2	0	64	0	3	0	0	0	0	0	0	21	134	0	12	0	1	0	0
6	6	4	0	0	0	0	44	0	1	36	0	24	6	0	1	2	0	0	6	0	0	0	0	0	0	0	0	0	0	3	0	3	3	0	6	0	0	0	3	0	1	0	0	0	0	0	0	0	0	0	0	0	0	0	1	4	41	0	135	7	1	0	88	0	0	1	0	0	0	0	3	73	0
0	4	0	0	0	0	0	0	0	111	4	0	0	57	60	0	0	0	0	0	0	0	0	0	0	0	95	0	0	0	32	0	0	0	0	4	0	0	0	0	0	1	0	28	0	0	0	93	0	0	0	0	0	0	0	0	30	0	2	4	0	1	0	0	0	3	0	0	0	0	0	4	24	0
0	0	0	0	0	0	0	0	0	0	0	0	0	0	0	0	0	0	0	0	0	0	0	0	0	0	0	0	0	0	0	0	0	0	0	0	0	0	0	0	0	0	0	0	0	0	0	0	0	0	0	0	0	0	0	0	0	0	0	0	0	0	0	0	0	0	0	0	0	0	0	0	0	0
0	0	0	0	0	0	0	31	0	0	130	0	24	12	0	0	5	0	0	2	0	0	0	2	0	2	0	0	0	0	1	0	0	0	0	0	0	0	0	0	0	0	0	0	0	0	0	0	0	0	0	0	0	0	0	0	0	12	0	11	0	117	0	100	0	0	0	0	4	0	0	0	95	0
80	0	0	0	0	0	0	0	0	0	0	0	0	0	0	0	141	0	0	2	0	2	0	2	0	85	0	0	0	0	2	0	5	0	0	0	0	0	0	0	0	0	0	0	0	0	0	0	0	0	2	88	0	0	1	0	0	11	0	0	0	0	0	0	0	0	0	0	0	0	0	0	0	0
0	0	0	0	0	0	0	0	0	1	0	0	0	0	28	0	0	1	0	0	0	0	0	0	0	0	0	0	0	0	0	0	0	0	0	4	0	0	0	0	0	0	0	338	0	0	0	0	0	0	0	0	0	0	0	0	1	0	0	0	0	0	0	0	0	0	0	0	0	0	0	0	0	0
0	44	0	0	31	0	0	0	0	0	0	0	51	2	0	0	137	0	0	0	0	0	0	0	0	2	0	0	0	0	0	0	112	1	2	0	0	0	0	207	0	0	0	0	0	1	0	0	0	0	0	0	0	0	0	3	0	44	91	278	0	0	0	5	0	0	0	0	0	7	0	3	0	0
0	0	0	0	0	0	0	0	0	0	0	0	0	0	0	0	0	1	0	0	0	0	0	0	0	0	0	0	0	0	0	0	0	0	0	0	0	0	0	0	0	0	0	0	0	0	0	0	0	0	0	0	0	0	0	0	0	0	0	0	0	0	0	0	0	0	0	0	0	0	0	0	0	0
0	1	111	0	0	0	1	0	0	0	0	0	0	0	186	10	0	37	53	149	0	0	0	0	0	0	0	0	0	0	61	0	0	0	0	102	0	0	0	0	0	129	0	186	0	0	8	269	0	0	1	0	101	0	0	0	134	4	3	0	0	1	0	0	0	99	0	4	0	124	0	0	13	0
0	36	4	0	130	0	0	0	0	0	0	0	0	157	0	0	0	0	0	0	0	0	0	0	0	0	0	0	0	0	0	0	0	82	0	12	0	0	0	0	0	60	0	0	0	0	0	0	0	0	0	0	0	0	0	0	0	0	0	0	122	148	0	18	0	0	0	0	12	0	0	16	153	0
0	0	0	0	0	0	0	0	0	0	0	0	0	0	0	0	0	0	0	0	0	0	0	0	0	0	0	0	0	0	0	0	0	0	0	0	0	0	0	0	0	0	0	0	0	0	0	0	0	0	0	0	0	0	0	0	0	0	0	0	0	0	0	0	0	0	0	0	0	0	0	0	0	0
2	24	0	0	24	0	0	51	0	0	0	0	0	0	0	16	6	0	0	4	0	0	0	0	0	0	0	0	0	0	0	0	11	3	2	0	0	0	0	26	0	0	0	0	0	12	0	0	0	0	0	0	0	0	0	0	0	19	6	15	0	0	0	0	0	0	0	0	0	8	0	0	0	1
0	6	57	0	12	0	0	2	0	0	157	0	0	0	24	2	0	0	0	0	0	0	0	0	0	0	8	0	0	0	7	0	0	0	0	9	0	0	0	0	0	57	0	0	0	0	14	1	0	0	0	0	0	0	0	0	7	0	0	0	97	208	0	40	0	7	0	0	0	0	0	21	8	0
0	0	60	0	0	0	28	0	0	186	0	0	0	24	0	1	1	9	19	0	0	0	0	0	0	1	0	0	0	0	0	0	0	0	0	87	0	0	0	0	0	114	0	151	0	0	1	178	0	0	0	0	0	0	0	0	29	1	0	0	0	29	0	0	0	110	0	2	0	11	0	1	2	0
0	1	0	0	0	0	0	0	0	10	0	0	16	2	1	0	0	0	0	0	0	0	0	0	0	0	0	0	0	0	26	0	0	0	0	0	0	0	0	0	0	0	0	0	0	0	0	10	0	0	0	0	0	0	1	0	0	2	0	0	0	13	0	37	0	0	0	0	0	0	0	1	8	0
53	2	0	0	5	141	0	137	0	0	0	0	6	0	1	0	0	0	0	1	0	1	1	2	0	103	0	0	0	0	5	0	65	67	0	0	0	0	0	177	0	1	0	0	9	0	0	0	0	0	3	186	12	0	6	0	1	19	0	17	1	0	0	0	0	0	69	10	0	0	0	0	2	0
0	0	0	0	0	0	1	0	1	37	0	0	0	0	9	0	0	0	0	0	0	0	0	0	0	0	0	0	0	0	0	0	1	0	0	0	0	0	0	0	0	0	0	21	0	0	0	11	0	139	0	0	18	0	0	0	2	1	0	0	0	0	0	0	0	0	0	0	0	0	0	0	9	0
0	0	0	0	0	0	0	0	0	53	0	0	0	0	19	0	0	0	0	67	0	4	0	0	0	0	0	0	0	0	1	0	0	0	0	0	0	0	0	0	0	0	0	24	0	0	0	23	0	0	1	0	4	0	0	4	61	6	18	19	0	0	0	0	0	0	0	0	0	2	0	0	0	0
1	6	0	0	2	2	0	0	0	149	0	0	4	0	0	0	1	0	67	0	0	0	83	0	0	1	0	0	0	0	21	0	12	13	9	0	0	0	0	14	0	0	0	0	26	12	0	42	0	0	4	6	47	0	64	99	166	22	15	22	7	0	0	0	0	2	5	1	0	116	0	0	0	0
0	0	0	0	0	0	0	0	0	0	0	0	0	0	0	0	0	0	0	0	0	0	0	0	0	0	0	0	0	0	0	0	0	0	0	0	0	0	0	0	0	0	0	0	0	0	0	0	0	0	0	0	0	0	0	0	0	0	0	0	0	0	0	0	0	0	0	0	0	0	0	0	0	0
136	0	0	0	0	2	0	0	0	0	0	0	0	0	0	0	1	0	4	0	0	0	0	44	21	5	0	0	0	0	2	0	2	2	20	0	0	0	0	0	0	0	0	0	0	9	0	2	0	0	5	6	0	0	88	5	0	4	2	12	0	0	0	0	0	0	27	24	0	5	0	0	0	1
2	0	0	0	0	0	0	0	0	0	0	0	0	0	0	0	1	0	0	83	0	0	0	36	0	0	0	0	0	0	0	0	0	0	0	0	0	0	0	0	0	0	0	0	0	0	0	0	0	0	0	0	0	0	44	23	3	0	2	11	0	0	0	0	0	0	0	0	0	0	0	0	0	0
5	0	0	0	2	2	0	0	0	0	0	0	0	0	0	0	2	0	0	0	0	44	36	0	157	0	0	0	0	0	0	0	6	2	6	0	0	0	0	2	0	0	0	0	0	0	0	0	0	0	0	0	0	0	34	80	0	3	0	0	0	0	0	0	0	0	0	26	0	0	0	0	0	0
11	0	0	0	0	0	0	0	0	0	0	0	0	0	0	0	0	0	0	0	0	21	0	157	0	0	3	0	0	0	0	0	0	0	0	0	0	0	0	0	0	0	0	0	0	0	0	0	0	0	3	0	0	0	0	8	0	0	0	0	0	0	0	0	0	0	0	0	0	0	0	0	0	0
0	0	0	0	2	85	0	2	0	0	0	0	0	0	1	0	103	0	0	1	0	5	0	0	0	0	0	0	0	0	1	0	58	12	0	0	0	0	0	92	0	0	0	0	6	5	0	6	0	0	3	95	10	0	7	0	1	4	0	1	0	0	0	0	0	0	11	2	0	5	0	1	10	0
0	0	95	0	0	0	0	0	0	0	0	0	0	8	0	0	0	0	0	0	0	0	0	0	3	0	0	0	0	0	1	0	0	0	0	100	0	0	0	0	0	4	0	6	0	0	0	19	0	0	0	0	0	0	0	0	0	0	0	0	0	1	0	0	0	114	0	0	0	0	0	0	0	0
0	0	0	0	0	0	0	0	0	0	0	0	0	0	0	0	0	0	0	0	0	0	0	0	0	0	0	0	0	0	0	0	0	0	0	0	0	0	0	0	0	0	0	0	0	0	0	0	0	0	0	0	0	0	0	0	0	0	0	0	0	0	0	0	0	0	0	0	0	0	0	0	0	0
0	0	0	0	0	0	0	0	0	0	0	0	0	0	0	0	0	0	0	0	0	0	0	0	0	0	0	0	0	0	0	0	0	0	0	0	0	0	0	0	0	0	0	0	0	0	0	0	0	0	0	0	0	0	0	0	0	0	0	0	0	0	0	0	0	0	0	0	0	0	0	0	0	0
0	0	0	0	0	0	0	0	0	0	0	0	0	0	0	0	0	0	0	0	0	0	0	0	0	0	0	0	0	0	0	0	0	0	0	0	0	0	0	0	0	0	0	0	0	0	0	0	0	0	0	0	0	0	0	0	0	0	0	0	0	0	0	0	0	0	0	0	0	0	0	0	0	0
3	3	32	0	1	2	0	0	0	61	0	0	0	7	0	26	5	0	1	21	0	2	0	0	0	1	1	0	0	0	0	0	2	2	1	9	0	0	0	1	0	24	0	27	1	13	45	1	0	0	84	1	51	0	40	0	14	4	7	2	0	4	0	34	0	0	20	7	0	16	0	4	0	4
0	0	0	0	0	0	0	0	0	0	0	0	0	0	0	0	0	0	0	0	0	0	0	0	0	0	0	0	0	0	0	0	0	0	0	0	0	0	0	0	0	0	0	0	0	0	0	0	0	0	0	0	0	0	0	0	0	0	0	0	0	0	0	0	0	0	0	0	0	0	0	0	0	0
39	3	0	0	0	5	0	112	0	0	0	0	11	0	0	0	65	1	0	12	0	2	0	6	0	58	0	0	0	0	2	0	0	0	32	0	0	0	0	11	0	0	0	0	0	0	0	1	0	0	2	90	0	0	0	1	0	56	17	89	1	29	0	0	0	0	1	2	0	1	0	3	1	0
15	3	0	0	0	0	0	1	0	0	82	0	3	0	0	0	67	0	0	13	0	2	0	2	0	12	0	0	0	0	2	0	0	0	0	0	0	0	0	0	0	0	0	0	0	0	0	0	0	0	0	8	0	0	1	0	3	64	12	105	0	3	0	72	0	0	0	0	0	0	0	3	89	0
61	0	0	0	0	0	0	2	0	0	0	0	2	0	0	0	0	0	0	9	0	20	0	6	0	0	0	0	0	0	1	0	32	0	0	0	0	0	0	9	0	0	0	0	0	0	0	0	0	0	2	33	0	0	2	0	0	33	79	34	0	0	0	0	0	0	43	18	0	0	0	0	0	0
0	6	4	0	0	0	4	0	0	102	12	0	0	9	87	0	0	0	0	0	0	0	0	0	0	0	100	0	0	0	9	0	0	0	0	0	0	0	0	0	0	4	0	3	0	0	3	99	0	0	0	0	0	0	0	0	0	0	0	0	7	0	0	0	0	9	0	0	2	0	0	12	15	0
0	0	0	0	0	0	0	0	0	0	0	0	0	0	0	0	0	0	0	0	0	0	0	0	0	0	0	0	0	0	0	0	0	0	0	0	0	0	0	0	0	0	0	0	0	0	0	0	0	0	0	0	0	0	0	0	0	0	0	0	0	0	0	0	0	0	0	0	0	0	0	0	0	0
0	0	0	0	0	0	0	0	0	0	0	0	0	0	0	0	0	0	0	0	0	0	0	0	0	0	0	0	0	0	0	0	0	0	0	0	0	0	0	0	0	0	0	0	0	0	0	0	0	0	0	0	0	0	0	0	0	0	0	0	0	0	0	0	0	0	0	0	0	0	0	0	0	0
0	0	0	0	0	0	0	0	0	0	0	0	0	0	0	0	0	0	0	0	0	0	0	0	0	0	0	0	0	0	0	0	0	0	0	0	0	0	0	0	0	0	0	0	0	0	0	0	0	0	0	0	0	0	0	0	0	0	0	0	0	0	0	0	0	0	0	0	0	0	0	0	0	0
33	3	0	0	0	0	0	207	0	0	0	0	26	0	0	0	177	0	0	14	0	0	0	2	0	92	0	0	0	0	1	0	11	0	9	0	0	0	0	0	0	0	0	0	0	0	0	0	0	0	0	55	0	0	1	3	2	59	0	224	0	0	0	1	0	0	0	0	0	0	0	3	2	0
0	0	0	0	0	0	0	0	0	0	0	0	0	0	0	0	0	0	0	0	0	0	0	0	0	0	0	0	0	0	0	0	0	0	0	0	0	0	0	0	0	0	0	0	0	0	0	0	0	0	0	0	0	0	0	0	0	0	0	0	5	0	0	0	0	0	0	0	0	0	0	0	0	0
0	1	1	0	0	0	0	0	0	129	60	0	0	57	114	0	1	0	0	0	0	0	0	0	0	0	4	0	0	0	24	0	0	0	0	4	0	0	0	0	0	0	0	226	0	0	0	91	0	0	0	0	0	0	0	0	13	75	184	11	0	69	0	0	0	0	0	0	4	0	0	1	23	0
0	0	0	0	0	0	0	0	0	0	0	0	0	0	0	0	0	0	0	0	0	0	0	0	0	0	0	0	0	0	0	0	0	0	0	0	0	0	0	0	0	0	0	0	0	0	0	0	0	0	0	0	0	0	0	0	0	0	0	0	0	0	0	0	0	0	0	0	0	0	0	0	0	0
0	0	28	0	0	0	338	0	0	186	0	0	0	0	151	0	0	21	24	0	0	0	0	0	0	0	6	0	0	0	27	0	0	0	0	3	0	0	0	0	0	226	0	0	0	0	0	145	0	0	2	0	46	0	0	0	0	21	0	0	0	0	0	0	0	0	0	0	0	0	0	8	2	0
20	0	0	0	0	0	0	0	0	0	0	0	0	0	0	0	9	0	0	26	0	0	0	0	0	6	0	0	0	0	1	0	0	0	0	0	0	0	0	0	0	0	0	0	0	0	0	0	0	0	0	10	0	0	36	0	3	3	2	0	0	0	0	0	0	0	0	0	0	0	0	0	2	0
4	0	0	0	0	0	0	1	0	0	0	0	12	0	0	0	0	0	0	12	0	9	0	0	0	5	0	0	0	0	13	0	0	0	0	0	0	0	0	0	0	0	0	0	0	0	0	0	0	0	0	0	0	0	0	1	1	10	2	49	0	0	0	0	0	0	0	0	0	0	0	0	0	0
0	0	0	0	0	0	0	0	0	8	0	0	0	14	1	0	0	0	0	0	0	0	0	0	0	0	0	0	0	0	45	0	0	0	0	3	0	0	0	0	0	0	0	0	0	0	0	1	0	0	0	0	0	0	0	0	0	0	146	0	0	5	0	13	0	0	0	0	0	0	0	0	0	0
4	0	93	0	0	0	0	0	0	269	0	0	0	1	178	10	0	11	23	42	0	2	0	0	0	6	19	0	0	0	1	0	1	0	0	99	0	0	0	0	0	91	0	145	0	0	1	0	0	0	3	2	29	0	9	0	100	0	1	0	1	4	0	0	0	124	0	1	0	113	0	0	0	0
0	0	0	0	0	0	0	0	0	0	0	0	0	0	0	0	0	0	0	0	0	0	0	0	0	0	0	0	0	0	0	0	0	0	0	0	0	0	0	0	0	0	0	0	0	0	0	0	0	0	0	0	0	0	0	0	0	0	0	0	0	0	0	0	0	0	0	0	0	0	0	0	0	0
4	0	0	0	0	0	0	0	0	0	0	0	0	0	0	0	0	139	0	0	0	0	0	0	0	0	0	0	0	0	0	0	0	0	0	0	0	0	0	0	0	0	0	0	0	0	0	0	0	0	0	0	0	0	0	0	0	0	0	0	0	0	0	0	0	0	0	0	0	0	0	0	0	0
0	0	0	0	0	2	0	0	0	1	0	0	0	0	0	0	3	0	1	4	0	5	0	0	3	3	0	0	0	0	84	0	2	0	2	0	0	0	0	0	0	0	0	2	0	0	0	3	0	0	0	0	2	0	0	0	0	0	0	0	0	0	0	0	0	0	2	0	0	0	0	0	0	1
26	0	0	0	0	88	0	0	0	0	0	0	0	0	0	0	186	0	0	6	0	6	0	0	0	95	0	0	0	0	1	0	90	8	33	0	0	0	0	55	0	0	0	0	10	0	0	2	0	0	0	0	12	0	9	1	2	23	2	0	1	0	0	0	0	0	103	5	0	1	0	0	0	0
0	0	0	0	0	0	0	0	0	101	0	0	0	0	0	0	12	18	4	47	0	0	0	0	0	10	0	0	0	0	51	0	0	0	0	0	0	0	0	0	0	0	0	46	0	0	0	29	0	0	2	12	0	0	1	0	44	4	0	0	0	0	0	0	0	0	0	0	0	0	0	0	0	0
0	0	0	0	0	0	0	0	0	0	0	0	0	0	0	0	0	0	0	0	0	0	0	0	0	0	0	0	0	0	0	0	0	0	0	0	0	0	0	0	0	0	0	0	0	0	0	0	0	0	0	0	0	0	0	0	0	0	0	0	0	0	0	0	0	0	0	0	0	0	0	0	0	0
115	0	0	0	0	1	0	0	0	0	0	0	0	0	0	1	6	0	0	64	0	88	44	34	0	7	0	0	0	0	40	0	0	1	2	0	0	0	0	1	0	0	0	0	36	0	0	9	0	0	0	9	1	0	0	121	0	8	0	2	0	0	0	1	0	0	3	76	0	0	0	1	1	0
2	1	0	0	0	0	0	3	0	0	0	0	0	0	0	0	0	0	4	99	0	5	23	80	8	0	0	0	0	0	0	0	1	0	0	0	0	0	0	3	0	0	0	0	0	1	0	0	0	0	0	1	0	0	121	0	22	0	1	6	1	0	0	0	0	0	0	5	0	7	0	0	0	0
0	4	30	0	0	0	1	0	0	134	0	0	0	7	29	0	1	2	61	166	0	0	3	0	0	1	0	0	0	0	14	0	0	3	0	0	0	0	0	2	0	13	0	0	3	1	0	100	0	0	0	2	44	0	0	22	0	51	138	49	0	5	0	0	0	6	6	0	0	49	0	1	32	2
64	41	0	0	12	11	0	44	0	4	0	0	19	0	1	2	19	1	6	22	0	4	0	3	0	4	0	0	0	0	4	0	56	64	33	0	0	0	0	59	0	75	0	21	3	10	0	0	0	0	0	23	4	0	8	0	51	0	302	192	0	1	0	0	0	0	93	68	0	22	0	0	23	6
0	0	2	0	0	0	0	91	0	3	0	0	6	0	0	0	0	0	18	15	0	2	2	0	0	0	0	0	0	0	7	0	17	12	79	0	0	0	0	0	0	184	0	0	2	2	146	1	0	0	0	2	0	0	0	1	138	302	0	386	2	15	0	0	0	0	216	0	0	208	0	0	3	0
3	135	4	0	11	0	0	278	0	0	0	0	15	0	0	0	17	0	19	22	0	12	11	0	0	1	0	0	0	0	2	0	89	105	34	0	0	0	0	224	0	11	0	0	0	49	0	0	0	0	0	0	0	0	2	6	49	192	386	0	0	0	0	109	0	0	105	26	0	50	0	5	0	0
0	7	0	0	0	0	0	0	0	0	122	0	0	97	0	0	1	0	0	7	0	0	0	0	0	0	0	0	0	0	0	0	1	0	0	7	0	0	0	0	5	0	0	0	0	0	0	1	0	0	0	1	0	0	0	1	0	0	2	0	0	86	0	0	0	0	0	0	0	0	0	7	14	0
0	1	1	0	117	0	0	0	0	1	148	0	0	208	29	13	0	0	0	0	0	0	0	0	0	0	1	0	0	0	4	0	29	3	0	0	0	0	0	0	0	69	0	0	0	0	5	4	0	0	0	0	0	0	0	0	5	1	15	0	86	0	0	1	0	1	0	7	0	0	0	18	54	4
0	0	0	0	0	0	0	0	0	0	0	0	0	0	0	0	0	0	0	0	0	0	0	0	0	0	0	0	0	0	0	0	0	0	0	0	0	0	0	0	0	0	0	0	0	0	0	0	0	0	0	0	0	0	0	0	0	0	0	0	0	0	0	0	0	0	0	0	0	0	0	0	0	0
0	88	0	0	100	0	0	5	0	0	18	0	0	40	0	37	0	0	0	0	0	0	0	0	0	0	0	0	0	0	34	0	0	72	0	0	0	0	0	1	0	0	0	0	0	0	13	0	0	0	0	0	0	0	1	0	0	0	0	109	0	1	0	0	0	0	0	0	5	0	0	0	158	0
0	0	0	0	0	0	0	0	0	0	0	0	0	0	0	0	0	0	0	0	0	0	0	0	0	0	0	0	0	0	0	0	0	0	0	0	0	0	0	0	0	0	0	0	0	0	0	0	0	0	0	0	0	0	0	0	0	0	0	0	0	0	0	0	0	0	0	0	0	0	0	0	0	0
0	0	3	0	0	0	0	0	0	99	0	0	0	7	110	0	0	0	0	2	0	0	0	0	0	0	114	0	0	0	0	0	0	0	0	9	0	0	0	0	0	0	0	0	0	0	0	124	0	0	0	0	0	0	0	0	6	0	0	0	0	1	0	0	0	0	0	0	0	0	0	0	0	0
21	1	0	0	0	0	0	0	0	0	0	0	0	0	0	0	69	0	0	5	0	27	0	0	0	11	0	0	0	0	20	0	1	0	43	0	0	0	0	0	0	0	0	0	0	0	0	0	0	0	2	103	0	0	3	0	6	93	216	105	0	0	0	0	0	0	0	0	0	0	0	1	0	0
134	0	0	0	0	0	0	0	0	4	0	0	0	0	2	0	10	0	0	1	0	24	0	26	0	2	0	0	0	0	7	0	2	0	18	0	0	0	0	0	0	0	0	0	0	0	0	1	0	0	0	5	0	0	76	5	0	68	0	26	0	7	0	0	0	0	0	0	0	0	0	0	0	0
0	0	0	0	4	0	0	0	0	0	12	0	0	0	0	0	0	0	0	0	0	0	0	0	0	0	0	0	0	0	0	0	0	0	0	2	0	0	0	0	0	4	0	0	0	0	0	0	0	0	0	0	0	0	0	0	0	0	0	0	0	0	0	5	0	0	0	0	0	0	0	0	4	0
12	0	0	0	0	0	0	7	0	124	0	0	8	0	11	0	0	0	2	116	0	5	0	0	0	5	0	0	0	0	16	0	1	0	0	0	0	0	0	0	0	0	0	0	0	0	0	113	0	0	0	1	0	0	0	7	49	22	208	50	0	0	0	0	0	0	0	0	0	0	0	0	0	0
0	0	0	0	0	0	0	0	0	0	0	0	0	0	0	0	0	0	0	0	0	0	0	0	0	0	0	0	0	0	0	0	0	0	0	0	0	0	0	0	0	0	0	0	0	0	0	0	0	0	0	0	0	0	0	0	0	0	0	0	0	0	0	0	0	0	0	0	0	0	0	0	0	0
1	3	4	0	0	0	0	3	0	0	16	0	0	21	1	1	0	0	0	0	0	0	0	0	0	1	0	0	0	0	4	0	3	3	0	12	0	0	0	3	0	1	0	8	0	0	0	0	0	0	0	0	0	0	1	0	1	0	0	5	7	18	0	0	0	0	1	0	0	0	0	0	23	0
0	73	24	0	95	0	0	0	0	13	153	0	0	8	2	8	2	9	0	0	0	0	0	0	0	10	0	0	0	0	0	0	1	89	0	15	0	0	0	2	0	23	0	2	2	0	0	0	0	0	0	0	0	0	1	0	32	23	3	0	14	54	0	158	0	0	0	0	4	0	0	23	0	5
0	0	0	0	0	0	0	0	0	0	0	0	1	0	0	0	0	0	0	0	0	1	0	0	0	0	0	0	0	0	4	0	0	0	0	0	0	0	0	0	0	0	0	0	0	0	0	0	0	0	1	0	0	0	0	0	2	6	0	0	0	4	0	0	0	0	0	0	0	0	0	0	5	0
