0	0	0	0	0	0	0	0	0	0	0	0	0	0	0	0	3	0	0	0	3	16	0	0	0	2	0	0	2	0	0	0	0	0	0	0	0	0	0	2	0	0	0	0	0	0	0	0	0	0	0	0	0	0	4	0	0	0	0	0	0	0	0	0	0	0	2	10	0	0	0	0	0	0
0	0	4	0	9	0	0	0	0	0	0	0	0	12	0	0	1	1	0	0	1	3	0	0	0	0	0	0	1	0	12	0	4	9	1	0	0	14	0	13	0	34	0	12	0	10	0	0	0	0	0	0	0	0	3	1	4	2	7	0	0	36	0	4	0	0	3	0	0	3	1	0	0	0
0	4	0	0	0	0	0	0	0	154	0	0	0	19	0	0	0	1	0	0	0	0	0	0	0	0	0	0	0	0	0	0	0	0	0	0	0	0	0	0	0	0	0	0	2	0	0	0	0	0	0	0	0	0	0	0	39	0	0	0	0	0	0	0	0	1	0	0	0	0	0	4	0	0
0	0	0	0	0	0	0	0	0	1	0	0	0	0	0	0	0	0	0	0	0	0	0	0	0	0	0	0	0	0	0	0	0	0	0	0	0	0	0	0	0	0	0	0	0	0	0	0	0	0	0	0	0	0	0	0	0	0	0	0	0	0	0	0	0	1	0	0	0	0	0	0	0	0
0	9	0	0	0	0	0	0	0	0	0	0	7	0	0	0	0	1	0	0	0	0	0	0	0	0	0	0	0	0	0	0	0	387	0	0	0	0	0	0	0	0	0	0	0	0	0	0	0	0	0	0	0	0	0	0	0	0	0	0	0	0	0	0	0	0	0	0	0	0	0	2	0	0
0	0	0	0	0	0	0	0	0	27	0	0	0	0	0	0	1	26	0	5	0	0	0	0	0	0	0	0	1	0	1	0	0	0	0	0	0	0	0	0	0	0	0	12	116	0	0	0	0	0	58	0	85	0	9	0	42	2	0	0	0	0	0	0	0	0	0	5	0	40	0	0	5	92
0	0	0	0	0	0	0	0	0	0	0	0	0	0	0	0	0	0	0	0	0	0	0	0	0	0	0	0	0	0	0	0	0	0	0	0	0	0	0	0	0	0	0	0	0	0	0	0	0	0	0	0	0	0	0	0	0	0	0	0	0	0	0	0	0	0	0	0	0	0	0	0	0	0
0	0	0	0	0	0	0	0	0	0	0	0	0	0	0	0	0	0	0	0	0	0	0	0	0	0	0	0	0	0	0	0	0	0	0	0	0	0	0	0	0	0	0	0	0	0	0	0	0	0	0	0	0	0	0	0	0	0	0	0	0	0	0	0	0	0	0	0	0	0	0	0	0	0
0	0	0	0	0	0	0	0	0	0	0	0	0	0	0	0	0	0	0	0	0	0	0	0	0	0	0	0	0	0	0	0	0	0	0	0	0	0	0	0	0	0	0	0	0	0	0	0	0	0	0	0	0	0	0	0	0	0	0	0	0	0	0	0	0	0	0	0	0	0	0	0	0	0
0	0	154	1	0	27	0	0	0	0	0	0	0	0	0	0	0	44	33	0	0	0	0	0	0	0	0	0	0	0	2	0	0	0	0	78	0	0	0	0	0	120	0	67	0	0	0	0	0	0	0	0	204	0	0	0	111	0	0	0	0	0	0	0	0	30	0	0	0	155	0	0	0	0
0	0	0	0	0	0	0	0	0	0	0	0	0	0	0	0	0	0	0	0	0	0	0	0	0	0	0	0	0	0	0	0	0	0	0	0	0	0	0	0	0	2	0	0	0	0	0	0	0	0	0	0	0	0	0	0	0	0	0	0	0	8	0	0	0	0	0	0	0	0	0	0	0	0
0	0	0	0	0	0	0	0	0	0	0	0	0	0	0	0	0	0	0	0	0	0	0	0	0	0	0	0	0	0	0	0	0	0	0	0	0	0	0	0	0	0	0	0	0	0	0	0	0	0	0	0	0	0	0	0	0	0	0	0	0	0	0	0	0	0	0	0	0	0	0	0	0	0
0	0	0	0	7	0	0	0	0	0	0	0	0	0	0	1	37	0	2	28	10	0	0	0	0	0	0	0	0	0	1	0	127	433	1	0	0	1	0	153	0	1	0	0	2	67	0	0	0	0	0	0	0	0	0	0	2	0	3	0	0	1	0	0	0	0	1	0	0	19	33	6	0	0
0	12	19	0	0	0	0	0	0	0	0	0	0	0	0	0	0	0	0	0	0	0	0	0	0	0	0	0	0	0	48	0	0	0	0	0	0	65	0	0	0	1	0	0	2	0	0	0	0	0	0	0	0	0	0	0	3	0	2	0	0	264	0	1	0	0	0	0	0	0	0	26	0	0
0	0	0	0	0	0	0	0	0	0	0	0	0	0	0	0	0	0	0	0	0	0	0	0	0	0	0	0	0	0	0	0	0	0	0	0	0	0	0	0	0	0	0	0	0	0	0	0	0	0	0	0	0	0	0	0	0	0	0	0	0	0	0	0	0	0	0	0	0	0	0	0	0	0
0	0	0	0	0	0	0	0	0	0	0	0	1	0	0	0	0	0	0	0	0	0	0	0	0	0	0	0	0	0	0	0	0	0	0	0	0	0	0	0	0	0	0	0	0	0	0	0	0	0	0	0	0	0	0	0	0	0	0	0	0	0	0	0	0	0	0	0	0	0	0	0	0	0
3	1	0	0	0	1	0	0	0	0	0	0	37	0	0	0	0	0	45	0	189	41	0	20	0	155	0	0	19	0	0	0	101	75	16	0	0	12	0	134	0	0	0	0	1	11	0	0	0	0	0	15	0	0	13	11	1	8	3	0	0	1	0	0	0	0	47	25	0	2	5	4	0	12
0	1	1	0	1	26	0	0	0	44	0	0	0	0	0	0	0	0	0	0	0	0	0	0	0	0	0	0	0	0	2	0	0	0	0	2	0	12	0	0	0	0	0	27	0	25	0	0	0	101	1	0	23	0	0	0	2	0	0	0	0	9	0	0	0	0	0	0	0	1	1	1	0	4
0	0	0	0	0	0	0	0	0	33	0	0	2	0	0	0	45	0	0	24	72	0	0	0	0	43	0	0	9	0	0	0	10	42	2	0	0	2	0	4	0	0	0	0	3	0	0	0	0	0	0	0	0	0	0	0	28	0	132	0	0	0	0	0	0	0	0	2	0	0	2	0	0	75
0	0	0	0	0	5	0	0	0	0	0	0	28	0	0	0	0	0	24	0	0	0	0	0	0	1	0	0	10	0	0	0	1	155	10	0	0	0	0	35	0	0	0	0	2	0	0	0	0	0	2	0	3	0	0	0	11	0	13	0	0	0	0	0	0	0	32	0	0	39	23	0	0	0
3	1	0	0	0	0	0	0	0	0	0	0	10	0	0	0	189	0	72	0	0	4	0	1	0	187	0	0	6	0	0	0	160	46	7	0	0	1	0	164	0	0	0	0	1	6	0	0	0	0	0	0	0	0	9	0	0	2	0	0	0	1	0	0	0	0	0	0	0	1	95	3	0	0
16	3	0	0	0	0	0	0	0	0	0	0	0	0	0	0	41	0	0	0	4	0	0	0	0	50	0	0	0	0	0	0	0	67	0	0	0	0	0	0	0	0	0	0	60	0	0	0	0	0	0	83	0	0	0	0	0	0	6	0	0	0	0	0	0	0	0	0	0	0	0	3	0	25
0	0	0	0	0	0	0	0	0	0	0	0	0	0	0	0	0	0	0	0	0	0	0	0	0	0	0	0	0	0	0	0	0	0	0	0	0	0	0	0	0	0	0	0	0	0	0	0	0	0	0	0	0	0	0	1	0	0	0	0	0	0	0	0	0	0	0	0	0	0	0	0	0	0
0	0	0	0	0	0	0	0	0	0	0	0	0	0	0	0	20	0	0	0	1	0	0	0	504	1	0	0	0	0	0	0	0	0	0	0	0	0	0	0	0	0	0	0	0	0	0	0	0	0	0	82	0	0	0	1	0	0	0	0	0	0	0	0	0	0	0	0	0	0	0	0	0	0
0	0	0	0	0	0	0	0	0	0	0	0	0	0	0	0	0	0	0	0	0	0	0	504	0	0	0	0	0	0	0	0	0	0	0	0	0	0	0	0	0	0	0	0	0	0	0	0	0	0	0	0	0	0	0	0	0	0	0	0	0	0	0	0	0	0	0	0	0	0	0	0	0	0
2	0	0	0	0	0	0	0	0	0	0	0	0	0	0	0	155	0	43	1	187	50	0	1	0	0	0	0	7	0	1	0	124	18	8	0	0	1	0	67	0	0	0	0	1	1	0	0	0	0	0	0	0	0	39	0	0	3	0	0	0	0	0	0	0	0	48	10	0	2	77	3	0	1
0	0	0	0	0	0	0	0	0	0	0	0	0	0	0	0	0	0	0	0	0	0	0	0	0	0	0	0	0	0	0	0	0	0	0	0	0	0	0	0	0	0	0	0	0	0	0	0	0	0	0	0	0	0	0	0	0	0	0	0	0	0	0	0	0	0	0	0	0	0	0	0	0	0
0	0	0	0	0	0	0	0	0	0	0	0	0	0	0	0	0	0	0	0	0	0	0	0	0	0	0	0	0	0	0	0	0	0	0	0	0	0	0	0	0	0	0	0	0	0	0	0	0	0	0	0	0	0	0	0	0	0	0	0	0	0	0	0	0	0	0	0	0	0	0	0	0	0
2	1	0	0	0	1	0	0	0	0	0	0	0	0	0	0	19	0	9	10	6	0	0	0	0	7	0	0	0	0	0	0	6	31	4	0	0	1	0	4	0	0	0	0	4	0	0	0	0	0	0	0	0	0	0	0	15	1	202	0	0	0	0	0	0	0	2	3	0	1	1	1	0	0
0	0	0	0	0	0	0	0	0	0	0	0	0	0	0	0	0	0	0	0	0	0	0	0	0	0	0	0	0	0	0	0	0	0	0	0	0	0	0	0	0	0	0	0	0	0	0	0	0	0	0	0	0	0	0	0	0	0	0	0	0	0	0	0	0	1	0	0	0	0	0	0	0	0
0	12	0	0	0	1	0	0	0	2	0	0	1	48	0	0	0	2	0	0	0	0	0	0	0	1	0	0	0	0	0	0	0	2	0	0	0	0	0	0	0	0	0	0	4	0	0	0	0	0	2	0	0	0	0	0	2	0	2	0	0	0	0	0	0	0	0	0	0	0	0	12	0	1
0	0	0	0	0	0	0	0	0	0	0	0	0	0	0	0	0	0	0	0	0	0	0	0	0	0	0	0	0	0	0	0	0	0	0	0	0	0	0	0	0	0	0	0	0	0	0	0	0	0	0	0	0	0	0	0	0	0	0	0	0	0	0	0	0	0	0	0	0	0	0	0	0	0
0	4	0	0	0	0	0	0	0	0	0	0	127	0	0	0	101	0	10	1	160	0	0	0	0	124	0	0	6	0	0	0	0	37	7	0	0	1	0	8	0	0	0	0	2	3	0	0	0	0	0	0	0	0	0	0	1	0	6	0	0	4	0	0	0	0	0	2	0	0	5	1	0	0
0	9	0	0	387	0	0	0	0	0	0	0	433	0	0	0	75	0	42	155	46	67	0	0	0	18	0	0	31	0	2	0	37	0	26	0	0	0	0	665	0	0	0	0	0	456	0	0	0	0	0	0	0	0	115	0	4	39	47	0	0	0	0	0	0	0	149	10	0	138	112	21	0	1
0	1	0	0	0	0	0	0	0	0	0	0	1	0	0	0	16	0	2	10	7	0	0	0	0	8	0	0	4	0	0	0	7	26	0	0	0	0	0	0	0	0	0	0	2	0	0	0	0	0	0	0	0	0	0	0	6	0	232	0	0	0	0	0	0	0	0	0	0	0	0	1	0	0
0	0	0	0	0	0	0	0	0	78	0	0	0	0	0	0	0	2	0	0	0	0	0	0	0	0	0	0	0	0	0	0	0	0	0	0	0	0	0	0	0	0	0	0	0	0	0	0	0	0	0	0	0	0	0	0	1	0	0	0	0	0	0	0	0	0	0	0	0	0	0	0	0	0
0	0	0	0	0	0	0	0	0	0	0	0	0	0	0	0	0	0	0	0	0	0	0	0	0	0	0	0	0	0	0	0	0	0	0	0	0	0	0	0	0	0	0	0	0	0	0	0	0	0	0	0	0	0	0	0	0	0	0	0	0	0	0	0	0	0	0	0	0	0	0	0	0	0
0	14	0	0	0	0	0	0	0	0	0	0	1	65	0	0	12	12	2	0	1	0	0	0	0	1	0	0	1	0	0	0	1	0	0	0	0	0	0	0	0	0	0	0	2	0	0	0	0	0	0	0	0	0	0	0	1	0	66	0	0	0	0	0	0	0	0	0	0	0	0	13	0	0
0	0	0	0	0	0	0	0	0	0	0	0	0	0	0	0	0	0	0	0	0	0	0	0	0	0	0	0	0	0	0	0	0	0	0	0	0	0	0	0	0	0	0	0	0	0	0	0	0	0	0	0	0	0	0	0	0	0	0	0	0	0	0	0	0	0	0	0	0	0	0	0	0	0
2	13	0	0	0	0	0	0	0	0	0	0	153	0	0	0	134	0	4	35	164	0	0	0	0	67	0	0	4	0	0	0	8	665	0	0	0	0	0	0	0	0	0	0	5	0	0	0	0	0	0	0	0	0	0	0	2	0	52	0	0	0	0	0	0	0	0	0	0	0	0	6	0	0
0	0	0	0	0	0	0	0	0	0	0	0	0	0	0	0	0	0	0	0	0	0	0	0	0	0	0	0	0	0	0	0	0	0	0	0	0	0	0	0	0	0	0	0	0	0	0	0	0	0	0	0	0	0	0	0	0	0	0	0	0	0	0	0	0	0	0	0	0	0	0	0	0	0
0	34	0	0	0	0	0	0	0	120	2	0	1	1	0	0	0	0	0	0	0	0	0	0	0	0	0	0	0	0	0	0	0	0	0	0	0	0	0	0	0	0	0	0	0	0	0	0	0	0	0	0	0	0	0	0	4	0	134	0	0	0	0	0	0	0	0	0	0	0	0	34	0	0
0	0	0	0	0	0	0	0	0	0	0	0	0	0	0	0	0	0	0	0	0	0	0	0	0	0	0	0	0	0	0	0	0	0	0	0	0	0	0	0	0	0	0	0	0	0	0	0	0	0	0	0	0	0	0	0	0	0	0	0	0	0	0	0	0	0	0	0	0	0	0	0	0	0
0	12	0	0	0	12	0	0	0	67	0	0	0	0	0	0	0	27	0	0	0	0	0	0	0	0	0	0	0	0	0	0	0	0	0	0	0	0	0	0	0	0	0	0	0	0	0	0	0	0	0	0	0	0	0	0	0	0	0	0	0	0	0	0	0	1	0	0	0	0	0	12	0	4
0	0	2	0	0	116	0	0	0	0	0	0	2	2	0	0	1	0	3	2	1	60	0	0	0	1	0	0	4	0	4	0	2	0	2	0	0	2	0	5	0	0	0	0	226	3	0	0	0	0	42	10	102	0	102	1	37	1	0	0	0	2	0	0	0	0	10	13	0	2	4	0	0	6
0	10	0	0	0	0	0	0	0	0	0	0	67	0	0	0	11	25	0	0	6	0	0	0	0	1	0	0	0	0	0	0	3	456	0	0	0	0	0	0	0	0	0	0	3	0	0	0	0	0	0	0	0	0	0	0	0	0	0	0	0	0	0	0	0	0	0	0	0	0	0	8	0	0
0	0	0	0	0	0	0	0	0	0	0	0	0	0	0	0	0	0	0	0	0	0	0	0	0	0	0	0	0	0	0	0	0	0	0	0	0	0	0	0	0	0	0	0	0	0	0	0	0	0	0	0	0	0	0	0	0	0	0	0	0	0	0	0	0	0	0	0	0	0	0	0	0	0
0	0	0	0	0	0	0	0	0	0	0	0	0	0	0	0	0	0	0	0	0	0	0	0	0	0	0	0	0	0	0	0	0	0	0	0	0	0	0	0	0	0	0	0	0	0	0	0	0	0	0	0	0	0	0	0	0	0	0	0	0	0	0	0	0	0	0	0	0	0	0	0	0	0
0	0	0	0	0	0	0	0	0	0	0	0	0	0	0	0	0	0	0	0	0	0	0	0	0	0	0	0	0	0	0	0	0	0	0	0	0	0	0	0	0	0	0	0	0	0	0	0	0	0	0	0	0	0	0	0	0	0	0	0	0	0	0	0	0	0	0	0	0	0	0	0	0	0
0	0	0	0	0	0	0	0	0	0	0	0	0	0	0	0	0	101	0	0	0	0	0	0	0	0	0	0	0	0	0	0	0	0	0	0	0	0	0	0	0	0	0	0	0	0	0	0	0	0	0	0	0	0	0	0	0	0	0	0	0	0	0	0	0	0	0	0	0	0	0	0	0	0
0	0	0	0	0	58	0	0	0	0	0	0	0	0	0	0	0	1	0	2	0	0	0	0	0	0	0	0	0	0	2	0	0	0	0	0	0	0	0	0	0	0	0	0	42	0	0	0	0	0	0	0	30	0	5	0	0	0	0	0	0	0	0	0	0	0	0	0	0	0	0	0	0	53
0	0	0	0	0	0	0	0	0	0	0	0	0	0	0	0	15	0	0	0	0	83	0	82	0	0	0	0	0	0	0	0	0	0	0	0	0	0	0	0	0	0	0	0	10	0	0	0	0	0	0	0	0	0	47	1	0	0	1	0	0	0	0	0	0	0	1	20	0	0	0	0	0	0
0	0	0	0	0	85	0	0	0	204	0	0	0	0	0	0	0	23	0	3	0	0	0	0	0	0	0	0	0	0	0	0	0	0	0	0	0	0	0	0	0	0	0	0	102	0	0	0	0	0	30	0	0	0	0	0	109	0	0	0	0	0	0	0	0	0	0	0	0	2	0	0	0	230
0	0	0	0	0	0	0	0	0	0	0	0	0	0	0	0	0	0	0	0	0	0	0	0	0	0	0	0	0	0	0	0	0	0	0	0	0	0	0	0	0	0	0	0	0	0	0	0	0	0	0	0	0	0	0	0	0	0	0	0	0	0	0	0	0	0	0	0	0	0	0	0	0	0
4	3	0	0	0	9	0	0	0	0	0	0	0	0	0	0	13	0	0	0	9	0	0	0	0	39	0	0	0	0	0	0	0	115	0	0	0	0	0	0	0	0	0	0	102	0	0	0	0	0	5	47	0	0	0	1	0	0	0	0	0	0	0	0	0	0	0	0	0	0	0	3	0	0
0	1	0	0	0	0	0	0	0	0	0	0	0	0	0	0	11	0	0	0	0	0	1	1	0	0	0	0	0	0	0	0	0	0	0	0	0	0	0	0	0	0	0	0	1	0	0	0	0	0	0	1	0	0	1	0	11	0	0	0	0	0	0	0	0	0	0	1	0	3	0	1	0	0
0	4	39	0	0	42	0	0	0	111	0	0	2	3	0	0	1	2	28	11	0	0	0	0	0	0	0	0	15	0	2	0	1	4	6	1	0	1	0	2	0	4	0	0	37	0	0	0	0	0	0	0	109	0	0	11	0	6	56	0	0	1	0	0	0	0	6	1	0	108	2	4	0	42
0	2	0	0	0	2	0	0	0	0	0	0	0	0	0	0	8	0	0	0	2	0	0	0	0	3	0	0	1	0	0	0	0	39	0	0	0	0	0	0	0	0	0	0	1	0	0	0	0	0	0	0	0	0	0	0	6	0	214	0	0	0	0	0	0	0	0	0	0	0	0	2	0	8
0	7	0	0	0	0	0	0	0	0	0	0	3	2	0	0	3	0	132	13	0	6	0	0	0	0	0	0	202	0	2	0	6	47	232	0	0	66	0	52	0	134	0	0	0	0	0	0	0	0	0	1	0	0	0	0	56	214	0	0	22	2	0	0	0	0	306	12	0	152	2	29	6	0
0	0	0	0	0	0	0	0	0	0	0	0	0	0	0	0	0	0	0	0	0	0	0	0	0	0	0	0	0	0	0	0	0	0	0	0	0	0	0	0	0	0	0	0	0	0	0	0	0	0	0	0	0	0	0	0	0	0	0	0	0	0	0	0	0	0	0	0	0	0	0	0	0	0
0	0	0	0	0	0	0	0	0	0	0	0	0	0	0	0	0	0	0	0	0	0	0	0	0	0	0	0	0	0	0	0	0	0	0	0	0	0	0	0	0	0	0	0	0	0	0	0	0	0	0	0	0	0	0	0	0	0	22	0	0	0	0	0	0	0	0	0	0	0	0	0	7	0
0	36	0	0	0	0	0	0	0	0	8	0	1	264	0	0	1	9	0	0	1	0	0	0	0	0	0	0	0	0	0	0	4	0	0	0	0	0	0	0	0	0	0	0	2	0	0	0	0	0	0	0	0	0	0	0	1	0	2	0	0	0	0	0	0	0	0	0	0	0	0	36	0	0
0	0	0	0	0	0	0	0	0	0	0	0	0	0	0	0	0	0	0	0	0	0	0	0	0	0	0	0	0	0	0	0	0	0	0	0	0	0	0	0	0	0	0	0	0	0	0	0	0	0	0	0	0	0	0	0	0	0	0	0	0	0	0	0	0	0	0	0	0	0	0	0	0	0
0	4	0	0	0	0	0	0	0	0	0	0	0	1	0	0	0	0	0	0	0	0	0	0	0	0	0	0	0	0	0	0	0	0	0	0	0	0	0	0	0	0	0	0	0	0	0	0	0	0	0	0	0	0	0	0	0	0	0	0	0	0	0	0	0	0	0	0	0	0	0	4	0	0
0	0	0	0	0	0	0	0	0	0	0	0	0	0	0	0	0	0	0	0	0	0	0	0	0	0	0	0	0	0	0	0	0	0	0	0	0	0	0	0	0	0	0	0	0	0	0	0	0	0	0	0	0	0	0	0	0	0	0	0	0	0	0	0	0	0	0	0	0	0	0	0	0	0
0	0	1	1	0	0	0	0	0	30	0	0	0	0	0	0	0	0	0	0	0	0	0	0	0	0	0	0	0	1	0	0	0	0	0	0	0	0	0	0	0	0	0	1	0	0	0	0	0	0	0	0	0	0	0	0	0	0	0	0	0	0	0	0	0	0	0	0	0	0	0	0	0	0
2	3	0	0	0	0	0	0	0	0	0	0	1	0	0	0	47	0	0	32	0	0	0	0	0	48	0	0	2	0	0	0	0	149	0	0	0	0	0	0	0	0	0	0	10	0	0	0	0	0	0	1	0	0	0	0	6	0	306	0	0	0	0	0	0	0	0	0	0	0	0	3	0	18
10	0	0	0	0	5	0	0	0	0	0	0	0	0	0	0	25	0	2	0	0	0	0	0	0	10	0	0	3	0	0	0	2	10	0	0	0	0	0	0	0	0	0	0	13	0	0	0	0	0	0	20	0	0	0	1	1	0	12	0	0	0	0	0	0	0	0	0	0	0	0	0	0	146
0	0	0	0	0	0	0	0	0	0	0	0	0	0	0	0	0	0	0	0	0	0	0	0	0	0	0	0	0	0	0	0	0	0	0	0	0	0	0	0	0	0	0	0	0	0	0	0	0	0	0	0	0	0	0	0	0	0	0	0	0	0	0	0	0	0	0	0	0	0	0	0	0	0
0	3	0	0	0	40	0	0	0	155	0	0	19	0	0	0	2	1	0	39	1	0	0	0	0	2	0	0	1	0	0	0	0	138	0	0	0	0	0	0	0	0	0	0	2	0	0	0	0	0	0	0	2	0	0	3	108	0	152	0	0	0	0	0	0	0	0	0	0	0	0	2	0	4
0	1	0	0	0	0	0	0	0	0	0	0	33	0	0	0	5	1	2	23	95	0	0	0	0	77	0	0	1	0	0	0	5	112	0	0	0	0	0	0	0	0	0	0	4	0	0	0	0	0	0	0	0	0	0	0	2	0	2	0	0	0	0	0	0	0	0	0	0	0	0	1	0	0
0	0	4	0	2	0	0	0	0	0	0	0	6	26	0	0	4	1	0	0	3	3	0	0	0	3	0	0	1	0	12	0	1	21	1	0	0	13	0	6	0	34	0	12	0	8	0	0	0	0	0	0	0	0	3	1	4	2	29	0	0	36	0	4	0	0	3	0	0	2	1	0	0	0
0	0	0	0	0	5	0	0	0	0	0	0	0	0	0	0	0	0	0	0	0	0	0	0	0	0	0	0	0	0	0	0	0	0	0	0	0	0	0	0	0	0	0	0	0	0	0	0	0	0	0	0	0	0	0	0	0	0	6	0	7	0	0	0	0	0	0	0	0	0	0	0	0	0
0	0	0	0	0	92	0	0	0	0	0	0	0	0	0	0	12	4	75	0	0	25	0	0	0	1	0	0	0	0	1	0	0	1	0	0	0	0	0	0	0	0	0	4	6	0	0	0	0	0	53	0	230	0	0	0	42	8	0	0	0	0	0	0	0	0	18	146	0	4	0	0	0	0
