0	0	0	0	0	65	23	0	0	0	0	0	0	1	0	0	46	0	18	0	0	159	0	0	0	0	0	0	0	0	0	0	9	0	98	0	0	0	0	8	1	0	0	0	0	0	0	0	0	0	0	0	20	0	121	1	0	109	2	1	0	0	0	0	0	0	13	110	0	0	1	2	0	0
0	2	4	0	160	3	2	25	0	0	0	0	358	13	1	33	9	0	5	49	3	0	2	0	0	2	2	0	0	0	0	0	67	35	11	3	0	0	0	267	4	5	0	1	0	83	9	0	0	0	0	0	0	0	0	0	30	19	32	307	0	17	0	53	0	0	2	5	0	0	121	4	207	0
0	4	0	0	0	0	0	1	0	0	0	0	0	28	79	0	0	0	0	1	1	0	0	0	0	0	80	0	0	0	0	0	1	0	1	0	0	0	0	0	43	15	0	0	0	0	0	73	0	0	0	0	0	0	0	0	14	0	22	3	0	36	0	15	0	60	0	0	0	0	0	3	1	0
0	0	0	0	0	0	0	0	0	0	0	0	0	0	0	0	0	1	0	0	0	0	0	0	0	0	0	0	0	0	0	0	0	0	0	0	0	0	0	0	0	0	0	0	0	0	0	0	0	0	0	0	0	0	0	0	0	0	0	0	0	0	0	0	0	0	0	0	0	0	3	0	0	0
0	160	0	0	0	0	0	0	0	0	0	0	74	32	0	0	0	1	0	0	0	0	0	0	0	0	1	0	0	0	0	0	0	0	0	0	0	0	0	0	7	27	0	0	0	0	0	7	0	0	0	0	0	0	0	0	0	2	0	0	0	165	0	74	0	0	0	0	0	0	0	2	116	0
65	3	0	0	0	0	0	0	0	0	0	0	1	0	0	0	206	0	6	12	140	9	0	0	0	53	0	0	0	0	0	0	13	0	17	0	0	0	0	0	2	0	0	0	2	0	0	0	0	0	1	0	0	0	2	1	0	5	0	0	0	0	0	0	0	0	0	0	0	0	0	3	0	0
23	2	0	0	0	0	0	0	0	0	0	0	1	0	1	0	30	2	0	1	0	1	0	0	0	1	0	0	0	0	0	0	0	0	6	0	0	0	0	0	108	1	0	0	0	0	0	1	0	0	0	0	0	0	0	0	0	0	0	0	0	0	0	0	0	2	0	0	0	0	0	2	1	0
0	25	1	0	0	0	0	0	0	0	0	0	107	0	0	0	16	0	24	173	177	0	0	0	0	0	0	0	0	0	0	0	112	1	9	0	0	0	0	148	0	0	0	0	0	0	0	0	0	0	0	0	0	0	0	22	1	5	38	197	0	0	0	0	0	0	0	0	0	0	9	3	0	0
0	0	0	0	0	0	0	0	0	0	0	0	0	0	0	0	0	0	0	0	0	0	0	0	0	0	0	0	0	0	0	0	0	0	0	0	0	0	0	0	0	0	0	0	0	0	0	0	0	2	0	0	0	0	0	0	0	0	0	0	0	0	0	0	0	0	0	0	0	0	0	0	0	0
0	0	0	0	0	0	0	0	0	0	0	0	0	0	0	0	0	0	0	0	0	0	0	0	0	0	0	0	0	0	0	0	0	0	0	0	0	0	0	0	0	0	0	0	0	0	0	0	0	0	0	0	0	0	0	0	0	0	0	0	0	0	0	0	0	0	0	0	0	0	0	0	0	0
0	0	0	0	0	0	0	0	0	0	0	0	0	0	0	0	0	0	0	75	0	0	0	0	0	0	0	0	0	0	0	0	0	0	0	0	0	0	0	0	0	0	0	0	0	0	0	0	0	0	0	0	0	0	0	0	24	0	0	0	0	0	0	0	0	54	0	0	0	0	0	4	0	0
0	0	0	0	0	0	0	0	0	0	0	0	0	0	0	0	0	0	0	0	0	0	0	0	0	0	0	0	0	0	0	0	0	0	0	0	0	0	0	0	0	0	0	0	0	0	0	0	0	0	0	0	0	0	0	0	0	0	0	0	0	0	0	0	0	0	0	0	0	0	0	0	0	0
0	358	0	0	74	1	1	107	0	0	0	0	0	0	0	3	17	0	47	32	4	0	0	0	0	0	0	0	0	0	0	0	97	15	14	0	0	0	0	180	1	0	0	0	0	63	0	0	0	0	0	0	0	0	1	5	0	9	20	195	0	1	0	0	0	0	1	0	0	0	66	2	2	0
1	13	28	0	32	0	0	0	0	0	0	0	0	0	7	0	0	0	0	1	0	0	0	0	0	1	2	0	0	0	0	0	1	0	0	4	0	0	0	0	8	131	0	2	0	0	34	0	0	0	0	0	0	0	1	10	0	1	16	0	0	307	0	0	0	8	0	0	0	0	1	28	1	0
0	1	79	0	0	0	1	0	0	0	0	0	0	7	0	0	0	33	1	0	0	1	0	0	0	0	75	0	0	0	2	0	0	0	0	114	0	0	0	0	132	157	0	199	0	0	1	244	0	0	0	0	3	0	0	0	120	1	1	1	0	8	0	0	0	122	0	0	0	0	0	3	0	0
0	33	0	0	0	0	0	0	0	0	0	0	3	0	0	0	0	1	0	0	0	0	0	0	0	0	0	0	0	0	0	0	0	0	0	0	0	0	0	0	0	2	0	0	0	0	0	0	0	0	11	0	0	0	0	0	0	0	0	0	0	30	0	30	0	0	0	0	0	0	0	0	9	0
46	9	0	0	0	206	30	16	0	0	0	0	17	0	0	0	0	0	45	4	209	12	0	0	0	10	0	0	0	0	0	0	92	16	17	0	0	0	0	185	2	0	0	0	0	6	0	1	0	0	1	0	55	0	43	3	3	27	4	12	0	0	0	0	0	0	45	24	0	0	10	5	1	1
0	0	0	1	1	0	2	0	0	0	0	0	0	0	33	1	0	0	0	0	0	0	0	0	0	0	0	0	0	0	6	0	0	0	0	4	0	0	0	0	11	13	0	45	0	0	0	0	0	124	0	0	35	0	0	0	6	1	0	0	0	7	0	2	0	0	0	0	0	0	0	0	1	1
18	5	0	0	0	6	0	24	0	0	0	0	47	0	1	0	45	0	0	42	72	2	0	0	0	15	0	0	0	0	0	0	51	0	39	0	0	0	0	6	5	0	0	0	0	0	0	0	0	0	2	0	4	0	2	3	2	6	2	43	0	0	0	0	0	0	0	4	0	0	1	0	0	2
0	49	1	0	0	12	1	173	0	0	75	0	32	1	0	0	4	0	42	0	175	0	0	0	0	7	0	0	0	0	0	0	100	11	17	0	0	0	0	190	2	2	0	0	0	15	0	0	0	0	0	0	1	0	2	28	30	7	24	89	0	0	0	0	0	10	1	14	0	0	21	2	0	0
0	3	1	0	0	140	0	177	0	0	0	0	4	0	0	0	209	0	72	175	0	4	0	0	0	105	0	0	0	0	0	0	166	19	28	1	0	0	0	146	0	0	0	0	22	2	0	0	0	0	1	0	4	0	14	18	0	4	0	0	0	0	0	0	0	0	2	51	0	0	0	4	0	2
159	0	0	0	0	9	1	0	0	0	0	0	0	0	1	0	12	0	2	0	4	0	7	0	0	0	0	0	0	0	0	0	5	1	113	1	0	0	0	1	1	0	0	1	0	5	1	0	0	0	0	0	59	0	196	0	0	149	1	1	0	0	0	0	0	0	106	109	0	0	0	1	0	14
0	2	0	0	0	0	0	0	0	0	0	0	0	0	0	0	0	0	0	0	0	7	0	0	0	0	0	0	0	0	0	0	1	0	0	0	0	0	0	0	0	0	0	0	0	0	0	0	0	0	0	0	0	0	95	7	0	2	0	4	0	0	0	0	0	0	0	0	0	0	0	0	19	0
0	0	0	0	0	0	0	0	0	0	0	0	0	0	0	0	0	0	0	0	0	0	0	0	194	0	0	0	0	0	7	0	0	0	0	0	0	0	0	0	0	0	0	0	0	0	0	0	0	0	0	0	0	0	8	8	12	0	0	0	0	0	0	0	0	0	0	0	0	0	0	0	0	0
0	0	0	0	0	0	0	0	0	0	0	0	0	0	0	0	0	0	0	0	0	0	0	194	0	0	0	0	0	0	0	0	0	0	0	0	0	0	0	0	0	0	0	0	0	0	0	0	0	0	0	0	0	0	0	0	0	0	0	0	0	0	0	0	0	0	0	0	0	0	0	0	0	0
0	2	0	0	0	53	1	0	0	0	0	0	0	1	0	0	10	0	15	7	105	0	0	0	0	0	0	0	0	0	0	0	54	1	12	0	0	0	0	49	3	0	0	0	0	0	0	1	0	0	0	0	10	0	0	1	1	1	3	1	0	22	0	0	0	0	4	38	0	0	0	3	0	0
0	2	80	0	1	0	0	0	0	0	0	0	0	2	75	0	0	0	0	0	0	0	0	0	0	0	0	0	0	0	0	0	0	0	0	100	0	0	0	0	230	4	0	5	0	0	4	218	0	0	0	0	0	0	0	0	0	0	1	1	0	12	0	0	0	173	0	0	0	0	0	16	0	0
0	0	0	0	0	0	0	0	0	0	0	0	0	0	0	0	0	0	0	0	0	0	0	0	0	0	0	0	0	0	0	0	0	0	0	0	0	0	0	0	0	0	0	0	0	0	0	0	0	0	0	0	0	0	0	0	0	0	0	0	0	0	0	0	0	0	0	0	0	0	0	0	0	0
0	0	0	0	0	0	0	0	0	0	0	0	0	0	0	0	0	0	0	0	0	0	0	0	0	0	0	0	0	0	0	0	0	0	0	0	0	0	0	0	0	0	0	0	0	0	0	0	0	0	0	0	0	0	0	0	0	0	0	0	0	0	0	0	0	0	0	0	0	0	0	0	0	0
0	0	0	0	0	0	0	0	0	0	0	0	0	0	0	0	0	0	0	0	0	0	0	0	0	0	0	0	0	0	0	0	0	0	0	0	0	0	0	0	0	0	0	0	0	0	0	0	0	0	0	0	0	0	0	0	0	0	0	0	0	0	0	0	0	0	0	0	0	0	0	0	0	0
0	0	0	0	0	0	0	0	0	0	0	0	0	0	2	0	0	6	0	0	0	0	0	7	0	0	0	0	0	0	0	0	0	0	0	0	0	0	0	0	0	0	0	21	0	0	0	0	0	0	0	0	54	0	21	0	47	0	0	0	0	0	0	0	0	0	0	0	0	0	0	0	0	48
0	0	0	0	0	0	0	0	0	0	0	0	0	0	0	0	0	0	0	0	0	0	0	0	0	0	0	0	0	0	0	0	0	0	0	0	0	0	0	0	0	0	0	0	0	0	0	0	0	0	0	0	0	0	0	0	0	0	0	0	0	0	0	0	0	0	0	0	0	0	0	0	0	0
9	67	1	0	0	13	0	112	0	0	0	0	97	1	0	0	92	0	51	100	166	5	1	0	0	54	0	0	0	0	0	0	0	1	137	0	0	0	0	53	0	0	0	0	0	0	0	0	0	0	0	0	0	0	0	37	0	6	0	84	0	2	0	0	0	0	0	21	0	0	1	6	0	0
0	35	0	0	0	0	0	1	0	0	0	0	15	0	0	0	16	0	0	11	19	1	0	0	0	1	0	0	0	0	0	0	1	0	0	0	0	0	0	0	0	0	0	0	0	0	0	0	0	0	0	0	0	0	0	1	0	11	14	44	0	0	0	0	0	0	0	0	0	0	0	0	16	0
98	11	1	0	0	17	6	9	0	0	0	0	14	0	0	0	17	0	39	17	28	113	0	0	0	12	0	0	0	0	0	0	137	0	0	0	0	0	0	159	1	0	0	0	0	3	0	0	0	0	0	0	1	0	2	4	7	164	130	46	0	0	0	0	0	0	124	129	0	0	33	4	0	0
0	3	0	0	0	0	0	0	0	0	0	0	0	4	114	0	0	4	0	0	1	1	0	0	0	0	100	0	0	0	0	0	0	0	0	0	0	0	0	0	129	1	0	0	0	0	0	62	0	0	0	0	0	0	0	0	1	0	0	0	0	17	0	0	0	95	0	0	0	0	0	3	0	0
0	0	0	0	0	0	0	0	0	0	0	0	0	0	0	0	0	0	0	0	0	0	0	0	0	0	0	0	0	0	0	0	0	0	0	0	0	0	0	0	0	0	0	0	0	0	0	0	0	0	0	0	0	0	0	0	0	0	0	0	0	0	0	0	0	0	0	0	0	0	0	0	0	0
0	0	0	0	0	0	0	0	0	0	0	0	0	0	0	0	0	0	0	0	0	0	0	0	0	0	0	0	0	0	0	0	0	0	0	0	0	0	0	0	0	0	0	0	0	0	0	0	0	0	0	0	0	0	0	0	0	0	0	0	0	0	0	0	0	0	0	0	0	0	0	0	0	0
0	0	0	0	0	0	0	0	0	0	0	0	0	0	0	0	0	0	0	0	0	0	0	0	0	0	0	0	0	0	0	0	0	0	0	0	0	0	0	0	0	0	0	0	0	0	0	0	0	0	0	0	0	0	0	0	0	0	0	0	0	0	0	0	0	0	0	0	0	0	0	0	0	0
8	267	0	0	0	0	0	148	0	0	0	0	180	0	0	0	185	0	6	190	146	1	0	0	0	49	0	0	0	0	0	0	53	0	159	0	0	0	0	0	1	0	0	0	0	0	0	0	0	0	0	0	0	0	2	2	0	13	0	259	0	0	0	0	0	0	0	0	0	0	3	4	0	0
1	4	43	0	7	2	108	0	0	0	0	0	1	8	132	0	2	11	5	2	0	1	0	0	0	3	230	0	0	0	0	0	0	0	1	129	0	0	0	1	0	0	0	131	0	0	0	173	0	0	0	0	3	0	0	0	2	0	0	1	0	130	0	0	0	197	0	12	0	0	0	21	1	0
0	5	15	0	27	0	1	0	0	0	0	0	0	131	157	2	0	13	0	2	0	0	0	0	0	0	4	0	0	0	0	0	0	0	0	1	0	0	0	0	0	0	0	41	0	0	0	4	0	0	0	0	0	0	0	0	6	1	113	15	0	74	0	0	0	0	0	0	0	0	0	7	1	0
0	0	0	0	0	0	0	0	0	0	0	0	0	0	0	0	0	0	0	0	0	0	0	0	0	0	0	0	0	0	0	0	0	0	0	0	0	0	0	0	0	0	0	0	0	0	0	0	0	0	0	0	0	0	0	0	0	0	0	0	0	0	0	0	0	0	0	0	0	0	0	0	0	0
0	1	0	0	0	0	0	0	0	0	0	0	0	2	199	0	0	45	0	0	0	1	0	0	0	0	5	0	0	0	21	0	0	0	0	0	0	0	0	0	131	41	0	0	0	0	0	136	0	0	4	0	0	0	0	0	20	46	0	0	0	0	0	0	0	0	0	0	0	0	0	1	0	0
0	0	0	0	0	2	0	0	0	0	0	0	0	0	0	0	0	0	0	0	22	0	0	0	0	0	0	0	0	0	0	0	0	0	0	0	0	0	0	0	0	0	0	0	0	0	0	0	0	0	0	0	0	0	1	0	0	0	0	0	0	0	0	0	0	0	0	0	0	0	0	0	0	0
0	83	0	0	0	0	0	0	0	0	0	0	63	0	0	0	6	0	0	15	2	5	0	0	0	0	0	0	0	0	0	0	0	0	3	0	0	0	0	0	0	0	0	0	0	0	0	0	0	0	0	0	0	0	0	0	1	7	4	63	0	1	0	0	0	0	0	0	0	0	0	1	63	0
0	9	0	0	0	0	0	0	0	0	0	0	0	34	1	0	0	0	0	0	0	1	0	0	0	0	4	0	0	0	0	0	0	0	0	0	0	0	0	0	0	0	0	0	0	0	0	2	0	0	0	0	0	0	0	0	0	2	0	1	0	10	0	17	0	0	0	0	0	0	0	9	0	0
0	0	73	0	7	0	1	0	0	0	0	0	0	0	244	0	1	0	0	0	0	0	0	0	0	1	218	0	0	0	0	0	0	0	0	62	0	0	0	0	173	4	0	136	0	0	2	0	0	0	1	0	39	0	0	0	123	0	0	0	0	0	0	0	0	109	0	1	0	0	0	0	0	0
0	0	0	0	0	0	0	0	0	0	0	0	0	0	0	0	0	0	0	0	0	0	0	0	0	0	0	0	0	0	0	0	0	0	0	0	0	0	0	0	0	0	0	0	0	0	0	0	0	0	0	0	0	0	0	0	0	0	0	0	0	0	0	0	0	0	0	0	0	0	0	0	0	0
0	0	0	0	0	0	0	0	2	0	0	0	0	0	0	0	0	124	0	0	0	0	0	0	0	0	0	0	0	0	0	0	0	0	0	0	0	0	0	0	0	0	0	0	0	0	0	0	0	0	0	0	0	0	0	0	0	1	0	0	0	0	0	0	0	0	0	0	0	0	0	0	0	0
0	0	0	0	0	1	0	0	0	0	0	0	0	0	0	11	1	0	2	0	1	0	0	0	0	0	0	0	0	0	0	0	0	0	0	0	0	0	0	0	0	0	0	4	0	0	0	1	0	0	0	0	0	0	0	0	3	0	0	2	0	0	0	0	0	0	0	0	0	0	1	0	0	0
0	0	0	0	0	0	0	0	0	0	0	0	0	0	0	0	0	0	0	0	0	0	0	0	0	0	0	0	0	0	0	0	0	0	0	0	0	0	0	0	0	0	0	0	0	0	0	0	0	0	0	0	0	0	0	0	0	0	0	0	0	0	0	0	0	0	0	0	0	0	0	0	0	0
20	0	0	0	0	0	0	0	0	0	0	0	0	0	3	0	55	35	4	1	4	59	0	0	0	10	0	0	0	0	54	0	0	0	1	0	0	0	0	0	3	0	0	0	0	0	0	39	0	0	0	0	0	0	68	0	74	15	0	0	0	0	0	0	0	0	0	0	0	0	0	0	0	0
0	0	0	0	0	0	0	0	0	0	0	0	0	0	0	0	0	0	0	0	0	0	0	0	0	0	0	0	0	0	0	0	0	0	0	0	0	0	0	0	0	0	0	0	0	0	0	0	0	0	0	0	0	0	0	0	0	0	0	0	0	0	0	0	0	0	0	0	0	0	0	0	0	0
121	0	0	0	0	2	0	0	0	0	0	0	1	1	0	0	43	0	2	2	14	196	95	8	0	0	0	0	0	0	21	0	0	0	2	0	0	0	0	2	0	0	0	0	1	0	0	0	0	0	0	0	68	0	0	115	1	0	0	0	0	0	0	0	0	0	0	106	0	0	0	1	0	0
1	0	0	0	0	1	0	22	0	0	0	0	5	10	0	0	3	0	3	28	18	0	7	8	0	1	0	0	0	0	0	0	37	1	4	0	0	0	0	2	0	0	0	0	0	0	0	0	0	0	0	0	0	0	115	0	56	0	40	44	0	0	0	0	0	0	0	3	0	0	0	0	0	0
0	30	14	0	0	0	0	1	0	0	24	0	0	0	120	0	3	6	2	30	0	0	0	12	0	1	0	0	0	0	47	0	0	0	7	1	0	0	0	0	2	6	0	20	0	1	0	123	0	0	3	0	74	0	1	56	0	25	16	53	0	27	0	0	0	17	0	9	0	0	0	4	0	4
109	19	0	0	2	5	0	5	0	0	0	0	9	1	1	0	27	1	6	7	4	149	2	0	0	1	0	0	0	0	0	0	6	11	164	0	0	0	0	13	0	1	0	46	0	7	2	0	0	1	0	0	15	0	0	0	25	0	78	157	0	9	0	0	0	0	81	76	0	0	85	5	3	53
2	32	22	0	0	0	0	38	0	0	0	0	20	16	1	0	4	0	2	24	0	1	0	0	0	3	1	0	0	0	0	0	0	14	130	0	0	0	0	0	0	113	0	0	0	4	0	0	0	0	0	0	0	0	0	40	16	78	0	321	0	0	0	0	0	0	40	0	0	0	2	3	0	0
1	307	3	0	0	0	0	197	0	0	0	0	195	0	1	0	12	0	43	89	0	1	4	0	0	1	1	0	0	0	0	0	84	44	46	0	0	0	0	259	1	15	0	0	0	63	1	0	0	0	2	0	0	0	0	44	53	157	321	0	0	0	0	17	0	0	70	36	0	0	119	7	0	0
0	0	0	0	0	0	0	0	0	0	0	0	0	0	0	0	0	0	0	0	0	0	0	0	0	0	0	0	0	0	0	0	0	0	0	0	0	0	0	0	0	0	0	0	0	0	0	0	0	0	0	0	0	0	0	0	0	0	0	0	0	0	0	0	0	0	0	0	0	0	0	0	0	0
0	17	36	0	165	0	0	0	0	0	0	0	1	307	8	30	0	7	0	0	0	0	0	0	0	22	12	0	0	0	0	0	2	0	0	17	0	0	0	0	130	74	0	0	0	1	10	0	0	0	0	0	0	0	0	0	27	9	0	0	0	0	0	1	0	0	1	13	0	0	0	53	17	0
0	0	0	0	0	0	0	0	0	0	0	0	0	0	0	0	0	0	0	0	0	0	0	0	0	0	0	0	0	0	0	0	0	0	0	0	0	0	0	0	0	0	0	0	0	0	0	0	0	0	0	0	0	0	0	0	0	0	0	0	0	0	0	0	0	0	0	0	0	0	0	0	0	0
0	53	15	0	74	0	0	0	0	0	0	0	0	0	0	30	0	2	0	0	0	0	0	0	0	0	0	0	0	0	0	0	0	0	0	0	0	0	0	0	0	0	0	0	0	0	17	0	0	0	0	0	0	0	0	0	0	0	0	17	0	1	0	0	0	0	0	4	0	0	0	0	102	0
0	0	0	0	0	0	0	0	0	0	0	0	0	0	0	0	0	0	0	0	0	0	0	0	0	0	0	0	0	0	0	0	0	0	0	0	0	0	0	0	0	0	0	0	0	0	0	0	0	0	0	0	0	0	0	0	0	0	0	0	0	0	0	0	0	0	0	0	0	0	0	0	0	0
0	0	60	0	0	0	2	0	0	0	54	0	0	8	122	0	0	0	0	10	0	0	0	0	0	0	173	0	0	0	0	0	0	0	0	95	0	0	0	0	197	0	0	0	0	0	0	109	0	0	0	0	0	0	0	0	17	0	0	0	0	0	0	0	0	0	0	0	0	0	0	3	0	0
13	2	0	0	0	0	0	0	0	0	0	0	1	0	0	0	45	0	0	1	2	106	0	0	0	4	0	0	0	0	0	0	0	0	124	0	0	0	0	0	0	0	0	0	0	0	0	0	0	0	0	0	0	0	0	0	0	81	40	70	0	1	0	0	0	0	0	0	0	0	2	2	0	0
110	5	0	0	0	0	0	0	0	0	0	0	0	0	0	0	24	0	4	14	51	109	0	0	0	38	0	0	0	0	0	0	21	0	129	0	0	0	0	0	12	0	0	0	0	0	0	1	0	0	0	0	0	0	106	3	9	76	0	36	0	13	0	4	0	0	0	0	0	0	0	0	3	0
0	0	0	0	0	0	0	0	0	0	0	0	0	0	0	0	0	0	0	0	0	0	0	0	0	0	0	0	0	0	0	0	0	0	0	0	0	0	0	0	0	0	0	0	0	0	0	0	0	0	0	0	0	0	0	0	0	0	0	0	0	0	0	0	0	0	0	0	0	0	0	0	0	0
0	0	0	0	0	0	0	0	0	0	0	0	0	0	0	0	0	0	0	0	0	0	0	0	0	0	0	0	0	0	0	0	0	0	0	0	0	0	0	0	0	0	0	0	0	0	0	0	0	0	0	0	0	0	0	0	0	0	0	0	0	0	0	0	0	0	0	0	0	0	0	0	0	0
1	121	0	3	0	0	0	9	0	0	0	0	66	1	0	0	10	0	1	21	0	0	0	0	0	0	0	0	0	0	0	0	1	0	33	0	0	0	0	3	0	0	0	0	0	0	0	0	0	0	1	0	0	0	0	0	0	85	2	119	0	0	0	0	0	0	2	0	0	0	0	6	0	0
2	4	3	0	2	3	2	3	0	0	4	0	2	28	3	0	5	0	0	2	4	1	0	0	0	3	16	0	0	0	0	0	6	0	4	3	0	0	0	4	21	7	0	1	0	1	9	0	0	0	0	0	0	0	1	0	4	5	3	7	0	53	0	0	0	3	2	0	0	0	6	0	3	0
0	207	1	0	116	0	1	0	0	0	0	0	2	1	0	9	1	1	0	0	0	0	19	0	0	0	0	0	0	0	0	0	0	16	0	0	0	0	0	0	1	1	0	0	0	63	0	0	0	0	0	0	0	0	0	0	0	3	0	0	0	17	0	102	0	0	0	3	0	0	0	3	0	0
0	0	0	0	0	0	0	0	0	0	0	0	0	0	0	0	1	1	2	0	2	14	0	0	0	0	0	0	0	0	48	0	0	0	0	0	0	0	0	0	0	0	0	0	0	0	0	0	0	0	0	0	0	0	0	0	4	53	0	0	0	0	0	0	0	0	0	0	0	0	0	0	0	0
