0	0	0	0	0	0	0	0	0	0	0	0	0	0	0	0	0	0	0	0	0	0	0	0	0	0	0	0	0	0	0	0	0	0	0	0	0	0	0	0	0	0	0	0	0	0	0	0	0	0	0	0	0	0	0	0	0	0	0	0	0	0	0	0	0	0	0	0	0	0	0	0	0	0
0	14	0	0	8	0	0	0	0	3	0	0	35	0	0	0	0	1	8	0	1	0	0	0	1	2	0	0	0	0	0	0	0	26	0	0	0	0	0	7	0	0	0	0	0	0	1	1	0	0	0	0	0	0	0	0	0	0	0	30	0	0	0	31	0	0	0	0	3	0	8	7	3	0
0	0	0	0	0	0	0	0	0	23	0	0	0	51	0	0	0	21	0	0	0	0	0	0	0	1	58	0	0	0	0	0	1	0	2	0	0	0	0	0	0	0	0	0	0	0	0	12	0	0	0	0	0	0	0	0	18	0	0	0	0	50	0	20	0	80	0	0	0	0	0	0	1	0
0	0	0	0	0	0	0	0	0	1	0	0	0	0	0	0	0	1	0	0	0	0	0	0	1	0	92	0	0	0	0	0	0	0	0	7	0	0	0	0	0	0	0	0	0	0	0	4	0	0	0	0	0	0	0	0	0	0	0	0	0	0	0	0	0	199	0	0	0	0	0	0	1	0
0	8	0	0	0	0	0	0	0	2	0	0	5	18	0	0	0	27	0	0	0	0	0	0	1	0	3	0	0	0	0	0	1	4	2	4	0	0	0	0	0	0	0	0	0	0	0	4	0	0	0	7	0	0	0	0	0	0	0	5	0	196	0	56	0	1	2	0	1	0	0	8	6	0
0	0	0	0	0	0	0	0	0	66	0	0	0	0	0	0	0	0	0	1	0	0	0	0	55	0	0	0	0	0	1	0	0	0	0	0	0	0	0	0	0	0	0	6	0	0	0	14	0	0	0	0	0	0	0	0	34	0	0	0	0	0	0	0	0	0	0	0	0	0	0	0	0	59
0	0	0	0	0	0	0	0	0	0	0	0	0	0	0	0	0	0	0	0	0	0	0	0	0	0	0	0	0	0	0	0	0	0	0	0	0	0	0	0	0	0	0	0	0	0	0	0	0	0	0	0	0	0	0	0	0	0	0	0	0	0	0	0	0	0	0	0	0	0	0	0	0	0
0	0	0	0	0	0	0	0	0	0	0	0	8	0	0	0	0	0	0	0	2	0	0	0	0	0	0	0	0	0	0	0	2	0	0	0	0	0	0	0	0	0	0	0	0	0	0	0	0	0	0	0	0	0	0	0	2	0	0	2	0	0	0	0	0	0	0	0	0	0	0	0	0	0
0	0	0	0	0	0	0	0	0	0	0	0	0	20	0	0	0	0	0	0	0	0	0	0	0	0	0	0	0	0	0	0	0	0	0	0	0	0	0	0	0	0	0	0	0	0	0	0	0	0	0	0	0	0	0	0	1	0	0	0	0	0	0	0	0	0	0	0	0	0	0	0	0	0
0	3	23	1	2	66	0	0	0	0	0	0	1	2	0	0	0	5	1	0	0	0	0	0	0	0	58	0	0	0	1	0	3	0	0	56	0	0	0	0	0	63	0	78	0	0	1	72	0	0	0	0	63	0	0	0	41	0	0	0	0	3	0	0	0	167	3	14	0	0	3	4	0	0
0	0	0	0	0	0	0	0	0	0	0	0	0	0	0	0	0	0	0	0	0	0	0	0	0	0	0	0	0	0	0	0	0	0	0	0	0	0	0	0	0	0	0	0	0	0	0	0	0	0	0	0	0	0	0	0	0	0	0	0	0	0	0	0	0	0	0	0	0	0	0	0	0	0
0	0	0	0	0	0	0	0	0	0	0	0	0	0	0	0	0	0	0	0	0	0	0	0	0	0	0	0	0	0	0	0	0	0	0	0	0	0	0	0	0	0	0	0	0	0	0	0	0	0	0	0	0	0	0	0	0	0	0	0	0	0	0	0	0	0	0	0	0	0	0	0	0	0
0	35	0	0	5	0	0	8	0	1	0	0	0	0	0	8	0	5	14	0	10	4	0	0	0	0	0	0	0	0	0	0	10	12	10	4	0	0	0	26	0	6	0	0	0	0	1	0	0	0	0	1	0	0	0	0	0	1	6	11	0	2	0	0	0	0	10	0	2	0	17	7	0	0
0	0	51	0	18	0	0	0	20	2	0	0	0	0	4	1	0	3	0	0	0	0	0	0	0	0	6	0	0	0	0	0	1	0	0	2	0	0	0	0	0	51	0	0	0	0	26	5	0	0	0	0	0	0	0	0	1	0	0	0	0	246	0	41	0	0	0	0	19	0	0	0	47	0
0	0	0	0	0	0	0	0	0	0	0	0	0	4	0	0	0	3	0	0	0	0	0	0	0	0	0	0	0	0	0	0	0	0	0	0	0	0	0	0	0	1	0	0	0	0	0	0	0	0	0	0	0	0	0	0	0	0	0	0	0	0	0	0	0	0	0	0	0	0	0	0	2	0
0	0	0	0	0	0	0	0	0	0	0	0	8	1	0	0	0	7	0	0	0	1	0	0	0	0	0	0	0	0	0	0	0	1	2	4	0	0	0	0	0	0	0	0	0	0	0	0	0	0	0	0	0	0	0	0	0	1	0	0	0	15	0	12	0	0	5	0	0	0	0	0	7	0
0	0	0	0	0	0	0	0	0	0	0	0	0	0	0	0	0	0	0	0	0	0	0	0	0	0	0	0	0	0	0	0	0	0	0	0	0	0	0	0	0	0	0	0	0	0	0	0	0	0	0	0	0	0	0	0	0	0	0	0	0	0	0	0	0	0	0	0	0	0	0	0	0	0
0	1	21	1	27	0	0	0	0	5	0	0	5	3	3	7	0	0	0	0	0	4	0	0	0	0	0	0	0	0	0	0	12	2	3	8	0	0	0	0	0	16	0	21	0	0	5	25	0	127	0	0	2	0	0	0	0	21	2	3	3	59	0	0	0	1	15	0	3	0	0	9	16	0
0	8	0	0	0	0	0	0	0	1	0	0	14	0	0	0	0	0	0	5	0	10	0	0	0	10	12	0	0	0	1	0	2	16	4	0	0	0	0	2	0	0	0	0	0	0	0	11	0	0	0	24	0	0	0	2	30	82	14	16	0	0	0	0	0	0	2	0	0	0	4	6	0	0
0	0	0	0	0	1	0	0	0	0	0	0	0	0	0	0	0	0	5	0	0	0	0	1	0	0	0	0	0	0	0	0	0	0	1	0	0	0	0	1	0	0	0	0	0	0	0	0	0	0	0	1	1	0	0	0	30	0	0	1	0	0	0	0	0	0	0	0	0	0	1	0	0	0
0	1	0	0	0	0	0	2	0	0	0	0	10	0	0	0	0	0	0	0	0	2	0	0	1	162	0	0	0	0	0	0	80	41	33	0	0	0	0	131	0	0	0	0	10	0	0	0	0	0	0	144	20	0	26	9	0	2	8	17	0	0	0	0	0	0	0	24	0	0	13	0	1	21
0	0	0	0	0	0	0	0	0	0	0	0	4	0	0	1	0	4	10	0	2	0	0	0	80	4	0	0	0	0	1	0	2	3	2	2	0	0	0	0	0	1	0	0	0	0	0	0	0	0	0	98	0	0	0	1	0	17	0	6	0	0	0	0	0	0	4	10	0	0	0	0	0	0
0	0	0	0	0	0	0	0	0	0	0	0	0	0	0	0	0	0	0	0	0	0	0	0	0	0	0	0	0	0	0	0	0	0	0	0	0	0	0	0	0	0	0	0	0	0	0	0	0	0	0	0	0	0	0	0	0	0	0	0	0	0	0	0	0	0	0	0	0	0	0	0	0	0
0	0	0	0	0	0	0	0	0	0	0	0	0	0	0	0	0	0	0	1	0	0	0	0	81	0	0	0	0	0	0	0	0	0	0	0	0	0	0	0	0	0	0	0	0	0	0	0	0	0	0	0	0	0	0	0	0	0	0	0	0	0	0	0	0	0	0	0	0	0	0	0	0	0
0	1	0	1	1	55	0	0	0	0	0	0	0	0	0	0	0	0	0	0	1	80	0	81	0	0	0	0	0	0	0	0	1	1	12	0	0	0	0	0	0	0	0	0	0	0	0	0	0	0	0	1	59	0	79	79	16	9	0	0	0	0	0	0	0	0	0	80	0	0	0	1	0	3
0	2	1	0	0	0	0	0	0	0	0	0	0	0	0	0	0	0	10	0	162	4	0	0	0	0	1	0	0	0	0	0	81	26	11	0	0	0	0	88	0	0	0	0	22	0	0	0	0	0	0	98	16	0	3	10	0	11	1	7	0	0	0	0	0	0	12	11	0	0	10	0	0	16
0	0	58	92	3	0	0	0	0	58	0	0	0	6	0	0	0	0	12	0	0	0	0	0	0	1	0	0	0	0	0	0	0	0	0	77	0	0	0	0	0	2	0	1	0	0	5	87	0	0	0	0	0	0	0	0	0	0	1	0	0	1	0	1	0	284	0	0	3	0	0	0	0	0
0	0	0	0	0	0	0	0	0	0	0	0	0	0	0	0	0	0	0	0	0	0	0	0	0	0	0	0	0	0	0	0	0	0	0	0	0	0	0	0	0	0	0	0	0	0	0	0	0	0	0	0	0	0	0	0	0	0	0	0	0	0	0	0	0	0	0	0	0	0	0	0	0	0
0	0	0	0	0	0	0	0	0	0	0	0	0	0	0	0	0	0	0	0	0	0	0	0	0	0	0	0	0	0	0	0	0	0	0	0	0	0	0	0	0	0	0	0	0	0	0	0	0	0	0	0	0	0	0	0	0	0	0	0	0	0	0	0	0	0	0	0	0	0	0	0	0	0
0	0	0	0	0	0	0	0	0	0	0	0	0	0	0	0	0	0	0	0	0	0	0	0	0	0	0	0	0	0	0	0	0	0	0	0	0	0	0	0	0	0	0	0	0	0	0	0	0	0	0	0	0	0	0	0	0	0	0	0	0	0	0	0	0	0	0	0	0	0	0	0	0	0
0	0	0	0	0	1	0	0	0	1	0	0	0	0	0	0	0	0	1	0	0	1	0	0	0	0	0	0	0	0	0	0	0	0	0	0	0	0	0	0	0	0	0	1	0	0	0	0	0	0	0	0	1	0	0	0	0	0	0	0	0	0	0	0	0	0	1	0	0	0	0	0	0	0
0	0	0	0	0	0	0	0	0	0	0	0	0	0	0	0	0	0	0	0	0	0	0	0	0	0	0	0	0	0	0	0	0	0	0	0	0	0	0	0	0	0	0	0	0	0	0	0	0	0	0	0	0	0	0	0	0	0	0	0	0	0	0	0	0	0	0	0	0	0	0	0	0	0
0	0	1	0	1	0	0	2	0	3	0	0	10	1	0	0	0	12	2	0	80	2	0	0	1	81	0	0	0	0	0	0	0	1	8	6	0	0	0	2	0	2	0	0	0	0	0	0	0	0	0	96	1	0	3	3	0	0	1	0	0	12	0	0	0	0	7	0	0	0	0	0	3	2
0	26	0	0	4	0	0	0	0	0	0	0	12	0	0	1	0	2	16	0	41	3	0	0	1	26	0	0	0	0	0	0	1	0	22	0	0	0	0	21	0	2	0	0	6	0	0	1	0	0	0	100	14	0	10	1	0	92	18	46	0	1	0	5	0	0	16	7	0	0	12	7	0	6
0	0	2	0	2	0	0	0	0	0	0	0	10	0	0	2	0	3	4	1	33	2	0	0	12	11	0	0	0	0	0	0	8	22	0	0	0	0	0	16	0	2	0	0	0	0	1	0	0	0	0	187	11	0	10	14	0	80	24	32	3	3	0	0	0	0	4	5	0	0	3	2	0	1
0	0	0	7	4	0	0	0	0	56	0	0	4	2	0	4	0	8	0	0	0	2	0	0	0	0	77	0	0	0	0	0	6	0	0	0	0	0	0	0	0	5	0	21	0	0	1	9	0	0	0	0	0	0	0	0	1	0	0	0	0	11	0	0	0	194	4	0	2	0	0	0	12	0
0	0	0	0	0	0	0	0	0	0	0	0	0	0	0	0	0	0	0	0	0	0	0	0	0	0	0	0	0	0	0	0	0	0	0	0	0	0	0	0	0	0	0	0	0	0	0	0	0	0	0	0	0	0	0	0	0	0	0	0	0	0	0	0	0	0	0	0	0	0	0	0	0	0
0	0	0	0	0	0	0	0	0	0	0	0	0	0	0	0	0	0	0	0	0	0	0	0	0	0	0	0	0	0	0	0	0	0	0	0	0	0	0	0	0	0	0	0	0	0	0	0	0	0	0	0	0	0	0	0	0	0	0	0	0	0	0	0	0	0	0	0	0	0	0	0	0	0
0	0	0	0	0	0	0	0	0	0	0	0	0	0	0	0	0	0	0	0	0	0	0	0	0	0	0	0	0	0	0	0	0	0	0	0	0	0	0	0	0	0	0	0	0	0	0	0	0	0	0	0	0	0	0	0	0	0	0	0	0	0	0	0	0	0	0	0	0	0	0	0	0	0
0	7	0	0	0	0	0	0	0	0	0	0	26	0	0	0	0	0	2	1	131	0	0	0	0	88	0	0	0	0	0	0	2	21	16	0	0	0	0	0	0	0	0	0	0	0	0	0	0	0	0	83	0	0	2	3	0	7	2	36	0	1	0	0	0	0	0	0	0	0	4	7	0	2
0	0	0	0	0	0	0	0	0	0	0	0	0	0	0	0	0	0	0	0	0	0	0	0	0	0	0	0	0	0	0	0	0	0	0	0	0	0	0	0	0	0	0	0	0	0	0	0	0	0	0	0	0	0	0	0	0	0	0	0	0	0	0	0	0	0	0	0	0	0	0	0	0	0
0	0	0	0	0	0	0	0	0	63	0	0	6	51	1	0	0	16	0	0	0	1	0	0	0	0	2	0	0	0	0	0	2	2	2	5	0	0	0	0	0	0	0	10	0	0	0	2	0	0	0	0	0	0	0	0	9	46	10	0	0	188	0	1	0	0	4	0	2	0	0	0	11	0
0	0	0	0	0	0	0	0	0	0	0	0	0	0	0	0	0	0	0	0	0	0	0	0	0	0	0	0	0	0	0	0	0	0	0	0	0	0	0	0	0	0	0	0	0	0	0	0	0	0	0	0	0	0	0	0	0	0	0	0	0	0	0	0	0	0	0	0	0	0	0	0	0	0
0	0	0	0	0	6	0	0	0	78	0	0	0	0	0	0	0	21	0	0	0	0	0	0	0	0	1	0	0	0	1	0	0	0	0	21	0	0	0	0	0	10	0	0	0	0	0	21	0	0	0	0	10	0	0	0	3	1	0	0	0	0	0	0	0	107	1	0	0	0	0	0	1	1
0	0	0	0	0	0	0	0	0	0	0	0	0	0	0	0	0	0	0	0	10	0	0	0	0	22	0	0	0	0	0	0	0	6	0	0	0	0	0	0	0	0	0	0	0	0	0	0	0	0	0	8	0	0	0	0	0	0	0	0	0	0	0	0	0	0	0	0	0	0	0	0	0	3
0	0	0	0	0	0	0	0	0	0	0	0	0	0	0	0	0	0	0	0	0	0	0	0	0	0	0	0	0	0	0	0	0	0	0	0	0	0	0	0	0	0	0	0	0	0	0	0	0	0	0	2	0	0	0	0	0	0	0	0	0	0	0	0	0	0	0	0	0	0	0	0	0	0
0	1	0	0	0	0	0	0	0	1	0	0	1	26	0	0	0	5	0	0	0	0	0	0	0	0	5	0	0	0	0	0	0	0	1	1	0	0	0	0	0	0	0	0	0	0	0	4	0	0	0	0	0	0	0	0	1	2	10	1	0	8	0	0	0	0	0	0	1	0	0	1	2	0
0	1	12	4	4	14	0	0	0	72	0	0	0	5	0	0	0	25	11	0	0	0	0	0	0	0	87	0	0	0	0	0	0	1	0	9	0	0	0	0	0	2	0	21	0	0	4	0	0	0	0	4	4	0	0	0	41	1	0	1	0	6	0	1	0	171	0	0	0	0	0	8	10	0
0	0	0	0	0	0	0	0	0	0	0	0	0	0	0	0	0	0	0	0	0	0	0	0	0	0	0	0	0	0	0	0	0	0	0	0	0	0	0	0	0	0	0	0	0	0	0	0	0	0	0	0	0	0	0	0	0	0	0	0	0	0	0	0	0	0	0	0	0	0	0	0	0	0
0	0	0	0	0	0	0	0	0	0	0	0	0	0	0	0	0	127	0	0	0	0	0	0	0	0	0	0	0	0	0	0	0	0	0	0	0	0	0	0	0	0	0	0	0	0	0	0	0	0	0	0	0	0	0	0	0	0	0	0	0	0	0	1	0	0	0	0	0	0	0	0	0	0
0	0	0	0	0	0	0	0	0	0	0	0	0	0	0	0	0	0	0	0	0	0	0	0	0	0	0	0	0	0	0	0	0	0	0	0	0	0	0	0	0	0	0	0	0	0	0	0	0	0	0	0	0	0	0	0	0	0	0	0	0	0	0	0	0	0	0	0	0	0	0	0	0	0
0	0	0	0	7	0	0	0	0	0	0	0	1	0	0	0	0	0	24	1	144	98	0	0	1	98	0	0	0	0	0	0	96	100	187	0	0	0	0	83	0	0	0	0	8	2	0	4	0	0	0	0	58	0	47	14	1	36	0	14	0	7	0	0	0	0	96	22	0	0	49	3	0	41
0	0	0	0	0	0	0	0	0	63	0	0	0	0	0	0	0	2	0	1	20	0	0	0	59	16	0	0	0	0	1	0	1	14	11	0	0	0	0	0	0	0	0	10	0	0	0	4	0	0	0	58	0	0	1	0	41	9	0	3	0	1	0	0	0	0	0	0	0	0	0	0	0	66
0	0	0	0	0	0	0	0	0	0	0	0	0	0	0	0	0	0	0	0	0	0	0	0	0	0	0	0	0	0	0	0	0	0	0	0	0	0	0	0	0	0	0	0	0	0	0	0	0	0	0	0	0	0	0	0	0	0	0	0	0	0	0	0	0	0	0	0	0	0	0	0	0	0
0	0	0	0	0	0	0	0	0	0	0	0	0	0	0	0	0	0	0	0	26	0	0	0	79	3	0	0	0	0	0	0	3	10	10	0	0	0	0	2	0	0	0	0	0	0	0	0	0	0	0	47	1	0	0	0	0	2	0	0	0	2	0	0	0	0	1	0	0	0	1	0	0	2
0	0	0	0	0	0	0	0	0	0	0	0	0	0	0	0	0	0	2	0	9	1	0	0	79	10	0	0	0	0	0	0	3	1	14	0	0	0	0	3	0	0	0	0	0	0	0	0	0	0	0	14	0	0	0	0	5	0	0	6	0	0	0	0	0	0	0	0	0	0	1	0	0	0
0	0	18	0	0	34	0	2	1	41	0	0	0	1	0	0	0	0	30	30	0	0	0	0	16	0	0	0	0	0	0	0	0	0	0	1	0	0	0	0	0	9	0	3	0	0	1	41	0	0	0	1	41	0	0	5	0	0	18	0	0	0	0	0	0	19	0	1	0	0	0	0	0	19
0	0	0	0	0	0	0	0	0	0	0	0	1	0	0	1	0	21	82	0	2	17	0	0	9	11	0	0	0	0	0	0	0	92	80	0	0	0	0	7	0	46	0	1	0	0	2	1	0	0	0	36	9	0	2	0	0	0	87	2	0	62	0	2	0	0	83	68	1	0	82	0	0	38
0	0	0	0	0	0	0	0	0	0	0	0	6	0	0	0	0	2	14	0	8	0	0	0	0	1	1	0	0	0	0	0	1	18	24	0	0	0	0	2	0	10	0	0	0	0	10	0	0	0	0	0	0	0	0	0	18	87	0	62	0	1	0	0	0	0	26	4	0	0	27	0	3	0
0	30	0	0	5	0	0	2	0	0	0	0	11	0	0	0	0	3	16	1	17	6	0	0	0	7	0	0	0	0	0	0	0	46	32	0	0	0	0	36	0	0	0	0	0	0	1	1	0	0	0	14	3	0	0	6	0	2	62	0	0	0	0	0	0	0	0	0	1	0	17	8	0	1
0	0	0	0	0	0	0	0	0	0	0	0	0	0	0	0	0	3	0	0	0	0	0	0	0	0	0	0	0	0	0	0	0	0	3	0	0	0	0	0	0	0	0	0	0	0	0	0	0	0	0	0	0	0	0	0	0	0	0	0	0	0	0	0	0	0	1	0	0	0	0	0	1	0
0	0	50	0	196	0	0	0	0	3	0	0	2	246	0	15	0	59	0	0	0	0	0	0	0	0	1	0	0	0	0	0	12	1	3	11	0	0	0	1	0	188	0	0	0	0	8	6	0	0	0	7	1	0	2	0	0	62	1	0	0	0	0	2	0	2	2	0	51	0	0	1	2	0
0	0	0	0	0	0	0	0	0	0	0	0	0	0	0	0	0	0	0	0	0	0	0	0	0	0	0	0	0	0	0	0	0	0	0	0	0	0	0	0	0	0	0	0	0	0	0	0	0	0	0	0	0	0	0	0	0	0	0	0	0	0	0	0	0	0	0	0	0	0	0	0	0	0
0	31	20	0	56	0	0	0	0	0	0	0	0	41	0	12	0	0	0	0	0	0	0	0	0	0	1	0	0	0	0	0	0	5	0	0	0	0	0	0	0	1	0	0	0	0	0	1	0	1	0	0	0	0	0	0	0	2	0	0	0	2	0	0	0	0	0	0	31	0	0	24	0	0
0	0	0	0	0	0	0	0	0	0	0	0	0	0	0	0	0	0	0	0	0	0	0	0	0	0	0	0	0	0	0	0	0	0	0	0	0	0	0	0	0	0	0	0	0	0	0	0	0	0	0	0	0	0	0	0	0	0	0	0	0	0	0	0	0	0	0	0	0	0	0	0	0	0
0	0	80	199	1	0	0	0	0	167	0	0	0	0	0	0	0	1	0	0	0	0	0	0	0	0	284	0	0	0	0	0	0	0	0	194	0	0	0	0	0	0	0	107	0	0	0	171	0	0	0	0	0	0	0	0	19	0	0	0	0	2	0	0	0	0	0	0	0	0	0	0	0	0
0	0	0	0	2	0	0	0	0	3	0	0	10	0	0	5	0	15	2	0	0	4	0	0	0	12	0	0	0	0	1	0	7	16	4	4	0	0	0	0	0	4	0	1	0	0	0	0	0	0	0	96	0	0	1	0	0	83	26	0	1	2	0	0	0	0	0	0	1	0	1	0	0	62
0	0	0	0	0	0	0	0	0	14	0	0	0	0	0	0	0	0	0	0	24	10	0	0	80	11	0	0	0	0	0	0	0	7	5	0	0	0	0	0	0	0	0	0	0	0	0	0	0	0	0	22	0	0	0	0	1	68	4	0	0	0	0	0	0	0	0	0	0	0	0	0	0	66
0	3	0	0	1	0	0	0	0	0	0	0	2	19	0	0	0	3	0	0	0	0	0	0	0	0	3	0	0	0	0	0	0	0	0	2	0	0	0	0	0	2	0	0	0	0	1	0	0	0	0	0	0	0	0	0	0	1	0	1	0	51	0	31	0	0	1	0	0	0	0	3	0	0
0	0	0	0	0	0	0	0	0	0	0	0	0	0	0	0	0	0	0	0	0	0	0	0	0	0	0	0	0	0	0	0	0	0	0	0	0	0	0	0	0	0	0	0	0	0	0	0	0	0	0	0	0	0	0	0	0	0	0	0	0	0	0	0	0	0	0	0	0	0	0	0	0	0
0	8	0	0	0	0	0	0	0	3	0	0	17	0	0	0	0	0	4	1	13	0	0	0	0	10	0	0	0	0	0	0	0	12	3	0	0	0	0	4	0	0	0	0	0	0	0	0	0	0	0	49	0	0	1	1	0	82	27	17	0	0	0	0	0	0	1	0	0	0	0	6	0	1
0	7	0	0	8	0	0	0	0	4	0	0	7	0	0	0	0	9	6	0	0	0	0	0	1	0	0	0	0	0	0	0	0	7	2	0	0	0	0	7	0	0	0	0	0	0	1	8	0	0	0	3	0	0	0	0	0	0	0	8	0	1	0	24	0	0	0	0	3	0	6	0	1	0
0	3	1	1	6	0	0	0	0	0	0	0	0	47	2	7	0	16	0	0	1	0	0	0	0	0	0	0	0	0	0	0	3	0	0	12	0	0	0	0	0	11	0	1	0	0	2	10	0	0	0	0	0	0	0	0	0	0	3	0	1	2	0	0	0	0	0	0	0	0	0	1	0	0
0	0	0	0	0	59	0	0	0	0	0	0	0	0	0	0	0	0	0	0	21	0	0	0	3	16	0	0	0	0	0	0	2	6	1	0	0	0	0	2	0	0	0	1	3	0	0	0	0	0	0	41	66	0	2	0	19	38	0	1	0	0	0	0	0	0	62	66	0	0	1	0	0	0
