0	0	0	0	3	0	0	0	0	3	0	0	0	0	0	0	13	0	6	0	3	134	0	0	0	0	0	0	9	0	10	0	0	0	8	0	0	0	0	0	0	0	2	0	0	0	0	0	0	0	5	0	0	0	150	29	0	8	0	0	0	0	0	0	0	0	97	0	0	0	0	0	0	7
0	0	1	1	210	0	0	0	3	0	0	0	0	0	0	7	6	0	65	0	1	1	0	0	0	1	0	0	21	0	0	0	12	0	29	2	0	0	9	160	0	0	211	0	0	26	0	0	0	0	0	0	0	0	2	0	16	29	51	0	0	2	0	0	0	0	1	8	0	16	2	66	133	0
0	1	0	0	7	0	0	0	19	132	0	0	0	44	26	0	3	18	1	0	4	0	0	0	0	0	151	0	1	84	0	0	1	0	7	35	0	0	3	2	63	0	11	20	0	0	9	0	0	0	0	0	0	0	0	0	143	32	48	0	2	35	0	19	0	0	0	0	0	113	0	12	4	0
0	1	0	0	0	0	0	0	0	0	0	0	0	2	0	0	0	0	0	0	0	0	0	0	0	1	0	0	0	0	1	0	0	0	0	0	0	0	0	0	0	0	0	0	0	0	0	0	0	0	1	0	0	0	0	0	1	0	0	0	0	3	0	0	0	0	0	0	0	0	0	0	0	0
3	210	7	0	0	0	1	0	14	8	0	0	0	4	2	0	9	1	0	0	6	0	0	0	0	1	0	0	1	0	1	0	0	0	0	4	0	0	0	1	0	0	0	0	0	1	0	0	0	0	0	0	0	0	5	0	2	32	0	0	0	55	0	1	0	0	0	0	0	1	0	1	138	0
0	0	0	0	0	0	0	0	0	0	0	0	0	0	0	0	0	0	0	0	0	0	0	0	0	0	0	0	0	0	0	0	0	0	0	0	0	0	0	0	0	0	0	0	0	0	0	0	0	0	0	0	0	0	0	0	0	0	0	0	0	0	0	0	0	0	0	0	0	0	0	0	0	0
0	0	0	0	1	0	0	0	0	0	0	0	0	1	0	0	2	0	0	0	0	0	0	0	0	0	0	0	2	129	0	0	0	0	0	1	0	0	0	0	0	0	0	1	0	0	0	0	0	0	0	0	0	0	0	0	1	1	0	0	0	0	0	0	0	0	0	0	0	0	0	0	2	0
0	0	0	0	0	0	0	0	0	0	0	0	0	0	0	0	0	0	0	0	0	0	0	0	0	0	0	0	0	0	0	0	0	0	0	0	0	0	0	0	0	0	0	0	0	0	0	0	0	0	0	0	0	0	0	0	0	0	0	0	0	0	0	0	0	0	0	0	0	0	0	0	0	0
0	3	19	0	14	0	0	0	0	0	0	0	0	3	0	0	0	13	1	0	6	0	0	0	0	0	0	0	6	1	0	0	3	0	5	17	0	0	3	7	0	0	2	2	0	0	1	0	0	0	0	3	0	0	0	0	15	21	2	0	8	39	0	7	0	0	0	0	0	7	6	8	4	0
3	0	132	0	8	0	0	0	0	0	0	0	0	1	38	0	0	1	55	15	9	0	0	0	0	0	0	0	0	1	7	0	0	0	0	8	0	0	0	0	27	0	0	62	0	0	1	0	0	0	1	0	58	0	0	2	118	9	3	0	0	28	0	0	0	0	0	0	0	70	0	5	1	0
0	0	0	0	0	0	0	0	0	0	0	0	0	0	0	0	0	0	0	0	0	0	0	0	0	0	0	0	0	0	0	0	0	0	0	0	0	0	0	0	0	0	0	0	0	0	0	0	0	0	0	0	0	0	0	0	0	0	0	0	0	0	0	0	0	0	0	0	0	0	0	0	0	0
0	0	0	0	0	0	0	0	0	0	0	0	0	0	0	0	0	0	0	0	0	0	0	0	0	0	0	0	0	0	0	0	0	0	0	0	0	0	0	0	0	0	0	0	0	0	0	0	0	0	0	0	0	0	0	0	0	0	0	0	0	0	0	0	0	0	0	0	0	0	0	0	0	0
0	0	0	0	0	0	0	0	0	0	0	0	0	0	0	0	0	0	0	0	0	0	0	0	0	0	0	0	0	0	0	0	0	0	0	0	0	0	0	0	0	0	0	0	0	0	0	0	0	0	0	0	0	0	0	0	0	0	0	0	0	0	0	0	0	0	0	0	0	0	0	0	0	0
0	0	44	2	4	0	1	0	3	1	0	0	0	0	6	0	2	5	1	0	5	0	0	0	0	0	0	0	0	1	0	0	2	0	0	43	0	0	0	5	4	0	7	15	0	0	29	0	0	0	0	0	0	0	3	0	13	16	11	0	8	72	0	9	0	0	0	0	0	5	0	10	0	0
0	0	26	0	2	0	0	0	0	38	0	0	0	6	0	0	3	18	55	6	0	0	0	0	0	2	13	0	0	0	1	0	0	0	2	87	0	0	0	1	19	0	51	86	0	0	6	0	0	0	0	0	71	0	0	0	26	15	7	0	0	0	0	2	0	0	0	0	0	35	3	9	0	1
0	7	0	0	0	0	0	0	0	0	0	0	0	0	0	0	0	0	0	0	0	0	0	0	0	0	0	0	0	0	0	0	0	0	0	0	0	0	0	0	0	0	0	0	0	0	0	0	0	0	0	0	0	0	0	0	0	0	0	0	0	0	0	0	0	0	0	0	0	0	0	0	7	0
13	6	3	0	9	0	2	0	0	0	0	0	0	2	3	0	0	0	5	2	154	40	0	0	0	193	0	0	12	1	1	0	5	0	60	1	0	0	115	94	13	0	2	1	0	0	4	0	0	0	0	30	1	0	33	9	3	22	2	0	0	0	0	0	0	0	25	44	0	12	48	9	16	2
0	0	18	0	1	0	0	0	13	1	0	0	0	5	18	0	0	0	0	0	0	0	0	0	0	0	0	0	0	0	1	0	9	0	1	25	0	0	0	0	3	0	1	15	0	0	0	0	0	64	1	0	5	0	0	0	14	19	0	0	6	36	0	0	0	0	1	0	0	10	0	14	1	0
6	65	1	0	0	0	0	0	1	55	0	0	0	1	55	0	5	0	0	9	10	5	0	0	0	5	0	0	21	0	11	0	5	0	10	1	0	0	0	0	0	0	41	0	0	0	0	0	0	0	0	9	1	0	0	0	57	71	80	0	0	2	0	0	0	0	0	0	0	7	0	0	0	0
0	0	0	0	0	0	0	0	0	15	0	0	0	0	6	0	2	0	9	0	0	0	0	0	0	0	0	0	0	0	34	0	0	0	0	0	0	0	0	0	0	0	4	0	0	0	0	0	0	0	0	0	15	0	117	30	65	1	6	0	0	0	0	0	0	0	0	1	0	19	1	1	0	1
3	1	4	0	6	0	0	0	6	9	0	0	0	5	0	0	154	0	10	0	0	15	0	0	0	146	0	0	51	0	24	0	5	0	38	1	0	0	188	129	1	0	1	1	0	1	1	0	0	0	0	35	0	0	21	0	7	6	1	0	0	1	0	0	0	0	0	7	0	7	99	7	3	0
134	1	0	0	0	0	0	0	0	0	0	0	0	0	0	0	40	0	5	0	15	0	0	0	0	16	0	0	20	0	36	0	1	0	3	1	0	0	4	1	0	0	9	0	0	0	0	0	0	0	1	2	1	0	129	0	0	12	0	0	0	0	0	0	0	0	41	16	0	0	0	0	0	12
0	0	0	0	0	0	0	0	0	0	0	0	0	0	0	0	0	0	0	0	0	0	0	0	0	0	0	0	0	0	0	0	0	0	0	0	0	0	0	0	0	0	0	0	0	0	0	0	0	0	0	0	0	0	0	0	0	0	0	0	0	0	0	0	0	0	0	0	0	0	0	0	0	0
0	0	0	0	0	0	0	0	0	0	0	0	0	0	0	0	0	0	0	0	0	0	0	0	178	0	0	0	0	0	0	0	0	0	0	0	0	0	0	0	0	0	0	0	0	0	0	0	0	0	0	0	0	0	0	0	0	0	0	0	0	0	0	0	0	0	0	0	0	0	0	0	0	0
0	0	0	0	0	0	0	0	0	0	0	0	0	0	0	0	0	0	0	0	0	0	0	178	0	0	0	0	0	0	0	0	0	0	0	0	0	0	0	0	0	0	0	0	0	0	0	0	0	0	0	0	0	0	0	0	0	0	0	0	0	0	0	0	0	0	0	0	0	0	0	0	0	0
0	1	0	1	1	0	0	0	0	0	0	0	0	0	2	0	193	0	5	0	146	16	0	0	0	0	0	0	38	0	2	0	4	0	50	1	0	0	157	131	1	0	12	0	0	3	1	0	0	0	0	15	0	0	10	0	6	20	2	0	0	1	0	0	0	0	37	43	0	12	110	7	0	11
0	0	151	0	0	0	0	0	0	0	0	0	0	0	13	0	0	0	0	0	0	0	0	0	0	0	0	0	0	262	0	0	0	0	0	17	0	0	0	0	82	0	4	1	0	0	8	0	0	0	0	0	0	0	1	0	3	0	0	0	0	1	0	9	0	0	0	0	0	2	0	2	0	0
0	0	0	0	0	0	0	0	0	0	0	0	0	0	0	0	0	0	0	0	0	0	0	0	0	0	0	0	0	0	0	0	0	0	0	0	0	0	0	0	0	0	0	0	0	0	0	0	0	0	0	0	0	0	0	0	0	0	0	0	0	0	0	0	0	0	0	0	0	0	0	0	0	0
9	21	1	0	1	0	2	0	6	0	0	0	0	0	0	0	12	0	21	0	51	20	0	0	0	38	0	0	0	1	9	0	10	0	28	0	0	0	22	15	2	0	52	3	0	0	0	0	0	0	0	9	0	0	2	0	10	69	112	0	0	0	0	0	0	0	17	4	0	0	5	0	0	0
0	0	84	0	0	0	129	0	1	1	0	0	0	1	0	0	1	0	0	0	0	0	0	0	0	0	262	0	1	0	0	0	0	0	0	93	0	0	0	0	231	0	0	4	0	0	1	0	0	0	0	0	0	0	2	0	4	0	0	0	0	0	0	0	0	0	0	0	0	0	0	1	0	0
10	0	0	1	1	0	0	0	0	7	0	0	0	0	1	0	1	1	11	34	24	36	0	0	0	2	0	0	9	0	0	0	1	0	10	4	0	0	7	8	0	0	1	3	0	0	0	0	0	0	77	0	47	0	4	0	3	44	3	0	0	0	0	0	0	0	42	0	0	6	1	2	0	18
0	0	0	0	0	0	0	0	0	0	0	0	0	0	0	0	0	0	0	0	0	0	0	0	0	0	0	0	0	0	0	0	0	0	0	0	0	0	0	0	0	0	0	0	0	0	0	0	0	0	0	0	0	0	0	0	0	0	0	0	0	0	0	0	0	0	0	0	0	0	0	0	0	0
0	12	1	0	0	0	0	0	3	0	0	0	0	2	0	0	5	9	5	0	5	1	0	0	0	4	0	0	10	0	1	0	0	0	9	9	0	0	1	6	0	0	5	1	0	0	0	0	0	0	0	1	0	0	0	1	7	8	8	0	0	32	0	0	0	0	4	2	0	7	1	6	1	4
0	0	0	0	0	0	0	0	0	0	0	0	0	0	0	0	0	0	0	0	0	0	0	0	0	0	0	0	0	0	0	0	0	0	0	0	0	0	0	0	0	0	0	0	0	0	0	0	0	0	0	0	0	0	0	0	0	0	0	0	0	0	0	0	0	0	0	0	0	0	0	0	0	0
8	29	7	0	0	0	0	0	5	0	0	0	0	0	2	0	60	1	10	0	38	3	0	0	0	50	0	0	28	0	10	0	9	0	0	0	0	0	13	33	0	0	48	0	0	0	0	0	0	0	0	13	0	0	5	3	2	93	65	0	0	2	0	0	0	0	9	3	0	7	5	6	4	0
0	2	35	0	4	0	1	0	17	8	0	0	0	43	87	0	1	25	1	0	1	1	0	0	0	1	17	0	0	93	4	0	9	0	0	0	0	0	0	0	2	0	0	5	0	0	0	0	0	0	0	0	0	0	0	0	8	18	0	0	1	46	0	0	0	0	1	0	0	2	0	10	0	0
0	0	0	0	0	0	0	0	0	0	0	0	0	0	0	0	0	0	0	0	0	0	0	0	0	0	0	0	0	0	0	0	0	0	0	0	0	0	0	0	0	0	0	0	0	0	0	0	0	0	0	0	0	0	0	0	0	0	0	0	0	0	0	0	0	0	0	0	0	0	0	0	0	0
0	0	0	0	0	0	0	0	0	0	0	0	0	0	0	0	0	0	0	0	0	0	0	0	0	0	0	0	0	0	0	0	0	0	0	0	0	0	0	0	0	0	0	0	0	0	0	0	0	0	0	0	0	0	0	0	0	0	0	0	0	0	0	0	0	0	0	0	0	0	0	0	0	0
0	9	3	0	0	0	0	0	3	0	0	0	0	0	0	0	115	0	0	0	188	4	0	0	0	157	0	0	22	0	7	0	1	0	13	0	0	0	0	17	1	0	1	0	0	0	0	0	0	0	1	18	1	0	10	0	0	7	7	0	0	0	0	0	0	0	1	0	0	3	22	2	0	0
0	160	2	0	1	0	0	0	7	0	0	0	0	5	1	0	94	0	0	0	129	1	0	0	0	131	0	0	15	0	8	0	6	0	33	0	0	0	17	0	0	0	41	0	0	0	0	0	0	0	0	18	0	0	4	0	0	10	52	0	0	0	0	0	0	0	0	0	0	3	1	0	0	0
0	0	63	0	0	0	0	0	0	27	0	0	0	4	19	0	13	3	0	0	1	0	0	0	0	1	82	0	2	231	0	0	0	0	0	2	0	0	1	0	0	0	0	6	0	0	0	0	0	0	0	0	0	0	0	0	0	2	0	0	0	0	0	0	0	0	0	0	0	0	0	0	3	0
0	0	0	0	0	0	0	0	0	0	0	0	0	0	0	0	0	0	0	0	0	0	0	0	0	0	0	0	0	0	0	0	0	0	0	0	0	0	0	0	0	0	0	0	0	0	0	0	0	0	0	0	0	0	0	0	0	0	0	0	0	0	0	0	0	0	0	0	0	0	0	0	0	0
2	211	11	0	0	0	0	0	2	0	0	0	0	7	51	0	2	1	41	4	1	9	0	0	0	12	4	0	52	0	1	0	5	0	48	0	0	0	1	41	0	0	0	0	0	0	19	0	0	0	0	0	0	0	1	0	40	90	257	0	0	0	0	0	0	0	43	0	0	8	0	16	0	0
0	0	20	0	0	0	1	0	2	62	0	0	0	15	86	0	1	15	0	0	1	0	0	0	0	0	1	0	3	4	3	0	1	0	0	5	0	0	0	0	6	0	0	0	0	0	0	0	0	0	1	0	7	0	5	0	52	89	0	0	0	4	0	0	0	0	0	0	0	0	0	1	0	1
0	0	0	0	0	0	0	0	0	0	0	0	0	0	0	0	0	0	0	0	0	0	0	0	0	0	0	0	0	0	0	0	0	0	0	0	0	0	0	0	0	0	0	0	0	0	0	0	0	0	0	0	0	0	0	0	0	0	0	0	0	0	0	0	0	0	0	0	0	0	0	0	0	0
0	26	0	0	1	0	0	0	0	0	0	0	0	0	0	0	0	0	0	0	1	0	0	0	0	3	0	0	0	0	0	0	0	0	0	0	0	0	0	0	0	0	0	0	0	0	0	0	0	0	0	0	0	0	0	0	0	0	0	0	0	0	0	0	0	0	0	0	0	0	0	0	22	0
0	0	9	0	0	0	0	0	1	1	0	0	0	29	6	0	4	0	0	0	1	0	0	0	0	1	8	0	0	1	0	0	0	0	0	0	0	0	0	0	0	0	19	0	0	0	0	0	0	0	0	0	0	0	0	0	0	4	112	0	0	1	0	0	0	0	0	0	0	0	0	0	1	0
0	0	0	0	0	0	0	0	0	0	0	0	0	0	0	0	0	0	0	0	0	0	0	0	0	0	0	0	0	0	0	0	0	0	0	0	0	0	0	0	0	0	0	0	0	0	0	0	0	0	0	0	0	0	0	0	0	0	0	0	0	0	0	0	0	0	0	0	0	0	0	0	0	0
0	0	0	0	0	0	0	0	0	0	0	0	0	0	0	0	0	0	0	0	0	0	0	0	0	0	0	0	0	0	0	0	0	0	0	0	0	0	0	0	0	0	0	0	0	0	0	0	0	0	0	0	0	0	0	0	0	0	0	0	0	0	0	0	0	0	0	0	0	0	0	0	0	0
0	0	0	0	0	0	0	0	0	0	0	0	0	0	0	0	0	64	0	0	0	0	0	0	0	0	0	0	0	0	0	0	0	0	0	0	0	0	0	0	0	0	0	0	0	0	0	0	0	0	0	0	0	0	0	0	0	0	0	0	0	0	0	0	0	0	0	0	0	0	0	0	0	0
5	0	0	1	0	0	0	0	0	1	0	0	0	0	0	0	0	1	0	0	0	1	0	0	0	0	0	0	0	0	77	0	0	0	0	0	0	0	1	0	0	0	0	1	0	0	0	0	0	0	0	0	5	0	0	0	0	7	2	0	0	0	0	0	0	0	0	0	0	0	0	0	0	1
0	0	0	0	0	0	0	0	3	0	0	0	0	0	0	0	30	0	9	0	35	2	0	0	0	15	0	0	9	0	0	0	1	0	13	0	0	0	18	18	0	0	0	0	0	0	0	0	0	0	0	0	0	0	12	0	0	0	0	0	0	0	0	0	0	0	15	17	0	2	0	3	0	1
0	0	0	0	0	0	0	0	0	58	0	0	0	0	71	0	1	5	1	15	0	1	0	0	0	0	0	0	0	0	47	0	0	0	0	0	0	0	1	0	0	0	0	7	0	0	0	0	0	0	5	0	0	0	30	1	59	23	10	0	0	0	0	0	0	0	0	0	0	12	0	0	0	2
0	0	0	0	0	0	0	0	0	0	0	0	0	0	0	0	0	0	0	0	0	0	0	0	0	0	0	0	0	0	0	0	0	0	0	0	0	0	0	0	0	0	0	0	0	0	0	0	0	0	0	0	0	0	0	0	0	0	0	0	0	0	0	0	0	0	0	0	0	0	0	0	0	0
150	2	0	0	5	0	0	0	0	0	0	0	0	3	0	0	33	0	0	117	21	129	0	0	0	10	1	0	2	2	4	0	0	0	5	0	0	0	10	4	0	0	1	5	0	0	0	0	0	0	0	12	30	0	0	116	2	3	7	0	0	5	0	0	0	0	18	2	0	1	0	4	1	0
29	0	0	0	0	0	0	0	0	2	0	0	0	0	0	0	9	0	0	30	0	0	0	0	0	0	0	0	0	0	0	0	1	0	3	0	0	0	0	0	0	0	0	0	0	0	0	0	0	0	0	0	1	0	116	0	31	0	1	0	0	0	0	0	0	0	0	0	0	18	0	0	0	0
0	16	143	1	2	0	1	0	15	118	0	0	0	13	26	0	3	14	57	65	7	0	0	0	0	6	3	0	10	4	3	0	7	0	2	8	0	0	0	0	0	0	40	52	0	0	0	0	0	0	0	0	59	0	2	31	0	18	54	0	0	21	0	0	0	0	3	0	0	67	0	4	25	3
8	29	32	0	32	0	1	0	21	9	0	0	0	16	15	0	22	19	71	1	6	12	0	0	0	20	0	0	69	0	44	0	8	0	93	18	0	0	7	10	2	0	90	89	0	0	4	0	0	0	7	0	23	0	3	0	18	0	138	0	0	36	0	1	0	0	98	0	0	8	4	54	52	59
0	51	48	0	0	0	0	0	2	3	0	0	0	11	7	0	2	0	80	6	1	0	0	0	0	2	0	0	112	0	3	0	8	0	65	0	0	0	7	52	0	0	257	0	0	0	112	0	0	0	2	0	10	0	7	1	54	138	0	0	0	0	0	100	0	0	218	0	0	73	6	40	0	0
0	0	0	0	0	0	0	0	0	0	0	0	0	0	0	0	0	0	0	0	0	0	0	0	0	0	0	0	0	0	0	0	0	0	0	0	0	0	0	0	0	0	0	0	0	0	0	0	0	0	0	0	0	0	0	0	0	0	0	0	0	0	0	0	0	0	0	0	0	0	0	0	0	0
0	0	2	0	0	0	0	0	8	0	0	0	0	8	0	0	0	6	0	0	0	0	0	0	0	0	0	0	0	0	0	0	0	0	0	1	0	0	0	0	0	0	0	0	0	0	0	0	0	0	0	0	0	0	0	0	0	0	0	0	0	8	0	0	0	0	0	0	0	0	0	0	0	0
0	2	35	3	55	0	0	0	39	28	0	0	0	72	0	0	0	36	2	0	1	0	0	0	0	1	1	0	0	0	0	0	32	0	2	46	0	0	0	0	0	0	0	4	0	0	1	0	0	0	0	0	0	0	5	0	21	36	0	0	8	0	0	0	0	0	0	0	0	11	0	21	39	10
0	0	0	0	0	0	0	0	0	0	0	0	0	0	0	0	0	0	0	0	0	0	0	0	0	0	0	0	0	0	0	0	0	0	0	0	0	0	0	0	0	0	0	0	0	0	0	0	0	0	0	0	0	0	0	0	0	0	0	0	0	0	0	0	0	0	0	0	0	0	0	0	0	0
0	0	19	0	1	0	0	0	7	0	0	0	0	9	2	0	0	0	0	0	0	0	0	0	0	0	9	0	0	0	0	0	0	0	0	0	0	0	0	0	0	0	0	0	0	0	0	0	0	0	0	0	0	0	0	0	0	1	100	0	0	0	0	0	0	0	0	0	0	0	0	0	11	0
0	0	0	0	0	0	0	0	0	0	0	0	0	0	0	0	0	0	0	0	0	0	0	0	0	0	0	0	0	0	0	0	0	0	0	0	0	0	0	0	0	0	0	0	0	0	0	0	0	0	0	0	0	0	0	0	0	0	0	0	0	0	0	0	0	0	0	0	0	0	0	0	0	0
0	0	0	0	0	0	0	0	0	0	0	0	0	0	0	0	0	0	0	0	0	0	0	0	0	0	0	0	0	0	0	0	0	0	0	0	0	0	0	0	0	0	0	0	0	0	0	0	0	0	0	0	0	0	0	0	0	0	0	0	0	0	0	0	0	0	0	0	0	0	0	0	0	0
97	1	0	0	0	0	0	0	0	0	0	0	0	0	0	0	25	1	0	0	0	41	0	0	0	37	0	0	17	0	42	0	4	0	9	1	0	0	1	0	0	0	43	0	0	0	0	0	0	0	0	15	0	0	18	0	3	98	218	0	0	0	0	0	0	0	0	0	0	1	0	0	0	0
0	8	0	0	0	0	0	0	0	0	0	0	0	0	0	0	44	0	0	1	7	16	0	0	0	43	0	0	4	0	0	0	2	0	3	0	0	0	0	0	0	0	0	0	0	0	0	0	0	0	0	17	0	0	2	0	0	0	0	0	0	0	0	0	0	0	0	0	0	1	0	0	0	0
0	0	0	0	0	0	0	0	0	0	0	0	0	0	0	0	0	0	0	0	0	0	0	0	0	0	0	0	0	0	0	0	0	0	0	0	0	0	0	0	0	0	0	0	0	0	0	0	0	0	0	0	0	0	0	0	0	0	0	0	0	0	0	0	0	0	0	0	0	0	0	0	0	0
0	16	113	0	1	0	0	0	7	70	0	0	0	5	35	0	12	10	7	19	7	0	0	0	0	12	2	0	0	0	6	0	7	0	7	2	0	0	3	3	0	0	8	0	0	0	0	0	0	0	0	2	12	0	1	18	67	8	73	0	0	11	0	0	0	0	1	1	0	0	3	2	1	0
0	2	0	0	0	0	0	0	6	0	0	0	0	0	3	0	48	0	0	1	99	0	0	0	0	110	0	0	5	0	1	0	1	0	5	0	0	0	22	1	0	0	0	0	0	0	0	0	0	0	0	0	0	0	0	0	0	4	6	0	0	0	0	0	0	0	0	0	0	3	0	0	1	0
0	66	12	0	1	0	0	0	8	5	0	0	0	10	9	0	9	14	0	1	7	0	0	0	0	7	2	0	0	1	2	0	6	0	6	10	0	0	2	0	0	0	16	1	0	0	0	0	0	0	0	3	0	0	4	0	4	54	40	0	0	21	0	0	0	0	0	0	0	2	0	0	48	0
0	133	4	0	138	0	2	0	4	1	0	0	0	0	0	7	16	1	0	0	3	0	0	0	0	0	0	0	0	0	0	0	1	0	4	0	0	0	0	0	3	0	0	0	0	22	1	0	0	0	0	0	0	0	1	0	25	52	0	0	0	39	0	11	0	0	0	0	0	1	1	48	0	0
7	0	0	0	0	0	0	0	0	0	0	0	0	0	1	0	2	0	0	1	0	12	0	0	0	11	0	0	0	0	18	0	4	0	0	0	0	0	0	0	0	0	0	1	0	0	0	0	0	0	1	1	2	0	0	0	3	59	0	0	0	10	0	0	0	0	0	0	0	0	0	0	0	0
