0	14	0	0	0	0	0	0	0	0	0	0	0	0	0	6	0	0	0	0	6	13	0	0	0	3	0	0	0	0	0	0	4	6	76	5	0	0	0	14	1	0	0	0	83	1	0	0	0	0	0	32	13	0	130	0	1	1	0	0	0	0	0	0	0	0	45	170	0	0	3	0	0	11
14	0	0	0	130	0	1	0	0	0	3	0	290	0	0	54	55	0	0	0	34	93	0	0	0	32	0	0	0	0	0	0	104	136	16	0	0	0	0	224	2	0	0	0	18	131	0	0	0	0	0	6	61	0	25	0	4	11	23	0	0	7	0	0	0	0	0	55	0	0	87	107	187	21
0	0	0	0	0	0	0	0	0	127	0	0	0	0	0	0	0	0	0	0	0	0	0	0	0	0	106	0	0	0	0	0	0	0	0	15	0	0	0	0	34	0	0	15	0	2	3	28	0	0	0	0	0	0	0	0	66	0	11	0	0	0	0	0	0	0	0	0	0	57	0	0	0	0
0	0	0	0	0	0	0	0	0	0	0	0	0	0	0	0	0	0	0	0	0	0	0	0	0	0	5	0	0	0	0	0	1	0	0	0	0	0	0	0	1	0	0	0	0	0	0	0	0	0	0	0	0	0	0	0	0	0	0	0	0	0	0	0	0	0	0	0	0	0	0	0	0	0
0	130	0	0	0	0	0	0	0	0	39	0	53	2	0	4	11	0	0	0	3	0	0	0	0	2	1	0	0	0	0	0	1	3	0	0	0	0	0	2	0	2	0	0	0	2	0	0	0	0	0	0	0	0	0	0	5	23	0	0	0	166	0	1	0	0	0	0	0	0	2	0	151	0
0	0	0	0	0	0	0	0	0	0	0	0	0	0	0	0	0	0	0	0	0	0	0	0	0	0	0	0	0	0	0	0	0	0	0	0	0	0	0	0	0	0	0	0	0	0	0	0	0	0	0	0	0	0	0	0	0	0	0	0	0	0	0	0	0	0	0	0	0	0	0	0	0	0
0	1	0	0	0	0	0	0	0	0	0	0	0	0	0	0	0	23	0	0	0	0	0	0	0	0	3	0	0	0	0	0	0	0	0	0	0	0	0	0	22	0	0	0	0	0	0	0	0	0	0	61	4	0	0	0	2	0	0	0	0	2	0	0	0	0	0	0	0	0	0	0	0	0
0	0	0	0	0	0	0	0	0	0	0	0	0	0	0	0	0	0	0	0	0	0	0	0	0	0	0	0	0	0	0	0	0	0	0	0	0	0	0	0	0	0	0	0	0	0	0	0	0	0	0	0	0	0	0	0	0	0	0	0	0	0	0	0	0	0	0	0	0	0	0	0	0	0
0	0	0	0	0	0	0	0	0	0	0	0	0	0	0	0	0	0	0	0	0	0	0	0	0	0	0	0	0	0	0	0	0	0	0	0	0	0	0	0	0	0	0	0	0	0	0	0	0	0	0	0	0	0	0	0	0	0	0	0	0	0	0	0	0	0	0	0	0	0	0	0	0	0
0	0	127	0	0	0	0	0	0	0	0	0	0	0	0	0	0	0	0	1	0	0	0	0	0	0	2	0	0	0	17	0	0	0	0	92	0	0	0	0	71	45	0	99	0	2	0	79	0	0	0	0	10	0	0	0	149	0	0	0	0	0	0	0	0	0	0	0	2	143	0	0	0	0
0	3	0	0	39	0	0	0	0	0	0	0	1	138	0	5	0	21	0	0	2	0	0	0	0	0	1	0	0	0	0	0	0	11	0	7	0	0	0	0	11	39	0	6	0	0	1	5	0	0	0	1	0	0	0	0	23	5	0	0	1	271	0	0	0	0	0	0	51	0	0	20	258	0
0	0	0	0	0	0	0	0	0	0	0	0	0	0	0	0	0	0	0	0	0	0	0	0	0	0	0	0	0	0	0	0	0	0	0	0	0	0	0	0	0	0	0	0	0	0	0	0	0	0	0	0	0	0	0	0	0	0	0	0	0	0	0	0	0	0	0	0	0	0	0	0	0	0
0	290	0	0	53	0	0	0	0	0	1	0	0	1	0	18	111	0	0	0	98	71	0	0	0	5	0	0	0	0	0	0	119	83	39	0	0	0	0	190	1	0	0	0	0	100	0	0	0	0	0	0	0	0	2	0	8	3	76	0	0	2	0	0	0	0	0	3	0	0	79	70	2	0
0	0	0	0	2	0	0	0	0	0	138	0	1	0	0	7	0	2	0	0	0	0	0	0	0	0	1	0	0	0	0	0	0	0	0	12	0	0	0	0	1	0	0	36	0	0	20	2	0	0	0	0	0	0	0	0	31	6	0	0	0	381	0	0	0	0	0	0	9	0	0	31	1	0
0	0	0	0	0	0	0	0	0	0	0	0	0	0	0	0	0	0	0	0	0	0	0	0	0	0	0	0	0	0	0	0	0	0	0	0	0	0	0	0	0	0	0	0	0	0	0	0	0	0	0	0	0	0	0	0	0	0	0	0	0	0	0	0	0	0	0	0	0	0	0	0	0	0
6	54	0	0	4	0	0	0	0	0	5	0	18	7	0	0	9	0	0	0	0	0	0	0	0	5	0	0	0	0	0	0	2	0	1	0	0	0	0	0	1	0	0	0	3	0	0	0	0	0	0	0	11	0	1	0	3	5	2	0	0	43	0	0	0	0	0	0	0	0	0	0	60	0
0	55	0	0	11	0	0	0	0	0	0	0	111	0	0	9	0	0	0	0	172	108	0	0	0	89	0	0	0	0	0	0	146	15	8	0	0	0	0	147	10	0	0	0	14	0	0	0	0	0	0	159	219	0	64	0	12	3	0	0	0	0	0	0	0	0	1	24	0	0	25	4	0	0
0	0	0	0	0	0	23	0	0	0	21	0	0	2	0	0	0	0	0	0	2	0	0	0	0	0	0	0	0	0	0	0	0	0	0	10	0	0	0	0	29	4	0	39	1	0	0	17	0	81	0	19	29	0	0	0	8	5	0	0	0	55	0	0	0	0	0	0	21	0	0	19	9	1
0	0	0	0	0	0	0	0	0	0	0	0	0	0	0	0	0	0	0	0	0	0	0	0	0	0	0	0	0	0	10	0	0	0	0	0	0	0	0	0	0	0	0	0	0	0	0	0	0	0	0	0	1	0	0	0	0	0	48	0	0	0	0	0	0	0	0	0	0	0	0	0	0	0
0	0	0	0	0	0	0	0	0	1	0	0	0	0	0	0	0	0	0	0	0	0	0	0	0	0	0	0	0	0	3	0	0	0	0	0	0	0	0	0	0	0	0	0	0	0	0	0	0	0	0	0	2	0	0	5	0	0	0	0	0	0	0	0	0	0	0	0	0	5	0	0	0	0
6	34	0	0	3	0	0	0	0	0	2	0	98	0	0	0	172	2	0	0	0	13	0	0	0	112	0	0	0	0	0	0	85	37	20	0	0	0	0	65	17	0	0	0	0	0	0	0	0	0	0	143	156	0	20	0	15	6	0	0	0	1	0	0	0	0	0	1	0	0	55	0	4	0
13	93	0	0	0	0	0	0	0	0	0	0	71	0	0	0	108	0	0	0	13	0	0	0	0	111	0	0	0	0	15	0	2	0	1	0	0	0	0	4	4	0	0	0	14	8	0	0	0	0	0	120	150	0	24	0	0	83	34	0	8	0	0	0	0	0	8	0	0	0	0	3	0	0
0	0	0	0	0	0	0	0	0	0	0	0	0	0	0	0	0	0	0	0	0	0	0	0	0	0	0	0	0	0	0	0	0	0	0	0	0	0	0	0	0	0	0	0	0	0	0	0	0	0	0	12	0	0	0	3	0	0	0	0	0	0	0	0	0	0	0	0	0	0	0	0	0	0
0	0	0	0	0	0	0	0	0	0	0	0	0	0	0	0	0	0	0	0	0	0	0	0	26	0	0	0	0	0	0	0	0	2	0	0	0	0	0	0	0	0	0	0	0	0	0	0	0	0	0	0	0	0	0	0	0	0	0	0	0	0	0	0	0	0	0	0	0	0	0	0	0	0
0	0	0	0	0	0	0	0	0	0	0	0	0	0	0	0	0	0	0	0	0	0	0	26	0	0	0	0	0	0	0	0	0	0	0	0	0	0	0	0	0	0	0	0	0	0	0	0	0	0	0	0	0	0	0	0	0	0	0	0	0	0	0	0	0	0	0	0	0	0	0	0	0	0
3	32	0	0	2	0	0	0	0	0	0	0	5	0	0	5	89	0	0	0	112	111	0	0	0	0	0	0	0	0	0	0	110	40	22	0	0	0	1	189	12	0	0	2	11	52	1	0	0	0	0	132	231	0	103	0	20	13	8	0	1	0	0	0	0	0	102	40	0	0	48	8	0	1
0	0	106	5	1	0	3	0	0	2	1	0	0	1	0	0	0	0	0	0	0	0	0	0	0	0	0	0	0	0	0	0	3	0	0	120	0	0	0	0	101	0	0	0	0	0	0	6	0	0	0	0	0	0	2	0	2	0	0	0	0	3	0	0	0	0	0	0	0	0	0	4	1	0
0	0	0	0	0	0	0	0	0	0	0	0	0	0	0	0	0	0	0	0	0	0	0	0	0	0	0	0	0	0	0	0	0	0	0	0	0	0	0	0	0	0	0	0	0	0	0	0	0	0	0	0	0	0	0	0	0	0	0	0	0	0	0	0	0	0	0	0	0	0	0	0	0	0
0	0	0	0	0	0	0	0	0	0	0	0	0	0	0	0	0	0	0	0	0	0	0	0	0	0	0	0	0	0	0	0	0	0	0	0	0	0	0	0	0	0	0	0	0	0	0	0	0	0	0	0	0	0	0	0	0	0	0	0	0	0	0	0	0	0	0	0	0	0	0	0	0	0
0	0	0	0	0	0	0	0	0	0	0	0	0	0	0	0	0	0	0	0	0	0	0	0	0	0	0	0	0	0	0	0	0	0	0	0	0	0	0	0	0	0	0	0	0	0	0	0	0	0	0	0	0	0	0	0	0	0	0	0	0	0	0	0	0	0	0	0	0	0	0	0	0	0
0	0	0	0	0	0	0	0	0	17	0	0	0	0	0	0	0	0	10	3	0	15	0	0	0	0	0	0	0	0	0	0	0	2	0	0	0	0	0	0	0	0	0	0	9	15	0	0	0	0	24	0	21	0	1	0	0	0	0	0	0	0	0	0	0	0	19	1	0	30	0	1	0	11
0	0	0	0	0	0	0	0	0	0	0	0	0	0	0	0	0	0	0	0	0	0	0	0	0	0	0	0	0	0	0	0	0	0	0	0	0	0	0	0	0	0	0	0	0	0	0	0	0	0	0	0	0	0	0	0	0	0	0	0	0	0	0	0	0	0	0	0	0	0	0	0	0	0
4	104	0	1	1	0	0	0	0	0	0	0	119	0	0	2	146	0	0	0	85	2	0	0	0	110	3	0	0	0	0	0	0	3	8	1	0	0	0	59	8	0	0	0	5	2	0	0	0	0	0	105	142	0	14	4	3	12	6	0	0	14	0	0	0	0	1	17	0	0	53	9	1	0
6	136	0	0	3	0	0	0	0	0	11	0	83	0	0	0	15	0	0	0	37	0	0	2	0	40	0	0	0	0	2	0	3	0	1	0	0	0	0	1	1	0	0	0	1	0	0	0	0	0	0	6	19	0	13	0	1	11	42	0	0	0	0	0	0	0	0	0	0	0	0	0	118	0
76	16	0	0	0	0	0	0	0	0	0	0	39	0	0	1	8	0	0	0	20	1	0	0	0	22	0	0	0	0	0	0	8	1	0	0	0	0	0	7	10	0	0	0	1	2	0	0	0	0	0	70	91	0	16	0	7	79	116	0	0	1	0	0	0	0	1	3	0	0	1	0	2	0
5	0	15	0	0	0	0	0	0	92	7	0	0	12	0	0	0	10	0	0	0	0	0	0	0	0	120	0	0	0	0	0	1	0	0	0	0	0	0	0	51	3	0	3	0	0	0	0	0	0	0	6	2	0	0	0	2	1	2	0	0	7	0	0	0	0	0	0	0	1	0	0	31	0
0	0	0	0	0	0	0	0	0	0	0	0	0	0	0	0	0	0	0	0	0	0	0	0	0	0	0	0	0	0	0	0	0	0	0	0	0	0	0	0	0	0	0	0	0	0	0	0	0	0	0	0	0	0	0	0	0	0	0	0	0	0	0	0	0	0	0	0	0	0	0	0	0	0
0	0	0	0	0	0	0	0	0	0	0	0	0	0	0	0	0	0	0	0	0	0	0	0	0	0	0	0	0	0	0	0	0	0	0	0	0	0	0	0	0	0	0	0	0	0	0	0	0	0	0	0	0	0	0	0	0	0	0	0	0	0	0	0	0	0	0	0	0	0	0	0	0	0
0	0	0	0	0	0	0	0	0	0	0	0	0	0	0	0	0	0	0	0	0	0	0	0	0	1	0	0	0	0	0	0	0	0	0	0	0	0	0	0	0	0	0	0	0	0	0	0	0	0	0	0	0	0	0	0	0	0	0	0	0	0	0	0	0	0	0	0	0	0	0	0	0	0
14	224	0	0	2	0	0	0	0	0	0	0	190	0	0	0	147	0	0	0	65	4	0	0	0	189	0	0	0	0	0	0	59	1	7	0	0	0	0	0	8	0	0	0	11	4	0	0	0	0	0	119	204	0	14	1	1	11	74	0	0	0	0	0	0	0	0	0	0	0	3	1	0	0
1	2	34	1	0	0	22	0	0	71	11	0	1	1	0	1	10	29	0	0	17	4	0	0	0	12	101	0	0	0	0	0	8	1	10	51	0	0	0	8	0	0	0	57	1	2	0	88	0	0	0	41	5	0	14	0	19	5	0	0	2	27	0	0	0	0	0	2	5	0	0	11	6	0
0	0	0	0	2	0	0	0	0	45	39	0	0	0	0	0	0	4	0	0	0	0	0	0	0	0	0	0	0	0	0	0	0	0	0	3	0	0	0	0	0	0	0	0	0	0	1	1	0	0	0	1	0	0	0	0	5	39	141	0	0	54	0	0	0	0	0	0	0	1	0	0	3	0
0	0	0	0	0	0	0	0	0	0	0	0	0	0	0	0	0	0	0	0	0	0	0	0	0	0	0	0	0	0	0	0	0	0	0	0	0	0	0	0	0	0	0	0	0	0	0	0	0	0	0	0	0	0	0	0	0	0	0	0	0	0	0	0	0	0	0	0	0	0	0	0	0	0
0	0	15	0	0	0	0	0	0	99	6	0	0	36	0	0	0	39	0	0	0	0	0	0	0	2	0	0	0	0	0	0	0	0	0	3	0	0	0	0	57	0	0	0	1	0	0	3	0	0	0	56	6	0	1	0	38	36	0	0	0	93	0	0	0	0	0	0	0	0	0	0	12	0
83	18	0	0	0	0	0	0	0	0	0	0	0	0	0	3	14	1	0	0	0	14	0	0	0	11	0	0	0	0	9	0	5	1	1	0	0	0	0	11	1	0	0	1	0	0	0	0	0	0	0	3	33	0	92	1	89	1	0	0	0	1	0	0	0	0	30	9	0	29	2	4	0	18
1	131	2	0	2	0	0	0	0	2	0	0	100	0	0	0	0	0	0	0	0	8	0	0	0	52	0	0	0	0	15	0	2	0	2	0	0	0	0	4	2	0	0	0	0	0	0	0	0	0	0	14	22	0	9	1	4	78	296	0	0	0	0	0	0	0	0	0	0	3	0	0	0	0
0	0	3	0	0	0	0	0	0	0	1	0	0	20	0	0	0	0	0	0	0	0	0	0	0	1	0	0	0	0	0	0	0	0	0	0	0	0	0	0	0	1	0	0	0	0	0	0	0	0	0	0	0	0	1	2	5	20	232	0	0	0	0	0	0	0	0	0	0	22	0	0	0	0
0	0	28	0	0	0	0	0	0	79	5	0	0	2	0	0	0	17	0	0	0	0	0	0	0	0	6	0	0	0	0	0	0	0	0	0	0	0	0	0	88	1	0	3	0	0	0	0	0	0	0	3	4	0	0	0	56	10	0	0	0	25	0	0	0	0	0	0	0	17	0	0	0	0
0	0	0	0	0	0	0	0	0	0	0	0	0	0	0	0	0	0	0	0	0	0	0	0	0	0	0	0	0	0	0	0	0	0	0	0	0	0	0	0	0	0	0	0	0	0	0	0	0	0	0	0	0	0	0	0	0	0	0	0	0	0	0	0	0	0	0	0	0	0	0	0	0	0
0	0	0	0	0	0	0	0	0	0	0	0	0	0	0	0	0	81	0	0	0	0	0	0	0	0	0	0	0	0	0	0	0	0	0	0	0	0	0	0	0	0	0	0	0	0	0	0	0	0	0	0	0	0	0	0	0	0	0	0	0	0	0	0	0	0	0	0	0	0	0	0	0	0
0	0	0	0	0	0	0	0	0	0	0	0	0	0	0	0	0	0	0	0	0	0	0	0	0	0	0	0	0	0	24	0	0	0	0	0	0	0	0	0	0	0	0	0	0	0	0	0	0	0	0	0	0	0	0	0	0	0	0	0	0	0	0	0	0	0	0	0	0	0	0	0	0	0
32	6	0	0	0	0	61	0	0	0	1	0	0	0	0	0	159	19	0	0	143	120	12	0	0	132	0	0	0	0	0	0	105	6	70	6	0	0	0	119	41	1	0	56	3	14	0	3	0	0	0	0	207	0	62	2	33	3	0	0	1	10	0	0	0	0	2	15	0	0	3	18	1	8
13	61	0	0	0	0	4	0	0	10	0	0	0	0	0	11	219	29	1	2	156	150	0	0	0	231	0	0	0	0	21	0	142	19	91	2	0	0	0	204	5	0	0	6	33	22	0	4	0	0	0	207	0	0	67	1	3	15	0	0	1	4	0	0	0	0	7	25	1	10	37	16	1	4
0	0	0	0	0	0	0	0	0	0	0	0	0	0	0	0	0	0	0	0	0	0	0	0	0	0	0	0	0	0	0	0	0	0	0	0	0	0	0	0	0	0	0	0	0	0	0	0	0	0	0	0	0	0	0	0	0	0	0	0	0	0	0	0	0	0	0	0	0	0	0	0	0	0
130	25	0	0	0	0	0	0	0	0	0	0	2	0	0	1	64	0	0	0	20	24	0	0	0	103	2	0	0	0	1	0	14	13	16	0	0	0	0	14	14	0	0	1	92	9	1	0	0	0	0	62	67	0	0	18	14	6	9	0	0	4	0	0	0	0	22	30	0	0	0	3	3	0
0	0	0	0	0	0	0	0	0	0	0	0	0	0	0	0	0	0	0	5	0	0	3	0	0	0	0	0	0	0	0	0	4	0	0	0	0	0	0	1	0	0	0	0	1	1	2	0	0	0	0	2	1	0	18	0	60	0	22	0	0	0	0	0	0	0	0	0	0	43	0	0	0	0
1	4	66	0	5	0	2	0	0	149	23	0	8	31	0	3	12	8	0	0	15	0	0	0	0	20	2	0	0	0	0	0	3	1	7	2	0	0	0	1	19	5	0	38	89	4	5	56	0	0	0	33	3	0	14	60	0	18	34	0	0	66	0	0	0	0	4	0	2	102	4	10	11	6
1	11	0	0	23	0	0	0	0	0	5	0	3	6	0	5	3	5	0	0	6	83	0	0	0	13	0	0	0	0	0	0	12	11	79	1	0	0	0	11	5	39	0	36	1	78	20	10	0	0	0	3	15	0	6	0	18	0	275	0	0	35	0	0	0	0	84	19	24	2	3	11	0	17
0	23	11	0	0	0	0	0	0	0	0	0	76	0	0	2	0	0	48	0	0	34	0	0	0	8	0	0	0	0	0	0	6	42	116	2	0	0	0	74	0	141	0	0	0	296	232	0	0	0	0	0	0	0	9	22	34	275	0	0	0	0	0	0	0	0	342	0	16	473	30	40	0	0
0	0	0	0	0	0	0	0	0	0	0	0	0	0	0	0	0	0	0	0	0	0	0	0	0	0	0	0	0	0	0	0	0	0	0	0	0	0	0	0	0	0	0	0	0	0	0	0	0	0	0	0	0	0	0	0	0	0	0	0	0	0	0	0	0	0	0	0	0	0	0	0	0	0
0	0	0	0	0	0	0	0	0	0	1	0	0	0	0	0	0	0	0	0	0	8	0	0	0	1	0	0	0	0	0	0	0	0	0	0	0	0	0	0	2	0	0	0	0	0	0	0	0	0	0	1	1	0	0	0	0	0	0	0	0	0	0	0	0	0	0	0	0	0	0	0	107	0
0	7	0	0	166	0	2	0	0	0	271	0	2	381	0	43	0	55	0	0	1	0	0	0	0	0	3	0	0	0	0	0	14	0	1	7	0	0	0	0	27	54	0	93	1	0	0	25	0	0	0	10	4	0	4	0	66	35	0	0	0	0	0	0	0	0	0	0	61	0	2	69	194	31
0	0	0	0	0	0	0	0	0	0	0	0	0	0	0	0	0	0	0	0	0	0	0	0	0	0	0	0	0	0	0	0	0	0	0	0	0	0	0	0	0	0	0	0	0	0	0	0	0	0	0	0	0	0	0	0	0	0	0	0	0	0	0	0	0	0	0	0	0	0	0	0	0	0
0	0	0	0	1	0	0	0	0	0	0	0	0	0	0	0	0	0	0	0	0	0	0	0	0	0	0	0	0	0	0	0	0	0	0	0	0	0	0	0	0	0	0	0	0	0	0	0	0	0	0	0	0	0	0	0	0	0	0	0	0	0	0	0	0	0	0	0	0	0	0	0	0	0
0	0	0	0	0	0	0	0	0	0	0	0	0	0	0	0	0	0	0	0	0	0	0	0	0	0	0	0	0	0	0	0	0	0	0	0	0	0	0	0	0	0	0	0	0	0	0	0	0	0	0	0	0	0	0	0	0	0	0	0	0	0	0	0	0	0	0	0	0	0	0	0	0	0
0	0	0	0	0	0	0	0	0	0	0	0	0	0	0	0	0	0	0	0	0	0	0	0	0	0	0	0	0	0	0	0	0	0	0	0	0	0	0	0	0	0	0	0	0	0	0	0	0	0	0	0	0	0	0	0	0	0	0	0	0	0	0	0	0	0	0	0	0	0	0	0	0	0
45	0	0	0	0	0	0	0	0	0	0	0	0	0	0	0	1	0	0	0	0	8	0	0	0	102	0	0	0	0	19	0	1	0	1	0	0	0	0	0	0	0	0	0	30	0	0	0	0	0	0	2	7	0	22	0	4	84	342	0	0	0	0	0	0	0	0	0	0	0	0	0	1	0
170	55	0	0	0	0	0	0	0	0	0	0	3	0	0	0	24	0	0	0	1	0	0	0	0	40	0	0	0	0	1	0	17	0	3	0	0	0	0	0	2	0	0	0	9	0	0	0	0	0	0	15	25	0	30	0	0	19	0	0	0	0	0	0	0	0	0	0	0	0	0	0	0	0
0	0	0	0	0	0	0	0	0	2	51	0	0	9	0	0	0	21	0	0	0	0	0	0	0	0	0	0	0	0	0	0	0	0	0	0	0	0	0	0	5	0	0	0	0	0	0	0	0	0	0	0	1	0	0	0	2	24	16	0	0	61	0	0	0	0	0	0	0	0	0	0	47	0
0	0	57	0	0	0	0	0	0	143	0	0	0	0	0	0	0	0	0	5	0	0	0	0	0	0	0	0	0	0	30	0	0	0	0	1	0	0	0	0	0	1	0	0	29	3	22	17	0	0	0	0	10	0	0	43	102	2	473	0	0	0	0	0	0	0	0	0	0	0	0	0	0	2
3	87	0	0	2	0	0	0	0	0	0	0	79	0	0	0	25	0	0	0	55	0	0	0	0	48	0	0	0	0	0	0	53	0	1	0	0	0	0	3	0	0	0	0	2	0	0	0	0	0	0	3	37	0	0	0	4	3	30	0	0	2	0	0	0	0	0	0	0	0	0	1	0	0
0	107	0	0	0	0	0	0	0	0	20	0	70	31	0	0	4	19	0	0	0	3	0	0	0	8	4	0	0	0	1	0	9	0	0	0	0	0	0	1	11	0	0	0	4	0	0	0	0	0	0	18	16	0	3	0	10	11	40	0	0	69	0	0	0	0	0	0	0	0	1	0	17	0
0	187	0	0	151	0	0	0	0	0	258	0	2	1	0	60	0	9	0	0	4	0	0	0	0	0	1	0	0	0	0	0	1	118	2	31	0	0	0	0	6	3	0	12	0	0	0	0	0	0	0	1	1	0	3	0	11	0	0	0	107	194	0	0	0	0	1	0	47	0	0	17	0	0
11	21	0	0	0	0	0	0	0	0	0	0	0	0	0	0	0	1	0	0	0	0	0	0	0	1	0	0	0	0	11	0	0	0	0	0	0	0	0	0	0	0	0	0	18	0	0	0	0	0	0	8	4	0	0	0	6	17	0	0	0	31	0	0	0	0	0	0	0	2	0	0	0	0
