0	0	0	0	0	0	0	0	0	0	0	0	0	0	0	0	26	0	20	0	0	157	0	82	26	2	0	0	0	0	3	0	1	0	93	0	0	0	0	0	1	0	0	0	0	0	0	0	0	0	0	34	0	0	113	28	0	12	0	0	0	1	0	0	0	0	19	111	0	0	0	0	0	0
0	8	6	0	140	0	2	29	0	2	9	0	360	12	1	62	1	11	5	10	1	0	0	0	1	2	0	0	0	0	2	0	13	141	8	6	0	0	3	248	8	2	0	1	0	144	7	0	0	1	0	1	1	0	5	0	32	13	10	128	0	50	0	13	0	2	2	2	11	30	137	12	153	2
0	6	0	0	0	0	0	1	0	51	4	0	3	5	26	0	1	3	0	1	2	0	0	0	0	0	65	0	0	0	0	0	0	0	0	0	0	0	0	0	18	0	0	0	0	0	0	30	0	0	0	0	0	0	0	0	42	3	34	0	0	18	0	0	0	0	0	0	9	2	0	5	1	0
0	0	0	0	0	0	0	0	0	0	0	0	0	0	0	0	0	0	0	0	0	0	0	0	0	0	0	0	0	0	0	0	0	0	0	0	0	0	0	0	0	0	0	0	0	0	0	0	0	0	0	0	0	0	0	0	0	0	0	0	0	0	0	0	0	0	0	0	0	0	0	0	0	0
0	140	0	0	0	0	0	0	0	1	106	0	8	6	0	0	1	0	0	0	0	0	0	0	0	0	0	0	0	0	0	0	0	0	0	0	0	0	0	0	0	21	0	0	0	0	0	21	0	0	0	0	0	0	0	0	0	0	0	0	0	126	0	0	0	0	0	0	0	0	0	1	106	0
0	0	0	0	0	0	0	0	0	1	0	0	0	0	0	0	6	0	0	0	1	0	0	0	0	6	0	0	0	0	4	0	0	0	0	0	0	0	0	0	0	0	0	0	0	0	0	0	0	0	0	12	0	0	0	0	0	0	0	0	0	0	0	0	0	0	0	0	0	0	0	0	0	0
0	2	0	0	0	0	0	0	0	0	0	0	0	0	1	0	0	0	0	0	0	0	0	0	0	4	0	0	0	0	0	0	0	0	0	0	0	0	0	0	93	0	0	2	0	0	0	0	0	0	0	1	0	0	0	0	0	0	0	3	0	1	0	0	0	0	0	0	0	0	0	0	0	0
0	29	1	0	0	0	0	0	0	0	0	0	228	0	0	0	8	0	5	3	175	0	0	0	1	0	0	0	0	0	0	0	21	0	9	0	0	0	71	163	0	0	0	0	0	1	0	0	0	0	0	2	0	0	0	6	0	0	65	252	0	0	0	0	0	0	0	0	0	1	5	7	0	0
0	0	0	0	0	0	0	0	0	0	0	0	0	0	0	0	0	0	0	0	0	0	0	0	0	0	0	0	0	0	0	0	0	0	0	0	0	0	0	0	0	0	0	0	0	0	0	0	0	0	0	0	0	0	0	0	0	0	0	0	0	0	0	0	0	0	0	0	0	0	0	0	0	0
0	2	51	0	1	1	0	0	0	0	36	0	7	2	237	0	0	10	68	28	0	0	0	0	0	0	11	0	0	0	165	0	2	0	2	79	0	0	0	0	55	9	0	93	0	0	3	115	0	1	0	3	145	0	0	1	136	2	0	0	0	56	0	0	0	34	0	0	0	151	0	4	21	0
0	9	4	0	106	0	0	0	0	36	0	0	3	5	0	8	0	0	0	0	0	0	0	0	0	0	0	0	0	0	0	0	22	2	0	50	0	0	0	0	0	123	0	6	0	10	80	0	0	0	0	0	0	0	0	0	6	0	0	0	0	72	0	4	0	0	0	0	0	0	0	54	102	0
0	0	0	0	0	0	0	0	0	0	0	0	0	0	0	0	0	0	0	0	0	0	0	0	0	0	0	0	0	0	0	0	0	0	0	0	0	0	0	0	0	0	0	0	0	0	0	0	0	0	0	0	0	0	0	0	0	0	0	0	0	0	0	0	0	0	0	0	0	0	0	0	0	0
0	360	3	0	8	0	0	228	0	7	3	0	0	4	1	14	33	2	3	3	25	0	0	0	8	4	0	0	0	0	0	0	29	140	13	1	0	0	101	172	8	3	0	9	0	121	0	0	0	0	0	0	0	0	11	0	10	4	7	257	0	19	0	0	0	0	0	1	0	17	118	25	8	3
0	12	5	0	6	0	0	0	0	2	5	0	4	0	26	1	0	2	0	0	0	0	0	0	0	1	1	0	0	0	0	0	9	0	0	0	0	0	16	1	0	35	0	0	0	1	14	0	0	0	0	0	0	0	0	23	17	39	0	0	0	288	0	0	0	8	0	0	1	9	0	32	0	0
0	1	26	0	0	0	1	0	0	237	0	0	1	26	0	3	0	32	10	1	0	0	0	0	0	0	22	0	0	0	6	0	0	0	1	85	0	0	0	1	28	168	0	103	0	0	4	174	0	7	0	0	6	0	0	0	115	9	8	1	0	29	0	0	0	10	1	0	33	126	1	0	3	1
0	62	0	0	0	0	0	0	0	0	8	0	14	1	3	0	1	0	0	0	0	0	0	0	0	0	0	0	0	0	0	0	0	0	0	0	0	0	0	0	1	0	0	0	0	0	0	12	0	0	0	0	0	0	1	0	0	1	0	0	0	73	0	4	0	0	0	0	11	1	0	3	10	0
26	1	1	0	1	6	0	8	0	0	0	0	33	0	0	1	0	0	1	7	104	7	0	3	11	94	0	0	0	0	1	0	23	1	28	0	0	0	138	84	0	0	0	0	0	1	0	0	0	0	0	247	0	0	40	1	1	6	0	0	0	0	0	0	0	0	5	9	0	0	12	4	0	2
0	11	3	0	0	0	0	0	0	10	0	0	2	2	32	0	0	0	0	0	1	0	0	0	0	0	0	0	0	0	0	0	5	1	1	15	0	0	0	0	4	2	0	1	0	0	0	0	0	116	0	0	0	0	0	0	23	11	0	0	0	28	0	0	0	1	0	0	22	23	0	27	0	0
20	5	0	0	0	0	0	5	0	68	0	0	3	0	10	0	1	0	0	124	0	46	0	6	1	4	0	0	0	0	24	0	0	0	80	0	0	0	0	0	0	5	0	0	0	0	0	24	0	0	0	4	2	0	10	4	100	28	78	118	0	0	0	0	0	0	0	2	0	3	2	0	0	2
0	10	1	0	0	0	0	3	0	28	0	0	3	0	1	0	7	0	124	0	3	1	0	128	21	1	0	0	0	0	97	0	7	1	25	0	0	0	6	11	1	0	0	9	0	0	0	12	0	0	0	1	106	0	152	108	190	2	2	21	0	11	0	0	0	2	3	95	0	120	87	7	0	8
0	1	2	0	0	1	0	175	0	0	0	0	25	0	0	0	104	1	0	3	0	5	0	0	7	78	0	0	0	0	1	0	11	16	26	0	0	0	122	96	7	0	0	0	52	17	0	0	0	0	0	158	0	0	29	17	2	12	0	12	0	0	0	0	0	0	0	16	0	1	13	4	0	0
157	0	0	0	0	0	0	0	0	0	0	0	0	0	0	0	7	0	46	1	5	0	0	296	37	4	0	0	0	0	106	0	0	26	7	0	0	0	0	0	0	0	0	0	12	0	0	1	0	0	0	32	2	0	113	82	0	118	0	170	0	0	0	0	0	0	98	99	0	0	69	0	1	50
0	0	0	0	0	0	0	0	0	0	0	0	0	0	0	0	0	0	0	0	0	0	0	0	0	0	0	0	0	0	0	0	0	0	0	0	0	0	0	0	0	0	0	0	0	0	0	0	0	0	0	0	0	0	0	0	0	0	0	0	0	0	0	0	0	0	0	0	0	0	0	0	0	0
82	0	0	0	0	0	0	0	0	0	0	0	0	0	0	0	3	0	6	128	0	296	0	0	200	1	0	0	0	0	6	0	0	20	18	0	0	0	2	0	0	0	0	0	0	0	0	0	0	0	0	0	24	0	164	96	0	2	0	0	0	0	0	0	0	0	2	190	0	0	36	0	0	0
26	1	0	0	0	0	0	1	0	0	0	0	8	0	0	0	11	0	1	21	7	37	0	200	0	12	0	0	0	0	14	0	1	0	4	0	0	0	0	0	0	0	0	0	0	0	0	0	0	0	0	13	3	0	16	15	3	9	0	1	0	0	0	0	0	0	0	5	0	0	1	0	0	0
2	2	0	0	0	6	4	0	0	0	0	0	4	1	0	0	94	0	4	1	78	4	0	1	12	0	0	0	0	0	2	0	12	8	4	0	0	0	84	80	0	0	0	0	6	18	0	0	0	0	0	135	0	0	56	0	3	30	1	31	0	1	0	0	0	0	64	4	0	7	13	5	0	0
0	0	65	0	0	0	0	0	0	11	0	0	0	1	22	0	0	0	0	0	0	0	0	0	0	0	0	0	0	0	0	0	0	0	0	75	0	0	0	0	57	0	0	0	0	0	0	29	0	0	0	0	0	0	0	0	0	0	0	0	0	0	0	0	0	59	0	0	0	0	0	0	0	0
0	0	0	0	0	0	0	0	0	0	0	0	0	0	0	0	0	0	0	0	0	0	0	0	0	0	0	0	0	0	0	0	0	0	0	0	0	0	0	0	0	0	0	0	0	0	0	0	0	0	0	0	0	0	0	0	0	0	0	0	0	0	0	0	0	0	0	0	0	0	0	0	0	0
0	0	0	0	0	0	0	0	0	0	0	0	0	0	0	0	0	0	0	0	0	0	0	0	0	0	0	0	0	0	0	0	0	0	0	0	0	0	0	0	0	0	0	0	0	0	0	0	0	0	0	0	0	0	0	0	0	0	0	0	0	0	0	0	0	0	0	0	0	0	0	0	0	0
0	0	0	0	0	0	0	0	0	0	0	0	0	0	0	0	0	0	0	0	0	0	0	0	0	0	0	0	0	0	0	0	0	0	0	0	0	0	0	0	0	0	0	0	0	0	0	0	0	0	0	0	0	0	0	0	0	0	0	0	0	0	0	0	0	0	0	0	0	0	0	0	0	0
3	2	0	0	0	4	0	0	0	165	0	0	0	0	6	0	1	0	24	97	1	106	0	6	14	2	0	0	0	0	0	0	0	0	1	0	0	0	1	0	0	0	0	87	0	0	0	25	0	0	0	16	253	0	124	27	199	10	0	0	0	0	0	0	0	0	139	23	0	181	1	4	3	112
0	0	0	0	0	0	0	0	0	0	0	0	0	0	0	0	0	0	0	0	0	0	0	0	0	0	0	0	0	0	0	0	0	0	0	0	0	0	0	0	0	0	0	0	0	0	0	0	0	0	0	0	0	0	0	0	0	0	0	0	0	0	0	0	0	0	0	0	0	0	0	0	0	0
1	13	0	0	0	0	0	21	0	2	22	0	29	9	0	0	23	5	0	7	11	0	0	0	1	12	0	0	0	0	0	0	0	0	6	0	0	0	1	2	16	2	0	0	0	0	0	0	0	0	0	10	0	0	0	4	15	13	4	5	0	36	0	0	0	0	0	0	4	1	0	9	2	4
0	141	0	0	0	0	0	0	0	0	2	0	140	0	0	0	1	1	0	1	16	26	0	20	0	8	0	0	0	0	0	0	0	0	18	0	0	0	0	0	0	0	0	0	24	0	0	0	0	0	0	29	0	0	0	0	0	86	54	62	0	26	0	0	0	0	0	0	0	1	0	1	68	0
93	8	0	0	0	0	0	9	0	2	0	0	13	0	1	0	28	1	80	25	26	7	0	18	4	4	0	0	0	0	1	0	6	18	0	0	0	0	32	58	0	0	0	8	17	0	0	0	0	0	0	174	0	0	8	66	3	128	107	251	0	38	0	0	0	0	121	121	0	0	126	8	0	0
0	6	0	0	0	0	0	0	0	79	50	0	1	0	85	0	0	15	0	0	0	0	0	0	0	0	75	0	0	0	0	0	0	0	0	0	0	0	0	0	101	32	0	4	0	0	0	87	0	0	0	0	0	0	0	0	8	2	0	0	0	3	0	0	0	0	0	0	3	1	0	6	17	0
0	0	0	0	0	0	0	0	0	0	0	0	0	0	0	0	0	0	0	0	0	0	0	0	0	0	0	0	0	0	0	0	0	0	0	0	0	0	0	0	0	0	0	0	0	0	0	0	0	0	0	0	0	0	0	0	0	0	0	0	0	0	0	0	0	0	0	0	0	0	0	0	0	0
0	0	0	0	0	0	0	0	0	0	0	0	0	0	0	0	0	0	0	0	0	0	0	0	0	0	0	0	0	0	0	0	0	0	0	0	0	0	0	0	0	0	0	0	0	0	0	0	0	0	0	0	0	0	0	0	0	0	0	0	0	0	0	0	0	0	0	0	0	0	0	0	0	0
0	3	0	0	0	0	0	71	0	0	0	0	101	16	0	0	138	0	0	6	122	0	0	2	0	84	0	0	0	0	1	0	1	0	32	0	0	0	0	0	0	0	0	0	29	0	0	0	0	0	0	165	0	0	0	1	0	3	4	15	0	0	0	0	0	0	0	0	0	0	0	0	0	0
0	248	0	0	0	0	0	163	0	0	0	0	172	1	1	0	84	0	0	11	96	0	0	0	0	80	0	0	0	0	0	0	2	0	58	0	0	0	0	0	0	0	0	0	9	0	0	0	0	0	0	49	0	0	0	0	0	9	0	140	0	0	0	0	0	0	0	0	0	0	0	7	2	0
1	8	18	0	0	0	93	0	0	55	0	0	8	0	28	1	0	4	0	1	7	0	0	0	0	0	57	0	0	0	0	0	16	0	0	101	0	0	0	0	0	0	0	97	1	0	3	103	0	0	0	1	3	0	0	0	3	0	0	1	0	11	0	0	0	91	0	0	0	0	0	9	4	4
0	2	0	0	21	0	0	0	0	9	123	0	3	35	168	0	0	2	5	0	0	0	0	0	0	0	0	0	0	0	0	0	2	0	0	32	0	0	0	0	0	0	0	106	0	0	100	9	0	1	0	0	0	0	0	0	0	101	99	1	0	5	0	2	0	0	26	0	1	0	1	1	45	0
0	0	0	0	0	0	0	0	0	0	0	0	0	0	0	0	0	0	0	0	0	0	0	0	0	0	0	0	0	0	0	0	0	0	0	0	0	0	0	0	0	0	0	0	0	0	0	0	0	0	0	0	0	0	0	0	0	0	0	0	0	0	0	0	0	0	0	0	0	0	0	0	0	0
0	1	0	0	0	0	2	0	0	93	6	0	9	0	103	0	0	1	0	9	0	0	0	0	0	0	0	0	0	0	87	0	0	0	8	4	0	0	0	0	97	106	0	0	0	0	0	104	0	0	0	0	0	0	0	0	3	24	0	0	0	10	0	0	0	2	0	0	0	0	6	5	6	0
0	0	0	0	0	0	0	0	0	0	0	0	0	0	0	0	0	0	0	0	52	12	0	0	0	6	0	0	0	0	0	0	0	24	17	0	0	0	29	9	1	0	0	0	0	0	0	0	0	0	0	54	0	0	27	0	1	0	0	0	0	0	0	0	0	0	12	0	0	0	17	3	0	0
0	144	0	0	0	0	0	1	0	0	10	0	121	1	0	0	1	0	0	0	17	0	0	0	0	18	0	0	0	0	0	0	0	0	0	0	0	0	0	0	0	0	0	0	0	0	0	7	0	0	0	5	0	0	0	0	0	72	0	83	0	0	0	0	0	0	0	0	2	0	0	1	74	0
0	7	0	0	0	0	0	0	0	3	80	0	0	14	4	0	0	0	0	0	0	0	0	0	0	0	0	0	0	0	0	0	0	0	0	0	0	0	0	0	3	100	0	0	0	0	0	0	0	0	0	0	0	0	0	0	0	0	82	2	0	1	0	1	0	0	0	0	0	0	0	7	18	0
0	0	30	0	21	0	0	0	0	115	0	0	0	0	174	12	0	0	24	12	0	1	0	0	0	0	29	0	0	0	25	0	0	0	0	87	0	0	0	0	103	9	0	104	0	7	0	0	0	0	0	0	78	0	9	0	90	0	0	0	0	5	0	0	0	79	0	0	0	137	0	0	1	0
0	0	0	0	0	0	0	0	0	0	0	0	0	0	0	0	0	0	0	0	0	0	0	0	0	0	0	0	0	0	0	0	0	0	0	0	0	0	0	0	0	0	0	0	0	0	0	0	0	0	0	0	0	0	0	0	0	0	0	0	0	0	0	0	0	0	0	0	0	0	0	0	0	0
0	1	0	0	0	0	0	0	0	1	0	0	0	0	7	0	0	116	0	0	0	0	0	0	0	0	0	0	0	0	0	0	0	0	0	0	0	0	0	0	0	1	0	0	0	0	0	0	0	0	0	0	0	0	0	0	0	7	0	0	0	4	0	0	0	0	0	0	0	0	0	0	0	0
0	0	0	0	0	0	0	0	0	0	0	0	0	0	0	0	0	0	0	0	0	0	0	0	0	0	0	0	0	0	0	0	0	0	0	0	0	0	0	0	0	0	0	0	0	0	0	0	0	0	0	0	0	0	0	0	0	0	0	0	0	0	0	0	0	0	0	0	0	0	0	0	0	0
34	1	0	0	0	12	1	2	0	3	0	0	0	0	0	0	247	0	4	1	158	32	0	0	13	135	0	0	0	0	16	0	10	29	174	0	0	0	165	49	1	0	0	0	54	5	0	0	0	0	0	0	9	0	80	1	2	14	0	12	0	3	0	0	0	0	53	6	0	1	28	4	0	3
0	1	0	0	0	0	0	0	0	145	0	0	0	0	6	0	0	0	2	106	0	2	0	24	3	0	0	0	0	0	253	0	0	0	0	0	0	0	0	0	3	0	0	0	0	0	0	78	0	0	0	9	0	0	28	0	107	6	0	0	0	0	0	0	0	0	0	0	0	1	0	1	2	0
0	0	0	0	0	0	0	0	0	0	0	0	0	0	0	0	0	0	0	0	0	0	0	0	0	0	0	0	0	0	0	0	0	0	0	0	0	0	0	0	0	0	0	0	0	0	0	0	0	0	0	0	0	0	0	0	0	0	0	0	0	0	0	0	0	0	0	0	0	0	0	0	0	0
113	5	0	0	0	0	0	0	0	0	0	0	11	0	0	1	40	0	10	152	29	113	0	164	16	56	0	0	0	0	124	0	0	0	8	0	0	0	0	0	0	0	0	0	27	0	0	9	0	0	0	80	28	0	0	7	0	27	8	22	0	0	0	0	0	0	2	75	0	0	0	0	0	0
28	0	0	0	0	0	0	6	0	1	0	0	0	23	0	0	1	0	4	108	17	82	0	96	15	0	0	0	0	0	27	0	4	0	66	0	0	0	1	0	0	0	0	0	0	0	0	0	0	0	0	1	0	0	7	0	70	50	116	31	0	0	0	0	0	0	0	3	0	8	2	0	0	0
0	32	42	0	0	0	0	0	0	136	6	0	10	17	115	0	1	23	100	190	2	0	0	0	3	3	0	0	0	0	199	0	15	0	3	8	0	0	0	0	3	0	0	3	1	0	0	90	0	0	0	2	107	0	0	70	0	25	35	27	0	25	0	0	0	36	3	0	5	110	1	15	1	18
12	13	3	0	0	0	0	0	0	2	0	0	4	39	9	1	6	11	28	2	12	118	0	2	9	30	0	0	0	0	10	0	13	86	128	2	0	0	3	9	0	101	0	24	0	72	0	0	0	7	0	14	6	0	27	50	25	0	214	155	0	33	0	1	0	0	101	32	8	12	75	20	0	8
0	10	34	0	0	0	0	65	0	0	0	0	7	0	8	0	0	0	78	2	0	0	0	0	0	1	0	0	0	0	0	0	4	54	107	0	0	0	4	0	0	99	0	0	0	0	82	0	0	0	0	0	0	0	8	116	35	214	0	361	0	11	0	0	0	0	218	0	8	166	174	0	0	2
0	128	0	0	0	0	3	252	0	0	0	0	257	0	1	0	0	0	118	21	12	170	0	0	1	31	0	0	0	0	0	0	5	62	251	0	0	0	15	140	1	1	0	0	0	83	2	0	0	0	0	12	0	0	22	31	27	155	361	0	0	0	0	2	0	0	80	98	0	39	182	21	0	0
0	0	0	0	0	0	0	0	0	0	0	0	0	0	0	0	0	0	0	0	0	0	0	0	0	0	0	0	0	0	0	0	0	0	0	0	0	0	0	0	0	0	0	0	0	0	0	0	0	0	0	0	0	0	0	0	0	0	0	0	0	0	0	0	0	0	0	0	0	0	0	0	0	0
1	50	18	0	126	0	1	0	0	56	72	0	19	288	29	73	0	28	0	11	0	0	0	0	0	1	0	0	0	0	0	0	36	26	38	3	0	0	0	0	11	5	0	10	0	0	1	5	0	4	0	3	0	0	0	0	25	33	11	0	0	0	0	0	0	0	0	0	33	22	3	98	63	0
0	0	0	0	0	0	0	0	0	0	0	0	0	0	0	0	0	0	0	0	0	0	0	0	0	0	0	0	0	0	0	0	0	0	0	0	0	0	0	0	0	0	0	0	0	0	0	0	0	0	0	0	0	0	0	0	0	0	0	0	0	0	0	0	0	0	0	0	0	0	0	0	0	0
0	13	0	0	0	0	0	0	0	0	4	0	0	0	0	4	0	0	0	0	0	0	0	0	0	0	0	0	0	0	0	0	0	0	0	0	0	0	0	0	0	2	0	0	0	0	1	0	0	0	0	0	0	0	0	0	0	1	0	2	0	0	0	0	0	0	0	0	0	0	0	12	9	0
0	0	0	0	0	0	0	0	0	0	0	0	0	0	0	0	0	0	0	0	0	0	0	0	0	0	0	0	0	0	0	0	0	0	0	0	0	0	0	0	0	0	0	0	0	0	0	0	0	0	0	0	0	0	0	0	0	0	0	0	0	0	0	0	0	0	0	0	0	0	0	0	0	0
0	2	0	0	0	0	0	0	0	34	0	0	0	8	10	0	0	1	0	2	0	0	0	0	0	0	59	0	0	0	0	0	0	0	0	0	0	0	0	0	91	0	0	2	0	0	0	79	0	0	0	0	0	0	0	0	36	0	0	0	0	0	0	0	0	0	0	0	0	0	0	2	1	0
19	2	0	0	0	0	0	0	0	0	0	0	0	0	1	0	5	0	0	3	0	98	0	2	0	64	0	0	0	0	139	0	0	0	121	0	0	0	0	0	0	26	0	0	12	0	0	0	0	0	0	53	0	0	2	0	3	101	218	80	0	0	0	0	0	0	0	0	0	0	0	2	1	0
111	2	0	0	0	0	0	0	0	0	0	0	1	0	0	0	9	0	2	95	16	99	0	190	5	4	0	0	0	0	23	0	0	0	121	0	0	0	0	0	0	0	0	0	0	0	0	0	0	0	0	6	0	0	75	3	0	32	0	98	0	0	0	0	0	0	0	0	0	0	0	0	0	0
0	11	9	0	0	0	0	0	0	0	0	0	0	1	33	11	0	22	0	0	0	0	0	0	0	0	0	0	0	0	0	0	4	0	0	3	0	0	0	0	0	1	0	0	0	2	0	0	0	0	0	0	0	0	0	0	5	8	8	0	0	33	0	0	0	0	0	0	0	3	0	2	0	0
0	30	2	0	0	0	0	1	0	151	0	0	17	9	126	1	0	23	3	120	1	0	0	0	0	7	0	0	0	0	181	0	1	1	0	1	0	0	0	0	0	0	0	0	0	0	0	137	0	0	0	1	1	0	0	8	110	12	166	39	0	22	0	0	0	0	0	0	3	0	0	17	1	0
0	137	0	0	0	0	0	5	0	0	0	0	118	0	1	0	12	0	2	87	13	69	0	36	1	13	0	0	0	0	1	0	0	0	126	0	0	0	0	0	0	1	0	6	17	0	0	0	0	0	0	28	0	0	0	2	1	75	174	182	0	3	0	0	0	0	0	0	0	0	0	3	1	0
0	12	5	0	1	0	0	7	0	4	54	0	25	32	0	3	4	27	0	7	4	0	0	0	0	5	0	0	0	0	4	0	9	1	8	6	0	0	0	7	9	1	0	5	3	1	7	0	0	0	0	4	1	0	0	0	15	20	0	21	0	98	0	12	0	2	2	0	2	17	3	0	14	2
0	153	1	0	106	0	0	0	0	21	102	0	8	0	3	10	0	0	0	0	0	1	0	0	0	0	0	0	0	0	3	0	2	68	0	17	0	0	0	2	4	45	0	6	0	74	18	1	0	0	0	0	2	0	0	0	1	0	0	0	0	63	0	9	0	1	1	0	0	1	1	14	0	1
0	2	0	0	0	0	0	0	0	0	0	0	3	0	1	0	2	0	2	8	0	50	0	0	0	0	0	0	0	0	112	0	4	0	0	0	0	0	0	0	4	0	0	0	0	0	0	0	0	0	0	3	0	0	0	0	18	8	2	0	0	0	0	0	0	0	0	0	0	0	0	2	1	0
