0	0	0	0	0	20	16	0	0	8	0	0	0	0	0	0	11	0	15	0	15	101	0	0	0	0	0	0	23	0	0	0	9	2	43	0	0	0	0	17	0	0	0	0	1	0	0	0	0	5	3	26	0	0	70	19	0	8	1	0	0	0	0	0	0	0	37	92	0	0	0	1	0	22
0	0	0	0	2	0	0	3	0	0	1	0	2	2	0	0	0	0	0	0	0	2	1	0	0	0	0	0	0	0	2	0	0	2	0	0	0	0	0	5	0	0	0	0	0	1	0	0	0	0	0	0	0	0	0	0	0	0	5	5	0	0	0	2	0	0	3	2	0	0	0	0	1	2
0	0	0	0	0	0	0	0	0	99	0	0	0	29	82	0	0	1	0	0	0	0	0	0	0	0	29	0	0	0	0	0	0	0	0	0	0	0	0	0	64	0	0	0	0	0	0	0	0	0	0	0	0	0	0	0	34	0	2	1	0	28	0	0	0	0	0	0	0	0	0	0	0	0
0	0	0	0	0	0	0	0	0	0	0	0	0	0	0	0	0	0	0	0	0	0	0	0	0	0	0	0	0	0	0	0	0	0	0	0	0	0	0	0	0	0	0	0	0	0	0	0	0	0	0	0	0	0	0	0	0	0	0	0	0	1	0	0	0	1	0	0	0	0	23	0	0	1
0	2	0	0	0	0	0	0	0	0	44	0	52	0	0	0	0	0	0	1	3	0	0	0	0	1	0	0	9	0	0	0	0	0	0	0	0	0	0	1	0	0	0	0	3	0	0	0	0	0	0	0	0	0	0	0	0	0	0	17	0	89	0	0	0	0	0	0	0	0	0	0	110	0
20	0	0	0	0	0	0	0	0	0	0	0	1	0	0	0	165	0	0	8	92	10	0	4	0	137	0	0	29	0	1	0	0	0	5	0	0	0	0	7	0	0	0	0	31	0	0	0	0	0	0	221	0	0	2	0	1	0	0	0	0	0	0	0	0	0	0	0	0	0	0	0	0	0
16	0	0	0	0	0	0	0	0	6	0	0	0	2	30	0	7	3	0	0	0	0	0	0	0	0	0	0	0	0	0	0	0	0	0	0	0	0	0	0	68	0	0	0	73	0	0	0	0	0	0	0	0	0	0	0	0	0	0	0	0	0	0	0	0	0	0	0	0	0	0	0	0	0
0	3	0	0	0	0	0	0	0	0	0	0	79	0	0	0	66	0	0	4	44	0	0	0	0	0	0	0	9	0	0	0	0	0	0	0	0	0	0	31	0	0	0	0	0	0	0	0	0	0	0	0	0	0	0	2	0	0	2	104	0	0	0	0	0	0	0	0	0	0	0	0	0	0
0	0	0	0	0	0	0	0	0	0	0	0	0	0	0	0	0	0	0	0	0	0	0	0	0	0	0	0	0	0	0	0	0	0	0	0	0	0	0	0	0	0	0	0	0	0	0	0	0	0	0	0	0	0	0	0	0	0	0	0	0	0	0	0	0	0	0	0	0	0	0	0	0	0
8	0	99	0	0	0	6	0	0	0	0	0	0	8	221	0	0	28	7	0	0	0	0	0	0	0	0	0	0	0	58	0	3	0	0	4	0	0	0	0	142	85	0	130	2	0	0	133	0	5	100	0	108	0	0	4	145	14	0	0	0	18	0	0	0	15	4	0	0	0	107	3	2	0
0	1	0	0	44	0	0	0	0	0	0	0	1	14	0	4	0	0	0	26	0	0	2	0	0	1	0	0	0	0	6	0	18	40	0	0	0	0	0	2	0	56	0	0	0	0	8	0	0	0	0	0	0	0	0	0	2	0	0	0	0	184	0	10	0	0	0	0	0	0	30	32	165	0
0	0	0	0	0	0	0	0	0	0	0	0	0	0	0	0	0	0	0	0	0	0	0	0	0	0	0	0	0	0	0	0	0	0	0	0	0	0	0	0	0	0	0	0	0	0	0	0	0	0	0	0	0	0	0	0	0	0	0	0	0	0	0	0	0	0	0	0	0	0	0	0	0	0
0	2	0	0	52	1	0	79	0	0	1	0	0	0	0	0	90	0	25	7	17	0	4	2	0	0	0	0	36	0	1	0	50	94	16	0	0	0	0	172	0	1	0	0	4	3	0	0	0	0	0	2	0	0	13	0	5	2	37	80	0	1	0	2	0	0	2	0	0	0	0	72	9	0
0	2	29	0	0	0	2	0	0	8	14	0	0	0	10	0	0	0	0	0	0	0	11	0	0	0	0	0	0	0	15	0	0	0	0	0	0	0	0	1	0	71	0	0	1	0	10	0	0	0	0	1	0	0	0	1	7	0	18	3	0	308	0	0	0	0	0	0	0	0	0	6	0	0
0	0	82	0	0	0	30	0	0	221	0	0	0	10	0	0	0	22	17	0	0	0	0	0	0	0	0	0	1	0	0	0	0	0	0	42	0	0	0	0	25	184	0	188	0	0	0	168	0	0	0	0	2	0	0	0	83	0	0	0	0	1	0	0	0	33	0	0	0	0	2	2	0	1
0	0	0	0	0	0	0	0	0	0	4	0	0	0	0	0	1	0	0	0	0	0	0	0	0	1	0	0	0	0	0	0	0	0	10	0	0	0	0	0	0	0	0	0	1	0	0	0	0	0	0	0	0	0	7	0	0	0	0	0	0	23	0	0	0	0	0	0	0	0	0	0	12	0
11	0	0	0	0	165	7	66	0	0	0	0	90	0	0	1	0	0	45	4	179	24	1	10	0	155	0	0	14	0	1	0	65	59	19	0	0	0	0	172	0	5	0	7	28	0	0	0	0	0	3	312	1	0	87	2	3	11	1	39	0	1	0	1	0	0	53	2	0	0	2	9	2	0
0	0	1	0	0	0	3	0	0	28	0	0	0	0	22	0	0	0	0	0	0	0	1	0	0	0	0	0	0	0	6	0	0	0	0	0	0	0	0	0	5	2	0	18	6	4	2	12	0	22	20	0	6	0	0	0	1	0	0	0	0	2	0	0	0	0	0	0	0	0	0	4	0	2
15	0	0	0	0	0	0	0	0	7	0	0	25	0	17	0	45	0	0	12	58	7	0	50	0	28	0	0	129	0	7	0	0	0	11	0	0	0	0	30	0	0	0	0	4	0	0	0	0	0	4	170	0	0	1	2	9	0	0	129	0	1	0	0	0	0	0	0	0	0	0	0	0	0
0	0	0	0	1	8	0	4	0	0	26	0	7	0	0	0	4	0	12	0	8	1	0	0	0	4	0	0	7	0	1	0	2	11	10	0	0	0	0	43	1	0	0	0	13	0	0	0	0	0	0	20	0	0	4	0	11	14	2	28	0	0	0	0	0	0	0	1	0	0	20	3	0	0
15	0	0	0	3	92	0	44	0	0	0	0	17	0	0	0	179	0	58	8	0	5	0	6	0	170	0	0	10	0	0	0	67	33	24	0	0	0	0	156	13	0	0	0	25	0	0	0	0	0	0	179	0	0	5	9	1	1	9	15	0	1	0	0	0	0	6	1	0	0	0	2	0	0
101	2	0	0	0	10	0	0	0	0	0	0	0	0	0	0	24	0	7	1	5	0	0	21	0	7	0	0	66	0	38	0	0	27	7	0	0	0	0	3	0	0	0	0	37	0	0	0	0	0	56	134	0	0	29	18	2	2	0	17	0	0	0	0	0	0	41	44	0	0	0	1	0	13
0	1	0	0	0	0	0	0	0	0	2	0	4	11	0	0	1	1	0	0	0	0	0	2	0	0	0	0	7	0	0	0	0	0	0	0	0	0	0	4	0	0	0	0	0	0	0	0	0	0	0	5	0	0	1	0	2	0	2	92	0	3	0	0	0	0	0	0	0	0	0	0	1	0
0	0	0	0	0	4	0	0	0	0	0	0	2	0	0	0	10	0	50	0	6	21	2	0	201	2	0	0	49	0	113	0	12	24	41	0	0	0	0	6	0	0	0	0	1	0	0	0	0	0	0	15	0	0	20	14	0	2	0	2	0	0	0	0	0	0	0	124	0	0	12	0	4	2
0	0	0	0	0	0	0	0	0	0	0	0	0	0	0	0	0	0	0	0	0	0	0	201	0	0	0	0	0	0	0	0	0	0	0	0	0	0	0	0	0	0	0	0	0	0	0	0	0	0	0	0	0	0	0	0	0	0	0	0	0	0	0	0	0	0	0	0	0	0	0	0	0	0
0	0	0	0	1	137	0	0	0	0	1	0	0	0	0	1	155	0	28	4	170	7	0	2	0	0	0	0	5	0	0	0	67	0	21	0	0	0	0	127	0	1	0	0	8	0	0	0	0	0	1	134	0	0	32	0	1	3	1	2	0	20	0	0	0	0	4	2	0	0	0	5	0	0
0	0	29	0	0	0	0	0	0	0	0	0	0	0	0	0	0	0	0	0	0	0	0	0	0	0	0	0	0	0	6	0	0	0	0	0	0	0	0	0	199	0	0	0	0	0	0	1	0	0	0	0	0	0	0	0	0	0	0	0	0	0	0	0	0	0	0	0	0	0	0	1	1	0
0	0	0	0	0	0	0	0	0	0	0	0	0	0	0	0	0	0	0	0	0	0	0	0	0	0	0	0	0	0	0	0	0	0	0	0	0	0	0	0	0	0	0	0	0	0	0	0	0	0	0	0	0	0	0	0	0	0	0	0	0	0	0	0	0	0	0	0	0	0	0	0	0	0
23	0	0	0	9	29	0	9	0	0	0	0	36	0	1	0	14	0	129	7	10	66	7	49	0	5	0	0	0	0	0	0	17	15	130	0	0	0	0	151	0	2	0	0	2	4	0	0	0	0	0	185	0	0	13	57	7	69	115	182	0	0	0	0	0	0	102	111	0	0	4	1	6	0
0	0	0	0	0	0	0	0	0	0	0	0	0	0	0	0	0	0	0	0	0	0	0	0	0	0	0	0	0	0	0	0	0	0	0	0	0	0	0	0	0	0	0	0	0	0	0	0	0	0	0	0	0	0	0	0	0	0	0	0	0	0	0	0	0	0	0	0	0	0	0	0	0	0
0	2	0	0	0	1	0	0	0	58	6	0	1	15	0	0	1	6	7	1	0	38	0	113	0	0	6	0	0	0	0	0	3	1	1	0	0	0	0	1	1	3	0	96	80	0	28	16	0	0	124	1	225	0	76	0	123	1	1	1	0	46	0	1	0	0	58	17	0	0	18	19	0	44
0	0	0	0	0	0	0	0	0	0	0	0	0	0	0	0	0	0	0	0	0	0	0	0	0	0	0	0	0	0	0	0	0	0	0	0	0	0	0	0	0	0	0	0	0	0	0	0	0	0	0	0	0	0	0	0	0	0	0	0	0	0	0	0	0	0	0	0	0	0	0	0	0	0
9	0	0	0	0	0	0	0	0	3	18	0	50	0	0	0	65	0	0	2	67	0	0	12	0	67	0	0	17	0	3	0	0	0	4	0	0	0	0	31	0	1	0	0	34	0	0	0	0	0	0	75	0	0	0	0	2	0	0	6	0	63	0	1	0	0	0	0	0	0	0	1	19	0
2	2	0	0	0	0	0	0	0	0	40	0	94	0	0	0	59	0	0	11	33	27	0	24	0	0	0	0	15	0	1	0	0	0	0	0	0	0	0	31	0	0	0	0	11	0	0	0	0	0	0	35	0	0	3	0	2	0	0	105	0	3	0	0	0	0	0	0	0	0	0	0	107	0
43	0	0	0	0	5	0	0	0	0	0	0	16	0	0	10	19	0	11	10	24	7	0	41	0	21	0	0	130	0	1	0	4	0	0	0	0	0	0	34	0	0	0	0	3	0	0	0	0	0	0	142	0	0	5	3	2	0	5	105	0	0	0	0	0	0	0	2	0	0	0	0	0	0
0	0	0	0	0	0	0	0	0	4	0	0	0	0	42	0	0	0	0	0	0	0	0	0	0	0	0	0	0	0	0	0	0	0	0	0	0	0	0	0	0	0	0	2	0	0	0	0	0	0	0	0	0	0	0	0	0	0	0	0	0	0	0	0	0	20	0	0	0	0	0	0	0	0
0	0	0	0	0	0	0	0	0	0	0	0	0	0	0	0	0	0	0	0	0	0	0	0	0	0	0	0	0	0	0	0	0	0	0	0	0	0	0	0	0	0	0	0	0	0	0	0	0	0	0	0	0	0	0	0	0	0	0	0	0	0	0	0	0	0	0	0	0	0	0	0	0	0
0	0	0	0	0	0	0	0	0	0	0	0	0	0	0	0	0	0	0	0	0	0	0	0	0	0	0	0	0	0	0	0	0	0	0	0	0	0	0	0	0	0	0	0	0	0	0	0	0	0	0	0	0	0	0	0	0	0	0	0	0	0	0	0	0	0	0	0	0	0	0	0	0	0
0	0	0	0	0	0	0	0	0	0	0	0	0	0	0	0	0	0	0	0	0	0	0	0	0	0	0	0	0	0	0	0	0	0	0	0	0	0	0	0	0	0	0	0	0	0	0	0	0	0	0	0	0	0	0	0	0	0	0	0	0	0	0	0	0	0	0	0	0	0	0	0	0	0
17	5	0	0	1	7	0	31	0	0	2	0	172	1	0	0	172	0	30	43	156	3	4	6	0	127	0	0	151	0	1	0	31	31	34	0	0	0	0	0	0	0	0	0	28	1	0	0	0	0	0	204	0	0	21	2	2	0	0	229	0	0	0	0	0	0	0	0	0	0	0	5	0	0
0	0	64	0	0	0	68	0	0	142	0	0	0	0	25	0	0	5	0	1	13	0	0	0	0	0	199	0	0	0	1	0	0	0	0	0	0	0	0	0	0	0	0	105	16	0	1	89	0	0	0	0	0	0	0	2	0	0	0	0	0	2	0	0	0	0	0	0	0	0	0	1	0	0
0	0	0	0	0	0	0	0	0	85	56	0	1	71	184	0	5	2	0	0	0	0	0	0	0	1	0	0	2	0	3	0	1	0	0	0	0	0	0	0	0	0	0	0	4	0	0	0	0	0	0	0	0	0	0	0	3	0	22	0	0	194	0	0	0	0	0	0	0	0	0	0	14	0
0	0	0	0	0	0	0	0	0	0	0	0	0	0	0	0	0	0	0	0	0	0	0	0	0	0	0	0	0	0	0	0	0	0	0	0	0	0	0	0	0	0	0	0	0	0	0	0	0	0	0	0	0	0	0	0	0	0	0	0	0	0	0	0	0	0	0	0	0	0	0	0	0	0
0	0	0	0	0	0	0	0	0	130	0	0	0	0	188	0	7	18	0	0	0	0	0	0	0	0	0	0	0	0	96	0	0	0	0	2	0	0	0	0	105	0	0	0	60	0	0	0	0	0	25	0	0	0	1	0	5	0	0	0	0	0	0	0	0	2	0	0	0	0	0	0	0	0
1	0	0	0	3	31	73	0	0	2	0	0	4	1	0	1	28	6	4	13	25	37	0	1	0	8	0	0	2	0	80	0	34	11	3	0	0	0	0	28	16	4	0	60	0	13	0	0	0	0	19	52	26	0	19	8	10	7	3	25	0	28	0	0	0	0	46	20	0	0	2	14	1	3
0	1	0	0	0	0	0	0	0	0	0	0	3	0	0	0	0	4	0	0	0	0	0	0	0	0	0	0	4	0	0	0	0	0	0	0	0	0	0	1	0	0	0	0	13	0	0	0	0	0	0	1	0	0	0	0	0	0	0	5	0	3	0	0	0	0	0	0	0	0	0	0	0	0
0	0	0	0	0	0	0	0	0	0	8	0	0	10	0	0	0	2	0	0	0	0	0	0	0	0	0	0	0	0	28	0	0	0	0	0	0	0	0	0	1	0	0	0	0	0	0	0	0	0	0	0	0	0	0	0	3	0	2	0	0	31	0	0	0	0	0	0	0	0	0	0	1	0
0	0	0	0	0	0	0	0	0	133	0	0	0	0	168	0	0	12	0	0	0	0	0	0	0	0	1	0	0	0	16	0	0	0	0	0	0	0	0	0	89	0	0	0	0	0	0	0	0	0	3	0	0	0	0	0	49	0	0	0	0	0	0	0	0	19	0	0	0	0	0	0	0	0
0	0	0	0	0	0	0	0	0	0	0	0	0	0	0	0	0	0	0	0	0	0	0	0	0	0	0	0	0	0	0	0	0	0	0	0	0	0	0	0	0	0	0	0	0	0	0	0	0	0	0	0	0	0	0	0	0	0	0	0	0	0	0	0	0	0	0	0	0	0	0	0	0	0
5	0	0	0	0	0	0	0	0	5	0	0	0	0	0	0	0	22	0	0	0	0	0	0	0	0	0	0	0	0	0	0	0	0	0	0	0	0	0	0	0	0	0	0	0	0	0	0	0	0	0	0	0	0	0	0	0	0	0	0	0	0	0	0	0	0	0	0	0	0	0	0	0	0
3	0	0	0	0	0	0	0	0	100	0	0	0	0	0	0	3	20	4	0	0	56	0	0	0	1	0	0	0	0	124	0	0	0	0	0	0	0	0	0	0	0	0	25	19	0	0	3	0	0	0	0	97	0	55	2	73	4	0	0	0	0	0	0	0	0	32	7	0	0	30	2	0	59
26	0	0	0	0	221	0	0	0	0	0	0	2	1	0	0	312	0	170	20	179	134	5	15	0	134	0	0	185	0	1	0	75	35	142	0	0	0	0	204	0	0	0	0	52	1	0	0	0	0	0	0	1	0	86	2	7	7	0	1	0	0	0	0	0	0	117	0	0	0	1	5	0	0
0	0	0	0	0	0	0	0	0	108	0	0	0	0	2	0	1	6	0	0	0	0	0	0	0	0	0	0	0	0	225	0	0	0	0	0	0	0	0	0	0	0	0	0	26	0	0	0	0	0	97	1	0	0	2	0	55	0	0	0	0	0	0	0	0	0	0	0	0	0	0	0	0	0
0	0	0	0	0	0	0	0	0	0	0	0	0	0	0	0	0	0	0	0	0	0	0	0	0	0	0	0	0	0	0	0	0	0	0	0	0	0	0	0	0	0	0	0	0	0	0	0	0	0	0	0	0	0	0	0	0	0	0	0	0	0	0	0	0	0	0	0	0	0	0	0	0	0
70	0	0	0	0	2	0	0	0	0	0	0	13	0	0	7	87	0	1	4	5	29	1	20	0	32	0	0	13	0	76	0	0	3	5	0	0	0	0	21	0	0	0	1	19	0	0	0	0	0	55	86	2	0	0	0	0	0	0	32	0	0	0	0	0	0	3	3	0	0	1	0	3	0
19	0	0	0	0	0	0	2	0	4	0	0	0	1	0	0	2	0	2	0	9	18	0	14	0	0	0	0	57	0	0	0	0	0	3	0	0	0	0	2	2	0	0	0	8	0	0	0	0	0	2	2	0	0	0	0	44	0	2	94	0	0	0	0	0	0	0	9	0	0	17	0	0	0
0	0	34	0	0	1	0	0	0	145	2	0	5	7	83	0	3	1	9	11	1	2	2	0	0	1	0	0	7	0	123	0	2	2	2	0	0	0	0	2	0	3	0	5	10	0	3	49	0	0	73	7	55	0	0	44	0	13	5	11	0	43	0	0	0	0	2	2	0	0	58	0	0	39
8	0	0	0	0	0	0	0	0	14	0	0	2	0	0	0	11	0	0	14	1	2	0	2	0	3	0	0	69	0	1	0	0	0	0	0	0	0	0	0	0	0	0	0	7	0	0	0	0	0	4	7	0	0	0	0	13	0	4	77	0	3	0	0	0	0	0	0	0	0	0	0	0	0
1	5	2	0	0	0	0	2	0	0	0	0	37	18	0	0	1	0	0	2	9	0	2	0	0	1	0	0	115	0	1	0	0	0	5	0	0	0	0	0	0	22	0	0	3	0	2	0	0	0	0	0	0	0	0	2	5	4	0	276	0	0	0	0	0	0	32	0	0	0	2	4	0	0
0	5	1	0	17	0	0	104	0	0	0	0	80	3	0	0	39	0	129	28	15	17	92	2	0	2	0	0	182	0	1	0	6	105	105	0	0	0	0	229	0	0	0	0	25	5	0	0	0	0	0	1	0	0	32	94	11	77	276	0	0	0	0	13	0	0	52	103	0	0	11	93	0	0
0	0	0	0	0	0	0	0	0	0	0	0	0	0	0	0	0	0	0	0	0	0	0	0	0	0	0	0	0	0	0	0	0	0	0	0	0	0	0	0	0	0	0	0	0	0	0	0	0	0	0	0	0	0	0	0	0	0	0	0	0	0	0	0	0	0	0	0	0	0	0	0	0	0
0	0	28	1	89	0	0	0	0	18	184	0	1	308	1	23	1	2	1	0	1	0	3	0	0	20	0	0	0	0	46	0	63	3	0	0	0	0	0	0	2	194	0	0	28	3	31	0	0	0	0	0	0	0	0	0	43	3	0	0	0	0	0	2	0	0	0	0	0	0	0	60	163	0
0	0	0	0	0	0	0	0	0	0	0	0	0	0	0	0	0	0	0	0	0	0	0	0	0	0	0	0	0	0	0	0	0	0	0	0	0	0	0	0	0	0	0	0	0	0	0	0	0	0	0	0	0	0	0	0	0	0	0	0	0	0	0	0	0	0	0	0	0	0	0	0	0	0
0	2	0	0	0	0	0	0	0	0	10	0	2	0	0	0	1	0	0	0	0	0	0	0	0	0	0	0	0	0	1	0	1	0	0	0	0	0	0	0	0	0	0	0	0	0	0	0	0	0	0	0	0	0	0	0	0	0	0	13	0	2	0	0	0	0	0	0	0	0	0	0	69	0
0	0	0	0	0	0	0	0	0	0	0	0	0	0	0	0	0	0	0	0	0	0	0	0	0	0	0	0	0	0	0	0	0	0	0	0	0	0	0	0	0	0	0	0	0	0	0	0	0	0	0	0	0	0	0	0	0	0	0	0	0	0	0	0	0	0	0	0	0	0	0	0	0	0
0	0	0	1	0	0	0	0	0	15	0	0	0	0	33	0	0	0	0	0	0	0	0	0	0	0	0	0	0	0	0	0	0	0	0	20	0	0	0	0	0	0	0	2	0	0	0	19	0	0	0	0	0	0	0	0	0	0	0	0	0	0	0	0	0	0	0	0	0	0	0	0	0	0
37	3	0	0	0	0	0	0	0	4	0	0	2	0	0	0	53	0	0	0	6	41	0	0	0	4	0	0	102	0	58	0	0	0	0	0	0	0	0	0	0	0	0	0	46	0	0	0	0	0	32	117	0	0	3	0	2	0	32	52	0	0	0	0	0	0	0	0	0	0	0	0	0	0
92	2	0	0	0	0	0	0	0	0	0	0	0	0	0	0	2	0	0	1	1	44	0	124	0	2	0	0	111	0	17	0	0	0	2	0	0	0	0	0	0	0	0	0	20	0	0	0	0	0	7	0	0	0	3	9	2	0	0	103	0	0	0	0	0	0	0	0	0	0	0	0	0	0
0	0	0	0	0	0	0	0	0	0	0	0	0	0	0	0	0	0	0	0	0	0	0	0	0	0	0	0	0	0	0	0	0	0	0	0	0	0	0	0	0	0	0	0	0	0	0	0	0	0	0	0	0	0	0	0	0	0	0	0	0	0	0	0	0	0	0	0	0	0	0	0	0	0
0	0	0	0	0	0	0	0	0	0	0	0	0	0	0	0	0	0	0	0	0	0	0	0	0	0	0	0	0	0	0	0	0	0	0	0	0	0	0	0	0	0	0	0	0	0	0	0	0	0	0	0	0	0	0	0	0	0	0	0	0	0	0	0	0	0	0	0	0	0	0	0	0	0
0	0	0	23	0	0	0	0	0	107	30	0	0	0	2	0	2	0	0	20	0	0	0	12	0	0	0	0	4	0	18	0	0	0	0	0	0	0	0	0	0	0	0	0	2	0	0	0	0	0	30	1	0	0	1	17	58	0	2	11	0	0	0	0	0	0	0	0	0	0	0	0	0	0
1	0	0	0	0	0	0	0	0	3	32	0	72	6	2	0	9	4	0	3	2	1	0	0	0	5	1	0	1	0	19	0	1	0	0	0	0	0	0	5	1	0	0	0	14	0	0	0	0	0	2	5	0	0	0	0	0	0	4	93	0	60	0	0	0	0	0	0	0	0	0	0	90	0
0	1	0	0	110	0	0	0	0	2	165	0	9	0	0	12	2	0	0	0	0	0	1	4	0	0	1	0	6	0	0	0	19	107	0	0	0	0	0	0	0	14	0	0	1	0	1	0	0	0	0	0	0	0	3	0	0	0	0	0	0	163	0	69	0	0	0	0	0	0	0	90	0	0
22	2	0	1	0	0	0	0	0	0	0	0	0	0	1	0	0	2	0	0	0	13	0	2	0	0	0	0	0	0	44	0	0	0	0	0	0	0	0	0	0	0	0	0	3	0	0	0	0	0	59	0	0	0	0	0	39	0	0	0	0	0	0	0	0	0	0	0	0	0	0	0	0	0
