0	0	0	0	0	0	0	0	0	0	0	0	0	0	0	0	0	0	0	0	0	0	0	0	0	0	0	0	0	0	0	0	0	0	0	0	0	0	0	0	0	0	0	0	0	0	0	0	0	0	0	0	0	0	0	0	0	0	0	0	0	0	0	0	0	0	0	0	0	0	0	0	0	0
0	0	3	0	3	0	0	0	0	0	0	0	0	5	1	0	0	0	0	0	0	0	0	0	0	0	0	0	0	0	0	0	0	0	0	1	0	0	0	0	3	1	0	0	0	6	4	0	0	0	0	0	0	0	0	0	3	4	0	0	10	8	0	0	0	0	0	0	0	0	0	0	0	0
0	3	0	0	101	0	0	0	0	0	0	0	3	89	63	0	0	0	0	0	0	0	0	0	0	0	163	0	1	0	5	0	0	0	0	56	0	0	0	0	73	1	0	66	0	0	14	69	0	0	0	0	0	0	0	0	45	2	0	0	11	0	0	4	0	69	0	0	0	58	0	48	10	0
0	0	0	0	0	0	0	0	0	0	0	0	0	0	0	0	0	0	0	0	0	0	0	0	0	0	0	0	0	0	0	0	0	0	0	0	0	0	0	0	0	0	0	0	0	0	0	0	0	0	0	0	0	0	0	0	0	0	0	0	0	0	0	0	0	0	0	0	0	0	8	0	0	0
0	3	101	0	0	0	0	0	0	0	0	0	46	114	20	0	1	0	0	0	0	0	0	0	0	0	0	0	0	0	1	0	2	63	0	4	0	0	0	1	63	22	0	0	0	2	4	0	0	0	0	0	0	0	0	0	12	35	0	0	14	37	0	6	0	0	1	0	6	0	1	90	125	0
0	0	0	0	0	0	0	0	0	0	0	0	0	0	0	0	0	0	0	0	0	0	0	0	0	0	0	0	0	0	0	0	0	0	0	0	0	0	0	0	0	0	0	0	0	0	0	0	0	0	0	0	0	0	0	0	0	0	0	0	0	0	0	0	0	0	0	0	0	0	0	0	0	0
0	0	0	0	0	0	0	0	0	0	0	0	0	0	0	0	0	0	0	0	0	0	0	0	0	0	0	0	0	0	0	0	0	0	0	0	0	0	0	0	0	0	0	0	1	0	0	0	0	0	0	1	0	0	0	0	0	18	0	0	0	0	0	0	0	0	0	0	0	0	0	0	0	0
0	0	0	0	0	0	0	0	0	0	0	0	8	0	0	0	1	0	0	0	7	1	0	0	0	2	0	0	4	0	0	0	5	0	0	0	0	0	0	2	0	0	0	0	0	0	0	0	0	0	0	1	0	0	0	0	1	0	0	0	0	0	0	0	0	0	0	0	0	0	0	0	0	0
0	0	0	0	0	0	0	0	0	0	0	0	0	0	0	0	0	0	0	0	0	0	0	0	0	0	0	0	0	0	0	0	0	0	0	0	0	0	0	0	0	0	0	0	0	0	0	0	0	0	0	0	0	0	0	0	0	0	0	0	0	0	0	0	0	0	0	0	0	0	0	0	0	0
0	0	0	0	0	0	0	0	0	0	0	0	0	0	0	0	1	0	0	0	0	0	0	0	0	0	0	0	5	0	0	0	1	0	0	0	0	0	0	2	0	0	0	1	0	0	0	1	0	0	0	0	0	0	0	0	1	0	0	0	0	0	0	0	0	1	0	0	0	1	0	0	0	0
0	0	0	0	0	0	0	0	0	0	0	0	0	0	0	0	0	0	0	0	0	0	0	0	0	0	0	0	0	0	0	0	0	0	0	0	0	0	0	0	0	0	0	0	0	0	0	0	0	0	0	0	0	0	0	0	0	0	0	0	0	0	0	0	0	0	0	0	0	0	0	0	0	0
0	0	0	0	0	0	0	0	0	0	0	0	0	0	0	0	0	0	0	0	0	0	0	0	0	0	0	0	0	0	0	0	0	0	0	0	0	0	0	0	0	0	0	0	0	0	0	0	0	0	0	0	0	0	0	0	0	0	0	0	0	0	0	0	0	0	0	0	0	0	0	0	0	0
0	0	3	0	46	0	0	8	0	0	0	0	0	2	0	2	4	0	85	0	15	0	0	0	0	0	0	0	0	0	0	0	38	151	0	1	0	0	0	89	2	2	0	0	0	45	1	0	0	0	0	2	0	0	3	1	11	1	0	0	2	0	0	1	0	0	2	0	0	0	92	2	0	0
0	5	89	0	114	0	0	0	0	0	0	0	2	0	7	0	0	0	0	0	0	0	0	0	0	1	0	0	0	0	0	0	0	0	0	0	0	0	0	0	0	0	0	0	0	0	18	0	0	0	0	0	0	0	1	0	0	3	0	0	98	91	0	0	0	5	0	0	0	0	0	162	1	0
0	1	63	0	20	0	0	0	0	0	0	0	0	7	0	12	0	0	0	0	0	0	0	0	0	0	0	0	0	0	1	0	0	0	0	96	0	0	0	0	5	37	0	95	0	11	2	89	0	0	0	0	0	0	0	0	43	20	0	0	2	14	0	0	0	25	0	0	0	61	0	11	0	0
0	0	0	0	0	0	0	0	0	0	0	0	2	0	12	0	0	0	0	0	0	0	0	0	0	0	0	0	0	0	14	0	0	5	0	0	0	0	0	0	0	0	0	0	0	0	0	0	0	0	0	0	0	0	6	0	0	1	0	0	0	3	0	0	0	0	0	0	0	0	0	0	14	0
0	0	0	0	1	0	0	1	0	1	0	0	4	0	0	0	0	0	33	0	64	5	0	0	0	32	0	0	4	0	1	0	46	61	2	0	0	0	0	47	0	0	0	0	5	18	0	0	0	0	1	0	0	0	11	1	0	0	0	0	0	0	0	0	0	0	25	0	0	16	17	1	0	0
0	0	0	0	0	0	0	0	0	0	0	0	0	0	0	0	0	0	0	0	0	0	0	0	0	0	0	0	0	0	0	0	0	0	0	0	0	0	0	0	0	0	0	0	0	0	0	0	0	97	0	0	0	0	0	0	0	0	0	0	0	0	0	0	0	0	0	0	0	0	0	0	0	0
0	0	0	0	0	0	0	0	0	0	0	0	85	0	0	0	33	0	0	0	20	0	0	0	0	60	0	0	76	0	6	0	3	0	0	0	0	0	0	7	0	14	0	0	0	0	0	0	0	0	14	8	0	0	0	1	0	1	0	0	0	0	0	0	0	0	0	0	0	4	0	0	1	0
0	0	0	0	0	0	0	0	0	0	0	0	0	0	0	0	0	0	0	0	0	0	0	0	0	0	0	0	0	0	0	0	0	0	0	0	0	0	0	0	0	0	0	0	0	0	0	0	0	0	0	0	0	0	0	0	0	0	0	0	0	0	0	0	0	0	0	0	0	0	0	0	0	0
0	0	0	0	0	0	0	7	0	0	0	0	15	0	0	0	64	0	20	0	0	0	0	0	0	76	0	0	0	0	0	0	18	32	1	0	0	0	0	34	0	0	0	0	1	0	0	0	0	0	1	0	0	0	4	0	0	1	0	0	0	0	0	0	0	0	0	0	0	0	0	0	0	0
0	0	0	0	0	0	0	1	0	0	0	0	0	0	0	0	5	0	0	0	0	0	0	95	0	21	0	0	26	0	14	0	0	1	0	0	0	0	0	0	0	0	0	0	10	0	0	0	0	0	4	0	0	0	78	0	0	3	0	0	0	0	0	0	0	0	3	0	0	0	0	0	0	1
0	0	0	0	0	0	0	0	0	0	0	0	0	0	0	0	0	0	0	0	0	0	0	0	0	0	0	0	0	0	0	0	0	0	0	0	0	0	0	0	0	0	0	0	0	0	0	0	0	0	0	0	0	0	0	0	0	0	0	0	0	0	0	0	0	0	0	0	0	0	0	0	0	0
0	0	0	0	0	0	0	0	0	0	0	0	0	0	0	0	0	0	0	0	0	95	0	0	310	1	0	0	20	0	0	0	12	0	38	0	0	0	0	0	0	0	0	0	0	0	0	0	0	0	2	1	0	0	12	16	0	5	0	0	0	0	0	0	0	0	4	0	0	0	0	0	0	0
0	0	0	0	0	0	0	0	0	0	0	0	0	0	0	0	0	0	0	0	0	0	0	310	0	0	0	0	0	0	0	0	0	0	0	0	0	0	0	0	0	0	0	0	0	0	0	0	0	0	0	0	0	0	0	0	0	0	0	0	0	0	0	0	0	0	0	0	0	0	0	0	0	0
0	0	0	0	0	0	0	2	0	0	0	0	0	1	0	0	32	0	60	0	76	21	0	1	0	0	0	0	28	0	4	0	30	9	26	0	0	0	0	86	0	0	0	1	5	10	0	0	0	0	0	37	0	0	21	0	11	12	0	0	0	0	0	0	0	0	29	0	0	0	10	0	0	1
0	0	163	0	0	0	0	0	0	0	0	0	0	0	0	0	0	0	0	0	0	0	0	0	0	0	0	0	0	0	0	0	0	0	0	114	0	0	0	0	107	1	0	1	0	1	0	8	0	0	0	0	0	0	0	0	0	0	0	0	0	0	0	0	0	115	0	0	0	0	0	0	0	0
0	0	0	0	0	0	0	0	0	0	0	0	0	0	0	0	0	0	0	0	0	0	0	0	0	0	0	0	0	0	0	0	0	0	0	0	0	0	0	0	0	0	0	0	0	0	0	0	0	0	0	0	0	0	0	0	0	0	0	0	0	0	0	0	0	0	0	0	0	0	0	0	0	0
0	0	1	0	0	0	0	4	0	5	0	0	0	0	0	0	4	0	76	0	0	26	0	20	0	28	0	0	0	0	0	0	30	0	98	0	0	0	0	109	0	1	0	0	0	17	0	0	0	0	0	3	0	0	3	2	6	121	0	0	0	0	0	0	0	0	86	0	0	5	54	1	0	0
0	0	0	0	0	0	0	0	0	0	0	0	0	0	0	0	0	0	0	0	0	0	0	0	0	0	0	0	0	0	0	0	0	0	0	0	0	0	0	0	0	0	0	0	0	0	0	0	0	0	0	0	0	0	0	0	0	0	0	0	0	0	0	0	0	0	0	0	0	0	0	0	0	0
0	0	5	0	1	0	0	0	0	0	0	0	0	0	1	14	1	0	6	0	0	14	0	0	0	4	0	0	0	0	0	0	0	1	1	1	0	0	0	0	0	16	0	82	0	0	33	5	0	0	42	3	0	0	16	0	17	3	0	0	0	0	0	15	0	0	56	0	0	0	0	0	1	51
0	0	0	0	0	0	0	0	0	0	0	0	0	0	0	0	0	0	0	0	0	0	0	0	0	0	0	0	0	0	0	0	0	0	0	0	0	0	0	0	0	0	0	0	0	0	0	0	0	0	0	0	0	0	0	0	0	0	0	0	0	0	0	0	0	0	0	0	0	0	0	0	0	0
0	0	0	0	2	0	0	5	0	1	0	0	38	0	0	0	46	0	3	0	18	0	0	12	0	30	0	0	30	0	0	0	0	10	6	0	0	0	0	14	0	1	0	0	0	0	0	0	0	0	0	4	0	0	1	4	5	1	0	0	0	0	0	0	0	0	1	0	0	4	5	0	0	0
0	0	0	0	63	0	0	0	0	0	0	0	151	0	0	5	61	0	0	0	32	1	0	0	0	9	0	0	0	0	1	0	10	0	0	0	0	0	0	96	0	0	0	0	0	82	0	0	0	0	0	11	0	0	2	0	0	113	0	0	0	0	0	0	0	0	9	0	0	8	103	1	209	0
0	0	0	0	0	0	0	0	0	0	0	0	0	0	0	0	2	0	0	0	1	0	0	38	0	26	0	0	98	0	1	0	6	0	0	0	0	0	0	3	0	0	0	0	0	0	0	0	0	0	0	3	0	0	1	0	5	72	0	0	0	0	0	0	0	0	0	0	0	5	0	0	0	0
0	1	56	0	4	0	0	0	0	0	0	0	1	0	96	0	0	0	0	0	0	0	0	0	0	0	114	0	0	0	1	0	0	0	0	0	0	0	0	0	0	10	0	0	0	0	0	0	0	0	0	0	0	0	0	0	16	13	0	0	0	0	0	0	0	0	0	0	0	0	0	0	3	0
0	0	0	0	0	0	0	0	0	0	0	0	0	0	0	0	0	0	0	0	0	0	0	0	0	0	0	0	0	0	0	0	0	0	0	0	0	0	0	0	0	0	0	0	0	0	0	0	0	0	0	0	0	0	0	0	0	0	0	0	0	0	0	0	0	0	0	0	0	0	0	0	0	0
0	0	0	0	0	0	0	0	0	0	0	0	0	0	0	0	0	0	0	0	0	0	0	0	0	0	0	0	0	0	0	0	0	0	0	0	0	0	0	0	0	0	0	0	0	0	0	0	0	0	0	0	0	0	0	0	0	0	0	0	0	0	0	0	0	0	0	0	0	0	0	0	0	0
0	0	0	0	0	0	0	0	0	0	0	0	0	0	0	0	0	0	0	0	0	0	0	0	0	0	0	0	0	0	0	0	0	0	0	0	0	0	0	0	0	0	0	0	0	0	0	0	0	0	0	0	0	0	0	0	0	0	0	0	0	0	0	0	0	0	0	0	0	0	0	0	0	0
0	0	0	0	1	0	0	2	0	2	0	0	89	0	0	0	47	0	7	0	34	0	0	0	0	86	0	0	109	0	0	0	14	96	3	0	0	0	0	0	0	0	0	0	0	3	0	0	0	0	0	20	0	0	4	0	0	0	0	0	0	0	0	0	0	0	0	0	0	10	5	0	0	0
0	3	73	0	63	0	0	0	0	0	0	0	2	0	5	0	0	0	0	0	0	0	0	0	0	0	107	0	0	0	0	0	0	0	0	0	0	0	0	0	0	11	0	0	1	0	0	0	0	0	0	0	0	0	0	0	1	30	0	0	0	1	0	0	0	0	0	0	0	0	0	0	14	0
0	1	1	0	22	0	0	0	0	0	0	0	2	0	37	0	0	0	14	0	0	0	0	0	0	0	1	0	1	0	16	0	1	0	0	10	0	0	0	0	11	0	0	80	0	25	0	12	0	0	0	0	0	0	0	0	53	6	0	0	0	7	0	0	0	4	1	0	0	0	6	4	16	0
0	0	0	0	0	0	0	0	0	0	0	0	0	0	0	0	0	0	0	0	0	0	0	0	0	0	0	0	0	0	0	0	0	0	0	0	0	0	0	0	0	0	0	0	0	0	0	0	0	0	0	0	0	0	0	0	0	0	0	0	0	0	0	0	0	0	0	0	0	0	0	0	0	0
0	0	66	0	0	0	0	0	0	1	0	0	0	0	95	0	0	0	0	0	0	0	0	0	0	1	1	0	0	0	82	0	0	0	0	0	0	0	0	0	0	80	0	0	2	0	0	0	0	0	21	0	0	0	0	0	93	55	0	0	0	0	0	0	0	0	0	0	2	6	0	0	13	0
0	0	0	0	0	0	1	0	0	0	0	0	0	0	0	0	5	0	0	0	1	10	0	0	0	5	0	0	0	0	0	0	0	0	0	0	0	0	0	0	1	0	0	2	0	0	0	0	0	0	0	0	0	0	58	2	21	0	0	0	0	0	0	0	0	0	12	0	0	10	0	1	0	3
0	6	0	0	2	0	0	0	0	0	0	0	45	0	11	0	18	0	0	0	0	0	0	0	0	10	1	0	17	0	0	0	0	82	0	0	0	0	0	3	0	25	0	0	0	0	0	0	0	0	0	0	0	0	0	0	0	67	0	0	0	4	0	0	0	0	0	0	0	7	0	0	3	0
0	4	14	0	4	0	0	0	0	0	0	0	1	18	2	0	0	0	0	0	0	0	0	0	0	0	0	0	0	0	33	0	0	0	0	0	0	0	0	0	0	0	0	0	0	0	0	0	0	0	0	0	0	0	0	0	1	0	0	0	0	1	0	0	0	0	0	0	0	0	0	0	11	0
0	0	69	0	0	0	0	0	0	1	0	0	0	0	89	0	0	0	0	0	0	0	0	0	0	0	8	0	0	0	5	0	0	0	0	0	0	0	0	0	0	12	0	0	0	0	0	0	0	0	1	0	0	0	0	0	96	0	0	0	0	0	0	0	0	0	0	0	0	16	0	0	0	0
0	0	0	0	0	0	0	0	0	0	0	0	0	0	0	0	0	0	0	0	0	0	0	0	0	0	0	0	0	0	0	0	0	0	0	0	0	0	0	0	0	0	0	0	0	0	0	0	0	0	0	0	0	0	0	0	0	0	0	0	0	0	0	0	0	0	0	0	0	0	0	0	0	0
0	0	0	0	0	0	0	0	0	0	0	0	0	0	0	0	0	97	0	0	0	0	0	0	0	0	0	0	0	0	0	0	0	0	0	0	0	0	0	0	0	0	0	0	0	0	0	0	0	0	0	0	0	0	0	0	0	0	0	0	0	0	0	0	0	0	0	0	0	0	0	0	0	0
0	0	0	0	0	0	0	0	0	0	0	0	0	0	0	0	1	0	14	0	1	4	0	2	0	0	0	0	0	0	42	0	0	0	0	0	0	0	0	0	0	0	0	21	0	0	0	1	0	0	0	0	0	0	2	0	0	2	0	0	0	0	0	0	0	0	18	0	0	1	0	0	0	14
0	0	0	0	0	0	1	1	0	0	0	0	2	0	0	0	0	0	8	0	0	0	0	1	0	37	0	0	3	0	3	0	4	11	3	0	0	0	0	20	0	0	0	0	0	0	0	0	0	0	0	0	0	0	20	2	28	9	0	0	0	0	0	0	0	0	76	0	0	0	46	0	0	0
0	0	0	0	0	0	0	0	0	0	0	0	0	0	0	0	0	0	0	0	0	0	0	0	0	0	0	0	0	0	0	0	0	0	0	0	0	0	0	0	0	0	0	0	0	0	0	0	0	0	0	0	0	0	0	0	0	0	0	0	0	0	0	0	0	0	0	0	0	0	0	0	0	0
0	0	0	0	0	0	0	0	0	0	0	0	0	0	0	0	0	0	0	0	0	0	0	0	0	0	0	0	0	0	0	0	0	0	0	0	0	0	0	0	0	0	0	0	0	0	0	0	0	0	0	0	0	0	0	0	0	0	0	0	0	0	0	0	0	0	0	0	0	0	0	0	0	0
0	0	0	0	0	0	0	0	0	0	0	0	3	1	0	6	11	0	0	0	4	78	0	12	0	21	0	0	3	0	16	0	1	2	1	0	0	0	0	4	0	0	0	0	58	0	0	0	0	0	2	20	0	0	0	151	1	1	0	0	0	1	0	0	0	0	73	0	0	2	0	0	0	0
0	0	0	0	0	0	0	0	0	0	0	0	1	0	0	0	1	0	1	0	0	0	0	16	0	0	0	0	2	0	0	0	4	0	0	0	0	0	0	0	0	0	0	0	2	0	0	0	0	0	0	2	0	0	151	0	88	0	0	0	0	0	0	0	0	0	0	0	0	66	0	0	0	0
0	3	45	0	12	0	0	1	0	1	0	0	11	0	43	0	0	0	0	0	0	0	0	0	0	11	0	0	6	0	17	0	5	0	5	16	0	0	0	0	1	53	0	93	21	0	1	96	0	0	0	28	0	0	1	88	0	18	0	0	1	11	0	1	0	0	0	0	6	90	4	3	2	10
0	4	2	0	35	0	18	0	0	0	0	0	1	3	20	1	0	0	1	0	1	3	0	5	0	12	0	0	121	0	3	0	1	113	72	13	0	0	0	0	30	6	0	55	0	67	0	0	0	0	2	9	0	0	1	0	18	0	0	0	1	7	0	0	0	0	70	0	11	5	73	27	15	16
0	0	0	0	0	0	0	0	0	0	0	0	0	0	0	0	0	0	0	0	0	0	0	0	0	0	0	0	0	0	0	0	0	0	0	0	0	0	0	0	0	0	0	0	0	0	0	0	0	0	0	0	0	0	0	0	0	0	0	0	0	0	0	0	0	0	0	0	0	0	0	0	0	0
0	0	0	0	0	0	0	0	0	0	0	0	0	0	0	0	0	0	0	0	0	0	0	0	0	0	0	0	0	0	0	0	0	0	0	0	0	0	0	0	0	0	0	0	0	0	0	0	0	0	0	0	0	0	0	0	0	0	0	0	0	0	0	0	0	0	0	0	0	0	0	0	0	0
0	10	11	0	14	0	0	0	0	0	0	0	2	98	2	0	0	0	0	0	0	0	0	0	0	0	0	0	0	0	0	0	0	0	0	0	0	0	0	0	0	0	0	0	0	0	0	0	0	0	0	0	0	0	0	0	1	1	0	0	0	40	0	0	0	0	0	0	0	0	0	0	0	0
0	8	0	0	37	0	0	0	0	0	0	0	0	91	14	3	0	0	0	0	0	0	0	0	0	0	0	0	0	0	0	0	0	0	0	0	0	0	0	0	1	7	0	0	0	4	1	0	0	0	0	0	0	0	1	0	11	7	0	0	40	0	0	8	0	0	0	0	6	0	0	36	46	0
0	0	0	0	0	0	0	0	0	0	0	0	0	0	0	0	0	0	0	0	0	0	0	0	0	0	0	0	0	0	0	0	0	0	0	0	0	0	0	0	0	0	0	0	0	0	0	0	0	0	0	0	0	0	0	0	0	0	0	0	0	0	0	0	0	0	0	0	0	0	0	0	0	0
0	0	4	0	6	0	0	0	0	0	0	0	1	0	0	0	0	0	0	0	0	0	0	0	0	0	0	0	0	0	15	0	0	0	0	0	0	0	0	0	0	0	0	0	0	0	0	0	0	0	0	0	0	0	0	0	1	0	0	0	0	8	0	0	0	0	0	0	0	0	0	0	21	0
0	0	0	0	0	0	0	0	0	0	0	0	0	0	0	0	0	0	0	0	0	0	0	0	0	0	0	0	0	0	0	0	0	0	0	0	0	0	0	0	0	0	0	0	0	0	0	0	0	0	0	0	0	0	0	0	0	0	0	0	0	0	0	0	0	0	0	0	0	0	0	0	0	0
0	0	69	0	0	0	0	0	0	1	0	0	0	5	25	0	0	0	0	0	0	0	0	0	0	0	115	0	0	0	0	0	0	0	0	0	0	0	0	0	0	4	0	0	0	0	0	0	0	0	0	0	0	0	0	0	0	0	0	0	0	0	0	0	0	0	0	0	0	0	0	0	0	0
0	0	0	0	1	0	0	0	0	0	0	0	2	0	0	0	25	0	0	0	0	3	0	4	0	29	0	0	86	0	56	0	1	9	0	0	0	0	0	0	0	1	0	0	12	0	0	0	0	0	18	76	0	0	73	0	0	70	0	0	0	0	0	0	0	0	0	0	0	6	0	0	0	0
0	0	0	0	0	0	0	0	0	0	0	0	0	0	0	0	0	0	0	0	0	0	0	0	0	0	0	0	0	0	0	0	0	0	0	0	0	0	0	0	0	0	0	0	0	0	0	0	0	0	0	0	0	0	0	0	0	0	0	0	0	0	0	0	0	0	0	0	0	0	0	0	0	0
0	0	0	0	6	0	0	0	0	0	0	0	0	0	0	0	0	0	0	0	0	0	0	0	0	0	0	0	0	0	0	0	0	0	0	0	0	0	0	0	0	0	0	2	0	0	0	0	0	0	0	0	0	0	0	0	6	11	0	0	0	6	0	0	0	0	0	0	0	0	1	4	6	0
0	0	58	0	0	0	0	0	0	1	0	0	0	0	61	0	16	0	4	0	0	0	0	0	0	0	0	0	5	0	0	0	4	8	5	0	0	0	0	10	0	0	0	6	10	7	0	16	0	0	1	0	0	0	2	66	90	5	0	0	0	0	0	0	0	0	6	0	0	0	9	0	0	3
0	0	0	8	1	0	0	0	0	0	0	0	92	0	0	0	17	0	0	0	0	0	0	0	0	10	0	0	54	0	0	0	5	103	0	0	0	0	0	5	0	6	0	0	0	0	0	0	0	0	0	46	0	0	0	0	4	73	0	0	0	0	0	0	0	0	0	0	1	9	0	0	0	0
0	0	48	0	90	0	0	0	0	0	0	0	2	162	11	0	1	0	0	0	0	0	0	0	0	0	0	0	1	0	0	0	0	1	0	0	0	0	0	0	0	4	0	0	1	0	0	0	0	0	0	0	0	0	0	0	3	27	0	0	0	36	0	0	0	0	0	0	4	0	0	0	14	0
0	0	10	0	125	0	0	0	0	0	0	0	0	1	0	14	0	0	1	0	0	0	0	0	0	0	0	0	0	0	1	0	0	209	0	3	0	0	0	0	14	16	0	13	0	3	11	0	0	0	0	0	0	0	0	0	2	15	0	0	0	46	0	21	0	0	0	0	6	0	0	14	0	0
0	0	0	0	0	0	0	0	0	0	0	0	0	0	0	0	0	0	0	0	0	1	0	0	0	1	0	0	0	0	51	0	0	0	0	0	0	0	0	0	0	0	0	0	3	0	0	0	0	0	14	0	0	0	0	0	10	16	0	0	0	0	0	0	0	0	0	0	0	3	0	0	0	0
