0	0	0	0	0	0	0	2	0	0	0	0	108	0	0	0	0	0	7	3	0	0	0	31	24	0	0	0	32	0	0	0	16	67	52	0	0	0	0	42	0	0	0	0	31	0	0	0	0	0	0	80	0	0	38	8	0	1	0	0	0	0	0	0	0	0	81	0	0	1	72	0	0	0
0	0	0	0	1	0	1	3	0	0	0	0	1	3	0	0	0	1	0	2	0	0	0	0	0	0	0	0	2	0	0	0	2	2	3	0	0	0	0	3	0	0	0	1	0	0	2	3	0	0	0	0	1	0	2	0	1	0	0	0	0	4	0	1	0	0	0	0	0	2	3	0	1	0
0	0	0	0	0	0	0	0	0	5	0	0	0	27	0	0	0	0	0	0	0	0	0	0	0	0	150	0	0	0	0	0	0	0	0	2	0	0	0	0	3	0	0	32	0	0	11	39	0	0	0	0	0	0	0	0	67	0	0	0	0	12	0	6	0	0	0	0	0	23	0	0	2	0
0	0	0	0	0	0	0	0	0	0	0	0	0	0	0	0	0	0	0	0	0	0	0	0	0	0	0	0	0	0	0	0	0	0	0	0	0	0	0	0	0	0	0	0	0	0	0	0	0	0	0	0	0	0	0	0	0	0	0	0	0	0	0	0	0	0	0	0	0	0	0	0	0	0
0	1	0	0	0	0	0	0	0	0	0	0	12	26	0	46	0	0	0	0	0	0	0	0	0	0	0	0	0	0	0	0	5	1	1	0	0	0	0	11	0	0	0	0	0	5	0	0	0	0	0	0	0	0	0	0	9	16	0	0	0	84	0	25	0	0	0	0	0	2	8	0	11	5
0	0	0	0	0	0	0	0	0	0	0	0	0	0	0	0	0	0	0	0	0	0	0	0	0	0	0	0	0	0	0	0	0	0	0	0	0	0	0	0	0	0	0	0	0	0	0	0	0	0	0	0	0	0	0	0	0	0	0	0	0	0	0	0	0	0	0	0	0	0	0	0	0	0
0	1	0	0	0	0	0	0	0	0	35	0	0	0	0	0	0	6	0	0	0	0	0	2	0	0	0	0	0	0	0	0	0	0	1	0	0	0	0	0	49	0	0	0	7	0	0	0	0	0	0	1	0	0	0	0	0	0	0	0	0	2	0	0	0	0	0	0	0	0	0	0	0	0
2	3	0	0	0	0	0	0	0	0	0	0	183	0	0	0	0	0	0	8	0	0	0	0	0	55	0	0	11	0	0	0	9	0	34	0	0	0	0	33	0	0	0	0	0	0	0	0	0	0	0	57	0	0	0	0	0	14	0	0	0	0	0	0	0	0	0	0	0	0	2	0	1	0
0	0	0	0	0	0	0	0	0	0	0	0	0	0	0	0	0	0	0	0	0	0	0	0	0	0	0	0	0	0	0	0	0	0	0	0	0	0	0	0	0	0	0	0	0	0	0	0	0	0	0	0	0	0	0	0	0	0	0	0	0	0	0	0	0	0	0	0	0	0	0	0	0	0
0	0	5	0	0	0	0	0	0	0	0	0	0	2	0	0	0	0	0	0	0	0	0	0	0	0	1	0	0	0	0	0	0	0	0	0	0	0	0	0	0	0	0	1	0	0	0	1	0	0	0	0	1	0	0	0	1	1	0	0	0	0	0	0	0	0	0	0	0	0	0	0	0	0
0	0	0	0	0	0	35	0	0	0	0	0	0	1	0	0	0	0	0	0	0	0	0	0	0	0	0	0	0	0	0	0	1	0	0	0	0	0	0	1	19	0	0	0	0	0	0	0	0	0	0	0	0	0	0	0	0	0	0	0	3	10	0	0	0	0	0	0	0	0	0	0	0	0
0	0	0	0	0	0	0	0	0	0	0	0	0	0	0	0	0	0	0	0	0	0	0	0	0	0	0	0	0	0	0	0	0	0	0	0	0	0	0	0	0	0	0	0	0	0	0	0	0	0	0	0	0	0	0	0	0	0	0	0	0	0	0	0	0	0	0	0	0	0	0	0	0	0
108	1	0	0	12	0	0	183	0	0	0	0	0	1	0	21	0	0	21	5	0	0	0	0	1	4	0	0	12	0	0	0	79	135	73	0	0	0	0	201	0	0	0	0	0	4	0	0	0	0	0	5	0	0	4	4	12	25	0	0	0	2	0	24	0	0	0	0	0	2	166	2	0	1
0	3	27	0	26	0	0	0	0	2	1	0	1	0	0	0	0	1	0	4	0	0	0	0	0	0	1	0	0	0	0	0	40	0	1	0	0	0	0	0	0	0	0	0	0	0	105	21	0	0	0	0	0	0	0	0	15	5	0	0	15	319	0	97	0	0	0	0	0	2	0	10	23	0
0	0	0	0	0	0	0	0	0	0	0	0	0	0	0	0	0	0	0	0	0	0	0	0	0	0	0	0	0	0	0	0	0	0	0	0	0	0	0	0	0	0	0	0	0	0	0	0	0	0	0	0	0	0	0	0	0	0	0	0	0	0	0	0	0	0	0	0	0	0	0	0	0	0
0	0	0	0	46	0	0	0	0	0	0	0	21	0	0	0	0	0	0	0	0	0	0	0	0	0	0	0	0	0	0	0	0	1	0	0	0	0	0	0	0	0	0	0	18	0	0	0	0	0	0	0	0	0	0	0	1	5	0	0	0	42	0	0	0	0	0	0	0	0	0	0	0	0
0	0	0	0	0	0	0	0	0	0	0	0	0	0	0	0	0	0	0	0	0	0	0	0	0	0	0	0	0	0	0	0	0	0	0	0	0	0	0	0	0	0	0	0	0	0	0	0	0	0	0	0	0	0	0	0	0	0	0	0	0	0	0	0	0	0	0	0	0	0	0	0	0	0
0	1	0	0	0	0	6	0	0	0	0	0	0	1	0	0	0	0	0	0	0	0	0	0	1	0	0	0	0	0	4	0	0	1	1	0	0	0	0	0	0	0	0	21	15	0	1	26	0	86	5	0	20	0	0	0	39	5	0	0	1	17	0	0	0	0	0	0	0	9	0	2	0	1
7	0	0	0	0	0	0	0	0	0	0	0	21	0	0	0	0	0	0	0	0	0	0	12	0	16	0	0	53	0	0	0	0	0	10	0	0	0	0	37	0	0	0	0	34	0	0	0	0	0	0	22	0	0	0	0	48	7	0	0	0	1	0	0	0	0	0	0	0	4	2	0	0	0
3	2	0	0	0	0	0	8	0	0	0	0	5	4	0	0	0	0	0	0	0	0	0	0	0	1	0	0	12	0	0	0	22	0	28	0	0	0	0	24	0	0	0	0	0	0	1	0	0	0	0	17	1	0	8	0	1	9	0	0	0	0	0	0	0	0	0	0	0	1	11	1	0	0
0	0	0	0	0	0	0	0	0	0	0	0	0	0	0	0	0	0	0	0	0	0	0	0	0	0	0	0	0	0	0	0	0	0	0	0	0	0	0	0	0	0	0	0	18	0	0	0	0	0	0	1	0	0	0	0	0	0	0	0	0	12	0	0	0	0	0	0	0	0	0	0	0	0
0	0	0	0	0	0	0	0	0	0	0	0	0	0	0	0	0	0	0	0	0	0	0	0	0	0	0	0	0	0	0	0	0	0	0	0	0	0	0	0	0	0	0	0	0	0	0	0	0	0	0	0	0	0	0	0	0	0	0	0	0	0	0	0	0	0	0	0	0	0	0	0	0	0
0	0	0	0	0	0	0	0	0	0	0	0	0	0	0	0	0	0	0	0	0	0	0	0	0	0	0	0	0	0	0	0	0	0	0	0	0	0	0	0	0	0	0	0	0	0	0	0	0	0	0	0	0	0	0	0	0	0	0	0	0	0	0	0	0	0	0	0	0	0	0	0	0	0
31	0	0	0	0	0	2	0	0	0	0	0	0	0	0	0	0	0	12	0	0	0	0	0	492	3	0	0	10	0	7	0	0	0	35	0	0	0	0	2	0	0	0	0	373	0	0	2	0	0	6	4	274	0	347	284	3	0	0	0	0	4	0	0	0	0	2	0	0	0	2	0	0	2
24	0	0	0	0	0	0	0	0	0	0	0	1	0	0	0	0	1	0	0	0	0	0	492	0	2	0	0	0	0	1	0	0	0	11	0	0	0	0	1	0	0	0	0	119	0	0	0	0	0	6	9	1	0	88	4	0	1	0	0	0	2	0	0	0	0	0	0	0	0	0	0	0	0
0	0	0	0	0	0	0	55	0	0	0	0	4	0	0	0	0	0	16	1	0	0	0	3	2	0	0	0	1	0	0	0	95	4	50	0	0	0	0	167	0	0	0	0	0	1	0	0	0	0	0	261	2	0	9	0	1	2	0	0	0	1	0	0	0	0	0	0	0	2	0	6	0	0
0	0	150	0	0	0	0	0	0	1	0	0	0	1	0	0	0	0	0	0	0	0	0	0	0	0	0	0	0	0	0	0	2	0	0	0	0	0	0	0	183	0	0	1	0	0	1	147	0	0	0	0	0	0	0	0	1	0	0	0	0	0	0	0	0	0	0	0	0	0	0	1	0	0
0	0	0	0	0	0	0	0	0	0	0	0	0	0	0	0	0	0	0	0	0	0	0	0	0	0	0	0	0	0	0	0	0	0	0	0	0	0	0	0	0	0	0	0	0	0	0	0	0	0	0	0	0	0	0	0	0	0	0	0	0	0	0	0	0	0	0	0	0	0	0	0	0	0
32	2	0	0	0	0	0	11	0	0	0	0	12	0	0	0	0	0	53	12	0	0	0	10	0	1	0	0	0	0	0	0	2	0	81	0	0	0	0	53	0	0	0	0	0	6	0	0	0	0	0	85	1	0	0	0	2	12	0	0	0	0	0	0	0	0	24	0	0	1	24	1	0	1
0	0	0	0	0	0	0	0	0	0	0	0	0	0	0	0	0	0	0	0	0	0	0	0	0	0	0	0	0	0	0	0	0	0	0	0	0	0	0	0	0	0	0	0	0	0	0	0	0	0	0	0	0	0	0	0	0	0	0	0	0	0	0	0	0	0	0	0	0	0	0	0	0	0
0	0	0	0	0	0	0	0	0	0	0	0	0	0	0	0	0	4	0	0	0	0	0	7	1	0	0	0	0	0	0	0	0	0	1	0	0	0	0	0	0	0	0	18	23	0	0	0	0	0	293	0	19	0	1	0	8	0	0	0	0	0	0	0	0	0	19	0	0	3	0	0	0	0
0	0	0	0	0	0	0	0	0	0	0	0	0	0	0	0	0	0	0	0	0	0	0	0	0	0	0	0	0	0	0	0	0	0	0	0	0	0	0	0	0	0	0	0	0	0	0	0	0	0	0	0	0	0	0	0	0	0	0	0	0	0	0	0	0	0	0	0	0	0	0	0	0	0
16	2	0	0	5	0	0	9	0	0	1	0	79	40	0	0	0	0	0	22	0	0	0	0	0	95	2	0	2	0	0	0	0	0	40	0	0	0	0	66	0	0	0	0	4	0	0	0	0	0	0	65	0	0	2	0	2	15	0	0	0	73	0	0	0	0	0	0	0	1	1	0	0	0
67	2	0	0	1	0	0	0	0	0	0	0	135	0	0	1	0	1	0	0	0	0	0	0	0	4	0	0	0	0	0	0	0	0	3	0	0	0	0	4	0	0	0	14	4	0	0	0	0	0	0	33	13	0	0	0	0	11	0	0	0	12	0	0	0	0	16	0	0	0	12	0	97	7
52	3	0	0	1	0	1	34	0	0	0	0	73	1	0	0	0	1	10	28	0	0	0	35	11	50	0	0	81	0	1	0	40	3	0	0	0	0	0	96	0	0	0	1	1	1	0	0	0	0	0	161	0	0	10	2	12	43	0	0	0	3	0	0	0	0	33	0	0	4	64	2	1	0
0	0	2	0	0	0	0	0	0	0	0	0	0	0	0	0	0	0	0	0	0	0	0	0	0	0	0	0	0	0	0	0	0	0	0	0	0	0	0	0	0	0	0	0	1	0	0	0	0	0	0	0	0	0	0	0	0	3	0	0	0	1	0	0	0	0	0	0	0	0	0	0	0	0
0	0	0	0	0	0	0	0	0	0	0	0	0	0	0	0	0	0	0	0	0	0	0	0	0	0	0	0	0	0	0	0	0	0	0	0	0	0	0	0	0	0	0	0	0	0	0	0	0	0	0	0	0	0	0	0	0	0	0	0	0	0	0	0	0	0	0	0	0	0	0	0	0	0
0	0	0	0	0	0	0	0	0	0	0	0	0	0	0	0	0	0	0	0	0	0	0	0	0	0	0	0	0	0	0	0	0	0	0	0	0	0	0	0	0	0	0	0	0	0	0	0	0	0	0	0	0	0	0	0	0	0	0	0	0	0	0	0	0	0	0	0	0	0	0	0	0	0
0	0	0	0	0	0	0	0	0	0	0	0	0	0	0	0	0	0	0	0	0	0	0	0	0	0	0	0	0	0	0	0	0	0	0	0	0	0	0	0	0	0	0	0	0	0	0	0	0	0	0	0	0	0	0	0	0	0	0	0	0	0	0	0	0	0	0	0	0	0	0	0	0	0
42	3	0	0	11	0	0	33	0	0	1	0	201	0	0	0	0	0	37	24	0	0	0	2	1	167	0	0	53	0	0	0	66	4	96	0	0	0	0	0	0	0	0	0	0	17	0	0	0	0	0	171	0	0	1	0	2	21	0	0	0	0	0	0	0	0	0	0	0	3	41	0	0	0
0	0	3	0	0	0	49	0	0	0	19	0	0	0	0	0	0	0	0	0	0	0	0	0	0	0	183	0	0	0	0	0	0	0	0	0	0	0	0	0	0	0	0	41	0	0	0	54	0	0	0	0	0	0	0	0	0	0	0	0	0	0	0	0	0	0	0	0	0	0	0	0	0	1
0	0	0	0	0	0	0	0	0	0	0	0	0	0	0	0	0	0	0	0	0	0	0	0	0	0	0	0	0	0	0	0	0	0	0	0	0	0	0	0	0	0	0	0	0	0	0	0	0	0	0	0	0	0	0	0	0	0	0	0	0	0	0	0	0	0	0	0	0	0	0	0	0	0
0	0	0	0	0	0	0	0	0	0	0	0	0	0	0	0	0	0	0	0	0	0	0	0	0	0	0	0	0	0	0	0	0	0	0	0	0	0	0	0	0	0	0	0	0	0	0	0	0	0	0	0	0	0	0	0	0	0	0	0	0	0	0	0	0	0	0	0	0	0	0	0	0	0
0	1	32	0	0	0	0	0	0	1	0	0	0	0	0	0	0	21	0	0	0	0	0	0	0	0	1	0	0	0	18	0	0	14	1	0	0	0	0	0	41	0	0	0	5	0	0	0	0	0	19	0	0	0	0	0	22	5	0	0	0	1	0	0	0	0	0	0	0	0	0	0	2	0
31	0	0	0	0	0	7	0	0	0	0	0	0	0	0	18	0	15	34	0	18	0	0	373	119	0	0	0	0	0	23	0	4	4	1	1	0	0	0	0	0	0	0	5	0	0	0	7	0	0	22	0	187	0	218	0	222	4	0	0	18	14	0	0	0	0	40	0	0	5	0	1	0	16
0	0	0	0	5	0	0	0	0	0	0	0	4	0	0	0	0	0	0	0	0	0	0	0	0	1	0	0	6	0	0	0	0	0	1	0	0	0	0	17	0	0	0	0	0	0	0	0	0	0	0	1	0	0	0	0	3	11	0	0	0	1	0	0	0	0	0	0	0	0	0	0	0	0
0	2	11	0	0	0	0	0	0	0	0	0	0	105	0	0	0	1	0	1	0	0	0	0	0	0	1	0	0	0	0	0	0	0	0	0	0	0	0	0	0	0	0	0	0	0	0	0	0	0	0	0	0	0	0	0	0	2	0	0	0	4	0	0	0	0	0	0	0	0	0	0	0	0
0	3	39	0	0	0	0	0	0	1	0	0	0	21	0	0	0	26	0	0	0	0	0	2	0	0	147	0	0	0	0	0	0	0	0	0	0	0	0	0	54	0	0	0	7	0	0	0	0	0	0	0	0	0	0	0	115	4	0	0	0	25	0	0	0	0	0	0	0	4	0	0	1	0
0	0	0	0	0	0	0	0	0	0	0	0	0	0	0	0	0	0	0	0	0	0	0	0	0	0	0	0	0	0	0	0	0	0	0	0	0	0	0	0	0	0	0	0	0	0	0	0	0	0	0	0	0	0	0	0	0	0	0	0	0	0	0	0	0	0	0	0	0	0	0	0	0	0
0	0	0	0	0	0	0	0	0	0	0	0	0	0	0	0	0	86	0	0	0	0	0	0	0	0	0	0	0	0	0	0	0	0	0	0	0	0	0	0	0	0	0	0	0	0	0	0	0	0	0	0	0	0	0	0	0	0	0	0	0	0	0	0	0	0	0	0	0	0	0	0	0	0
0	0	0	0	0	0	0	0	0	0	0	0	0	0	0	0	0	5	0	0	0	0	0	6	6	0	0	0	0	0	293	0	0	0	0	0	0	0	0	0	0	0	0	19	22	0	0	0	0	0	0	0	20	0	2	0	8	0	0	0	0	0	0	0	0	0	7	0	0	26	0	0	0	0
80	0	0	0	0	0	1	57	0	0	0	0	5	0	0	0	0	0	22	17	1	0	0	4	9	261	0	0	85	0	0	0	65	33	161	0	0	0	0	171	0	0	0	0	0	1	0	0	0	0	0	0	0	0	13	0	6	8	0	0	1	0	0	0	0	0	13	0	0	0	4	0	1	0
0	1	0	0	0	0	0	0	0	1	0	0	0	0	0	0	0	20	0	1	0	0	0	274	1	2	0	0	1	0	19	0	0	13	0	0	0	0	0	0	0	0	0	0	187	0	0	0	0	0	20	0	0	0	87	0	126	16	0	0	0	0	0	0	0	0	0	0	0	32	0	0	0	0
0	0	0	0	0	0	0	0	0	0	0	0	0	0	0	0	0	0	0	0	0	0	0	0	0	0	0	0	0	0	0	0	0	0	0	0	0	0	0	0	0	0	0	0	0	0	0	0	0	0	0	0	0	0	0	0	0	0	0	0	0	0	0	0	0	0	0	0	0	0	0	0	0	0
38	2	0	0	0	0	0	0	0	0	0	0	4	0	0	0	0	0	0	8	0	0	0	347	88	9	0	0	0	0	1	0	2	0	10	0	0	0	0	1	0	0	0	0	218	0	0	0	0	0	2	13	87	0	0	63	2	4	0	0	0	0	0	0	0	0	4	0	0	0	2	0	1	0
8	0	0	0	0	0	0	0	0	0	0	0	4	0	0	0	0	0	0	0	0	0	0	284	4	0	0	0	0	0	0	0	0	0	2	0	0	0	0	0	0	0	0	0	0	0	0	0	0	0	0	0	0	0	63	0	66	0	0	0	0	0	0	0	0	0	0	0	0	31	0	0	0	0
0	1	67	0	9	0	0	0	0	1	0	0	12	15	0	1	0	39	48	1	0	0	0	3	0	1	1	0	2	0	8	0	2	0	12	0	0	0	0	2	0	0	0	22	222	3	0	115	0	0	8	6	126	0	2	66	0	70	0	0	1	29	0	0	0	0	1	0	0	118	5	0	2	11
1	0	0	0	16	0	0	14	0	1	0	0	25	5	0	5	0	5	7	9	0	0	0	0	1	2	0	0	12	0	0	0	15	11	43	3	0	0	0	21	0	0	0	5	4	11	2	4	0	0	0	8	16	0	4	0	70	0	0	0	1	30	0	12	0	0	21	0	0	2	41	0	6	70
0	0	0	0	0	0	0	0	0	0	0	0	0	0	0	0	0	0	0	0	0	0	0	0	0	0	0	0	0	0	0	0	0	0	0	0	0	0	0	0	0	0	0	0	0	0	0	0	0	0	0	0	0	0	0	0	0	0	0	0	0	0	0	0	0	0	0	0	0	0	0	0	0	0
0	0	0	0	0	0	0	0	0	0	0	0	0	0	0	0	0	0	0	0	0	0	0	0	0	0	0	0	0	0	0	0	0	0	0	0	0	0	0	0	0	0	0	0	0	0	0	0	0	0	0	0	0	0	0	0	0	0	0	0	0	0	0	0	0	0	0	0	0	0	0	0	0	0
0	0	0	0	0	0	0	0	0	0	3	0	0	15	0	0	0	1	0	0	0	0	0	0	0	0	0	0	0	0	0	0	0	0	0	0	0	0	0	0	0	0	0	0	18	0	0	0	0	0	0	1	0	0	0	0	1	1	0	0	0	24	0	0	0	0	0	0	0	0	0	0	0	0
0	4	12	0	84	0	2	0	0	0	10	0	2	319	0	42	0	17	1	0	12	0	0	4	2	1	0	0	0	0	0	0	73	12	3	1	0	0	0	0	0	0	0	1	14	1	4	25	0	0	0	0	0	0	0	0	29	30	0	0	24	0	0	2	0	0	0	0	0	1	0	4	84	12
0	0	0	0	0	0	0	0	0	0	0	0	0	0	0	0	0	0	0	0	0	0	0	0	0	0	0	0	0	0	0	0	0	0	0	0	0	0	0	0	0	0	0	0	0	0	0	0	0	0	0	0	0	0	0	0	0	0	0	0	0	0	0	0	0	0	0	0	0	0	0	0	0	0
0	1	6	0	25	0	0	0	0	0	0	0	24	97	0	0	0	0	0	0	0	0	0	0	0	0	0	0	0	0	0	0	0	0	0	0	0	0	0	0	0	0	0	0	0	0	0	0	0	0	0	0	0	0	0	0	0	12	0	0	0	2	0	0	0	0	0	0	0	0	0	0	9	0
0	0	0	0	0	0	0	0	0	0	0	0	0	0	0	0	0	0	0	0	0	0	0	0	0	0	0	0	0	0	0	0	0	0	0	0	0	0	0	0	0	0	0	0	0	0	0	0	0	0	0	0	0	0	0	0	0	0	0	0	0	0	0	0	0	0	0	0	0	0	0	0	0	0
0	0	0	0	0	0	0	0	0	0	0	0	0	0	0	0	0	0	0	0	0	0	0	0	0	0	0	0	0	0	0	0	0	0	0	0	0	0	0	0	0	0	0	0	0	0	0	0	0	0	0	0	0	0	0	0	0	0	0	0	0	0	0	0	0	0	0	0	0	0	0	0	0	0
81	0	0	0	0	0	0	0	0	0	0	0	0	0	0	0	0	0	0	0	0	0	0	2	0	0	0	0	24	0	19	0	0	16	33	0	0	0	0	0	0	0	0	0	40	0	0	0	0	0	7	13	0	0	4	0	1	21	0	0	0	0	0	0	0	0	0	0	0	0	0	0	0	0
0	0	0	0	0	0	0	0	0	0	0	0	0	0	0	0	0	0	0	0	0	0	0	0	0	0	0	0	0	0	0	0	0	0	0	0	0	0	0	0	0	0	0	0	0	0	0	0	0	0	0	0	0	0	0	0	0	0	0	0	0	0	0	0	0	0	0	0	0	0	0	0	0	0
0	0	0	0	0	0	0	0	0	0	0	0	0	0	0	0	0	0	0	0	0	0	0	0	0	0	0	0	0	0	0	0	0	0	0	0	0	0	0	0	0	0	0	0	0	0	0	0	0	0	0	0	0	0	0	0	0	0	0	0	0	0	0	0	0	0	0	0	0	0	0	0	0	0
1	2	23	0	2	0	0	0	0	0	0	0	2	2	0	0	0	9	4	1	0	0	0	0	0	2	0	0	1	0	3	0	1	0	4	0	0	0	0	3	0	0	0	0	5	0	0	4	0	0	26	0	32	0	0	31	118	2	0	0	0	1	0	0	0	0	0	0	0	0	0	1	0	0
72	3	0	0	8	0	0	2	0	0	0	0	166	0	0	0	0	0	2	11	0	0	0	2	0	0	0	0	24	0	0	0	1	12	64	0	0	0	0	41	0	0	0	0	0	0	0	0	0	0	0	4	0	0	2	0	5	41	0	0	0	0	0	0	0	0	0	0	0	0	0	0	0	0
0	0	0	0	0	0	0	0	0	0	0	0	2	10	0	0	0	2	0	1	0	0	0	0	0	6	1	0	1	0	0	0	0	0	2	0	0	0	0	0	0	0	0	0	1	0	0	0	0	0	0	0	0	0	0	0	0	0	0	0	0	4	0	0	0	0	0	0	0	1	0	0	0	0
0	1	2	0	11	0	0	1	0	0	0	0	0	23	0	0	0	0	0	0	0	0	0	0	0	0	0	0	0	0	0	0	0	97	1	0	0	0	0	0	0	0	0	2	0	0	0	1	0	0	0	1	0	0	1	0	2	6	0	0	0	84	0	9	0	0	0	0	0	0	0	0	0	0
0	0	0	0	5	0	0	0	0	0	0	0	1	0	0	0	0	1	0	0	0	0	0	2	0	0	0	0	1	0	0	0	0	7	0	0	0	0	0	0	1	0	0	0	16	0	0	0	0	0	0	0	0	0	0	0	11	70	0	0	0	12	0	0	0	0	0	0	0	0	0	0	0	0
