0	0	0	0	0	0	2	1	1	0	0	0	0	0	0	0	9	5	0	0	91	139	0	56	4	3	0	0	31	0	4	0	125	0	97	0	0	0	0	110	0	0	0	0	0	21	0	0	0	0	0	189	21	0	13	4	3	5	0	0	0	0	0	0	0	0	105	0	0	0	37	3	0	3
0	0	0	0	5	0	0	0	0	0	0	0	0	0	0	0	0	0	0	0	0	0	0	0	0	0	0	0	0	0	0	0	0	0	0	0	0	0	0	0	0	1	0	0	0	0	0	0	0	0	0	0	0	0	0	0	1	0	0	0	0	0	0	0	0	0	0	0	0	0	0	0	0	0
0	0	0	0	0	0	0	0	0	54	0	0	0	0	19	0	0	6	0	0	0	0	0	0	0	0	32	0	0	0	0	0	0	0	0	0	0	0	0	0	30	0	0	0	0	0	0	0	0	0	0	0	0	0	4	0	28	0	0	0	0	37	0	0	0	0	0	0	0	0	0	0	3	0
0	0	0	0	0	0	0	35	0	10	0	0	28	0	0	0	6	0	0	29	0	0	0	12	0	0	0	0	16	0	0	0	0	16	33	0	0	0	0	56	4	0	0	0	0	0	0	0	0	0	0	0	0	0	0	11	11	0	55	0	0	0	0	0	0	0	2	0	0	4	19	2	0	0
0	5	0	0	0	0	0	0	2	5	37	0	68	2	0	11	3	3	0	0	0	1	0	0	0	0	0	0	1	0	0	0	0	98	0	0	0	0	0	9	0	75	0	0	0	0	0	0	0	0	0	0	0	0	12	0	2	1	0	0	5	249	0	82	0	2	0	0	0	0	0	22	243	0
0	0	0	0	0	0	0	0	0	0	0	0	0	0	0	0	0	0	0	0	0	0	0	0	0	0	0	0	0	0	0	0	0	0	0	0	0	0	0	0	0	0	0	0	0	0	0	0	0	0	0	0	0	0	0	0	0	0	0	0	0	0	0	0	0	0	0	0	0	0	0	0	0	0
2	0	0	0	0	0	0	0	0	0	0	0	0	0	0	0	8	3	0	0	0	0	0	0	0	0	0	0	0	0	0	0	0	0	0	0	0	0	0	0	6	0	0	0	0	0	0	0	0	0	0	5	0	0	0	0	0	0	0	0	0	0	0	0	0	1	0	0	0	0	0	0	0	0
1	0	0	35	0	0	0	0	0	0	0	0	145	0	0	0	1	0	0	1	91	0	0	22	0	24	0	0	6	0	0	0	1	0	3	0	0	0	0	23	0	0	0	0	0	0	0	0	0	0	0	21	0	0	0	1	1	0	0	125	0	0	0	0	0	0	0	0	0	0	0	0	0	0
1	0	0	0	2	0	0	0	0	0	0	0	1	0	0	0	0	6	0	0	0	0	0	0	0	0	0	0	0	0	0	0	0	0	0	0	0	0	0	0	0	0	0	0	0	0	0	0	0	0	0	0	0	0	4	0	0	1	0	1	0	2	0	0	0	0	0	0	0	0	0	0	4	0
0	0	54	10	5	0	0	0	0	0	32	0	0	33	186	2	16	37	85	0	0	0	0	0	0	0	13	0	0	0	17	0	1	0	0	0	0	0	0	2	51	62	0	109	0	0	0	109	0	0	0	0	75	0	1	0	140	0	0	0	39	61	0	0	0	83	0	0	0	109	2	4	36	0
0	0	0	0	37	0	0	0	0	32	0	0	1	77	0	35	12	5	0	2	0	0	0	0	0	0	1	0	0	0	0	0	0	11	0	0	0	0	0	2	0	0	0	0	0	0	0	0	0	0	0	0	0	0	0	0	10	6	0	0	63	100	0	5	0	0	0	0	0	0	0	3	44	0
0	0	0	0	0	0	0	0	0	0	0	0	0	0	0	0	0	0	0	0	0	0	0	0	0	0	0	0	0	0	0	0	0	0	0	0	0	0	0	0	0	0	0	0	0	0	0	0	0	0	0	0	0	0	0	0	0	0	0	0	0	0	0	0	0	0	0	0	0	0	0	0	0	0
0	0	0	28	68	0	0	145	1	0	1	0	0	0	0	3	4	0	0	10	89	3	0	33	0	0	0	0	13	0	0	0	124	109	32	0	0	0	0	201	4	0	0	0	0	67	0	0	0	0	0	8	0	0	6	14	7	5	6	163	0	3	0	12	0	0	0	0	0	4	136	2	0	0
0	0	0	0	2	0	0	0	0	33	77	0	0	0	0	1	1	10	0	0	0	0	0	0	0	0	1	0	0	0	0	0	1	8	0	0	0	0	0	0	0	0	0	0	0	0	0	0	0	0	0	0	0	0	10	0	1	3	0	0	81	369	0	1	0	0	0	0	0	0	0	7	23	0
0	0	19	0	0	0	0	0	0	186	0	0	0	0	0	0	0	22	133	0	0	0	0	0	0	0	0	0	0	0	0	0	0	0	0	0	0	0	0	0	15	142	0	149	0	6	0	144	0	0	0	1	9	0	0	0	81	6	2	0	0	1	0	0	0	19	0	0	0	80	5	0	0	2
0	0	0	0	11	0	0	0	0	2	35	0	3	1	0	0	0	2	0	1	1	0	0	0	0	4	0	0	6	0	1	0	0	2	0	0	0	0	0	1	0	0	0	0	0	0	0	0	0	0	0	6	0	0	0	0	0	3	0	3	0	20	0	0	0	0	0	0	0	0	0	0	35	0
9	0	0	6	3	0	8	1	0	16	12	0	4	1	0	0	0	46	0	10	3	11	0	4	1	12	0	0	4	0	2	0	16	13	3	0	0	0	0	19	8	0	0	6	0	0	0	0	0	0	0	51	0	0	13	2	1	4	2	0	40	58	0	1	0	0	11	0	0	1	8	2	3	1
5	0	6	0	3	0	3	0	6	37	5	0	0	10	22	2	46	0	1	1	1	3	0	0	0	0	1	0	0	0	1	0	7	0	0	0	0	0	0	3	2	9	0	23	0	0	0	6	0	174	0	13	7	0	3	0	3	20	0	0	16	33	0	0	0	1	0	0	0	4	0	8	10	1
0	0	0	0	0	0	0	0	0	85	0	0	0	0	133	0	0	1	0	7	0	0	0	6	1	0	0	0	2	0	24	0	0	0	0	0	0	0	0	0	0	0	0	0	6	0	0	0	0	0	0	0	13	0	0	4	72	79	4	0	0	0	0	0	0	0	0	0	0	3	0	0	0	0
0	0	0	29	0	0	0	1	0	0	2	0	10	0	0	1	10	1	7	0	0	0	0	4	0	8	0	0	4	0	0	0	0	1	10	0	0	0	0	18	4	0	0	0	0	0	0	1	0	7	0	1	2	0	0	2	15	0	14	0	0	0	0	0	0	1	0	0	0	11	47	1	16	0
91	0	0	0	0	0	0	91	0	0	0	0	89	0	0	1	3	1	0	0	0	0	0	2	0	133	0	0	20	0	0	0	103	106	56	0	0	0	0	161	11	0	0	0	0	16	0	0	0	0	0	263	13	0	18	8	3	6	0	0	0	0	0	0	0	0	1	0	0	0	2	0	1	0
139	0	0	0	1	0	0	0	0	0	0	0	3	0	0	0	11	3	0	0	0	0	0	267	43	16	0	0	1	0	13	0	0	1	11	0	0	0	0	7	0	0	0	0	23	0	0	0	0	0	0	56	2	0	24	6	0	18	1	0	0	0	0	0	0	0	10	0	0	2	4	0	0	6
0	0	0	0	0	0	0	0	0	0	0	0	0	0	0	0	0	0	0	0	0	0	0	0	0	0	0	0	0	0	0	0	0	0	0	0	0	0	0	0	0	0	0	0	0	0	0	0	0	0	0	0	0	0	0	0	0	0	0	0	0	0	0	0	0	0	0	0	0	0	0	0	0	0
56	0	0	12	0	0	0	22	0	0	0	0	33	0	0	0	4	0	6	4	2	267	0	0	253	2	0	0	6	0	4	0	0	8	24	0	0	0	0	32	0	0	0	0	56	0	0	0	0	0	0	11	135	0	222	246	59	9	6	0	0	0	0	0	0	0	2	0	0	30	0	0	0	0
4	0	0	0	0	0	0	0	0	0	0	0	0	0	0	0	1	0	1	0	0	43	0	253	0	0	0	0	0	0	0	0	0	0	0	0	0	0	0	0	0	0	0	0	7	0	0	0	0	0	0	0	1	0	42	58	7	0	0	0	0	0	0	0	0	0	0	0	0	0	0	0	0	0
3	0	0	0	0	0	0	24	0	0	0	0	0	0	0	4	12	0	0	8	133	16	0	2	0	0	0	0	15	0	0	0	73	16	32	0	0	0	0	119	10	0	0	0	0	15	0	0	0	0	0	149	19	0	14	15	3	20	2	2	0	0	0	0	0	0	33	0	0	0	25	0	0	0
0	0	32	0	0	0	0	0	0	13	1	0	0	1	0	0	0	1	0	0	0	0	0	0	0	0	0	0	0	0	0	0	0	0	0	0	0	0	0	0	102	0	0	2	0	0	0	79	0	0	0	0	0	0	0	0	0	0	0	0	1	3	0	0	0	95	0	0	0	0	0	1	1	0
0	0	0	0	0	0	0	0	0	0	0	0	0	0	0	0	0	0	0	0	0	0	0	0	0	0	0	0	0	0	0	0	0	0	0	0	0	0	0	0	0	0	0	0	0	0	0	0	0	0	0	0	0	0	0	0	0	0	0	0	0	0	0	0	0	0	0	0	0	0	0	0	0	0
31	0	0	16	1	0	0	6	0	0	0	0	13	0	0	6	4	0	2	4	20	1	0	6	0	15	0	0	0	0	0	0	29	0	42	0	0	0	0	60	0	0	0	0	0	4	0	0	0	0	0	113	0	0	2	29	8	132	51	121	0	0	0	0	0	0	39	0	0	0	33	0	0	2
0	0	0	0	0	0	0	0	0	0	0	0	0	0	0	0	0	0	0	0	0	0	0	0	0	0	0	0	0	0	0	0	0	0	0	0	0	0	0	0	0	0	0	0	0	0	0	0	0	0	0	0	0	0	0	0	0	0	0	0	0	0	0	0	0	0	0	0	0	0	0	0	0	0
4	0	0	0	0	0	0	0	0	17	0	0	0	0	0	1	2	1	24	0	0	13	0	4	0	0	0	0	0	0	0	0	0	1	0	0	0	0	0	1	0	0	0	21	0	0	0	0	0	0	72	2	31	0	5	0	3	3	0	0	2	0	0	0	0	0	26	0	0	20	0	0	0	9
0	0	0	0	0	0	0	0	0	0	0	0	0	0	0	0	0	0	0	0	0	0	0	0	0	0	0	0	0	0	0	0	0	0	0	0	0	0	0	0	0	0	0	0	0	0	0	0	0	0	0	0	0	0	0	0	0	0	0	0	0	0	0	0	0	0	0	0	0	0	0	0	0	0
125	0	0	0	0	0	0	1	0	1	0	0	124	1	0	0	16	7	0	0	103	0	0	0	0	73	0	0	29	0	0	0	0	0	5	0	0	0	0	2	0	0	0	1	0	2	0	0	0	0	0	117	1	0	1	0	4	6	0	34	4	14	0	0	0	0	0	0	0	0	1	0	8	0
0	0	0	16	98	0	0	0	0	0	11	0	109	8	0	2	13	0	0	1	106	1	0	8	0	16	0	0	0	0	1	0	0	0	1	0	0	0	0	13	0	0	0	0	0	0	0	0	0	0	0	22	2	0	1	2	3	36	0	43	0	14	0	0	0	0	0	0	0	0	2	0	121	0
97	0	0	33	0	0	0	3	0	0	0	0	32	0	0	0	3	0	0	10	56	11	0	24	0	32	0	0	42	0	0	0	5	1	0	0	0	0	0	36	2	1	0	0	0	3	0	0	0	0	0	115	0	0	3	4	2	77	0	34	0	0	0	0	0	2	0	0	0	4	4	0	0	0
0	0	0	0	0	0	0	0	0	0	0	0	0	0	0	0	0	0	0	0	0	0	0	0	0	0	0	0	0	0	0	0	0	0	0	0	0	0	0	0	0	0	0	0	0	0	0	0	0	0	0	0	0	0	0	0	0	0	0	0	0	0	0	0	0	0	0	0	0	0	0	0	0	0
0	0	0	0	0	0	0	0	0	0	0	0	0	0	0	0	0	0	0	0	0	0	0	0	0	0	0	0	0	0	0	0	0	0	0	0	0	0	0	0	0	0	0	0	0	0	0	0	0	0	0	0	0	0	0	0	0	0	0	0	0	0	0	0	0	0	0	0	0	0	0	0	0	0
0	0	0	0	0	0	0	0	0	0	0	0	0	0	0	0	0	0	0	0	0	0	0	0	0	0	0	0	0	0	0	0	0	0	0	0	0	0	0	0	0	0	0	0	0	0	0	0	0	0	0	0	0	0	0	0	0	0	0	0	0	0	0	0	0	0	0	0	0	0	0	0	0	0
0	0	0	0	0	0	0	0	0	0	0	0	0	0	0	0	0	0	0	0	0	0	0	0	0	0	0	0	0	0	0	0	0	0	0	0	0	0	0	0	0	0	0	0	0	0	0	0	0	0	0	0	0	0	0	0	0	0	0	0	0	0	0	0	0	0	0	0	0	0	0	0	0	0
110	0	0	56	9	0	0	23	0	2	2	0	201	0	0	1	19	3	0	18	161	7	0	32	0	119	0	0	60	0	1	0	2	13	36	0	0	0	0	0	5	0	0	0	0	0	0	0	0	0	0	204	0	0	13	12	2	7	0	135	1	2	0	0	0	1	0	0	0	4	5	0	0	0
0	0	30	4	0	0	6	0	0	51	0	0	4	0	15	0	8	2	0	4	11	0	0	0	0	10	102	0	0	0	0	0	0	0	2	0	0	0	0	5	0	0	0	89	0	0	0	90	0	0	0	10	0	0	1	3	0	0	1	0	0	2	0	0	0	92	0	0	0	0	0	0	1	1
0	1	0	0	75	0	0	0	0	62	0	0	0	0	142	0	0	9	0	0	0	0	0	0	0	0	0	0	0	0	0	0	0	0	1	0	0	0	0	0	0	0	0	0	0	0	0	0	0	0	0	0	0	0	1	0	6	92	0	1	0	104	0	0	0	0	0	0	0	0	0	0	0	0
0	0	0	0	0	0	0	0	0	0	0	0	0	0	0	0	0	0	0	0	0	0	0	0	0	0	0	0	0	0	0	0	0	0	0	0	0	0	0	0	0	0	0	0	0	0	0	0	0	0	0	0	0	0	0	0	0	0	0	0	0	0	0	0	0	0	0	0	0	0	0	0	0	0
0	0	0	0	0	0	0	0	0	109	0	0	0	0	149	0	6	23	0	0	0	0	0	0	0	0	2	0	0	0	21	0	1	0	0	0	0	0	0	0	89	0	0	0	0	0	0	0	0	0	0	0	11	0	1	0	0	10	0	0	0	0	0	0	0	3	0	0	0	0	0	0	1	0
0	0	0	0	0	0	0	0	0	0	0	0	0	0	0	0	0	0	6	0	0	23	0	56	7	0	0	0	0	0	0	0	0	0	0	0	0	0	0	0	0	0	0	0	0	0	0	0	0	0	0	0	8	0	1	0	1	1	0	0	0	0	0	0	0	0	0	0	0	5	0	0	0	0
21	0	0	0	0	0	0	0	0	0	0	0	67	0	6	0	0	0	0	0	16	0	0	0	0	15	0	0	4	0	0	0	2	0	3	0	0	0	0	0	0	0	0	0	0	0	0	0	0	0	0	38	0	0	0	0	0	78	0	79	0	0	0	0	0	0	0	0	0	0	0	0	0	0
0	0	0	0	0	0	0	0	0	0	0	0	0	0	0	0	0	0	0	0	0	0	0	0	0	0	0	0	0	0	0	0	0	0	0	0	0	0	0	0	0	0	0	0	0	0	0	0	0	0	0	0	0	0	0	0	0	0	0	0	0	0	0	0	0	0	0	0	0	0	0	0	0	0
0	0	0	0	0	0	0	0	0	109	0	0	0	0	144	0	0	6	0	1	0	0	0	0	0	0	79	0	0	0	0	0	0	0	0	0	0	0	0	0	90	0	0	0	0	0	0	0	0	0	0	0	6	0	0	0	67	0	0	0	0	0	0	0	0	14	0	0	0	2	0	0	0	0
0	0	0	0	0	0	0	0	0	0	0	0	0	0	0	0	0	0	0	0	0	0	0	0	0	0	0	0	0	0	0	0	0	0	0	0	0	0	0	0	0	0	0	0	0	0	0	0	0	0	0	0	0	0	0	0	0	0	0	0	0	0	0	0	0	0	0	0	0	0	0	0	0	0
0	0	0	0	0	0	0	0	0	0	0	0	0	0	0	0	0	174	0	7	0	0	0	0	0	0	0	0	0	0	0	0	0	0	0	0	0	0	0	0	0	0	0	0	0	0	0	0	0	0	0	0	0	0	0	0	0	0	0	0	0	0	0	0	0	0	0	0	0	0	0	0	15	0
0	0	0	0	0	0	0	0	0	0	0	0	0	0	0	0	0	0	0	0	0	0	0	0	0	0	0	0	0	0	72	0	0	0	0	0	0	0	0	0	0	0	0	0	0	0	0	0	0	0	0	0	0	0	0	0	0	0	0	0	0	0	0	0	0	0	0	0	0	0	0	0	0	0
189	0	0	0	0	0	5	21	0	0	0	0	8	0	1	6	51	13	0	1	263	56	0	11	0	149	0	0	113	0	2	0	117	22	115	0	0	0	0	204	10	0	0	0	0	38	0	0	0	0	0	0	24	0	39	40	6	24	0	0	0	2	0	0	0	0	45	0	0	1	22	5	0	3
21	0	0	0	0	0	0	0	0	75	0	0	0	0	9	0	0	7	13	2	13	2	0	135	1	19	0	0	0	0	31	0	1	2	0	0	0	0	0	0	0	0	0	11	8	0	0	6	0	0	0	24	0	0	3	0	34	39	0	0	0	1	0	0	0	0	1	0	0	11	0	1	0	5
0	0	0	0	0	0	0	0	0	0	0	0	0	0	0	0	0	0	0	0	0	0	0	0	0	0	0	0	0	0	0	0	0	0	0	0	0	0	0	0	0	0	0	0	0	0	0	0	0	0	0	0	0	0	0	0	0	0	0	0	0	0	0	0	0	0	0	0	0	0	0	0	0	0
13	0	4	0	12	0	0	0	4	1	0	0	6	10	0	0	13	3	0	0	18	24	0	222	42	14	0	0	2	0	5	0	1	1	3	0	0	0	0	13	1	1	0	1	1	0	0	0	0	0	0	39	3	0	0	6	0	0	0	0	0	13	0	0	0	0	3	0	0	0	0	1	4	0
4	0	0	11	0	0	0	1	0	0	0	0	14	0	0	0	2	0	4	2	8	6	0	246	58	15	0	0	29	0	0	0	0	2	4	0	0	0	0	12	3	0	0	0	0	0	0	0	0	0	0	40	0	0	6	0	55	5	0	39	1	0	0	0	0	0	0	0	0	4	0	0	0	0
3	1	28	11	2	0	0	1	0	140	10	0	7	1	81	0	1	3	72	15	3	0	0	59	7	3	0	0	8	0	3	0	4	3	2	0	0	0	0	2	0	6	0	0	1	0	0	67	0	0	0	6	34	0	0	55	0	6	11	6	0	8	0	0	0	24	0	0	0	68	2	5	3	1
5	0	0	0	1	0	0	0	1	0	6	0	5	3	6	3	4	20	79	0	6	18	0	9	0	20	0	0	132	0	3	0	6	36	77	0	0	0	0	7	0	92	0	10	1	78	0	0	0	0	0	24	39	0	0	5	6	0	106	164	0	18	0	0	0	0	109	0	0	1	106	1	1	86
0	0	0	55	0	0	0	0	0	0	0	0	6	0	2	0	2	0	4	14	0	1	0	6	0	2	0	0	51	0	0	0	0	0	0	0	0	0	0	0	1	0	0	0	0	0	0	0	0	0	0	0	0	0	0	0	11	106	0	160	0	0	0	0	0	0	4	0	0	8	4	0	0	0
0	0	0	0	0	0	0	125	1	0	0	0	163	0	0	3	0	0	0	0	0	0	0	0	0	2	0	0	121	0	0	0	34	43	34	0	0	0	0	135	0	1	0	0	0	79	0	0	0	0	0	0	0	0	0	39	6	164	160	0	0	0	0	3	0	0	43	0	0	4	127	1	0	0
0	0	0	0	5	0	0	0	0	39	63	0	0	81	0	0	40	16	0	0	0	0	0	0	0	0	1	0	0	0	2	0	4	0	0	0	0	0	0	1	0	0	0	0	0	0	0	0	0	0	0	0	0	0	0	1	0	0	0	0	0	46	0	0	0	0	0	0	0	0	0	0	33	0
0	0	37	0	249	0	0	0	2	61	100	0	3	369	1	20	58	33	0	0	0	0	0	0	0	0	3	0	0	0	0	0	14	14	0	0	0	0	0	2	2	104	0	0	0	0	0	0	0	0	0	2	1	0	13	0	8	18	0	0	46	0	0	0	0	0	0	0	0	0	0	13	174	4
0	0	0	0	0	0	0	0	0	0	0	0	0	0	0	0	0	0	0	0	0	0	0	0	0	0	0	0	0	0	0	0	0	0	0	0	0	0	0	0	0	0	0	0	0	0	0	0	0	0	0	0	0	0	0	0	0	0	0	0	0	0	0	0	0	0	0	0	0	0	0	0	0	0
0	0	0	0	82	0	0	0	0	0	5	0	12	1	0	0	1	0	0	0	0	0	0	0	0	0	0	0	0	0	0	0	0	0	0	0	0	0	0	0	0	0	0	0	0	0	0	0	0	0	0	0	0	0	0	0	0	0	0	3	0	0	0	0	0	0	0	0	0	0	0	0	71	0
0	0	0	0	0	0	0	0	0	0	0	0	0	0	0	0	0	0	0	0	0	0	0	0	0	0	0	0	0	0	0	0	0	0	0	0	0	0	0	0	0	0	0	0	0	0	0	0	0	0	0	0	0	0	0	0	0	0	0	0	0	0	0	0	0	0	0	0	0	0	0	0	0	0
0	0	0	0	2	0	1	0	0	83	0	0	0	0	19	0	0	1	0	1	0	0	0	0	0	0	95	0	0	0	0	0	0	0	2	0	0	0	0	1	92	0	0	3	0	0	0	14	0	0	0	0	0	0	0	0	24	0	0	0	0	0	0	0	0	0	0	0	0	0	0	1	0	0
105	0	0	2	0	0	0	0	0	0	0	0	0	0	0	0	11	0	0	0	1	10	0	2	0	33	0	0	39	0	26	0	0	0	0	0	0	0	0	0	0	0	0	0	0	0	0	0	0	0	0	45	1	0	3	0	0	109	4	43	0	0	0	0	0	0	0	0	0	0	0	0	0	0
0	0	0	0	0	0	0	0	0	0	0	0	0	0	0	0	0	0	0	0	0	0	0	0	0	0	0	0	0	0	0	0	0	0	0	0	0	0	0	0	0	0	0	0	0	0	0	0	0	0	0	0	0	0	0	0	0	0	0	0	0	0	0	0	0	0	0	0	0	0	0	0	0	0
0	0	0	0	0	0	0	0	0	0	0	0	0	0	0	0	0	0	0	0	0	0	0	0	0	0	0	0	0	0	0	0	0	0	0	0	0	0	0	0	0	0	0	0	0	0	0	0	0	0	0	0	0	0	0	0	0	0	0	0	0	0	0	0	0	0	0	0	0	0	0	0	0	0
0	0	0	4	0	0	0	0	0	109	0	0	4	0	80	0	1	4	3	11	0	2	0	30	0	0	0	0	0	0	20	0	0	0	4	0	0	0	0	4	0	0	0	0	5	0	0	2	0	0	0	1	11	0	0	4	68	1	8	4	0	0	0	0	0	0	0	0	0	0	0	0	0	2
37	0	0	19	0	0	0	0	0	2	0	0	136	0	5	0	8	0	0	47	2	4	0	0	0	25	0	0	33	0	0	0	1	2	4	0	0	0	0	5	0	0	0	0	0	0	0	0	0	0	0	22	0	0	0	0	2	106	4	127	0	0	0	0	0	0	0	0	0	0	0	0	8	0
3	0	0	2	22	0	0	0	0	4	3	0	2	7	0	0	2	8	0	1	0	0	0	0	0	0	1	0	0	0	0	0	0	0	0	0	0	0	0	0	0	0	0	0	0	0	0	0	0	0	0	5	1	0	1	0	5	1	0	1	0	13	0	0	0	1	0	0	0	0	0	0	4	0
0	0	3	0	243	0	0	0	4	36	44	0	0	23	0	35	3	10	0	16	1	0	0	0	0	0	1	0	0	0	0	0	8	121	0	0	0	0	0	0	1	0	0	1	0	0	0	0	0	15	0	0	0	0	4	0	3	1	0	0	33	174	0	71	0	0	0	0	0	0	8	4	0	0
3	0	0	0	0	0	0	0	0	0	0	0	0	0	2	0	1	1	0	0	0	6	0	0	0	0	0	0	2	0	9	0	0	0	0	0	0	0	0	0	1	0	0	0	0	0	0	0	0	0	0	3	5	0	0	0	1	86	0	0	0	4	0	0	0	0	0	0	0	2	0	0	0	0
