0	0	0	1	0	0	0	0	0	0	0	0	13	0	0	0	1	0	0	0	1	3	0	61	0	1	0	0	2	0	5	0	0	0	4	0	0	0	0	0	16	1	0	0	1	0	0	0	0	0	2	5	0	0	2	0	0	0	0	0	0	0	0	0	0	0	2	7	0	0	0	7	0	27
0	0	0	0	5	0	0	2	0	1	1	0	2	0	0	2	0	0	0	0	0	0	0	0	0	0	0	0	0	0	0	0	1	0	0	0	0	0	0	2	1	4	0	2	0	0	0	0	0	0	0	0	0	0	0	0	1	0	0	0	0	3	0	2	0	0	0	0	0	0	2	0	1	0
0	0	0	0	1	0	0	0	0	64	15	0	0	0	17	0	0	0	0	0	4	0	0	0	0	0	25	0	2	0	0	0	1	0	0	0	0	0	0	0	10	0	0	0	1	0	0	0	0	0	0	1	0	0	0	0	22	0	0	0	0	71	0	0	0	0	0	0	0	0	0	0	1	0
1	0	0	0	0	0	0	0	0	0	0	0	0	0	0	0	0	0	0	0	0	0	0	0	0	0	0	0	0	0	0	0	0	0	0	1	0	0	0	0	0	0	0	0	0	0	0	0	0	0	0	0	0	0	0	0	0	0	0	0	0	0	0	0	0	0	0	0	0	0	0	0	0	0
0	5	1	0	0	0	0	18	0	0	174	0	31	1	1	20	1	0	5	0	1	0	0	0	2	0	10	0	8	0	0	0	9	79	3	0	0	0	0	21	1	48	0	0	5	0	5	0	0	0	0	0	0	0	11	0	6	1	0	1	0	159	0	99	0	0	0	0	1	0	3	30	188	0
0	0	0	0	0	0	0	0	0	0	0	0	0	0	3	0	138	0	0	1	120	31	0	4	0	101	0	0	29	0	1	0	1	0	0	0	0	0	0	0	0	0	0	0	13	0	0	0	0	0	0	175	0	0	1	0	0	0	0	0	0	0	0	0	0	0	0	0	0	0	0	0	1	0
0	0	0	0	0	0	0	0	0	0	1	0	0	0	8	0	0	0	0	0	0	0	0	0	0	0	0	0	0	0	0	0	0	0	1	0	0	0	0	0	1	0	0	0	0	0	0	0	0	0	0	0	0	0	0	0	0	0	0	0	0	0	0	0	0	0	0	0	0	0	0	0	0	0
0	2	0	0	18	0	0	0	0	0	0	0	142	0	1	0	52	0	0	0	88	0	0	0	0	24	0	0	5	0	0	0	3	0	1	0	0	0	0	0	0	0	0	0	2	0	0	0	0	0	0	5	0	0	0	0	1	0	0	120	0	0	0	0	0	0	0	0	0	0	0	0	0	0
0	0	0	0	0	0	0	0	0	0	0	0	0	0	0	0	0	0	0	0	0	0	0	0	0	0	0	0	0	0	0	0	0	0	0	0	0	0	0	0	0	0	0	0	0	0	0	0	0	0	1	0	0	0	0	0	0	0	0	0	0	0	0	0	0	0	0	0	0	0	0	0	0	0
0	1	64	0	0	0	0	0	0	0	9	0	0	2	171	0	0	0	109	0	0	0	0	0	0	0	6	0	0	0	194	0	18	0	0	49	0	0	0	0	43	52	0	164	2	0	0	189	0	0	234	0	140	0	0	0	129	2	0	0	0	40	0	0	0	85	0	0	0	0	0	25	0	0
0	1	15	0	174	0	1	0	0	9	0	0	1	99	12	13	0	0	0	0	1	0	0	0	0	0	0	0	0	0	0	0	0	12	0	0	0	0	0	0	6	49	0	16	0	0	6	0	0	0	0	0	0	0	0	0	1	2	0	0	0	256	0	5	0	0	0	0	0	0	0	8	149	0
0	0	0	0	0	0	0	0	0	0	0	0	0	0	0	0	0	0	0	0	0	0	0	0	0	0	0	0	0	0	0	0	0	0	0	0	0	0	0	0	0	0	0	0	0	0	0	0	0	0	0	0	0	0	0	0	0	0	0	0	0	0	0	0	0	0	0	0	0	0	0	0	0	0
13	2	0	0	31	0	0	142	0	0	1	0	0	0	3	1	104	0	18	1	80	0	0	0	0	0	1	0	16	0	0	0	109	85	21	0	0	0	0	164	31	1	0	1	1	0	0	0	0	0	0	2	0	0	19	0	7	6	1	155	0	1	0	16	0	0	0	0	0	0	88	3	0	6
0	0	0	0	1	0	0	0	0	2	99	0	0	0	9	0	0	0	0	0	0	0	0	0	0	0	7	0	0	0	0	0	0	0	0	0	0	0	0	0	1	0	0	0	2	0	0	0	0	0	0	2	0	0	0	0	1	0	0	0	0	136	0	0	0	1	0	0	4	0	0	0	9	0
0	0	17	0	1	3	8	1	0	171	12	0	3	9	0	18	3	0	44	0	1	2	0	0	0	4	4	0	13	0	23	0	4	2	4	86	0	0	0	3	38	122	0	103	23	0	4	95	0	0	0	5	0	0	1	0	107	10	0	0	0	9	0	4	0	90	1	0	2	0	5	6	1	0
0	2	0	0	20	0	0	0	0	0	13	0	1	0	18	0	0	0	0	0	0	0	0	0	0	0	0	0	0	0	0	0	0	0	0	0	0	0	0	0	0	0	0	0	1	0	0	0	0	0	0	0	0	0	0	0	0	0	0	0	0	25	0	0	0	0	0	0	0	0	0	0	12	0
1	0	0	0	1	138	0	52	0	0	0	0	104	0	3	0	0	0	13	0	183	22	0	3	1	133	0	0	9	0	1	0	115	20	14	0	0	0	0	140	2	0	0	0	5	0	0	0	0	0	0	306	6	0	39	0	3	20	0	1	0	0	0	0	0	1	31	5	0	0	41	0	1	0
0	0	0	0	0	0	0	0	0	0	0	0	0	0	0	0	0	0	0	0	0	0	0	0	0	0	0	0	0	0	0	0	0	0	0	0	0	0	0	0	0	0	0	0	0	0	0	0	0	273	0	0	0	0	0	0	0	0	0	0	0	0	0	0	0	0	0	0	0	0	0	0	0	0
0	0	0	0	5	0	0	0	0	109	0	0	18	0	44	0	13	0	0	0	38	18	0	4	2	19	2	0	21	0	86	0	0	0	3	0	0	0	0	0	1	0	0	0	16	0	0	0	0	0	173	61	0	0	1	1	54	0	0	0	0	0	0	0	0	0	0	0	0	0	0	0	0	0
0	0	0	0	0	1	0	0	0	0	0	0	1	0	0	0	0	0	0	0	1	0	0	0	0	0	0	0	3	0	0	0	1	6	4	0	0	0	0	8	0	0	0	0	0	0	0	0	0	0	0	2	0	0	0	0	0	2	2	18	0	0	0	0	0	0	0	0	0	0	10	1	0	0
1	0	4	0	1	120	0	88	0	0	1	0	80	0	1	0	183	0	38	1	0	6	0	0	0	107	0	0	26	0	1	0	101	31	34	0	0	0	0	151	0	0	0	0	19	0	0	0	0	0	0	239	2	0	15	0	2	22	0	0	0	0	0	0	0	0	2	0	0	0	100	0	0	9
3	0	0	0	0	31	0	0	0	0	0	0	0	0	2	0	22	0	18	0	6	0	0	320	153	2	0	0	65	0	109	0	0	3	97	0	0	0	0	2	0	0	0	0	38	0	0	0	0	0	134	40	0	0	104	3	5	92	0	6	0	0	0	0	0	0	80	138	0	0	2	1	0	33
0	0	0	0	0	0	0	0	0	0	0	0	0	0	0	0	0	0	0	0	0	0	0	0	0	0	0	0	0	0	0	0	0	0	0	0	0	0	0	0	0	0	0	0	0	0	0	0	0	0	0	0	0	0	0	0	0	0	0	0	0	0	0	0	0	0	0	0	0	0	0	0	0	0
61	0	0	0	0	4	0	0	0	0	0	0	0	0	0	0	3	0	4	0	0	320	0	0	273	1	0	0	13	0	39	0	0	0	104	0	0	0	0	2	0	0	0	0	107	0	0	0	0	0	30	6	20	0	213	312	0	24	0	0	0	0	0	2	0	0	4	430	0	0	0	0	0	14
0	0	0	0	2	0	0	0	0	0	0	0	0	0	0	0	1	0	2	0	0	153	0	273	0	2	0	0	4	0	13	0	0	0	2	0	0	0	0	0	0	0	0	0	14	0	0	0	0	0	54	3	0	0	47	69	50	0	0	0	0	0	0	0	0	0	0	69	0	0	0	0	0	1
1	0	0	0	0	101	0	24	0	0	0	0	0	0	4	0	133	0	19	0	107	2	0	1	2	0	0	0	18	0	0	0	121	5	16	0	0	0	0	129	1	0	0	0	2	0	0	0	0	0	0	138	3	0	16	12	2	20	0	0	0	0	0	0	0	0	9	3	0	0	29	1	1	0
0	0	25	0	10	0	0	0	0	6	0	0	1	7	4	0	0	0	2	0	0	0	0	0	0	0	0	0	3	0	0	0	1	0	2	89	0	0	0	2	108	2	0	4	1	0	6	7	0	0	0	0	0	0	0	0	0	1	5	0	0	7	0	0	0	111	0	0	0	0	0	1	0	0
0	0	0	0	0	0	0	0	0	0	0	0	0	0	0	0	0	0	0	0	0	0	0	0	0	0	0	0	0	0	0	0	0	0	0	0	0	0	0	0	0	0	0	0	0	0	0	0	0	0	0	0	0	0	0	0	0	0	0	0	0	0	0	0	0	0	0	0	0	0	0	0	0	0
2	0	2	0	8	29	0	5	0	0	0	0	16	0	13	0	9	0	21	3	26	65	0	13	4	18	3	0	0	0	1	0	96	0	210	1	0	0	0	203	6	0	0	0	7	0	1	0	0	0	0	110	1	0	4	2	9	104	16	49	0	3	0	0	0	0	58	86	1	0	6	2	0	0
0	0	0	0	0	0	0	0	0	0	0	0	0	0	0	0	0	0	0	0	0	0	0	0	0	0	0	0	0	0	0	0	0	0	0	0	0	0	0	0	0	0	0	0	0	0	0	0	0	0	0	0	0	0	0	0	0	0	0	0	0	0	0	0	0	0	0	0	0	0	0	0	0	0
5	0	0	0	0	1	0	0	0	194	0	0	0	0	23	0	1	0	86	0	1	109	0	39	13	0	0	0	1	0	0	0	0	1	0	0	0	0	0	2	0	0	0	66	75	0	0	19	0	0	367	1	238	0	72	0	158	4	0	0	0	0	0	0	0	0	68	78	0	0	0	0	0	30
0	0	0	0	0	0	0	0	0	0	0	0	0	0	0	0	0	0	0	0	0	0	0	0	0	0	0	0	0	0	0	0	0	0	0	0	0	0	0	0	0	0	0	0	0	0	0	0	0	0	0	0	0	0	0	0	0	0	0	0	0	0	0	0	0	0	0	0	0	0	0	0	0	0
0	1	1	0	9	1	0	3	0	18	0	0	109	0	4	0	115	0	0	1	101	0	0	0	0	121	1	0	96	0	0	0	10	1	3	0	0	0	0	3	1	2	0	2	1	0	2	0	0	0	0	145	0	0	0	0	1	0	0	2	0	12	0	1	0	0	0	0	0	0	3	5	2	0
0	0	0	0	79	0	0	0	0	0	12	0	85	0	2	0	20	0	0	6	31	3	0	0	0	5	0	0	0	0	1	0	1	0	0	0	0	0	0	0	1	0	0	0	0	0	0	0	0	0	0	12	0	0	0	0	1	0	0	41	0	8	0	0	0	0	0	0	0	0	0	0	73	0
4	0	0	0	3	0	1	1	0	0	0	0	21	0	4	0	14	0	3	4	34	97	0	104	2	16	2	0	210	0	0	0	3	0	0	0	0	0	0	3	2	1	0	0	7	0	0	0	0	0	0	170	1	0	0	2	2	0	2	128	0	0	0	0	0	0	1	0	0	0	2	0	0	0
0	0	0	1	0	0	0	0	0	49	0	0	0	0	86	0	0	0	0	0	0	0	0	0	0	0	89	0	1	0	0	0	0	0	0	0	0	0	0	0	28	0	0	0	0	0	0	0	0	0	0	0	0	0	0	0	4	0	0	0	0	0	0	0	0	2	0	0	0	0	0	0	0	0
0	0	0	0	0	0	0	0	0	0	0	0	0	0	0	0	0	0	0	0	0	0	0	0	0	0	0	0	0	0	0	0	0	0	0	0	0	0	0	0	0	0	0	0	0	0	0	0	0	0	0	0	0	0	0	0	0	0	0	0	0	0	0	0	0	0	0	0	0	0	0	0	0	0
0	0	0	0	0	0	0	0	0	0	0	0	0	0	0	0	0	0	0	0	0	0	0	0	0	0	0	0	0	0	0	0	0	0	0	0	0	0	0	0	0	0	0	0	0	0	0	0	0	0	0	0	0	0	0	0	0	0	0	0	0	0	0	0	0	0	0	0	0	0	0	0	0	0
0	0	0	0	0	0	0	0	0	0	0	0	0	0	0	0	0	0	0	0	0	0	0	0	0	0	0	0	0	0	0	0	0	0	0	0	0	0	0	0	0	0	0	0	0	0	0	0	0	0	0	0	0	0	0	0	0	0	0	0	0	0	0	0	0	0	0	0	0	0	0	0	0	0
0	2	0	0	21	0	0	0	0	0	0	0	164	0	3	0	140	0	0	8	151	2	0	2	0	129	2	0	203	0	2	0	3	0	3	0	0	0	0	0	1	0	0	0	14	0	0	0	0	0	0	152	0	0	1	0	2	0	0	154	0	0	0	0	0	0	0	0	0	0	0	0	1	0
16	1	10	0	1	0	1	0	0	43	6	0	31	1	38	0	2	0	1	0	0	0	0	0	0	1	108	0	6	0	0	0	1	1	2	28	0	0	0	1	0	1	0	45	35	0	6	25	0	0	0	0	0	0	0	0	2	3	0	0	0	18	0	0	0	33	0	0	0	0	1	6	0	7
1	4	0	0	48	0	0	0	0	52	49	0	1	0	122	0	0	0	0	0	0	0	0	0	0	0	2	0	0	0	0	0	2	0	1	0	0	0	0	0	1	0	0	46	1	0	59	4	0	0	0	1	0	0	0	0	0	15	54	2	0	143	0	0	0	0	7	0	0	0	0	0	1	0
0	0	0	0	0	0	0	0	0	0	0	0	0	0	0	0	0	0	0	0	0	0	0	0	0	0	0	0	0	0	0	0	0	0	0	0	0	0	0	0	0	0	0	0	0	0	0	0	0	0	0	0	0	0	0	0	0	0	0	0	0	0	0	0	0	0	0	0	0	0	0	0	0	0
0	2	0	0	0	0	0	0	0	164	16	0	1	0	103	0	0	0	0	0	0	0	0	0	0	0	4	0	0	0	66	0	2	0	0	0	0	0	0	0	45	46	0	0	2	0	0	0	0	0	74	0	0	0	0	0	10	0	0	0	0	25	0	0	0	1	0	0	1	0	0	3	1	0
1	0	1	0	5	13	0	2	0	2	0	0	1	2	23	1	5	0	16	0	19	38	0	107	14	2	1	0	7	0	75	0	1	0	7	0	0	0	0	14	35	1	0	2	0	0	0	0	0	0	65	39	26	0	36	0	10	18	0	0	0	20	0	1	0	0	10	19	1	0	5	0	0	5
0	0	0	0	0	0	0	0	0	0	0	0	0	0	0	0	0	0	0	0	0	0	0	0	0	0	0	0	0	0	0	0	0	0	0	0	0	0	0	0	0	0	0	0	0	0	0	0	0	0	0	0	0	0	0	0	0	0	0	0	0	0	0	0	0	0	0	0	0	0	0	0	0	0
0	0	0	0	5	0	0	0	0	0	6	0	0	0	4	0	0	0	0	0	0	0	0	0	0	0	6	0	1	0	0	0	2	0	0	0	0	0	0	0	6	59	0	0	0	0	0	0	0	0	0	0	0	0	0	0	0	0	0	0	0	15	0	0	0	0	0	0	0	0	0	0	0	0
0	0	0	0	0	0	0	0	0	189	0	0	0	0	95	0	0	0	0	0	0	0	0	0	0	0	7	0	0	0	19	0	0	0	0	0	0	0	0	0	25	4	0	0	0	0	0	0	0	0	44	0	0	0	0	0	56	0	0	0	0	0	0	0	0	6	0	0	0	0	0	0	0	0
0	0	0	0	0	0	0	0	0	0	0	0	0	0	0	0	0	0	0	0	0	0	0	0	0	0	0	0	0	0	0	0	0	0	0	0	0	0	0	0	0	0	0	0	0	0	0	0	0	0	0	0	0	0	0	0	0	0	0	0	0	0	0	0	0	0	0	0	0	0	0	0	0	0
0	0	0	0	0	0	0	0	0	0	0	0	0	0	0	0	0	273	0	0	0	0	0	0	0	0	0	0	0	0	0	0	0	0	0	0	0	0	0	0	0	0	0	0	0	0	0	0	0	0	0	0	0	0	0	0	0	0	0	0	0	0	0	0	0	0	0	0	0	0	0	0	0	0
2	0	0	0	0	0	0	0	1	234	0	0	0	0	0	0	0	0	173	0	0	134	0	30	54	0	0	0	0	0	367	0	0	0	0	0	0	0	0	0	0	0	0	74	65	0	0	44	0	0	0	0	187	0	97	0	166	30	0	0	0	0	0	0	0	0	89	99	0	0	0	1	0	45
5	0	1	0	0	175	0	5	0	0	0	0	2	2	5	0	306	0	61	2	239	40	0	6	3	138	0	0	110	0	1	0	145	12	170	0	0	0	0	152	0	1	0	0	39	0	0	0	0	0	0	0	8	0	57	2	3	52	0	1	0	0	0	0	0	0	51	0	0	0	6	3	1	9
0	0	0	0	0	0	0	0	0	140	0	0	0	0	0	0	6	0	0	0	2	0	0	20	0	3	0	0	1	0	238	0	0	0	1	0	0	0	0	0	0	0	0	0	26	0	0	0	0	0	187	8	0	0	0	0	50	0	0	0	0	0	0	0	0	0	0	0	0	0	0	0	0	0
0	0	0	0	0	0	0	0	0	0	0	0	0	0	0	0	0	0	0	0	0	0	0	0	0	0	0	0	0	0	0	0	0	0	0	0	0	0	0	0	0	0	0	0	0	0	0	0	0	0	0	0	0	0	0	0	0	0	0	0	0	0	0	0	0	0	0	0	0	0	0	0	0	0
2	0	0	0	11	1	0	0	0	0	0	0	19	0	1	0	39	0	1	0	15	104	0	213	47	16	0	0	4	0	72	0	0	0	0	0	0	0	0	1	0	0	0	0	36	0	0	0	0	0	97	57	0	0	0	1	0	1	0	5	0	0	0	0	0	0	1	3	0	0	0	0	0	0
0	0	0	0	0	0	0	0	0	0	0	0	0	0	0	0	0	0	1	0	0	3	0	312	69	12	0	0	2	0	0	0	0	0	2	0	0	0	0	0	0	0	0	0	0	0	0	0	0	0	0	2	0	0	1	0	2	0	0	1	0	0	0	0	0	0	0	0	0	0	0	0	0	0
0	1	22	0	6	0	0	1	0	129	1	0	7	1	107	0	3	0	54	0	2	5	0	0	50	2	0	0	9	0	158	0	1	1	2	4	0	0	0	2	2	0	0	10	10	0	0	56	0	0	166	3	50	0	0	2	0	1	0	6	0	1	0	0	0	36	1	0	0	0	0	0	0	0
0	0	0	0	1	0	0	0	0	2	2	0	6	0	10	0	20	0	0	2	22	92	0	24	0	20	1	0	104	0	4	0	0	0	0	0	0	0	0	0	3	15	0	0	18	0	0	0	0	0	30	52	0	0	1	0	1	0	0	83	0	34	0	0	0	0	0	0	1	0	0	0	1	0
0	0	0	0	0	0	0	0	0	0	0	0	1	0	0	0	0	0	0	2	0	0	0	0	0	0	5	0	16	0	0	0	0	0	2	0	0	0	0	0	0	54	0	0	0	0	0	0	0	0	0	0	0	0	0	0	0	0	0	161	0	0	0	0	0	0	2	0	0	0	0	0	0	0
0	0	0	0	1	0	0	120	0	0	0	0	155	0	0	0	1	0	0	18	0	6	0	0	0	0	0	0	49	0	0	0	2	41	128	0	0	0	0	154	0	2	0	0	0	0	0	0	0	0	0	1	0	0	5	1	6	83	161	0	0	0	0	1	0	0	2	0	0	0	45	7	0	0
0	0	0	0	0	0	0	0	0	0	0	0	0	0	0	0	0	0	0	0	0	0	0	0	0	0	0	0	0	0	0	0	0	0	0	0	0	0	0	0	0	0	0	0	0	0	0	0	0	0	0	0	0	0	0	0	0	0	0	0	0	0	0	0	0	0	0	0	0	0	0	0	0	0
0	3	71	0	159	0	0	0	0	40	256	0	1	136	9	25	0	0	0	0	0	0	0	0	0	0	7	0	3	0	0	0	12	8	0	0	0	0	0	0	18	143	0	25	20	0	15	0	0	0	0	0	0	0	0	0	1	34	0	0	0	0	0	1	0	1	1	0	0	0	4	15	54	4
0	0	0	0	0	0	0	0	0	0	0	0	0	0	0	0	0	0	0	0	0	0	0	0	0	0	0	0	0	0	0	0	0	0	0	0	0	0	0	0	0	0	0	0	0	0	0	0	0	0	0	0	0	0	0	0	0	0	0	0	0	0	0	0	0	0	0	0	0	0	0	0	0	0
0	2	0	0	99	0	0	0	0	0	5	0	16	0	4	0	0	0	0	0	0	0	0	2	0	0	0	0	0	0	0	0	1	0	0	0	0	0	0	0	0	0	0	0	1	0	0	0	0	0	0	0	0	0	0	0	0	0	0	1	0	1	0	0	0	0	0	0	4	0	0	0	68	0
0	0	0	0	0	0	0	0	0	0	0	0	0	0	0	0	0	0	0	0	0	0	0	0	0	0	0	0	0	0	0	0	0	0	0	0	0	0	0	0	0	0	0	0	0	0	0	0	0	0	0	0	0	0	0	0	0	0	0	0	0	0	0	0	0	0	0	0	0	0	0	0	0	0
0	0	0	0	0	0	0	0	0	85	0	0	0	1	90	0	1	0	0	0	0	0	0	0	0	0	111	0	0	0	0	0	0	0	0	2	0	0	0	0	33	0	0	1	0	0	0	6	0	0	0	0	0	0	0	0	36	0	0	0	0	1	0	0	0	0	0	0	0	0	0	0	1	0
2	0	0	0	0	0	0	0	0	0	0	0	0	0	1	0	31	0	0	0	2	80	0	4	0	9	0	0	58	0	68	0	0	0	1	0	0	0	0	0	0	7	0	0	10	0	0	0	0	0	89	51	0	0	1	0	1	0	2	2	0	1	0	0	0	0	0	0	0	0	0	0	0	0
7	0	0	0	0	0	0	0	0	0	0	0	0	0	0	0	5	0	0	0	0	138	0	430	69	3	0	0	86	0	78	0	0	0	0	0	0	0	0	0	0	0	0	0	19	0	0	0	0	0	99	0	0	0	3	0	0	0	0	0	0	0	0	0	0	0	0	0	0	0	0	0	0	0
0	0	0	0	1	0	0	0	0	0	0	0	0	4	2	0	0	0	0	0	0	0	0	0	0	0	0	0	1	0	0	0	0	0	0	0	0	0	0	0	0	0	0	1	1	0	0	0	0	0	0	0	0	0	0	0	0	1	0	0	0	0	0	4	0	0	0	0	0	0	0	0	0	0
0	0	0	0	0	0	0	0	0	0	0	0	0	0	0	0	0	0	0	0	0	0	0	0	0	0	0	0	0	0	0	0	0	0	0	0	0	0	0	0	0	0	0	0	0	0	0	0	0	0	0	0	0	0	0	0	0	0	0	0	0	0	0	0	0	0	0	0	0	0	0	0	0	0
0	2	0	0	3	0	0	0	0	0	0	0	88	0	5	0	41	0	0	10	100	2	0	0	0	29	0	0	6	0	0	0	3	0	2	0	0	0	0	0	1	0	0	0	5	0	0	0	0	0	0	6	0	0	0	0	0	0	0	45	0	4	0	0	0	0	0	0	0	0	0	0	0	0
7	0	0	0	30	0	0	0	0	25	8	0	3	0	6	0	0	0	0	1	0	1	0	0	0	1	1	0	2	0	0	0	5	0	0	0	0	0	0	0	6	0	0	3	0	0	0	0	0	0	1	3	0	0	0	0	0	0	0	7	0	15	0	0	0	0	0	0	0	0	0	0	4	0
0	1	1	0	188	1	0	0	0	0	149	0	0	9	1	12	1	0	0	0	0	0	0	0	0	1	0	0	0	0	0	0	2	73	0	0	0	0	0	1	0	1	0	1	0	0	0	0	0	0	0	1	0	0	0	0	0	1	0	0	0	54	0	68	0	1	0	0	0	0	0	4	0	0
27	0	0	0	0	0	0	0	0	0	0	0	6	0	0	0	0	0	0	0	9	33	0	14	1	0	0	0	0	0	30	0	0	0	0	0	0	0	0	0	7	0	0	0	5	0	0	0	0	0	45	9	0	0	0	0	0	0	0	0	0	4	0	0	0	0	0	0	0	0	0	0	0	0
