0	0	0	0	0	0	0	0	0	0	0	0	0	0	0	0	0	0	0	0	0	1	0	0	0	0	0	0	0	0	0	0	0	0	0	0	0	0	0	0	0	0	0	0	0	0	0	0	0	2	0	0	0	0	1	0	0	1	0	0	0	0	0	0	0	0	1	6	0	0	0	0	0	0
0	0	3	0	12	0	0	6	0	0	0	0	9	4	0	0	0	0	0	6	0	0	0	0	0	0	0	0	0	0	1	3	4	11	1	0	0	8	0	8	0	1	0	4	0	15	0	0	0	0	0	0	0	0	3	0	4	2	0	0	10	10	0	0	0	1	3	1	8	11	1	0	6	0
0	3	0	0	0	17	0	0	0	1	0	0	0	17	2	0	0	0	0	0	5	0	0	0	0	1	0	0	38	0	0	7	0	0	0	0	0	0	0	0	0	0	0	0	0	0	0	0	0	0	0	0	0	0	0	0	18	0	0	0	0	0	0	0	0	0	0	0	1	0	0	3	0	4
0	0	0	0	0	0	0	0	0	0	0	0	0	0	0	0	0	0	0	0	0	0	0	0	0	0	0	0	0	304	0	0	0	0	0	0	0	0	0	0	0	0	0	0	0	0	0	0	0	0	0	0	0	0	0	0	0	0	0	0	0	0	0	0	0	2	0	0	0	0	0	0	0	0
0	12	0	0	0	0	0	0	0	0	0	0	27	1	1	0	0	4	0	3	0	0	0	0	0	0	0	0	0	3	0	6	0	0	0	0	0	0	0	0	0	0	0	0	0	0	0	0	0	0	0	0	0	0	0	0	2	0	0	0	0	0	0	0	0	0	0	0	0	0	0	11	4	0
0	0	17	0	0	0	0	0	0	0	0	0	4	0	0	0	280	0	51	2	173	13	10	0	0	101	0	0	95	0	1	0	66	42	33	0	0	4	0	122	0	0	0	0	117	0	0	0	0	0	0	0	0	0	26	16	0	20	0	0	0	0	0	0	0	0	3	51	0	6	4	2	0	9
0	0	0	0	0	0	0	0	0	0	0	0	0	0	0	0	0	0	0	0	0	0	0	0	0	0	0	0	0	2	0	0	0	0	0	0	0	0	0	0	0	0	0	0	0	0	0	0	0	0	0	0	0	0	0	0	0	0	0	0	0	0	0	0	0	0	0	0	0	0	0	0	0	0
0	6	0	0	0	0	0	0	0	0	0	0	78	0	0	0	5	0	0	0	2	0	0	0	0	0	0	0	8	0	0	141	1	4	0	0	0	0	0	0	0	0	0	0	0	0	0	0	0	0	0	0	0	0	0	0	0	0	0	0	0	0	0	0	0	0	0	0	0	0	0	0	0	0
0	0	0	0	0	0	0	0	0	0	0	0	0	0	0	0	0	0	0	0	0	0	0	0	0	0	0	0	0	0	0	0	0	0	0	0	0	0	0	0	0	0	0	0	0	0	0	0	0	2	0	0	0	0	0	0	0	0	0	0	0	0	0	0	0	0	0	0	0	0	0	0	0	0
0	0	1	0	0	0	0	0	0	0	0	0	0	37	47	0	0	23	0	0	0	0	0	0	0	0	0	0	0	0	20	0	4	0	0	18	0	1	0	0	0	3	0	30	0	0	0	0	0	0	1	0	0	0	0	0	6	0	0	0	5	31	0	0	0	45	0	1	0	0	0	0	0	0
0	0	0	0	0	0	0	0	0	0	0	0	0	0	0	0	0	0	0	48	0	0	0	0	0	0	0	0	0	0	0	0	0	0	0	0	0	0	0	0	0	0	0	0	0	0	0	0	0	0	0	0	0	0	0	0	0	0	0	0	0	0	0	0	0	0	0	0	0	0	0	6	0	0
0	0	0	0	0	0	0	0	0	0	0	0	0	0	0	0	0	0	0	0	0	0	0	0	0	0	0	0	0	0	0	0	0	0	0	0	0	0	0	0	0	0	0	0	0	0	0	0	0	0	0	0	0	0	0	0	0	0	0	0	0	0	0	0	0	0	0	0	0	0	0	0	0	0
0	9	0	0	27	4	0	78	0	0	0	0	0	0	0	0	20	0	10	1	22	1	4	0	0	0	0	0	15	0	0	158	51	67	10	0	0	6	0	59	0	1	0	0	1	40	0	0	0	0	0	0	0	0	1	0	0	19	0	0	0	0	0	1	0	0	1	2	0	16	43	0	0	0
0	4	17	0	1	0	0	0	0	37	0	0	0	0	0	0	0	1	0	5	0	0	6	0	0	0	0	0	0	0	0	7	2	0	0	6	0	60	0	1	0	51	0	78	0	0	0	0	0	0	0	0	0	0	0	0	1	1	0	0	173	236	0	11	0	6	0	15	0	0	0	10	1	0
0	0	2	0	1	0	0	0	0	47	0	0	0	0	0	0	0	16	7	0	0	0	0	0	0	0	0	0	0	0	7	0	0	1	0	25	0	4	0	0	0	18	0	8	0	0	0	0	0	0	0	0	0	0	0	0	0	0	0	0	3	0	0	0	0	8	0	0	0	0	0	0	0	3
0	0	0	0	0	0	0	0	0	0	0	0	0	0	0	0	0	0	0	0	0	0	0	0	0	0	0	0	0	0	0	0	0	0	0	0	0	0	0	0	0	0	0	0	0	0	0	0	0	0	0	0	0	0	0	0	0	0	0	0	0	0	0	0	0	0	0	0	0	0	0	0	0	0
0	0	0	0	0	280	0	5	0	0	0	0	20	0	0	0	0	0	18	0	232	2	0	0	0	104	0	0	5	0	3	0	30	4	0	3	0	0	0	116	0	0	0	0	104	1	0	0	0	0	0	0	0	0	36	0	0	10	0	0	0	0	0	0	0	0	24	19	0	0	1	3	0	1
0	0	0	0	4	0	0	0	0	23	0	0	0	1	16	0	0	0	0	0	0	0	2	0	0	0	0	0	0	1	9	0	1	1	0	0	0	7	0	1	0	1	0	28	2	3	0	0	0	90	0	0	0	0	0	0	0	0	0	0	5	8	0	0	0	1	0	0	0	0	0	0	0	0
0	0	0	0	0	51	0	0	0	0	0	0	10	0	7	0	18	0	0	0	32	0	2	0	0	6	0	0	186	0	10	0	1	2	0	0	0	0	0	0	0	0	0	0	0	0	0	0	0	0	0	0	0	0	0	9	30	0	0	0	0	0	0	0	0	0	0	0	0	0	2	0	0	88
0	6	0	0	3	2	0	0	0	0	48	0	1	5	0	0	0	0	0	0	1	0	11	0	0	0	0	0	1	0	0	2	6	12	1	0	0	13	0	11	0	1	0	0	0	3	0	0	0	0	0	0	0	0	8	0	24	0	0	0	3	4	0	0	0	2	0	0	2	10	16	23	1	0
0	0	5	0	0	173	0	2	0	0	0	0	22	0	0	0	232	0	32	1	0	1	1	0	0	75	0	0	36	0	2	0	117	45	28	0	0	2	0	143	0	0	0	0	83	4	0	0	0	0	0	0	0	0	15	17	1	10	0	0	0	0	0	0	0	0	0	52	0	6	150	2	0	6
1	0	0	0	0	13	0	0	0	0	0	0	1	0	0	0	2	0	0	0	1	0	0	0	0	0	0	0	35	0	2	0	0	8	0	0	0	0	0	0	0	0	0	0	0	0	0	0	0	0	0	0	0	0	0	1	0	0	0	0	0	0	0	0	0	0	0	0	0	0	0	0	0	0
0	0	0	0	0	10	0	0	0	0	0	0	4	6	0	0	0	2	2	11	1	0	0	0	0	1	0	0	14	0	4	0	0	1	0	0	0	0	0	0	0	0	0	0	0	0	0	0	0	0	0	0	0	0	0	2	2	0	0	0	0	0	0	0	0	0	0	0	0	0	0	0	0	1
0	0	0	0	0	0	0	0	0	0	0	0	0	0	0	0	0	0	0	0	0	0	0	0	0	0	0	0	0	0	0	0	0	0	0	0	0	0	0	0	0	0	0	0	0	0	0	0	0	0	0	0	0	0	0	0	0	0	0	0	0	0	0	0	0	0	0	0	0	0	0	0	0	0
0	0	0	0	0	0	0	0	0	0	0	0	0	0	0	0	0	0	0	0	0	0	0	0	0	0	0	0	0	0	0	0	0	0	0	0	0	0	0	0	0	0	0	0	0	0	0	0	0	0	0	0	0	0	0	0	0	0	0	0	0	0	0	0	0	0	0	0	0	0	0	0	0	0
0	0	1	0	0	101	0	0	0	0	0	0	0	0	0	0	104	0	6	0	75	0	1	0	0	0	0	0	4	0	0	0	83	3	1	0	0	0	0	70	0	0	0	0	79	0	0	0	0	0	0	0	0	0	3	0	0	3	0	0	0	0	0	0	0	0	5	13	0	0	82	0	0	0
0	0	0	0	0	0	0	0	0	0	0	0	0	0	0	0	0	0	0	0	0	0	0	0	0	0	0	0	0	0	0	0	0	0	0	0	0	0	0	0	0	0	0	0	0	0	0	0	0	0	0	0	0	0	0	0	0	0	0	0	0	0	0	0	0	0	0	0	0	0	0	0	0	0
0	0	0	0	0	0	0	0	0	0	0	0	0	0	0	0	0	0	0	0	0	0	0	0	0	0	0	0	0	0	0	0	0	0	0	0	0	0	0	0	0	0	0	0	0	0	0	0	0	0	0	0	0	0	0	0	0	0	0	0	0	0	0	0	0	0	0	0	0	0	0	0	0	0
0	0	38	0	0	95	0	8	0	0	0	0	15	0	0	0	5	0	186	1	36	35	14	0	0	4	0	0	0	0	0	2	63	12	26	0	0	60	0	96	0	0	0	0	1	0	0	0	0	0	0	0	0	0	8	50	1	25	0	0	0	0	0	0	0	0	2	10	0	0	0	0	0	0
0	0	0	304	3	0	2	0	0	0	0	0	0	0	0	0	0	1	0	0	0	0	0	0	0	0	0	0	0	0	0	0	0	1	0	461	0	0	0	0	0	0	0	0	0	0	0	0	0	0	0	0	0	0	0	0	0	1	0	0	6	0	0	0	0	946	0	0	0	0	1	0	24	0
0	1	0	0	0	1	0	0	0	20	0	0	0	0	7	0	3	9	10	0	2	2	4	0	0	0	0	0	0	0	0	0	0	0	0	0	0	0	0	0	0	0	0	8	2	0	0	0	0	0	0	0	0	0	62	0	87	4	0	0	0	0	0	0	0	0	52	4	0	6	0	1	0	173
0	3	7	0	6	0	0	141	0	0	0	0	158	7	0	0	0	0	0	2	0	0	0	0	0	0	0	0	2	0	0	0	1	563	2	0	0	0	0	0	0	19	0	0	0	484	0	0	0	0	0	0	0	0	0	0	0	0	0	0	0	248	0	378	0	0	0	0	174	4	0	0	4	0
0	4	0	0	0	66	0	1	0	4	0	0	51	2	0	0	30	1	1	6	117	0	0	0	0	83	0	0	63	0	0	1	0	1	0	0	0	0	0	0	0	0	0	2	0	0	0	0	0	0	0	0	0	0	0	1	2	0	0	0	0	2	0	0	0	0	0	0	0	0	5	0	0	0
0	11	0	0	0	42	0	4	0	0	0	0	67	0	1	0	4	1	2	12	45	8	1	0	0	3	0	0	12	1	0	563	1	0	4	0	0	0	0	14	0	0	0	0	0	11	0	0	0	0	0	0	0	0	1	0	2	4	0	0	0	0	0	0	0	0	9	1	0	2	1	4	0	1
0	1	0	0	0	33	0	0	0	0	0	0	10	0	0	0	0	0	0	1	28	0	0	0	0	1	0	0	26	0	0	2	0	4	0	0	0	0	0	0	0	0	0	0	0	0	0	0	0	0	0	0	0	0	0	0	0	0	0	0	0	0	0	0	0	0	0	0	0	0	0	0	0	0
0	0	0	0	0	0	0	0	0	18	0	0	0	6	25	0	3	0	0	0	0	0	0	0	0	0	0	0	0	461	0	0	0	0	0	0	0	0	0	0	0	0	0	0	0	0	0	0	0	0	0	0	0	0	0	0	0	0	0	0	0	0	0	0	0	2	0	0	0	0	0	0	1	9
0	0	0	0	0	0	0	0	0	0	0	0	0	0	0	0	0	0	0	0	0	0	0	0	0	0	0	0	0	0	0	0	0	0	0	0	0	0	0	0	0	0	0	0	0	0	0	0	0	0	0	0	0	0	0	0	0	0	0	0	0	0	0	0	0	0	0	0	0	0	0	0	0	0
0	8	0	0	0	4	0	0	0	1	0	0	6	60	4	0	0	7	0	13	2	0	0	0	0	0	0	0	60	0	0	0	0	0	0	0	0	0	0	0	0	0	0	0	0	0	0	0	0	0	0	0	0	0	0	7	0	0	0	0	0	0	0	0	0	0	0	0	2	0	0	8	4	0
0	0	0	0	0	0	0	0	0	0	0	0	0	0	0	0	0	0	0	0	0	0	0	0	0	0	0	0	0	0	0	0	0	0	0	0	0	0	0	0	0	0	0	0	0	0	0	0	0	0	0	0	0	0	0	0	0	0	0	0	0	0	0	0	0	0	0	0	0	0	0	0	0	0
0	8	0	0	0	122	0	0	0	0	0	0	59	1	0	0	116	1	0	11	143	0	0	0	0	70	0	0	96	0	0	0	0	14	0	0	0	0	0	0	0	0	0	0	0	0	0	0	0	0	0	0	0	0	0	1	0	0	0	0	0	0	0	0	0	0	0	0	0	0	0	0	0	17
0	0	0	0	0	0	0	0	0	0	0	0	0	0	0	0	0	0	0	0	0	0	0	0	0	0	0	0	0	0	0	0	0	0	0	0	0	0	0	0	0	0	0	0	0	0	0	0	0	0	0	0	0	0	0	0	0	0	0	0	0	0	0	0	0	0	0	0	0	0	0	0	0	0
0	1	0	0	0	0	0	0	0	3	0	0	1	51	18	0	0	1	0	1	0	0	0	0	0	0	0	0	0	0	0	19	0	0	0	0	0	0	0	0	0	0	0	2	0	0	0	0	0	0	0	0	0	0	0	0	0	0	0	0	0	0	0	0	0	0	0	0	1	0	0	1	8	2
0	0	0	0	0	0	0	0	0	0	0	0	0	0	0	0	0	0	0	0	0	0	0	0	0	0	0	0	0	0	0	0	0	0	0	0	0	0	0	0	0	0	0	0	0	0	0	0	0	0	0	0	0	0	0	0	0	0	0	0	0	0	0	0	0	0	0	0	0	0	0	0	0	0
0	4	0	0	0	0	0	0	0	30	0	0	0	78	8	0	0	28	0	0	0	0	0	0	0	0	0	0	0	0	8	0	2	0	0	0	0	0	0	0	0	2	0	0	0	0	0	0	0	0	0	0	0	0	0	0	43	0	0	0	2	2	0	0	0	0	0	0	0	0	0	4	1	25
0	0	0	0	0	117	0	0	0	0	0	0	1	0	0	0	104	2	0	0	83	0	0	0	0	79	0	0	1	0	2	0	0	0	0	0	0	0	0	0	0	0	0	0	0	0	0	0	0	0	0	0	0	0	0	0	0	0	0	0	0	0	0	0	0	0	0	0	0	0	0	0	0	4
0	15	0	0	0	0	0	0	0	0	0	0	40	0	0	0	1	3	0	3	4	0	0	0	0	0	0	0	0	0	0	484	0	11	0	0	0	0	0	0	0	0	0	0	0	0	0	0	0	0	0	0	0	0	0	0	2	0	0	0	0	0	0	0	0	0	0	0	0	0	0	11	5	0
0	0	0	0	0	0	0	0	0	0	0	0	0	0	0	0	0	0	0	0	0	0	0	0	0	0	0	0	0	0	0	0	0	0	0	0	0	0	0	0	0	0	0	0	0	0	0	0	0	0	0	0	0	0	0	0	0	0	0	0	0	0	0	0	0	0	0	0	0	0	0	0	0	0
0	0	0	0	0	0	0	0	0	0	0	0	0	0	0	0	0	0	0	0	0	0	0	0	0	0	0	0	0	0	0	0	0	0	0	0	0	0	0	0	0	0	0	0	0	0	0	0	0	0	0	0	0	0	0	0	0	0	0	0	0	0	0	0	0	0	0	0	0	0	0	0	0	0
0	0	0	0	0	0	0	0	0	0	0	0	0	0	0	0	0	0	0	0	0	0	0	0	0	0	0	0	0	0	0	0	0	0	0	0	0	0	0	0	0	0	0	0	0	0	0	0	0	0	0	0	0	0	0	0	0	0	0	0	0	0	0	0	0	0	0	0	0	0	0	0	0	0
2	0	0	0	0	0	0	0	2	0	0	0	0	0	0	0	0	90	0	0	0	0	0	0	0	0	0	0	0	0	0	0	0	0	0	0	0	0	0	0	0	0	0	0	0	0	0	0	0	0	0	0	0	0	0	0	0	0	0	0	0	0	0	0	0	0	0	0	0	0	0	0	3	0
0	0	0	0	0	0	0	0	0	1	0	0	0	0	0	0	0	0	0	0	0	0	0	0	0	0	0	0	0	0	0	0	0	0	0	0	0	0	0	0	0	0	0	0	0	0	0	0	0	0	0	0	0	0	0	0	0	0	0	0	0	0	0	0	0	0	0	0	0	0	0	0	0	0
0	0	0	0	0	0	0	0	0	0	0	0	0	0	0	0	0	0	0	0	0	0	0	0	0	0	0	0	0	0	0	0	0	0	0	0	0	0	0	0	0	0	0	0	0	0	0	0	0	0	0	0	0	0	0	0	0	0	0	0	0	0	0	0	0	0	0	0	0	0	0	0	0	0
0	0	0	0	0	0	0	0	0	0	0	0	0	0	0	0	0	0	0	0	0	0	0	0	0	0	0	0	0	0	0	0	0	0	0	0	0	0	0	0	0	0	0	0	0	0	0	0	0	0	0	0	0	0	0	0	0	0	0	0	0	0	0	0	0	0	0	0	0	0	0	0	0	0
0	0	0	0	0	0	0	0	0	0	0	0	0	0	0	0	0	0	0	0	0	0	0	0	0	0	0	0	0	0	0	0	0	0	0	0	0	0	0	0	0	0	0	0	0	0	0	0	0	0	0	0	0	0	0	0	0	0	0	0	0	0	0	0	0	0	0	0	0	0	0	0	0	0
1	3	0	0	0	26	0	0	0	0	0	0	1	0	0	0	36	0	0	8	15	0	0	0	0	3	0	0	8	0	62	0	0	1	0	0	0	0	0	0	0	0	0	0	0	0	0	0	0	0	0	0	0	0	0	5	0	0	0	0	0	0	0	0	0	0	0	0	0	0	0	3	0	0
0	0	0	0	0	16	0	0	0	0	0	0	0	0	0	0	0	0	9	0	17	1	2	0	0	0	0	0	50	0	0	0	1	0	0	0	0	7	0	1	0	0	0	0	0	0	0	0	0	0	0	0	0	0	5	0	0	0	0	0	0	0	0	0	0	0	0	1	0	0	3	0	0	2
0	4	18	0	2	0	0	0	0	6	0	0	0	1	0	0	0	0	30	24	1	0	2	0	0	0	0	0	1	0	87	0	2	2	0	0	0	0	0	0	0	0	0	43	0	2	0	0	0	0	0	0	0	0	0	0	0	2	0	0	5	3	0	0	0	4	0	0	0	6	0	4	2	15
1	2	0	0	0	20	0	0	0	0	0	0	19	1	0	0	10	0	0	0	10	0	0	0	0	3	0	0	25	1	4	0	0	4	0	0	0	0	0	0	0	0	0	0	0	0	0	0	0	0	0	0	0	0	0	0	2	0	0	0	0	0	0	0	0	0	0	0	0	0	0	2	2	86
0	0	0	0	0	0	0	0	0	0	0	0	0	0	0	0	0	0	0	0	0	0	0	0	0	0	0	0	0	0	0	0	0	0	0	0	0	0	0	0	0	0	0	0	0	0	0	0	0	0	0	0	0	0	0	0	0	0	0	0	0	0	0	0	0	0	0	0	0	0	0	0	0	0
0	0	0	0	0	0	0	0	0	0	0	0	0	0	0	0	0	0	0	0	0	0	0	0	0	0	0	0	0	0	0	0	0	0	0	0	0	0	0	0	0	0	0	0	0	0	0	0	0	0	0	0	0	0	0	0	0	0	0	0	0	0	0	0	0	0	0	0	0	0	0	0	0	0
0	10	0	0	0	0	0	0	0	5	0	0	0	173	3	0	0	5	0	3	0	0	0	0	0	0	0	0	0	6	0	0	0	0	0	0	0	0	0	0	0	0	0	2	0	0	0	0	0	0	0	0	0	0	0	0	5	0	0	0	0	0	0	0	0	0	0	0	0	0	0	10	4	2
0	10	0	0	0	0	0	0	0	31	0	0	0	236	0	0	0	8	0	4	0	0	0	0	0	0	0	0	0	0	0	248	2	0	0	0	0	0	0	0	0	0	0	2	0	0	0	0	0	0	0	0	0	0	0	0	3	0	0	0	0	0	0	0	0	0	0	0	2	0	0	10	4	24
0	0	0	0	0	0	0	0	0	0	0	0	0	0	0	0	0	0	0	0	0	0	0	0	0	0	0	0	0	0	0	0	0	0	0	0	0	0	0	0	0	0	0	0	0	0	0	0	0	0	0	0	0	0	0	0	0	0	0	0	0	0	0	0	0	0	0	0	0	0	0	0	0	0
0	0	0	0	0	0	0	0	0	0	0	0	1	11	0	0	0	0	0	0	0	0	0	0	0	0	0	0	0	0	0	378	0	0	0	0	0	0	0	0	0	0	0	0	0	0	0	0	0	0	0	0	0	0	0	0	0	0	0	0	0	0	0	0	0	0	0	0	0	0	0	0	0	0
0	0	0	0	0	0	0	0	0	0	0	0	0	0	0	0	0	0	0	0	0	0	0	0	0	0	0	0	0	0	0	0	0	0	0	0	0	0	0	0	0	0	0	0	0	0	0	0	0	0	0	0	0	0	0	0	0	0	0	0	0	0	0	0	0	0	0	0	0	0	0	0	0	0
0	1	0	2	0	0	0	0	0	45	0	0	0	6	8	0	0	1	0	2	0	0	0	0	0	0	0	0	0	946	0	0	0	0	0	2	0	0	0	0	0	0	0	0	0	0	0	0	0	0	0	0	0	0	0	0	4	0	0	0	0	0	0	0	0	0	0	0	0	0	0	1	0	1
1	3	0	0	0	3	0	0	0	0	0	0	1	0	0	0	24	0	0	0	0	0	0	0	0	5	0	0	2	0	52	0	0	9	0	0	0	0	0	0	0	0	0	0	0	0	0	0	0	0	0	0	0	0	0	0	0	0	0	0	0	0	0	0	0	0	0	0	0	0	0	3	0	0
6	1	0	0	0	51	0	0	0	1	0	0	2	15	0	0	19	0	0	0	52	0	0	0	0	13	0	0	10	0	4	0	0	1	0	0	0	0	0	0	0	0	0	0	0	0	0	0	0	0	0	0	0	0	0	1	0	0	0	0	0	0	0	0	0	0	0	0	0	0	0	1	0	103
0	8	1	0	0	0	0	0	0	0	0	0	0	0	0	0	0	0	0	2	0	0	0	0	0	0	0	0	0	0	0	174	0	0	0	0	0	2	0	0	0	1	0	0	0	0	0	0	0	0	0	0	0	0	0	0	0	0	0	0	0	2	0	0	0	0	0	0	0	0	0	9	8	0
0	11	0	0	0	6	0	0	0	0	0	0	16	0	0	0	0	0	0	10	6	0	0	0	0	0	0	0	0	0	6	4	0	2	0	0	0	0	0	0	0	0	0	0	0	0	0	0	0	0	0	0	0	0	0	0	6	0	0	0	0	0	0	0	0	0	0	0	0	0	0	2	0	1
0	1	0	0	0	4	0	0	0	0	0	0	43	0	0	0	1	0	2	16	150	0	0	0	0	82	0	0	0	1	0	0	5	1	0	0	0	0	0	0	0	0	0	0	0	0	0	0	0	0	0	0	0	0	0	3	0	0	0	0	0	0	0	0	0	0	0	0	0	0	0	1	0	1
0	0	3	0	11	2	0	0	0	0	6	0	0	10	0	0	3	0	0	23	2	0	0	0	0	0	0	0	0	0	1	0	0	4	0	0	0	8	0	0	0	1	0	4	0	11	0	0	0	0	0	0	0	0	3	0	4	2	0	0	10	10	0	0	0	1	3	1	9	2	1	0	12	0
0	6	0	0	4	0	0	0	0	0	0	0	0	1	0	0	0	0	0	1	0	0	0	0	0	0	0	0	0	24	0	4	0	0	0	1	0	4	0	0	0	8	0	1	0	5	0	0	0	3	0	0	0	0	0	0	2	2	0	0	4	4	0	0	0	0	0	0	8	0	0	12	0	0
0	0	4	0	0	9	0	0	0	0	0	0	0	0	3	0	1	0	88	0	6	0	1	0	0	0	0	0	0	0	173	0	0	1	0	9	0	0	0	17	0	2	0	25	4	0	0	0	0	0	0	0	0	0	0	2	15	86	0	0	2	24	0	0	0	1	0	103	0	1	1	0	0	0
