0	0	0	0	0	0	0	0	0	0	0	0	0	0	0	0	0	0	0	0	0	0	0	0	0	0	0	0	0	0	0	0	0	0	0	0	0	0	0	0	0	0	0	0	0	0	0	0	0	0	0	0	0	0	0	0	0	0	0	0	0	0	0	0	0	0	0	0	0	0	0	0	0	0
0	0	4	0	0	0	0	0	0	0	0	0	0	8	0	0	0	3	0	0	0	0	0	0	0	0	0	0	0	0	0	0	0	0	0	0	0	0	0	0	2	1	0	0	0	0	0	0	0	0	0	0	0	0	0	0	2	0	0	0	0	8	0	1	0	0	0	0	0	0	0	0	0	1
0	4	0	0	10	0	0	0	0	0	0	0	5	69	0	0	0	9	0	0	0	0	0	0	0	3	8	0	3	0	0	0	1	0	4	0	0	0	0	0	2	0	0	0	0	0	0	0	0	0	0	13	0	0	2	0	33	1	0	12	0	48	0	0	0	0	0	0	0	0	0	0	2	0
0	0	0	0	0	0	0	0	0	0	0	0	0	0	0	0	0	0	0	0	0	0	0	0	0	0	0	0	0	0	0	0	0	0	0	0	0	0	0	0	0	0	0	0	0	0	0	0	0	0	0	0	0	0	0	0	0	0	0	0	0	0	0	0	0	0	0	0	0	0	0	0	0	0
0	0	10	0	0	0	0	0	0	0	0	0	212	0	0	1	0	0	0	0	0	0	0	0	0	0	0	0	2	0	0	0	2	0	1	0	0	0	0	0	0	3	0	0	0	70	0	0	0	0	0	0	0	0	0	0	0	0	0	1	0	173	0	78	0	0	0	0	0	0	0	2	233	0
0	0	0	0	0	0	0	0	0	0	0	0	0	0	0	0	0	0	0	0	0	0	0	0	0	0	0	0	0	0	0	0	0	0	0	0	0	0	0	0	0	0	0	0	0	0	0	0	0	0	0	0	0	0	0	0	0	0	0	0	0	0	0	0	0	0	0	0	0	0	0	0	0	0
0	0	0	0	0	0	0	0	0	0	0	0	0	0	0	0	0	6	0	0	0	0	0	0	0	0	0	0	0	0	0	0	0	0	0	0	0	0	0	0	1	0	0	0	0	0	0	0	0	0	0	0	0	0	0	0	0	1	0	0	0	0	0	0	0	5	0	0	0	0	0	0	0	0
0	0	0	0	0	0	0	0	0	0	0	0	36	0	0	0	0	1	0	0	4	0	0	6	0	1	0	0	0	0	0	0	0	0	0	0	0	0	0	0	0	0	0	0	0	0	0	0	0	0	0	16	0	0	0	0	0	0	0	41	0	0	0	0	0	0	0	0	0	0	0	0	0	0
0	0	0	0	0	0	0	0	0	0	0	0	0	0	0	0	0	0	0	0	0	0	0	0	0	0	0	0	0	0	0	0	0	0	0	0	0	0	0	0	0	0	0	0	0	0	0	0	0	0	0	0	0	0	0	0	0	0	0	0	0	0	0	0	0	0	0	0	0	0	0	0	0	0
0	0	0	0	0	0	0	0	0	0	1	0	0	2	0	1	0	26	78	1	0	0	0	0	0	0	1	0	0	0	39	0	1	0	0	0	0	0	0	0	1	113	0	113	0	0	0	44	0	0	77	0	113	0	0	0	58	7	5	0	0	2	0	0	0	13	0	0	0	74	0	4	0	0
0	0	0	0	0	0	0	0	0	1	0	0	2	0	0	1	0	0	1	0	0	0	0	0	0	0	0	0	0	0	0	0	0	0	0	0	0	0	0	0	0	2	0	0	0	0	0	0	0	0	0	0	0	0	0	0	0	2	2	2	0	3	0	0	0	0	0	0	0	0	0	0	0	0
0	0	0	0	0	0	0	0	0	0	0	0	0	0	0	0	0	0	0	0	0	0	0	0	0	0	0	0	0	0	0	0	0	0	0	0	0	0	0	0	0	0	0	0	0	0	0	0	0	0	0	0	0	0	0	0	0	0	0	0	0	0	0	0	0	0	0	0	0	0	0	0	0	0
0	0	5	0	212	0	0	36	0	0	2	0	0	1	0	29	0	0	89	0	54	1	0	5	2	4	0	0	99	0	0	0	185	0	85	0	0	0	0	178	1	1	0	1	0	141	0	0	0	0	0	1	0	0	3	0	34	82	3	360	0	0	0	61	0	0	1	0	0	9	0	3	2	0
0	8	69	0	0	0	0	0	0	2	0	0	1	0	0	0	0	0	0	0	0	0	0	0	0	0	0	0	0	0	0	0	0	0	0	0	0	0	0	0	2	0	0	0	0	0	0	0	0	0	0	0	0	0	0	0	9	0	0	0	0	437	0	1	0	0	0	0	0	0	0	39	0	0
0	0	0	0	0	0	0	0	0	0	0	0	0	0	0	0	0	0	0	0	0	0	0	0	0	0	0	0	0	0	0	0	0	0	0	0	0	0	0	0	0	0	0	0	0	0	0	0	0	0	0	0	0	0	0	0	0	0	0	0	0	0	0	0	0	0	0	0	0	0	0	0	0	0
0	0	0	0	1	0	0	0	0	1	1	0	29	0	0	0	0	0	0	0	0	0	0	0	0	0	0	0	0	0	0	0	0	0	0	0	0	0	0	0	0	0	0	0	0	0	0	0	0	0	0	1	0	0	0	0	0	0	0	0	0	8	0	0	0	0	0	0	0	0	0	0	6	0
0	0	0	0	0	0	0	0	0	0	0	0	0	0	0	0	0	0	0	0	0	0	0	0	0	0	0	0	0	0	0	0	0	0	0	0	0	0	0	0	0	0	0	0	0	0	0	0	0	0	0	0	0	0	0	0	0	0	0	0	0	0	0	0	0	0	0	0	0	0	0	0	0	0
0	3	9	0	0	0	6	1	0	26	0	0	0	0	0	0	0	0	2	0	0	0	0	0	0	0	0	0	0	0	0	0	6	0	0	0	0	0	0	0	19	9	0	36	0	0	0	6	0	153	15	0	11	0	0	0	3	1	1	0	0	32	0	0	0	0	0	0	0	2	0	8	1	2
0	0	0	0	0	0	0	0	0	78	1	0	89	0	0	0	0	2	0	2	110	0	0	0	1	35	0	0	26	0	21	0	3	0	0	0	0	0	0	73	0	0	0	0	0	0	0	0	0	0	46	80	0	0	0	0	13	132	0	70	0	0	0	0	0	0	0	0	0	0	0	0	1	0
0	0	0	0	0	0	0	0	0	1	0	0	0	0	0	0	0	0	2	0	0	0	0	0	0	0	0	0	0	0	0	0	1	0	0	0	0	0	0	0	0	0	0	0	1	0	0	2	0	0	3	0	2	0	0	3	2	0	0	0	0	1	0	0	0	0	0	0	0	2	130	0	1	0
0	0	0	0	0	0	0	4	0	0	0	0	54	0	0	0	0	0	110	0	0	17	0	12	9	141	0	0	117	0	1	0	157	0	88	0	0	0	0	191	1	0	0	0	0	0	0	0	0	0	0	315	66	0	39	0	14	217	1	0	0	0	0	0	0	0	0	0	0	0	0	1	2	7
0	0	0	0	0	0	0	0	0	0	0	0	1	0	0	0	0	0	0	0	17	0	0	226	3	42	0	0	12	0	42	0	0	0	0	0	0	0	0	7	0	0	0	0	0	0	0	0	0	0	9	70	0	0	13	0	0	34	0	55	0	0	0	0	0	0	0	0	0	0	0	0	0	0
0	0	0	0	0	0	0	0	0	0	0	0	0	0	0	0	0	0	0	0	0	0	0	0	0	0	0	0	0	0	0	0	0	0	0	0	0	0	0	0	0	0	0	0	0	0	0	0	0	0	0	0	0	0	0	0	0	0	0	0	0	0	0	0	0	0	0	0	0	0	0	0	0	0
0	0	0	0	0	0	0	6	0	0	0	0	5	0	0	0	0	0	0	0	12	226	0	0	525	7	0	0	12	0	33	0	2	0	49	0	0	0	0	0	0	0	0	0	0	0	0	0	0	0	2	13	33	0	229	2	16	8	0	8	0	0	0	0	0	0	2	0	0	4	0	0	0	0
0	0	0	0	0	0	0	0	0	0	0	0	2	0	0	0	0	0	1	0	9	3	0	525	0	6	0	0	5	0	67	0	1	0	1	0	0	0	0	1	0	0	0	0	0	0	0	0	0	0	0	11	2	0	5	0	26	9	0	5	0	0	0	0	0	0	0	0	0	0	0	0	0	0
0	0	3	0	0	0	0	1	0	0	0	0	4	0	0	0	0	0	35	0	141	42	0	7	6	0	0	0	73	0	0	0	128	0	81	0	0	0	0	44	0	0	0	0	0	7	0	0	0	0	0	240	61	0	90	0	13	96	0	21	0	23	0	0	0	1	52	0	0	3	2	0	0	3
0	0	8	0	0	0	0	0	0	1	0	0	0	0	0	0	0	0	0	0	0	0	0	0	0	0	0	0	0	0	0	0	0	0	0	0	0	0	0	0	0	2	0	1	0	0	0	0	0	0	0	0	0	0	0	0	0	0	2	0	0	0	0	0	0	0	0	0	0	1	0	0	0	0
0	0	0	0	0	0	0	0	0	0	0	0	0	0	0	0	0	0	0	0	0	0	0	0	0	0	0	0	0	0	0	0	0	0	0	0	0	0	0	0	0	0	0	0	0	0	0	0	0	0	0	0	0	0	0	0	0	0	0	0	0	0	0	0	0	0	0	0	0	0	0	0	0	0
0	0	3	0	2	0	0	0	0	0	0	0	99	0	0	0	0	0	26	0	117	12	0	12	5	73	0	0	0	0	1	0	23	0	33	0	0	0	0	84	0	0	0	0	0	1	0	0	0	0	0	170	2	0	12	0	1	162	3	197	0	2	0	0	0	0	13	0	0	1	0	0	2	0
0	0	0	0	0	0	0	0	0	0	0	0	0	0	0	0	0	0	0	0	0	0	0	0	0	0	0	0	0	0	0	0	0	0	0	0	0	0	0	0	0	0	0	0	0	0	0	0	0	0	0	0	0	0	0	0	0	0	0	0	0	0	0	0	0	0	0	0	0	0	0	0	0	0
0	0	0	0	0	0	0	0	0	39	0	0	0	0	0	0	0	0	21	0	1	42	0	33	67	0	0	0	1	0	0	0	1	0	1	0	0	0	0	0	0	0	0	55	0	0	0	0	0	0	128	2	181	0	92	0	243	3	0	0	0	0	0	0	0	0	24	0	0	37	0	0	0	86
0	0	0	0	0	0	0	0	0	0	0	0	0	0	0	0	0	0	0	0	0	0	0	0	0	0	0	0	0	0	0	0	0	0	0	0	0	0	0	0	0	0	0	0	0	0	0	0	0	0	0	0	0	0	0	0	0	0	0	0	0	0	0	0	0	0	0	0	0	0	0	0	0	0
0	0	1	0	2	0	0	0	0	1	0	0	185	0	0	0	0	6	3	1	157	0	0	2	1	128	0	0	23	0	1	0	0	0	3	0	0	0	0	82	0	0	0	0	0	0	0	0	0	0	0	100	0	0	1	0	1	109	1	116	0	49	0	0	0	1	0	0	0	0	0	2	1	3
0	0	0	0	0	0	0	0	0	0	0	0	0	0	0	0	0	0	0	0	0	0	0	0	0	0	0	0	0	0	0	0	0	0	0	0	0	0	0	0	0	0	0	0	0	0	0	0	0	0	0	0	0	0	0	0	0	0	0	0	0	0	0	0	0	0	0	0	0	0	0	0	0	0
0	0	4	0	1	0	0	0	0	0	0	0	85	0	0	0	0	0	0	0	88	0	0	49	1	81	0	0	33	0	1	0	3	0	0	0	0	0	0	56	0	0	0	0	0	0	0	0	0	0	0	129	0	0	4	0	3	114	0	91	0	1	0	0	0	0	0	0	0	0	0	1	1	0
0	0	0	0	0	0	0	0	0	0	0	0	0	0	0	0	0	0	0	0	0	0	0	0	0	0	0	0	0	0	0	0	0	0	0	0	0	0	0	0	0	0	0	0	0	0	0	0	0	0	0	0	0	0	0	0	0	0	0	0	0	0	0	0	0	0	0	0	0	0	0	0	0	0
0	0	0	0	0	0	0	0	0	0	0	0	0	0	0	0	0	0	0	0	0	0	0	0	0	0	0	0	0	0	0	0	0	0	0	0	0	0	0	0	0	0	0	0	0	0	0	0	0	0	0	0	0	0	0	0	0	0	0	0	0	0	0	0	0	0	0	0	0	0	0	0	0	0
0	0	0	0	0	0	0	0	0	0	0	0	0	0	0	0	0	0	0	0	0	0	0	0	0	0	0	0	0	0	0	0	0	0	0	0	0	0	0	0	0	0	0	0	0	0	0	0	0	0	0	0	0	0	0	0	0	0	0	0	0	0	0	0	0	0	0	0	0	0	0	0	0	0
0	0	0	0	0	0	0	0	0	0	0	0	0	0	0	0	0	0	0	0	0	0	0	0	0	0	0	0	0	0	0	0	0	0	0	0	0	0	0	0	0	0	0	0	0	0	0	0	0	0	0	0	0	0	0	0	0	0	0	0	0	0	0	0	0	0	0	0	0	0	0	0	0	0
0	0	0	0	0	0	0	0	0	0	0	0	178	0	0	0	0	0	73	0	191	7	0	0	1	44	0	0	84	0	0	0	82	0	56	0	0	0	0	0	0	0	0	0	0	0	0	0	0	0	0	100	4	0	3	0	12	174	0	159	0	0	0	0	0	0	0	0	0	0	0	0	1	0
0	2	2	0	0	0	1	0	0	1	0	0	1	2	0	0	0	19	0	0	1	0	0	0	0	0	0	0	0	0	0	0	0	0	0	0	0	0	0	0	0	5	0	1	0	0	0	0	0	0	0	0	0	0	0	0	5	0	0	1	0	18	0	0	0	0	0	0	0	0	0	2	0	1
0	1	0	0	3	0	0	0	0	113	2	0	1	0	0	0	0	9	0	0	0	0	0	0	0	0	2	0	0	0	0	0	0	0	0	0	0	0	0	0	5	0	0	0	0	0	0	0	0	0	0	0	0	0	0	0	2	59	0	10	0	59	0	0	0	0	0	0	0	0	0	0	2	0
0	0	0	0	0	0	0	0	0	0	0	0	0	0	0	0	0	0	0	0	0	0	0	0	0	0	0	0	0	0	0	0	0	0	0	0	0	0	0	0	0	0	0	0	0	0	0	0	0	0	0	0	0	0	0	0	0	0	0	0	0	0	0	0	0	0	0	0	0	0	0	0	0	0
0	0	0	0	0	0	0	0	0	113	0	0	1	0	0	0	0	36	0	0	0	0	0	0	0	0	1	0	0	0	55	0	0	0	0	0	0	0	0	0	1	0	0	0	0	0	0	0	0	0	46	0	0	0	2	0	66	35	0	0	0	0	0	0	0	2	0	0	0	0	0	0	0	0
0	0	0	0	0	0	0	0	0	0	0	0	0	0	0	0	0	0	0	1	0	0	0	0	0	0	0	0	0	0	0	0	0	0	0	0	0	0	0	0	0	0	0	0	0	0	0	0	0	0	0	0	0	0	0	0	0	0	0	0	0	0	0	0	0	0	0	0	0	0	3	0	0	0
0	0	0	0	70	0	0	0	0	0	0	0	141	0	0	0	0	0	0	0	0	0	0	0	0	7	0	0	1	0	0	0	0	0	0	0	0	0	0	0	0	0	0	0	0	0	0	0	0	0	0	0	0	0	2	0	0	21	0	62	0	0	0	0	0	0	0	0	0	0	0	0	87	0
0	0	0	0	0	0	0	0	0	0	0	0	0	0	0	0	0	0	0	0	0	0	0	0	0	0	0	0	0	0	0	0	0	0	0	0	0	0	0	0	0	0	0	0	0	0	0	0	0	0	0	0	0	0	0	0	0	0	0	0	0	0	0	0	0	0	0	0	0	0	0	0	0	0
0	0	0	0	0	0	0	0	0	44	0	0	0	0	0	0	0	6	0	2	0	0	0	0	0	0	0	0	0	0	0	0	0	0	0	0	0	0	0	0	0	0	0	0	0	0	0	0	0	0	12	0	0	0	0	0	1	0	0	0	0	0	0	0	0	14	0	0	0	0	0	0	0	0
0	0	0	0	0	0	0	0	0	0	0	0	0	0	0	0	0	0	0	0	0	0	0	0	0	0	0	0	0	0	0	0	0	0	0	0	0	0	0	0	0	0	0	0	0	0	0	0	0	0	0	0	0	0	0	0	0	0	0	0	0	0	0	0	0	0	0	0	0	0	0	0	0	0
0	0	0	0	0	0	0	0	0	0	0	0	0	0	0	0	0	153	0	0	0	0	0	0	0	0	0	0	0	0	0	0	0	0	0	0	0	0	0	0	0	0	0	0	0	0	0	0	0	0	0	0	0	0	0	0	0	0	0	0	0	0	0	0	0	0	0	0	0	0	0	0	0	0
0	0	0	0	0	0	0	0	0	77	0	0	0	0	0	0	0	15	46	3	0	9	0	2	0	0	0	0	0	0	128	0	0	0	0	0	0	0	0	0	0	0	0	46	0	0	0	12	0	0	0	0	53	0	7	0	7	20	0	0	0	0	0	0	0	0	44	0	0	36	0	0	0	18
0	0	13	0	0	0	0	16	0	0	0	0	1	0	0	1	0	0	80	0	315	70	0	13	11	240	0	0	170	0	2	0	100	0	129	0	0	0	0	100	0	0	0	0	0	0	0	0	0	0	0	0	56	0	100	1	18	201	0	0	0	0	0	0	0	0	30	0	0	8	0	1	0	11
0	0	0	0	0	0	0	0	0	113	0	0	0	0	0	0	0	11	0	2	66	0	0	33	2	61	0	0	2	0	181	0	0	0	0	0	0	0	0	4	0	0	0	0	0	0	0	0	0	0	53	56	0	0	2	0	65	84	0	3	0	0	0	0	0	0	0	0	0	0	0	0	0	0
0	0	0	0	0	0	0	0	0	0	0	0	0	0	0	0	0	0	0	0	0	0	0	0	0	0	0	0	0	0	0	0	0	0	0	0	0	0	0	0	0	0	0	0	0	0	0	0	0	0	0	0	0	0	0	0	0	0	0	0	0	0	0	0	0	0	0	0	0	0	0	0	0	0
0	0	2	0	0	0	0	0	0	0	0	0	3	0	0	0	0	0	0	0	39	13	0	229	5	90	0	0	12	0	92	0	1	0	4	0	0	0	0	3	0	0	0	2	0	2	0	0	0	0	7	100	2	0	0	0	2	28	2	31	0	0	0	0	0	0	5	0	0	0	0	0	0	7
0	0	0	0	0	0	0	0	0	0	0	0	0	0	0	0	0	0	0	3	0	0	0	2	0	0	0	0	0	0	0	0	0	0	0	0	0	0	0	0	0	0	0	0	0	0	0	0	0	0	0	1	0	0	0	0	1	0	0	0	0	0	0	0	0	0	0	0	0	17	0	0	0	0
0	2	33	0	0	0	0	0	0	58	0	0	34	9	0	0	0	3	13	2	14	0	0	16	26	13	0	0	1	0	243	0	1	0	3	0	0	0	0	12	5	2	0	66	0	0	0	1	0	0	7	18	65	0	2	1	0	24	0	36	0	17	0	0	0	0	0	0	0	1	0	1	6	4
0	0	1	0	0	0	1	0	0	7	2	0	82	0	0	0	0	1	132	0	217	34	0	8	9	96	0	0	162	0	3	0	109	0	114	0	0	0	0	174	0	59	0	35	0	21	0	0	0	0	20	201	84	0	28	0	24	0	49	287	0	5	0	0	0	0	61	0	0	1	0	2	2	17
0	0	0	0	0	0	0	0	0	5	2	0	3	0	0	0	0	1	0	0	1	0	0	0	0	0	2	0	3	0	0	0	1	0	0	0	0	0	0	0	0	0	0	0	0	0	0	0	0	0	0	0	0	0	2	0	0	49	0	236	0	2	0	0	0	0	0	0	0	0	0	0	26	0
0	0	12	0	1	0	0	41	0	0	2	0	360	0	0	0	0	0	70	0	0	55	0	8	5	21	0	0	197	0	0	0	116	0	91	0	0	0	0	159	1	10	0	0	0	62	0	0	0	0	0	0	3	0	31	0	36	287	236	0	0	0	0	47	0	0	86	0	0	14	2	4	0	0
0	0	0	0	0	0	0	0	0	0	0	0	0	0	0	0	0	0	0	0	0	0	0	0	0	0	0	0	0	0	0	0	0	0	0	0	0	0	0	0	0	0	0	0	0	0	0	0	0	0	0	0	0	0	0	0	0	0	0	0	0	0	0	0	0	0	0	0	0	0	0	0	0	0
0	8	48	0	173	0	0	0	0	2	3	0	0	437	0	8	0	32	0	1	0	0	0	0	0	23	0	0	2	0	0	0	49	0	1	0	0	0	0	0	18	59	0	0	0	0	0	0	0	0	0	0	0	0	0	0	17	5	2	0	0	0	0	0	0	0	0	0	0	0	0	48	101	32
0	0	0	0	0	0	0	0	0	0	0	0	0	0	0	0	0	0	0	0	0	0	0	0	0	0	0	0	0	0	0	0	0	0	0	0	0	0	0	0	0	0	0	0	0	0	0	0	0	0	0	0	0	0	0	0	0	0	0	0	0	0	0	0	0	0	0	0	0	0	0	0	0	0
0	1	0	0	78	0	0	0	0	0	0	0	61	1	0	0	0	0	0	0	0	0	0	0	0	0	0	0	0	0	0	0	0	0	0	0	0	0	0	0	0	0	0	0	0	0	0	0	0	0	0	0	0	0	0	0	0	0	0	47	0	0	0	0	0	0	0	0	0	0	0	0	51	0
0	0	0	0	0	0	0	0	0	0	0	0	0	0	0	0	0	0	0	0	0	0	0	0	0	0	0	0	0	0	0	0	0	0	0	0	0	0	0	0	0	0	0	0	0	0	0	0	0	0	0	0	0	0	0	0	0	0	0	0	0	0	0	0	0	0	0	0	0	0	0	0	0	0
0	0	0	0	0	0	5	0	0	13	0	0	0	0	0	0	0	0	0	0	0	0	0	0	0	1	0	0	0	0	0	0	1	0	0	0	0	0	0	0	0	0	0	2	0	0	0	14	0	0	0	0	0	0	0	0	0	0	0	0	0	0	0	0	0	0	0	0	0	0	0	0	0	0
0	0	0	0	0	0	0	0	0	0	0	0	1	0	0	0	0	0	0	0	0	0	0	2	0	52	0	0	13	0	24	0	0	0	0	0	0	0	0	0	0	0	0	0	0	0	0	0	0	0	44	30	0	0	5	0	0	61	0	86	0	0	0	0	0	0	0	0	0	0	0	0	0	0
0	0	0	0	0	0	0	0	0	0	0	0	0	0	0	0	0	0	0	0	0	0	0	0	0	0	0	0	0	0	0	0	0	0	0	0	0	0	0	0	0	0	0	0	0	0	0	0	0	0	0	0	0	0	0	0	0	0	0	0	0	0	0	0	0	0	0	0	0	0	0	0	0	0
0	0	0	0	0	0	0	0	0	0	0	0	0	0	0	0	0	0	0	0	0	0	0	0	0	0	0	0	0	0	0	0	0	0	0	0	0	0	0	0	0	0	0	0	0	0	0	0	0	0	0	0	0	0	0	0	0	0	0	0	0	0	0	0	0	0	0	0	0	0	0	0	0	0
0	0	0	0	0	0	0	0	0	74	0	0	9	0	0	0	0	2	0	2	0	0	0	4	0	3	1	0	1	0	37	0	0	0	0	0	0	0	0	0	0	0	0	0	0	0	0	0	0	0	36	8	0	0	0	17	1	1	0	14	0	0	0	0	0	0	0	0	0	0	0	0	1	0
0	0	0	0	0	0	0	0	0	0	0	0	0	0	0	0	0	0	0	130	0	0	0	0	0	2	0	0	0	0	0	0	0	0	0	0	0	0	0	0	0	0	0	0	3	0	0	0	0	0	0	0	0	0	0	0	0	0	0	2	0	0	0	0	0	0	0	0	0	0	0	0	0	0
0	0	0	0	2	0	0	0	0	4	0	0	3	39	0	0	0	8	0	0	1	0	0	0	0	0	0	0	0	0	0	0	2	0	1	0	0	0	0	0	2	0	0	0	0	0	0	0	0	0	0	1	0	0	0	0	1	2	0	4	0	48	0	0	0	0	0	0	0	0	0	0	0	0
0	0	2	0	233	0	0	0	0	0	0	0	2	0	0	6	0	1	1	1	2	0	0	0	0	0	0	0	2	0	0	0	1	0	1	0	0	0	0	1	0	2	0	0	0	87	0	0	0	0	0	0	0	0	0	0	6	2	26	0	0	101	0	51	0	0	0	0	0	1	0	0	0	1
0	1	0	0	0	0	0	0	0	0	0	0	0	0	0	0	0	2	0	0	7	0	0	0	0	3	0	0	0	0	86	0	3	0	0	0	0	0	0	0	1	0	0	0	0	0	0	0	0	0	18	11	0	0	7	0	4	17	0	0	0	32	0	0	0	0	0	0	0	0	0	0	1	0
