0	0	0	6	0	0	0	0	0	0	0	0	0	0	0	0	0	0	0	0	5	25	0	108	0	4	0	0	1	0	18	0	0	0	0	0	0	0	0	0	0	0	0	0	0	0	0	0	0	0	7	21	0	0	20	2	0	1	0	0	0	0	0	0	0	0	7	0	0	0	0	0	0	0
0	0	3	0	0	0	0	2	0	0	0	0	2	0	0	0	0	0	0	3	0	0	0	0	0	0	0	0	2	0	0	0	2	2	0	0	0	0	0	2	0	5	0	0	0	0	0	0	0	0	0	0	0	0	0	0	2	1	0	0	0	1	0	0	0	5	0	0	0	2	5	0	0	0
0	3	0	0	0	0	0	0	0	97	0	0	0	0	44	0	0	0	0	0	0	0	0	0	0	0	0	0	0	0	0	0	0	0	0	0	0	0	0	0	0	0	0	0	0	0	0	0	0	0	0	0	0	0	0	0	5	0	0	0	0	0	0	0	0	0	0	0	0	0	0	0	0	0
6	0	0	0	0	0	0	0	0	0	0	0	0	0	0	0	0	0	0	0	0	0	0	0	0	1	0	0	0	0	0	0	0	0	10	0	0	0	0	0	0	0	0	0	0	0	0	0	0	0	0	0	0	0	0	0	0	0	0	8	0	0	0	0	0	0	0	0	0	0	0	0	0	0
0	0	0	0	0	0	0	59	0	0	2	0	115	0	1	3	3	0	9	0	14	0	0	0	0	0	0	0	30	0	1	0	21	18	8	0	0	0	0	97	0	0	0	0	0	0	0	0	0	0	0	0	0	0	0	0	8	2	0	0	0	2	0	1	0	0	0	0	0	0	5	5	0	0
0	0	0	0	0	0	0	0	0	0	0	0	0	0	10	0	20	0	0	0	14	11	0	0	0	29	0	0	8	0	0	0	0	0	0	0	0	0	0	0	0	0	0	0	0	0	0	0	0	0	0	17	0	0	0	0	0	0	0	0	0	0	0	0	0	0	0	0	0	0	0	0	0	0
0	0	0	0	0	0	0	0	0	0	0	0	0	0	3	0	1	0	0	0	0	0	0	0	0	0	0	0	0	0	0	0	0	0	0	0	0	0	0	0	8	0	0	0	0	0	0	0	0	0	0	0	0	0	0	0	0	0	0	0	0	0	0	0	0	0	0	0	0	0	0	0	0	0
0	2	0	0	59	0	0	0	0	0	1	0	206	0	3	0	57	0	0	1	91	0	0	0	0	7	0	0	47	0	0	0	11	0	0	0	0	0	0	153	0	0	0	0	0	0	0	0	0	0	0	16	0	0	0	0	2	0	8	9	0	0	0	0	0	0	0	0	0	0	0	0	0	0
0	0	0	0	0	0	0	0	0	0	0	0	0	0	0	0	0	0	0	0	0	0	0	0	0	0	0	0	0	0	0	0	0	0	0	0	0	0	0	0	0	0	0	0	0	0	0	0	0	3	0	0	0	0	0	0	0	0	0	0	0	0	0	0	0	0	0	0	0	0	0	0	0	0
0	0	97	0	0	0	0	0	0	0	0	0	1	0	259	0	0	0	58	1	0	0	0	0	0	0	0	0	0	0	24	0	0	0	0	0	0	0	0	0	67	12	0	128	2	0	0	223	0	0	69	0	184	0	0	0	164	0	0	0	0	0	0	0	0	69	0	0	0	1	0	0	0	2
0	0	0	0	2	0	0	1	0	0	0	0	2	26	5	12	0	0	2	0	0	0	0	0	0	0	0	0	0	0	0	0	0	1	0	0	0	0	0	1	0	0	0	2	0	0	0	0	0	0	0	1	0	0	0	0	3	1	2	0	0	196	0	8	0	0	0	0	0	3	0	5	46	0
0	0	0	0	0	0	0	0	0	0	0	0	0	0	0	0	0	0	0	0	0	0	0	0	0	0	0	0	0	0	0	0	0	0	0	0	0	0	0	0	0	0	0	0	0	0	0	0	0	0	0	0	0	0	0	0	0	0	0	0	0	0	0	0	0	0	0	0	0	0	0	0	0	0
0	2	0	0	115	0	0	206	0	1	2	0	0	1	6	6	123	0	18	4	52	0	0	1	0	8	0	0	108	0	0	0	98	76	10	0	0	0	0	306	1	1	0	0	0	0	0	0	0	0	0	1	0	0	7	1	35	50	2	18	0	4	0	1	0	0	4	0	5	1	51	5	2	0
0	0	0	0	0	0	0	0	0	0	26	0	1	0	46	0	0	0	0	0	0	0	0	0	0	0	0	0	0	0	0	0	0	0	0	0	0	0	0	1	1	0	0	0	0	0	0	0	0	0	0	1	0	0	0	0	0	0	6	0	0	76	0	0	0	0	0	0	12	0	0	0	1	0
0	0	44	0	1	10	3	3	0	259	5	0	6	46	0	0	15	0	23	1	4	13	0	2	0	10	0	0	11	0	0	0	9	0	14	0	0	0	0	6	5	77	0	98	7	0	0	129	0	0	1	28	6	0	3	0	78	10	15	0	0	9	0	0	0	34	3	0	8	2	0	1	2	7
0	0	0	0	3	0	0	0	0	0	12	0	6	0	0	0	0	0	0	0	0	0	0	0	0	0	0	0	0	0	0	0	0	0	0	0	0	0	0	2	5	0	0	0	0	0	0	0	0	0	0	0	0	0	0	0	0	0	0	0	0	14	0	0	0	0	0	0	0	0	0	0	13	0
0	0	0	0	3	20	1	57	0	0	0	0	123	0	15	0	0	0	33	1	173	25	0	12	0	141	0	0	95	0	0	0	100	6	21	0	0	0	0	182	2	0	0	1	7	0	0	0	0	0	0	245	2	0	17	0	2	8	0	0	0	0	0	0	0	0	16	5	1	0	43	1	0	0
0	0	0	0	0	0	0	0	0	0	0	0	0	0	0	0	0	0	0	0	0	0	0	0	0	0	0	0	0	0	0	0	0	0	0	0	0	0	0	0	0	0	0	0	0	0	0	0	0	168	0	0	0	0	0	0	0	0	0	0	0	0	0	0	0	0	0	0	0	0	0	0	0	0
0	0	0	0	9	0	0	0	0	58	2	0	18	0	23	0	33	0	0	1	15	8	0	2	0	24	0	0	38	0	0	0	0	0	0	0	0	0	0	25	0	0	0	0	3	0	0	0	0	0	0	66	0	0	0	0	34	0	8	0	0	1	0	0	0	0	0	0	0	0	0	0	0	0
0	3	0	0	0	0	0	1	0	1	0	0	4	0	1	0	1	0	1	0	1	0	0	0	0	3	0	0	3	0	0	0	7	0	1	0	0	0	0	3	4	1	0	0	0	0	0	0	0	0	0	8	0	0	1	0	19	18	6	11	0	8	0	0	0	5	0	0	0	12	87	13	0	2
5	0	0	0	14	14	0	91	0	0	0	0	52	0	4	0	173	0	15	1	0	10	0	0	0	108	0	0	111	0	0	0	101	6	9	0	0	0	0	130	25	0	0	0	0	0	0	0	0	0	0	204	2	0	15	17	2	4	0	0	0	0	0	0	0	0	3	0	0	0	59	0	1	0
25	0	0	0	0	11	0	0	0	0	0	0	0	0	13	0	25	0	8	0	10	0	0	258	0	23	0	0	32	0	1	0	1	0	82	0	0	0	0	4	0	0	0	0	8	0	0	0	0	0	0	93	1	0	105	0	1	94	0	0	0	0	0	0	0	0	97	112	0	0	0	0	1	24
0	0	0	0	0	0	0	0	0	0	0	0	0	0	0	0	0	0	0	0	0	0	0	0	0	0	0	0	0	0	0	0	0	0	0	0	0	0	0	0	0	0	0	0	0	0	0	0	0	0	0	0	0	0	0	0	0	0	0	0	0	0	0	0	0	0	0	0	0	0	0	0	0	0
108	0	0	0	0	0	0	0	0	0	0	0	1	0	2	0	12	0	2	0	0	258	0	0	67	0	0	0	2	0	0	0	0	0	4	0	0	0	0	0	0	0	0	0	93	0	0	0	0	0	4	3	34	0	277	280	41	0	0	0	0	0	0	0	0	0	0	308	0	0	0	0	0	2
0	0	0	0	0	0	0	0	0	0	0	0	0	0	0	0	0	0	0	0	0	0	0	67	0	0	0	0	0	0	0	0	0	0	0	0	0	0	0	0	0	0	0	0	0	0	0	0	0	0	0	0	0	0	0	0	0	0	0	0	0	0	0	0	0	0	0	0	0	0	0	0	0	0
4	0	0	1	0	29	0	7	0	0	0	0	8	0	10	0	141	0	24	3	108	23	0	0	0	0	0	0	90	0	1	0	123	31	27	0	0	0	0	127	1	0	0	0	10	0	0	0	0	0	0	244	13	0	39	0	5	10	0	0	0	0	0	0	0	0	58	0	0	3	74	1	0	0
0	0	0	0	0	0	0	0	0	0	0	0	0	0	0	0	0	0	0	0	0	0	0	0	0	0	0	0	0	0	0	0	0	0	0	0	0	0	0	0	37	0	0	0	0	0	7	6	0	0	0	0	0	0	0	0	0	0	0	0	0	0	0	0	0	70	0	0	0	0	0	0	0	0
0	0	0	0	0	0	0	0	0	0	0	0	0	0	0	0	0	0	0	0	0	0	0	0	0	0	0	0	0	0	0	0	0	0	0	0	0	0	0	0	0	0	0	0	0	0	0	0	0	0	0	0	0	0	0	0	0	0	0	0	0	0	0	0	0	0	0	0	0	0	0	0	0	0
1	2	0	0	30	8	0	47	0	0	0	0	108	0	11	0	95	0	38	3	111	32	0	2	0	90	0	0	0	0	0	0	40	1	89	0	0	0	0	178	0	0	0	0	2	0	0	0	0	0	0	228	1	0	3	2	11	51	72	0	0	0	0	0	0	0	35	6	0	3	22	0	0	0
0	0	0	0	0	0	0	0	0	0	0	0	0	0	0	0	0	0	0	0	0	0	0	0	0	0	0	0	0	0	0	0	0	0	0	0	0	0	0	0	0	0	0	0	0	0	0	0	0	0	0	0	0	0	0	0	0	0	0	0	0	0	0	0	0	0	0	0	0	0	0	0	0	0
18	0	0	0	1	0	0	0	0	24	0	0	0	0	0	0	0	0	0	0	0	1	0	0	0	1	0	0	0	0	0	0	0	0	0	0	0	0	0	0	4	0	0	0	0	0	0	0	0	0	291	2	63	0	46	0	1	2	0	0	0	0	0	0	0	0	47	0	0	3	0	0	0	20
0	0	0	0	0	0	0	0	0	0	0	0	0	0	0	0	0	0	0	0	0	0	0	0	0	0	0	0	0	0	0	0	0	0	0	0	0	0	0	0	0	0	0	0	0	0	0	0	0	0	0	0	0	0	0	0	0	0	0	0	0	0	0	0	0	0	0	0	0	0	0	0	0	0
0	2	0	0	21	0	0	11	0	0	0	0	98	0	9	0	100	0	0	7	101	1	0	0	0	123	0	0	40	0	0	0	0	0	0	0	0	0	0	77	2	0	0	0	0	0	0	0	0	0	0	123	0	0	2	0	1	1	0	0	0	44	0	0	0	0	0	0	0	2	10	0	1	0
0	2	0	0	18	0	0	0	0	0	1	0	76	0	0	0	6	0	0	0	6	0	0	0	0	31	0	0	1	0	0	0	0	0	0	0	0	0	0	31	0	0	0	0	0	0	0	0	0	0	0	4	0	0	0	0	0	0	0	0	0	0	0	0	0	0	0	0	0	0	0	0	2	0
0	0	0	10	8	0	0	0	0	0	0	0	10	0	14	0	21	0	0	1	9	82	0	4	0	27	0	0	89	0	0	0	0	0	0	0	0	0	0	63	0	0	0	1	0	0	0	0	0	0	0	119	0	0	0	0	1	5	14	0	0	0	0	0	0	0	3	0	0	0	0	0	1	0
0	0	0	0	0	0	0	0	0	0	0	0	0	0	0	0	0	0	0	0	0	0	0	0	0	0	0	0	0	0	0	0	0	0	0	0	0	0	0	0	0	0	0	0	0	0	0	0	0	0	0	0	0	0	0	0	0	0	0	0	0	0	0	0	0	0	0	0	0	0	0	0	0	0
0	0	0	0	0	0	0	0	0	0	0	0	0	0	0	0	0	0	0	0	0	0	0	0	0	0	0	0	0	0	0	0	0	0	0	0	0	0	0	0	0	0	0	0	0	0	0	0	0	0	0	0	0	0	0	0	0	0	0	0	0	0	0	0	0	0	0	0	0	0	0	0	0	0
0	0	0	0	0	0	0	0	0	0	0	0	0	0	0	0	0	0	0	0	0	0	0	0	0	0	0	0	0	0	0	0	0	0	0	0	0	0	0	0	0	0	0	0	0	0	0	0	0	0	0	0	0	0	0	0	0	0	0	0	0	0	0	0	0	0	0	0	0	0	0	0	0	0
0	0	0	0	0	0	0	0	0	0	0	0	0	0	0	0	0	0	0	0	0	0	0	0	0	0	0	0	0	0	0	0	0	0	0	0	0	0	0	0	0	0	0	0	0	0	0	0	0	0	0	0	0	0	0	0	0	0	0	0	0	0	0	0	0	0	0	0	0	0	0	0	0	0
0	2	0	0	97	0	0	153	0	0	1	0	306	1	6	2	182	0	25	3	130	4	0	0	0	127	0	0	178	0	0	0	77	31	63	0	0	0	0	0	0	0	0	0	1	0	0	0	0	0	0	259	0	0	0	0	24	8	6	0	0	0	0	1	0	0	0	0	0	0	88	8	0	0
0	0	0	0	0	0	8	0	0	67	0	0	1	1	5	5	2	0	0	4	25	0	0	0	0	1	37	0	0	0	4	0	2	0	0	0	0	0	0	0	0	0	0	80	0	0	0	92	0	0	12	1	0	0	0	9	5	4	0	0	0	10	0	0	0	74	0	0	4	2	2	1	0	0
0	5	0	0	0	0	0	0	0	12	0	0	1	0	77	0	0	0	0	1	0	0	0	0	0	0	0	0	0	0	0	0	0	0	0	0	0	0	0	0	0	0	0	0	0	0	0	0	0	0	0	0	0	0	0	0	0	0	36	2	0	22	0	0	0	0	0	0	0	0	0	0	0	0
0	0	0	0	0	0	0	0	0	0	0	0	0	0	0	0	0	0	0	0	0	0	0	0	0	0	0	0	0	0	0	0	0	0	0	0	0	0	0	0	0	0	0	0	0	0	0	0	0	0	0	0	0	0	0	0	0	0	0	0	0	0	0	0	0	0	0	0	0	0	0	0	0	0
0	0	0	0	0	0	0	0	0	128	2	0	0	0	98	0	1	0	0	0	0	0	0	0	0	0	0	0	0	0	0	0	0	0	1	0	0	0	0	0	80	0	0	0	0	0	0	0	0	0	0	0	0	0	0	0	1	0	0	0	0	8	0	0	0	0	0	0	8	0	0	0	0	0
0	0	0	0	0	0	0	0	0	2	0	0	0	0	7	0	7	0	3	0	0	8	0	93	0	10	0	0	2	0	0	0	0	0	0	0	0	0	0	1	0	0	0	0	0	0	0	0	0	0	0	11	30	0	5	3	38	0	0	0	0	0	0	0	0	1	1	7	0	0	0	0	0	4
0	0	0	0	0	0	0	0	0	0	0	0	0	0	0	0	0	0	0	0	0	0	0	0	0	0	0	0	0	0	0	0	0	0	0	0	0	0	0	0	0	0	0	0	0	0	0	0	0	0	0	0	0	0	0	0	0	0	0	0	0	0	0	0	0	0	0	0	0	0	0	0	0	0
0	0	0	0	0	0	0	0	0	0	0	0	0	0	0	0	0	0	0	0	0	0	0	0	0	0	7	0	0	0	0	0	0	0	0	0	0	0	0	0	0	0	0	0	0	0	0	0	0	0	0	0	0	0	0	0	0	0	0	0	0	0	0	0	0	0	0	0	0	0	0	0	0	0
0	0	0	0	0	0	0	0	0	223	0	0	0	0	129	0	0	0	0	0	0	0	0	0	0	0	6	0	0	0	0	0	0	0	0	0	0	0	0	0	92	0	0	0	0	0	0	0	0	0	2	0	0	0	0	0	39	0	0	0	0	0	0	0	0	4	0	0	0	0	0	0	0	0
0	0	0	0	0	0	0	0	0	0	0	0	0	0	0	0	0	0	0	0	0	0	0	0	0	0	0	0	0	0	0	0	0	0	0	0	0	0	0	0	0	0	0	0	0	0	0	0	0	0	0	0	0	0	0	0	0	0	0	0	0	0	0	0	0	0	0	0	0	0	0	0	0	0
0	0	0	0	0	0	0	0	3	0	0	0	0	0	0	0	0	168	0	0	0	0	0	0	0	0	0	0	0	0	0	0	0	0	0	0	0	0	0	0	0	0	0	0	0	0	0	0	0	0	0	0	0	0	0	0	0	0	0	0	0	0	0	0	0	0	0	0	0	0	0	0	0	0
7	0	0	0	0	0	0	0	0	69	0	0	0	0	1	0	0	0	0	0	0	0	0	4	0	0	0	0	0	0	291	0	0	0	0	0	0	0	0	0	12	0	0	0	0	0	0	2	0	0	0	0	54	0	26	3	1	1	0	0	0	0	0	0	0	0	19	0	0	2	0	0	0	19
21	0	0	0	0	17	0	16	0	0	1	0	1	1	28	0	245	0	66	8	204	93	0	3	0	244	0	0	228	0	2	0	123	4	119	0	0	0	0	259	1	0	0	0	11	0	0	0	0	0	0	0	4	0	43	2	16	20	0	1	0	0	0	0	0	0	200	0	0	1	7	1	0	0
0	0	0	0	0	0	0	0	0	184	0	0	0	0	6	0	2	0	0	0	2	1	0	34	0	13	0	0	1	0	63	0	0	0	0	0	0	0	0	0	0	0	0	0	30	0	0	0	0	0	54	4	0	0	3	0	39	0	0	0	0	0	0	0	0	0	0	0	0	0	0	0	0	0
0	0	0	0	0	0	0	0	0	0	0	0	0	0	0	0	0	0	0	0	0	0	0	0	0	0	0	0	0	0	0	0	0	0	0	0	0	0	0	0	0	0	0	0	0	0	0	0	0	0	0	0	0	0	0	0	0	0	0	0	0	0	0	0	0	0	0	0	0	0	0	0	0	0
20	0	0	0	0	0	0	0	0	0	0	0	7	0	3	0	17	0	0	1	15	105	0	277	0	39	0	0	3	0	46	0	2	0	0	0	0	0	0	0	0	0	0	0	5	0	0	0	0	0	26	43	3	0	0	24	0	0	0	5	0	0	0	0	0	0	0	4	0	0	0	0	0	0
2	0	0	0	0	0	0	0	0	0	0	0	1	0	0	0	0	0	0	0	17	0	0	280	0	0	0	0	2	0	0	0	0	0	0	0	0	0	0	0	9	0	0	0	3	0	0	0	0	0	3	2	0	0	24	0	6	0	39	0	0	0	0	0	0	0	0	2	0	2	0	0	0	0
0	2	5	0	8	0	0	2	0	164	3	0	35	0	78	0	2	0	34	19	2	1	0	41	0	5	0	0	11	0	1	0	1	0	1	0	0	0	0	24	5	0	0	1	38	0	0	39	0	0	1	16	39	0	0	6	0	12	34	10	0	10	0	0	0	2	0	0	0	3	2	1	0	27
1	1	0	0	2	0	0	0	0	0	1	0	50	0	10	0	8	0	0	18	4	94	0	0	0	10	0	0	51	0	2	0	1	0	5	0	0	0	0	8	4	0	0	0	0	0	0	0	0	0	1	20	0	0	0	0	12	0	78	12	0	11	0	0	0	0	0	0	2	2	0	0	2	0
0	0	0	0	0	0	0	8	0	0	2	0	2	6	15	0	0	0	8	6	0	0	0	0	0	0	0	0	72	0	0	0	0	0	14	0	0	0	0	6	0	36	0	0	0	0	0	0	0	0	0	0	0	0	0	39	34	78	0	35	0	0	0	0	0	0	114	0	0	2	10	0	0	0
0	0	0	8	0	0	0	9	0	0	0	0	18	0	0	0	0	0	0	11	0	0	0	0	0	0	0	0	0	0	0	0	0	0	0	0	0	0	0	0	0	2	0	0	0	0	0	0	0	0	0	1	0	0	5	0	10	12	35	0	0	0	0	0	0	0	7	0	0	0	8	0	0	0
0	0	0	0	0	0	0	0	0	0	0	0	0	0	0	0	0	0	0	0	0	0	0	0	0	0	0	0	0	0	0	0	0	0	0	0	0	0	0	0	0	0	0	0	0	0	0	0	0	0	0	0	0	0	0	0	0	0	0	0	0	0	0	0	0	0	0	0	0	0	0	0	0	0
0	1	0	0	2	0	0	0	0	0	196	0	4	76	9	14	0	0	1	8	0	0	0	0	0	0	0	0	0	0	0	0	44	0	0	0	0	0	0	0	10	22	0	8	0	0	0	0	0	0	0	0	0	0	0	0	10	11	0	0	0	0	0	0	0	1	0	0	10	7	3	8	111	9
0	0	0	0	0	0	0	0	0	0	0	0	0	0	0	0	0	0	0	0	0	0	0	0	0	0	0	0	0	0	0	0	0	0	0	0	0	0	0	0	0	0	0	0	0	0	0	0	0	0	0	0	0	0	0	0	0	0	0	0	0	0	0	0	0	0	0	0	0	0	0	0	0	0
0	0	0	0	1	0	0	0	0	0	8	0	1	0	0	0	0	0	0	0	0	0	0	0	0	0	0	0	0	0	0	0	0	0	0	0	0	0	0	1	0	0	0	0	0	0	0	0	0	0	0	0	0	0	0	0	0	0	0	0	0	0	0	0	0	0	0	0	9	0	0	0	10	0
0	0	0	0	0	0	0	0	0	0	0	0	0	0	0	0	0	0	0	0	0	0	0	0	0	0	0	0	0	0	0	0	0	0	0	0	0	0	0	0	0	0	0	0	0	0	0	0	0	0	0	0	0	0	0	0	0	0	0	0	0	0	0	0	0	0	0	0	0	0	0	0	0	0
0	5	0	0	0	0	0	0	0	69	0	0	0	0	34	0	0	0	0	5	0	0	0	0	0	0	70	0	0	0	0	0	0	0	0	0	0	0	0	0	74	0	0	0	1	0	0	4	0	0	0	0	0	0	0	0	2	0	0	0	0	1	0	0	0	0	0	0	0	0	0	1	0	0
7	0	0	0	0	0	0	0	0	0	0	0	4	0	3	0	16	0	0	0	3	97	0	0	0	58	0	0	35	0	47	0	0	0	3	0	0	0	0	0	0	0	0	0	1	0	0	0	0	0	19	200	0	0	0	0	0	0	114	7	0	0	0	0	0	0	0	0	0	0	0	0	1	0
0	0	0	0	0	0	0	0	0	0	0	0	0	0	0	0	5	0	0	0	0	112	0	308	0	0	0	0	6	0	0	0	0	0	0	0	0	0	0	0	0	0	0	0	7	0	0	0	0	0	0	0	0	0	4	2	0	0	0	0	0	0	0	0	0	0	0	0	0	0	0	0	0	0
0	0	0	0	0	0	0	0	0	0	0	0	5	12	8	0	1	0	0	0	0	0	0	0	0	0	0	0	0	0	0	0	0	0	0	0	0	0	0	0	4	0	0	8	0	0	0	0	0	0	0	0	0	0	0	0	0	2	0	0	0	10	0	9	0	0	0	0	0	0	0	0	0	0
0	2	0	0	0	0	0	0	0	1	3	0	1	0	2	0	0	0	0	12	0	0	0	0	0	3	0	0	3	0	3	0	2	0	0	0	0	0	0	0	2	0	0	0	0	0	0	0	0	0	2	1	0	0	0	2	3	2	2	0	0	7	0	0	0	0	0	0	0	0	2	2	0	0
0	5	0	0	5	0	0	0	0	0	0	0	51	0	0	0	43	0	0	87	59	0	0	0	0	74	0	0	22	0	0	0	10	0	0	0	0	0	0	88	2	0	0	0	0	0	0	0	0	0	0	7	0	0	0	0	2	0	10	8	0	3	0	0	0	0	0	0	0	2	0	0	0	0
0	0	0	0	5	0	0	0	0	0	5	0	5	0	1	0	1	0	0	13	0	0	0	0	0	1	0	0	0	0	0	0	0	0	0	0	0	0	0	8	1	0	0	0	0	0	0	0	0	0	0	1	0	0	0	0	1	0	0	0	0	8	0	0	0	1	0	0	0	2	0	0	0	0
0	0	0	0	0	0	0	0	0	0	46	0	2	1	2	13	0	0	0	0	1	1	0	0	0	0	0	0	0	0	0	0	1	2	1	0	0	0	0	0	0	0	0	0	0	0	0	0	0	0	0	0	0	0	0	0	0	2	0	0	0	111	0	10	0	0	1	0	0	0	0	0	0	1
0	0	0	0	0	0	0	0	0	2	0	0	0	0	7	0	0	0	0	2	0	24	0	2	0	0	0	0	0	0	20	0	0	0	0	0	0	0	0	0	0	0	0	0	4	0	0	0	0	0	19	0	0	0	0	0	27	0	0	0	0	9	0	0	0	0	0	0	0	0	0	0	1	0
