0	0	0	0	0	0	0	0	0	0	0	0	0	0	0	0	0	0	0	0	0	1	0	0	0	1	0	0	1	0	0	0	0	1	0	0	0	1	0	0	0	0	0	0	0	0	0	0	0	0	0	0	0	0	0	0	0	0	0	0	0	0	0	0	0	0	0	1	0	0	0	0	0	0
0	0	42	0	160	0	0	13	0	0	0	0	9	5	0	13	0	4	0	6	0	1	0	0	0	0	0	0	2	0	0	0	3	8	8	4	0	7	0	17	0	146	0	11	0	0	0	0	0	0	0	0	0	0	1	0	15	26	0	0	36	137	0	3	0	1	2	7	0	6	14	0	33	1
0	42	0	0	0	0	0	0	0	166	0	0	2	31	14	0	0	0	0	2	4	0	0	0	0	7	0	0	0	1	0	0	0	1	0	0	0	0	0	0	0	0	0	0	0	0	0	15	0	0	0	13	0	0	0	0	30	0	0	0	0	0	0	0	0	0	0	0	0	0	0	42	5	0
0	0	0	0	0	0	0	0	0	0	0	0	0	0	0	0	0	0	0	0	0	0	0	0	0	0	0	0	0	408	0	0	0	0	0	0	0	0	0	0	0	0	0	0	0	0	0	0	0	0	0	0	0	0	0	0	0	0	0	0	0	0	0	0	0	0	0	0	0	0	0	0	0	0
0	160	0	0	0	0	0	0	0	0	0	0	5	15	0	0	0	0	0	5	0	0	0	0	0	0	0	0	0	4	0	0	0	21	0	0	0	0	0	0	0	0	0	0	0	0	0	0	0	0	0	0	0	0	0	0	0	0	0	0	0	0	0	0	0	0	0	0	0	0	1	160	16	0
0	0	0	0	0	0	0	0	0	0	0	0	0	0	0	0	0	0	0	0	0	0	0	0	0	0	0	0	0	0	0	0	0	0	0	0	0	0	0	0	0	0	0	0	0	0	0	0	0	0	0	0	0	0	0	0	0	0	0	0	0	0	0	0	0	0	0	0	0	0	0	0	0	0
0	0	0	0	0	0	0	0	0	0	0	0	0	0	0	0	0	0	0	0	0	0	0	0	0	0	0	0	0	0	0	0	0	0	0	0	0	0	0	0	0	0	0	0	0	0	0	0	0	0	0	0	0	0	0	0	0	0	0	0	0	0	0	0	0	0	0	0	0	0	0	0	0	0
0	13	0	0	0	0	0	0	0	0	0	0	142	0	0	0	52	0	0	0	41	0	0	0	0	1	0	0	0	0	0	0	2	1	0	0	0	0	0	0	0	0	0	0	0	0	0	0	0	0	0	0	0	0	0	0	0	0	0	0	0	0	0	0	0	0	0	0	0	0	0	10	0	0
0	0	0	0	0	0	0	0	0	0	0	0	0	0	0	0	0	0	0	0	0	0	0	0	0	0	0	0	0	0	0	0	0	0	0	0	0	0	0	0	0	0	0	0	0	0	0	0	0	0	0	0	0	0	0	0	0	0	0	0	0	0	0	0	0	0	0	0	0	0	0	0	0	0
0	0	166	0	0	0	0	0	0	0	0	0	0	0	124	0	0	22	9	24	0	0	0	0	0	0	0	0	0	0	141	0	0	0	0	53	0	0	0	0	0	14	0	197	0	0	0	12	0	0	23	0	0	0	0	0	132	0	0	0	0	0	0	0	0	98	0	0	0	80	0	0	0	0
0	0	0	0	0	0	0	0	0	0	0	0	0	0	0	0	0	0	0	0	0	0	0	0	0	0	0	0	0	0	0	0	0	0	0	0	0	0	0	0	0	0	0	0	0	0	0	0	0	0	0	0	0	0	0	0	0	0	0	0	0	0	0	0	0	0	0	0	0	0	0	0	0	0
0	0	0	0	0	0	0	0	0	0	0	0	0	0	0	0	0	0	0	0	0	0	0	0	0	0	0	0	0	0	0	0	0	0	0	0	0	0	0	0	0	0	0	0	0	0	0	0	0	0	0	0	0	0	0	0	0	0	0	0	0	0	0	0	0	0	0	0	0	0	0	0	0	0
0	9	2	0	5	0	0	142	0	0	0	0	0	0	0	6	28	0	0	8	9	0	0	0	0	0	0	0	1	0	0	0	127	400	7	0	0	2	0	199	0	0	0	0	0	149	0	0	0	0	0	0	0	0	9	0	19	42	0	0	0	1	0	0	0	0	0	13	0	10	136	4	0	0
0	5	31	0	15	0	0	0	0	0	0	0	0	0	0	0	0	0	0	0	0	0	0	0	0	0	0	0	0	0	0	0	0	0	0	0	0	4	0	0	0	0	0	7	0	0	0	0	0	0	0	0	0	0	0	0	0	4	0	0	252	244	0	0	0	0	0	0	0	0	0	24	0	0
0	0	14	0	0	0	0	0	0	124	0	0	0	0	0	1	0	0	0	1	0	0	0	0	0	0	0	0	0	0	0	0	0	0	0	64	0	0	0	0	0	90	0	83	0	0	0	3	0	0	0	0	0	0	0	0	17	0	0	0	0	0	0	0	0	7	0	0	0	1	0	0	0	0
0	13	0	0	0	0	0	0	0	0	0	0	6	0	1	0	0	0	0	4	13	0	0	0	0	1	0	0	0	0	0	0	0	0	0	0	0	0	0	0	0	0	0	0	0	0	0	0	0	0	0	0	0	0	0	0	1	0	0	0	0	0	0	0	0	0	0	0	0	0	0	13	1	0
0	0	0	0	0	0	0	52	0	0	0	0	28	0	0	0	0	0	0	0	287	25	0	1	0	140	0	0	12	0	4	0	29	44	7	0	0	5	0	151	0	0	0	0	20	0	0	0	0	0	1	262	0	0	39	0	2	11	0	0	0	0	0	0	0	0	173	200	0	10	0	0	0	2
0	4	0	0	0	0	0	0	0	22	0	0	0	0	0	0	0	0	0	0	0	0	0	0	0	0	0	0	0	1	0	0	0	0	0	7	0	0	0	0	0	1	0	14	0	0	0	0	0	147	0	0	0	0	0	0	0	2	0	0	2	7	0	0	0	7	0	0	0	0	0	11	0	0
0	0	0	0	0	0	0	0	0	9	0	0	0	0	0	0	0	0	0	87	0	2	0	0	0	2	0	0	0	0	90	0	0	0	0	0	0	0	0	0	0	0	0	0	2	0	0	0	0	0	0	0	0	0	0	2	18	0	0	0	0	0	0	0	0	0	0	0	0	2	0	0	0	63
0	6	2	0	5	0	0	0	0	24	0	0	8	0	1	4	0	0	87	0	0	0	0	0	0	0	0	0	1	0	176	0	0	4	5	0	0	2	0	1	0	33	0	0	125	0	0	0	0	0	3	0	0	0	62	119	149	18	0	0	2	12	0	3	0	0	0	3	0	141	38	12	2	7
0	0	4	0	0	0	0	41	0	0	0	0	9	0	0	13	287	0	0	0	0	36	0	0	0	207	0	0	38	0	0	0	160	34	38	0	0	0	0	211	0	0	0	0	36	0	0	0	0	0	1	250	0	0	36	2	18	5	0	0	14	14	0	0	0	0	0	212	0	0	1	0	0	0
1	1	0	0	0	0	0	0	0	0	0	0	0	0	0	0	25	0	2	0	36	0	0	0	0	43	0	0	0	0	208	0	1	0	0	0	0	0	0	0	0	0	0	0	0	0	0	0	0	0	17	187	0	0	0	4	0	0	0	0	0	0	0	0	0	0	0	0	0	0	0	1	0	50
0	0	0	0	0	0	0	0	0	0	0	0	0	0	0	0	0	0	0	0	0	0	0	0	0	0	0	0	0	0	0	0	0	0	0	0	0	0	0	0	0	0	0	0	0	0	0	0	0	0	0	0	0	0	0	0	0	0	0	0	0	0	0	0	0	0	0	0	0	0	0	0	0	0
0	0	0	0	0	0	0	0	0	0	0	0	0	0	0	0	1	0	0	0	0	0	0	0	46	0	0	0	0	0	0	0	0	0	0	0	0	0	0	0	0	0	0	0	0	0	0	0	0	0	0	69	0	0	0	19	0	0	0	0	0	0	0	0	0	0	0	0	0	0	0	0	0	0
0	0	0	0	0	0	0	0	0	0	0	0	0	0	0	0	0	0	0	0	0	0	0	46	0	0	0	0	0	0	8	0	0	0	0	0	0	0	0	0	0	0	0	0	0	0	0	0	0	0	3	17	0	0	0	1	0	0	0	0	0	0	0	0	0	0	0	0	0	0	0	0	0	0
1	0	7	0	0	0	0	1	0	0	0	0	0	0	0	1	140	0	2	0	207	43	0	0	0	0	0	0	18	0	0	0	105	30	27	0	0	0	0	169	0	0	0	0	21	1	0	0	0	0	0	163	0	0	40	0	3	10	0	0	0	0	0	0	0	0	27	184	0	6	4	1	0	0
0	0	0	0	0	0	0	0	0	0	0	0	0	0	0	0	0	0	0	0	0	0	0	0	0	0	0	0	0	49	0	0	0	0	0	0	0	0	0	0	0	0	0	0	0	0	0	0	0	0	0	0	0	0	0	0	1	0	0	0	0	0	0	0	0	0	0	0	0	0	0	0	0	0
0	0	0	0	0	0	0	0	0	0	0	0	0	0	0	0	0	0	0	0	0	0	0	0	0	0	0	0	0	0	0	0	0	0	0	0	0	0	0	0	0	0	0	0	0	0	0	0	0	0	0	0	0	0	0	0	0	0	0	0	0	0	0	0	0	0	0	0	0	0	0	0	0	0
1	2	0	0	0	0	0	0	0	0	0	0	1	0	0	0	12	0	0	1	38	0	0	0	0	18	0	0	0	0	0	0	4	2	0	0	0	0	0	0	0	0	0	0	0	0	0	0	0	0	0	113	0	0	0	1	0	0	0	0	0	0	0	0	0	0	0	0	0	0	0	2	0	0
0	0	1	408	4	0	0	0	0	0	0	0	0	0	0	0	0	1	0	0	0	0	0	0	0	0	49	0	0	0	0	0	0	0	0	693	0	0	0	0	0	0	0	0	0	0	0	0	0	0	0	0	0	0	0	0	11	0	0	0	0	0	0	0	0	997	0	0	0	0	0	0	66	0
0	0	0	0	0	0	0	0	0	141	0	0	0	0	0	0	4	0	90	176	0	208	0	0	8	0	0	0	0	0	0	0	0	4	0	0	0	0	0	2	0	0	0	270	226	0	0	0	0	0	105	1	0	0	154	0	234	68	0	0	0	0	0	0	0	0	96	2	0	56	0	0	0	375
0	0	0	0	0	0	0	0	0	0	0	0	0	0	0	0	0	0	0	0	0	0	0	0	0	0	0	0	0	0	0	0	0	0	0	0	0	0	0	0	0	0	0	0	0	0	0	0	0	0	0	0	0	0	0	0	0	0	0	0	0	0	0	0	0	0	0	0	0	0	0	0	0	0
0	3	0	0	0	0	0	2	0	0	0	0	127	0	0	0	29	0	0	0	160	1	0	0	0	105	0	0	4	0	0	0	0	2	6	0	0	4	0	6	0	0	0	0	1	0	0	0	0	0	0	49	0	0	0	0	0	0	0	0	0	0	0	0	0	0	0	6	0	1	0	3	0	0
1	8	1	0	21	0	0	1	0	0	0	0	400	0	0	0	44	0	0	4	34	0	0	0	0	30	0	0	2	0	4	0	2	0	0	0	0	0	0	7	0	0	0	0	2	252	0	0	0	0	0	2	0	0	57	0	5	131	0	0	0	0	0	0	0	0	6	15	0	2	82	5	0	0
0	8	0	0	0	0	0	0	0	0	0	0	7	0	0	0	7	0	0	5	38	0	0	0	0	27	0	0	0	0	0	0	6	0	0	0	0	0	0	0	0	0	0	0	0	0	0	0	0	0	0	135	0	0	0	0	0	0	0	0	0	0	0	0	0	0	0	0	0	0	0	8	0	0
0	4	0	0	0	0	0	0	0	53	0	0	0	0	64	0	0	7	0	0	0	0	0	0	0	0	0	0	0	693	0	0	0	0	0	0	0	0	0	0	0	0	0	0	0	0	0	11	0	0	0	0	0	0	0	0	0	0	0	0	0	0	0	0	0	0	0	0	0	0	0	4	0	0
0	0	0	0	0	0	0	0	0	0	0	0	0	0	0	0	0	0	0	0	0	0	0	0	0	0	0	0	0	0	0	0	0	0	0	0	0	0	0	0	0	0	0	0	0	0	0	0	0	0	0	0	0	0	0	0	0	0	0	0	0	0	0	0	0	0	0	0	0	0	0	0	0	0
1	7	0	0	0	0	0	0	0	0	0	0	2	4	0	0	5	0	0	2	0	0	0	0	0	0	0	0	0	0	0	0	4	0	0	0	0	0	0	0	0	0	0	0	0	0	0	0	0	0	0	0	0	0	0	0	1	0	0	0	0	0	0	0	0	0	0	0	0	0	0	7	1	0
0	0	0	0	0	0	0	0	0	0	0	0	0	0	0	0	0	0	0	0	0	0	0	0	0	0	0	0	0	0	0	0	0	0	0	0	0	0	0	0	0	0	0	0	0	0	0	0	0	0	0	0	0	0	0	0	0	0	0	0	0	0	0	0	0	0	0	0	0	0	0	0	0	0
0	17	0	0	0	0	0	0	0	0	0	0	199	0	0	0	151	0	0	1	211	0	0	0	0	169	0	0	0	0	2	0	6	7	0	0	0	0	0	0	0	0	0	0	0	0	0	0	0	0	0	142	0	0	0	0	0	0	0	0	0	0	0	0	0	0	0	0	0	0	0	10	0	0
0	0	0	0	0	0	0	0	0	0	0	0	0	0	0	0	0	0	0	0	0	0	0	0	0	0	0	0	0	0	0	0	0	0	0	0	0	0	0	0	0	0	0	0	0	0	0	0	0	0	0	0	0	0	0	0	0	0	0	0	0	0	0	0	0	0	0	0	0	0	0	0	0	0
0	146	0	0	0	0	0	0	0	14	0	0	0	0	90	0	0	1	0	33	0	0	0	0	0	0	0	0	0	0	0	0	0	0	0	0	0	0	0	0	0	0	0	0	0	0	0	0	0	0	0	0	0	0	0	0	0	0	0	0	0	0	0	0	0	0	0	0	0	0	0	146	0	0
0	0	0	0	0	0	0	0	0	0	0	0	0	0	0	0	0	0	0	0	0	0	0	0	0	0	0	0	0	0	0	0	0	0	0	0	0	0	0	0	0	0	0	0	0	0	0	0	0	0	0	0	0	0	0	0	0	0	0	0	0	0	0	0	0	0	0	0	0	0	0	0	0	0
0	11	0	0	0	0	0	0	0	197	0	0	0	7	83	0	0	14	0	0	0	0	0	0	0	0	0	0	0	0	270	0	0	0	0	0	0	0	0	0	0	0	0	0	0	0	0	18	0	0	41	0	0	0	0	0	19	0	0	0	0	0	0	0	0	0	0	0	0	0	0	11	0	199
0	0	0	0	0	0	0	0	0	0	0	0	0	0	0	0	20	0	2	125	36	0	0	0	0	21	0	0	0	0	226	0	1	2	0	0	0	0	0	0	0	0	0	0	0	0	0	0	0	0	27	0	0	0	0	0	4	0	0	0	0	0	0	0	0	0	0	0	0	0	0	0	0	0
0	0	0	0	0	0	0	0	0	0	0	0	149	0	0	0	0	0	0	0	0	0	0	0	0	1	0	0	0	0	0	0	0	252	0	0	0	0	0	0	0	0	0	0	0	0	0	0	0	0	1	0	0	0	0	0	0	0	0	0	0	0	0	0	0	0	0	0	0	0	0	0	0	0
0	0	0	0	0	0	0	0	0	0	0	0	0	0	0	0	0	0	0	0	0	0	0	0	0	0	0	0	0	0	0	0	0	0	0	0	0	0	0	0	0	0	0	0	0	0	0	0	0	0	0	0	0	0	0	0	0	0	0	0	0	0	0	0	0	0	0	0	0	0	0	0	0	0
0	0	15	0	0	0	0	0	0	12	0	0	0	0	3	0	0	0	0	0	0	0	0	0	0	0	0	0	0	0	0	0	0	0	0	11	0	0	0	0	0	0	0	18	0	0	0	0	0	0	0	0	0	0	0	0	7	0	0	0	2	4	0	0	0	16	0	0	0	2	0	0	0	0
0	0	0	0	0	0	0	0	0	0	0	0	0	0	0	0	0	0	0	0	0	0	0	0	0	0	0	0	0	0	0	0	0	0	0	0	0	0	0	0	0	0	0	0	0	0	0	0	0	0	0	0	0	0	0	0	0	0	0	0	0	0	0	0	0	0	0	0	0	0	0	0	0	0
0	0	0	0	0	0	0	0	0	0	0	0	0	0	0	0	0	147	0	0	0	0	0	0	0	0	0	0	0	0	0	0	0	0	0	0	0	0	0	0	0	0	0	0	0	0	0	0	0	0	0	0	0	0	0	0	0	0	0	0	0	0	0	0	0	0	0	0	0	0	0	0	0	0
0	0	0	0	0	0	0	0	0	23	0	0	0	0	0	0	1	0	0	3	1	17	0	0	3	0	0	0	0	0	105	0	0	0	0	0	0	0	0	0	0	0	0	41	27	1	0	0	0	0	0	0	0	0	16	0	0	0	0	0	0	0	0	0	0	0	18	0	0	1	0	1	0	125
0	0	13	0	0	0	0	0	0	0	0	0	0	0	0	0	262	0	0	0	250	187	0	69	17	163	0	0	113	0	1	0	49	2	135	0	0	0	0	142	0	0	0	0	0	0	0	0	0	0	0	0	0	0	75	34	0	84	0	0	0	0	0	0	0	0	166	168	0	0	30	3	0	0
0	0	0	0	0	0	0	0	0	0	0	0	0	0	0	0	0	0	0	0	0	0	0	0	0	0	0	0	0	0	0	0	0	0	0	0	0	0	0	0	0	0	0	0	0	0	0	0	0	0	0	0	0	0	0	0	0	0	0	0	0	0	0	0	0	0	0	0	0	0	0	0	0	0
0	0	0	0	0	0	0	0	0	0	0	0	0	0	0	0	0	0	0	0	0	0	0	0	0	0	0	0	0	0	0	0	0	0	0	0	0	0	0	0	0	0	0	0	0	0	0	0	0	0	0	0	0	0	0	0	0	0	0	0	0	0	0	0	0	0	0	0	0	0	0	0	0	0
0	1	0	0	0	0	0	0	0	0	0	0	9	0	0	0	39	0	0	62	36	0	0	0	0	40	0	0	0	0	154	0	0	57	0	0	0	0	0	0	0	0	0	0	0	0	0	0	0	0	16	75	0	0	0	41	0	0	0	0	0	0	0	0	0	0	0	0	0	0	0	1	0	0
0	0	0	0	0	0	0	0	0	0	0	0	0	0	0	0	0	0	2	119	2	4	0	19	1	0	0	0	1	0	0	0	0	0	0	0	0	0	0	0	0	0	0	0	0	0	0	0	0	0	0	34	0	0	41	0	2	0	0	0	0	0	0	0	0	0	0	1	0	2	0	0	0	0
0	15	30	0	0	0	0	0	0	132	0	0	19	0	17	1	2	0	18	149	18	0	0	0	0	3	1	0	0	11	234	0	0	5	0	0	0	1	0	0	0	0	0	19	4	0	0	7	0	0	0	0	0	0	0	2	0	0	0	0	1	0	0	0	0	0	1	0	0	45	2	15	2	75
0	26	0	0	0	0	0	0	0	0	0	0	42	4	0	0	11	2	0	18	5	0	0	0	0	10	0	0	0	0	68	0	0	131	0	0	0	0	0	0	0	0	0	0	0	0	0	0	0	0	0	84	0	0	0	0	0	0	0	0	0	0	0	0	0	0	0	0	0	0	0	26	0	15
0	0	0	0	0	0	0	0	0	0	0	0	0	0	0	0	0	0	0	0	0	0	0	0	0	0	0	0	0	0	0	0	0	0	0	0	0	0	0	0	0	0	0	0	0	0	0	0	0	0	0	0	0	0	0	0	0	0	0	0	0	0	0	0	0	0	0	0	0	0	0	0	0	0
0	0	0	0	0	0	0	0	0	0	0	0	0	0	0	0	0	0	0	0	0	0	0	0	0	0	0	0	0	0	0	0	0	0	0	0	0	0	0	0	0	0	0	0	0	0	0	0	0	0	0	0	0	0	0	0	0	0	0	0	0	0	0	0	0	0	0	0	0	0	0	0	0	0
0	36	0	0	0	0	0	0	0	0	0	0	0	252	0	0	0	2	0	2	14	0	0	0	0	0	0	0	0	0	0	0	0	0	0	0	0	0	0	0	0	0	0	0	0	0	0	2	0	0	0	0	0	0	0	0	1	0	0	0	0	0	0	0	0	0	0	0	0	0	0	36	15	0
0	137	0	0	0	0	0	0	0	0	0	0	1	244	0	0	0	7	0	12	14	0	0	0	0	0	0	0	0	0	0	0	0	0	0	0	0	0	0	0	0	0	0	0	0	0	0	4	0	0	0	0	0	0	0	0	0	0	0	0	0	0	0	0	0	0	0	0	0	0	0	137	11	0
0	0	0	0	0	0	0	0	0	0	0	0	0	0	0	0	0	0	0	0	0	0	0	0	0	0	0	0	0	0	0	0	0	0	0	0	0	0	0	0	0	0	0	0	0	0	0	0	0	0	0	0	0	0	0	0	0	0	0	0	0	0	0	0	0	0	0	0	0	0	0	0	0	0
0	3	0	0	0	0	0	0	0	0	0	0	0	0	0	0	0	0	0	3	0	0	0	0	0	0	0	0	0	0	0	0	0	0	0	0	0	0	0	0	0	0	0	0	0	0	0	0	0	0	0	0	0	0	0	0	0	0	0	0	0	0	0	0	0	0	0	0	0	0	0	3	0	0
0	0	0	0	0	0	0	0	0	0	0	0	0	0	0	0	0	0	0	0	0	0	0	0	0	0	0	0	0	0	0	0	0	0	0	0	0	0	0	0	0	0	0	0	0	0	0	0	0	0	0	0	0	0	0	0	0	0	0	0	0	0	0	0	0	0	0	0	0	0	0	0	0	0
0	1	0	0	0	0	0	0	0	98	0	0	0	0	7	0	0	7	0	0	0	0	0	0	0	0	0	0	0	997	0	0	0	0	0	0	0	0	0	0	0	0	0	0	0	0	0	16	0	0	0	0	0	0	0	0	0	0	0	0	0	0	0	0	0	0	0	0	0	0	0	1	0	0
0	2	0	0	0	0	0	0	0	0	0	0	0	0	0	0	173	0	0	0	0	0	0	0	0	27	0	0	0	0	96	0	0	6	0	0	0	0	0	0	0	0	0	0	0	0	0	0	0	0	18	166	0	0	0	0	1	0	0	0	0	0	0	0	0	0	0	0	0	0	0	2	0	11
1	7	0	0	0	0	0	0	0	0	0	0	13	0	0	0	200	0	0	3	212	0	0	0	0	184	0	0	0	0	2	0	6	15	0	0	0	0	0	0	0	0	0	0	0	0	0	0	0	0	0	168	0	0	0	1	0	0	0	0	0	0	0	0	0	0	0	0	0	0	0	7	0	0
0	0	0	0	0	0	0	0	0	0	0	0	0	0	0	0	0	0	0	0	0	0	0	0	0	0	0	0	0	0	0	0	0	0	0	0	0	0	0	0	0	0	0	0	0	0	0	0	0	0	0	0	0	0	0	0	0	0	0	0	0	0	0	0	0	0	0	0	0	0	0	0	0	0
0	6	0	0	0	0	0	0	0	80	0	0	10	0	1	0	10	0	2	141	0	0	0	0	0	6	0	0	0	0	56	0	1	2	0	0	0	0	0	0	0	0	0	0	0	0	0	2	0	0	1	0	0	0	0	2	45	0	0	0	0	0	0	0	0	0	0	0	0	0	0	1	0	1
0	14	0	0	1	0	0	0	0	0	0	0	136	0	0	0	0	0	0	38	1	0	0	0	0	4	0	0	0	0	0	0	0	82	0	0	0	0	0	0	0	0	0	0	0	0	0	0	0	0	0	30	0	0	0	0	2	0	0	0	0	0	0	0	0	0	0	0	0	0	0	14	9	0
0	0	42	0	160	0	0	10	0	0	0	0	4	24	0	13	0	11	0	12	0	1	0	0	0	1	0	0	2	0	0	0	3	5	8	4	0	7	0	10	0	146	0	11	0	0	0	0	0	0	1	3	0	0	1	0	15	26	0	0	36	137	0	3	0	1	2	7	0	1	14	0	45	3
0	33	5	0	16	0	0	0	0	0	0	0	0	0	0	1	0	0	0	2	0	0	0	0	0	0	0	0	0	66	0	0	0	0	0	0	0	1	0	0	0	0	0	0	0	0	0	0	0	0	0	0	0	0	0	0	2	0	0	0	15	11	0	0	0	0	0	0	0	0	9	45	0	0
0	1	0	0	0	0	0	0	0	0	0	0	0	0	0	0	2	0	63	7	0	50	0	0	0	0	0	0	0	0	375	0	0	0	0	0	0	0	0	0	0	0	0	199	0	0	0	0	0	0	125	0	0	0	0	0	75	15	0	0	0	0	0	0	0	0	11	0	0	1	0	3	0	0
