0	0	0	0	0	0	0	0	0	0	0	0	0	0	0	0	2	0	5	3	2	4	0	37	0	91	0	0	3	0	19	0	0	0	3	0	0	0	16	2	0	0	2	0	1	0	0	0	0	0	0	0	1	0	14	1	0	0	6	0	0	0	0	0	0	0	2	3	0	0	0	0	0	0
0	0	0	0	3	0	0	0	0	0	0	0	0	0	0	0	0	0	0	0	0	0	0	0	0	0	0	1	0	0	0	0	0	2	0	0	0	0	0	0	1	0	0	0	1	0	0	0	0	1	0	0	0	0	0	0	0	0	0	0	0	1	0	0	0	0	0	0	0	0	0	0	0	0
0	0	0	0	0	0	0	0	6	82	0	0	0	0	18	0	0	0	0	5	0	0	0	0	0	0	0	0	0	6	0	0	0	0	0	0	0	0	0	0	2	0	0	0	0	0	0	0	0	0	0	0	0	0	0	0	0	0	0	0	0	0	0	0	0	1	0	0	0	5	0	0	0	4
0	0	0	0	0	0	0	0	0	14	0	0	0	0	0	0	0	0	0	0	0	0	0	0	0	0	0	0	0	159	0	0	0	0	0	0	0	0	0	0	5	0	0	0	0	0	0	0	0	0	0	0	0	0	0	0	0	0	0	0	0	0	0	0	0	2	0	0	0	0	0	0	0	0
0	3	0	0	0	0	0	0	7	0	0	0	7	0	0	0	0	0	0	11	0	0	0	0	0	0	0	0	0	0	0	0	0	22	0	0	0	0	0	0	0	0	0	0	0	1	0	0	0	0	0	0	0	0	0	0	0	12	0	0	0	0	0	0	0	0	0	0	1	3	0	0	0	1
0	0	0	0	0	0	0	0	0	146	0	0	0	0	0	0	0	0	2	2	0	0	0	0	0	0	0	0	0	0	78	0	0	0	0	0	0	0	0	0	0	0	0	0	0	0	0	0	0	0	7	0	0	0	0	0	0	0	0	0	0	0	0	0	0	0	0	0	0	5	0	0	0	70
0	0	0	0	0	0	0	0	0	0	0	0	0	0	0	0	0	0	0	0	0	0	0	0	0	0	0	0	0	0	0	0	0	0	0	0	0	0	0	0	0	0	0	0	0	0	0	0	0	0	0	0	0	0	0	0	0	0	0	0	0	0	0	0	0	0	0	0	0	0	0	0	0	0
0	0	0	0	0	0	0	0	3	0	0	0	96	0	0	0	0	0	0	3	0	0	0	0	0	2	0	0	0	0	0	0	4	0	1	0	0	0	0	0	0	0	1	0	0	0	0	0	0	0	0	0	0	0	0	1	0	4	6	0	0	0	0	0	0	0	0	0	0	0	0	0	0	1
0	0	6	0	7	0	0	3	0	0	0	0	0	0	0	0	0	1	2	29	0	0	1	0	0	0	0	10	0	0	0	0	9	16	1	0	0	0	0	0	1	14	7	2	0	0	0	0	0	0	0	0	0	0	1	31	0	15	75	0	1	1	0	0	0	0	0	0	18	0	17	0	0	0
0	0	82	14	0	146	0	0	0	0	0	0	0	0	73	0	0	0	57	4	0	0	0	0	0	0	0	0	0	0	1	0	5	0	0	108	0	0	0	0	24	35	11	115	0	0	0	0	0	8	2	0	150	0	0	0	102	10	1	0	2	2	0	0	0	127	0	0	0	106	0	0	0	0
0	0	0	0	0	0	0	0	0	0	0	0	0	0	0	0	0	0	0	0	0	0	0	0	0	0	0	0	0	0	0	0	0	0	0	0	0	0	0	0	0	0	0	0	0	0	0	0	0	0	0	0	0	0	0	0	0	0	0	0	0	0	0	0	0	0	0	0	0	0	0	0	0	0
0	0	0	0	0	0	0	0	0	0	0	0	0	0	0	0	0	0	0	0	0	0	0	0	0	0	0	0	0	0	0	0	0	0	0	0	0	0	0	0	0	0	0	0	0	0	0	0	0	0	0	0	0	0	0	0	0	0	0	0	0	0	0	0	0	0	0	0	0	0	0	0	0	0
0	0	0	0	7	0	0	96	0	0	0	0	0	0	0	0	27	0	12	0	29	0	33	0	0	2	0	133	6	0	0	0	8	101	14	0	0	0	96	114	3	0	126	0	1	2	0	0	0	0	0	0	0	0	0	0	12	26	3	0	0	7	0	0	0	0	1	1	0	0	0	0	0	4
0	0	0	0	0	0	0	0	0	0	0	0	0	0	0	0	0	0	0	0	0	0	0	0	0	0	0	0	0	0	0	0	0	0	0	0	0	0	0	0	0	0	0	0	0	0	0	0	0	0	0	0	0	0	0	0	0	0	0	0	0	0	0	0	0	0	0	0	0	0	0	0	0	0
0	0	18	0	0	0	0	0	0	73	0	0	0	0	0	0	0	0	3	2	0	0	0	0	0	0	0	0	0	0	0	0	0	0	0	31	0	0	0	0	0	42	19	48	0	0	0	0	0	0	0	0	10	0	0	0	26	0	0	0	0	0	0	0	0	13	0	0	0	0	0	0	0	2
0	0	0	0	0	0	0	0	0	0	0	0	0	0	0	0	0	0	0	0	0	0	0	0	0	0	0	0	0	0	0	0	0	0	0	0	0	0	0	0	0	0	0	0	0	0	0	0	0	0	0	0	0	0	0	0	0	0	0	0	0	0	0	0	0	0	0	0	0	0	0	0	0	0
2	0	0	0	0	0	0	0	0	0	0	0	27	0	0	0	0	0	0	4	0	0	0	0	0	125	0	0	0	0	36	0	3	1	0	0	0	0	29	0	0	0	0	0	0	0	0	0	0	0	0	0	0	0	0	0	0	14	0	0	0	0	0	0	0	2	0	0	0	0	0	0	0	6
0	0	0	0	0	0	0	0	1	0	0	0	0	0	0	0	0	0	0	0	0	0	0	0	0	0	0	0	0	0	0	0	0	0	0	0	0	0	0	0	0	0	0	0	0	0	0	0	0	4	0	0	0	0	0	0	0	0	0	0	0	0	0	0	0	0	0	0	0	0	0	0	0	0
5	0	0	0	0	2	0	0	2	57	0	0	12	0	3	0	0	0	0	7	0	6	0	0	2	15	0	0	4	0	6	0	4	0	4	0	0	0	9	0	0	0	6	2	4	0	0	0	0	0	0	0	0	0	2	4	4	7	10	0	0	0	0	0	0	0	0	2	0	5	0	0	0	79
3	0	5	0	11	2	0	3	29	4	0	0	0	0	2	0	4	0	7	0	1	4	0	0	2	5	0	0	5	0	5	0	6	13	5	0	0	0	0	0	1	19	2	6	0	0	0	0	0	0	0	0	4	0	0	0	8	12	3	0	0	2	0	0	0	7	0	0	20	37	43	0	0	0
2	0	0	0	0	0	0	0	0	0	0	0	29	0	0	0	0	0	0	1	0	0	0	0	0	110	0	0	0	0	0	0	3	2	0	0	0	0	49	0	0	0	0	0	0	0	0	0	0	0	0	0	0	0	0	2	0	0	0	0	0	0	0	0	0	0	0	0	0	0	0	0	0	0
4	0	0	0	0	0	0	0	0	0	0	0	0	0	0	0	0	0	6	4	0	0	0	2	0	22	0	0	0	0	0	0	2	0	0	0	0	0	7	0	0	0	0	0	0	0	0	0	0	0	0	0	0	0	0	1	0	0	0	0	0	0	0	0	0	0	0	0	0	0	0	0	0	33
0	0	0	0	0	0	0	0	1	0	0	0	33	0	0	0	0	0	0	0	0	0	0	0	0	13	0	0	0	0	0	0	0	1	2	0	0	0	0	0	0	0	2	0	0	0	0	0	0	0	0	0	0	0	0	0	0	1	36	0	0	0	0	0	0	0	0	0	0	0	0	0	0	0
37	0	0	0	0	0	0	0	0	0	0	0	0	0	0	0	0	0	0	0	0	2	0	0	0	1	0	0	10	0	0	0	0	0	0	0	0	0	0	0	0	0	0	0	0	0	0	0	0	0	0	0	0	0	52	49	0	0	0	0	0	2	0	0	0	0	0	22	0	0	0	0	0	0
0	0	0	0	0	0	0	0	0	0	0	0	0	0	0	0	0	0	2	2	0	0	0	0	0	0	0	0	0	0	0	0	0	0	0	0	0	0	0	0	0	0	0	0	0	0	0	0	0	0	0	0	0	0	0	1	0	0	0	0	0	0	0	0	0	0	0	0	0	0	0	0	0	0
91	0	0	0	0	0	0	2	0	0	0	0	2	0	0	0	125	0	15	5	110	22	13	1	0	0	0	0	13	0	36	0	23	3	16	0	0	0	128	91	0	0	9	2	59	0	0	0	0	0	0	0	36	0	41	0	14	6	0	0	0	0	0	0	0	2	14	1	0	0	0	0	0	0
0	0	0	0	0	0	0	0	0	0	0	0	0	0	0	0	0	0	0	0	0	0	0	0	0	0	0	0	0	0	0	0	0	0	0	0	0	0	0	0	0	0	0	0	0	0	0	0	0	0	0	0	0	0	0	0	0	0	0	0	0	0	0	0	0	0	0	0	0	0	0	0	0	0
0	1	0	0	0	0	0	0	10	0	0	0	133	0	0	0	0	0	0	0	0	0	0	0	0	0	0	0	0	0	0	0	4	31	0	0	0	0	0	0	0	0	0	0	0	0	0	0	0	0	0	0	0	0	0	1	0	22	28	0	0	0	0	0	0	2	0	0	0	5	0	0	0	4
3	0	0	0	0	0	0	0	0	0	0	0	6	0	0	0	0	0	4	5	0	0	0	10	0	13	0	0	0	0	0	0	7	0	5	0	0	0	12	0	0	0	4	0	0	0	0	0	0	0	0	0	0	0	0	2	0	12	66	0	0	0	0	0	0	0	0	0	0	0	0	0	0	0
0	0	6	159	0	0	0	0	0	0	0	0	0	0	0	0	0	0	0	0	0	0	0	0	0	0	0	0	0	0	17	0	0	0	0	171	0	0	0	0	55	0	0	0	3	0	0	0	0	0	0	0	0	0	6	0	0	0	0	0	0	0	0	0	0	171	0	0	0	0	0	0	0	0
19	0	0	0	0	78	0	0	0	1	0	0	0	0	0	0	36	0	6	5	0	0	0	0	0	36	0	0	0	17	0	0	20	0	0	0	0	0	0	0	0	0	2	18	70	0	0	0	0	0	8	0	54	0	44	0	2	12	0	0	0	0	0	0	0	14	26	0	0	4	0	0	0	3
0	0	0	0	0	0	0	0	0	0	0	0	0	0	0	0	0	0	0	0	0	0	0	0	0	0	0	0	0	0	0	0	0	0	0	0	0	0	0	0	0	0	0	0	0	0	0	0	0	0	0	0	0	0	0	0	0	0	0	0	0	0	0	0	0	0	0	0	0	0	0	0	0	0
0	0	0	0	0	0	0	4	9	5	0	0	8	0	0	0	3	0	4	6	3	2	0	0	0	23	0	4	7	0	20	0	0	3	5	0	0	0	24	1	0	1	6	0	0	0	0	0	0	0	0	0	1	0	4	0	3	18	12	0	0	0	0	0	0	0	1	0	2	0	0	0	0	0
0	2	0	0	22	0	0	0	16	0	0	0	101	0	0	0	1	0	0	13	2	0	1	0	0	3	0	31	0	0	0	0	3	0	0	0	2	0	9	2	0	1	20	1	3	1	0	0	0	0	0	0	0	0	8	0	1	14	0	0	1	1	0	0	0	0	0	0	1	0	0	0	0	0
3	0	0	0	0	0	0	1	1	0	0	0	14	0	0	0	0	0	4	5	0	0	2	0	0	16	0	0	5	0	0	0	5	0	0	0	0	0	10	1	0	0	4	0	0	0	0	0	0	0	0	0	0	0	0	1	0	10	20	0	0	0	0	0	0	0	0	0	0	0	0	0	0	0
0	0	0	0	0	0	0	0	0	108	0	0	0	0	31	0	0	0	0	0	0	0	0	0	0	0	0	0	0	171	0	0	0	0	0	0	0	0	0	0	6	0	0	0	0	0	0	0	0	0	0	0	0	0	0	0	0	0	0	0	0	0	0	0	0	5	0	0	0	2	0	0	0	1
0	0	0	0	0	0	0	0	0	0	0	0	0	0	0	0	0	0	0	0	0	0	0	0	0	0	0	0	0	0	0	0	0	2	0	0	0	0	0	0	0	0	0	1	0	0	0	0	0	0	0	0	0	0	0	0	0	0	0	0	0	7	0	0	0	0	0	0	0	0	0	0	0	0
0	0	0	0	0	0	0	0	0	0	0	0	0	0	0	0	0	0	0	0	0	0	0	0	0	0	0	0	0	0	0	0	0	0	0	0	0	0	0	0	0	0	0	0	0	0	0	0	0	0	0	0	0	0	0	0	0	0	0	0	0	0	0	0	0	0	0	0	0	0	0	0	0	0
16	0	0	0	0	0	0	0	0	0	0	0	96	0	0	0	29	0	9	0	49	7	0	0	0	128	0	0	12	0	0	0	24	9	10	0	0	0	0	31	0	0	1	0	11	0	0	0	0	0	0	0	0	0	23	0	0	0	0	0	0	0	0	0	0	1	0	0	0	0	0	0	0	0
2	0	0	0	0	0	0	0	0	0	0	0	114	0	0	0	0	0	0	0	0	0	0	0	0	91	0	0	0	0	0	0	1	2	1	0	0	0	31	0	0	0	0	0	0	1	0	0	0	0	0	0	0	0	0	0	0	0	0	0	0	0	0	0	0	0	0	0	0	0	0	0	0	0
0	1	2	5	0	0	0	0	1	24	0	0	3	0	0	0	0	0	0	1	0	0	0	0	0	0	0	0	0	55	0	0	0	0	0	6	0	0	0	0	0	0	0	10	0	0	0	0	0	3	0	0	0	0	0	2	0	0	0	0	0	5	0	0	0	7	0	0	0	0	0	4	0	2
0	0	0	0	0	0	0	0	14	35	0	0	0	0	42	0	0	0	0	19	0	0	0	0	0	0	0	0	0	0	0	0	1	1	0	0	0	0	0	0	0	0	3	0	0	0	0	0	0	0	0	0	0	0	0	0	0	7	20	0	0	0	0	0	0	0	0	0	1	7	0	0	0	9
2	0	0	0	0	0	0	1	7	11	0	0	126	0	19	0	0	0	6	2	0	0	2	0	0	9	0	0	4	0	2	0	6	20	4	0	0	0	1	0	0	3	0	2	1	0	0	0	0	0	0	0	0	0	0	0	2	25	72	0	0	0	0	0	0	0	4	0	1	0	1	0	0	19
0	0	0	0	0	0	0	0	2	115	0	0	0	0	48	0	0	0	2	6	0	0	0	0	0	2	0	0	0	0	18	0	0	1	0	0	1	0	0	0	10	0	2	0	0	0	0	0	0	0	0	0	0	0	0	0	0	0	26	0	0	4	0	0	0	6	0	0	0	3	0	0	0	96
1	1	0	0	0	0	0	0	0	0	0	0	1	0	0	0	0	0	4	0	0	0	0	0	0	59	0	0	0	3	70	0	0	3	0	0	0	0	11	0	0	0	1	0	0	0	0	0	0	0	0	0	0	0	0	0	0	0	0	0	0	0	0	0	0	0	0	0	0	0	0	0	0	3
0	0	0	0	1	0	0	0	0	0	0	0	2	0	0	0	0	0	0	0	0	0	0	0	0	0	0	0	0	0	0	0	0	1	0	0	0	0	0	1	0	0	0	0	0	0	0	0	0	0	0	0	0	0	0	0	0	0	0	0	0	0	0	0	0	0	0	0	0	0	0	0	0	0
0	0	0	0	0	0	0	0	0	0	0	0	0	0	0	0	0	0	0	0	0	0	0	0	0	0	0	0	0	0	0	0	0	0	0	0	0	0	0	0	0	0	0	0	0	0	0	0	0	0	0	0	0	0	0	0	0	0	0	0	0	0	0	0	0	0	0	0	0	0	0	0	0	0
0	0	0	0	0	0	0	0	0	0	0	0	0	0	0	0	0	0	0	0	0	0	0	0	0	0	0	0	0	0	0	0	0	0	0	0	0	0	0	0	0	0	0	0	0	0	0	0	0	0	0	0	0	0	0	0	0	0	0	0	0	0	0	0	0	0	0	0	0	0	0	0	0	0
0	0	0	0	0	0	0	0	0	0	0	0	0	0	0	0	0	0	0	0	0	0	0	0	0	0	0	0	0	0	0	0	0	0	0	0	0	0	0	0	0	0	0	0	0	0	0	0	0	0	0	0	0	0	0	0	0	0	0	0	0	0	0	0	0	0	0	0	0	0	0	0	0	0
0	1	0	0	0	0	0	0	0	8	0	0	0	0	0	0	0	4	0	0	0	0	0	0	0	0	0	0	0	0	0	0	0	0	0	0	0	0	0	0	3	0	0	0	0	0	0	0	0	0	0	0	0	0	0	0	0	0	0	0	0	0	0	0	0	0	0	0	0	0	0	1	0	0
0	0	0	0	0	7	0	0	0	2	0	0	0	0	0	0	0	0	0	0	0	0	0	0	0	0	0	0	0	0	8	0	0	0	0	0	0	0	0	0	0	0	0	0	0	0	0	0	0	0	0	0	7	0	0	0	0	0	0	0	0	0	0	0	0	0	0	0	0	4	0	0	0	0
0	0	0	0	0	0	0	0	0	0	0	0	0	0	0	0	0	0	0	0	0	0	0	0	0	0	0	0	0	0	0	0	0	0	0	0	0	0	0	0	0	0	0	0	0	0	0	0	0	0	0	0	0	0	0	0	0	0	0	0	0	0	0	0	0	0	0	0	0	0	0	0	0	0
1	0	0	0	0	0	0	0	0	150	0	0	0	0	10	0	0	0	0	4	0	0	0	0	0	36	0	0	0	0	54	0	1	0	0	0	0	0	0	0	0	0	0	0	0	0	0	0	0	0	7	0	0	0	0	0	0	6	0	0	0	0	0	0	0	0	0	0	0	5	0	0	0	104
0	0	0	0	0	0	0	0	0	0	0	0	0	0	0	0	0	0	0	0	0	0	0	0	0	0	0	0	0	0	0	0	0	0	0	0	0	0	0	0	0	0	0	0	0	0	0	0	0	0	0	0	0	0	0	0	0	0	0	0	0	0	0	0	0	0	0	0	0	0	0	0	0	0
14	0	0	0	0	0	0	0	1	0	0	0	0	0	0	0	0	0	2	0	0	0	0	52	0	41	0	0	0	6	44	0	4	8	0	0	0	0	23	0	0	0	0	0	0	0	0	0	0	0	0	0	0	0	0	1	0	7	4	0	0	0	0	0	0	0	0	0	0	0	0	0	0	0
1	0	0	0	0	0	0	1	31	0	0	0	0	0	0	0	0	0	4	0	2	1	0	49	1	0	0	1	2	0	0	0	0	0	1	0	0	0	0	0	2	0	0	0	0	0	0	0	0	0	0	0	0	0	1	0	1	1	25	0	0	0	0	0	0	0	0	2	0	5	0	0	2	0
0	0	0	0	0	0	0	0	0	102	0	0	12	0	26	0	0	0	4	8	0	0	0	0	0	14	0	0	0	0	2	0	3	1	0	0	0	0	0	0	0	0	2	0	0	0	0	0	0	0	0	0	0	0	0	1	0	6	4	0	0	0	0	0	0	1	0	0	0	5	0	0	0	33
0	0	0	0	12	0	0	4	15	10	0	0	26	0	0	0	14	0	7	12	0	0	1	0	0	6	0	22	12	0	12	0	18	14	10	0	0	0	0	0	0	7	25	0	0	0	0	0	0	0	0	0	6	0	7	1	6	0	36	0	0	1	0	0	0	2	13	0	16	0	4	0	0	87
6	0	0	0	0	0	0	6	75	1	0	0	3	0	0	0	0	0	10	3	0	0	36	0	0	0	0	28	66	0	0	0	12	0	20	0	0	0	0	0	0	20	72	26	0	0	0	0	0	0	0	0	0	0	4	25	4	36	0	0	0	0	0	0	0	0	46	0	0	20	0	0	0	6
0	0	0	0	0	0	0	0	0	0	0	0	0	0	0	0	0	0	0	0	0	0	0	0	0	0	0	0	0	0	0	0	0	0	0	0	0	0	0	0	0	0	0	0	0	0	0	0	0	0	0	0	0	0	0	0	0	0	0	0	0	0	0	0	0	0	0	0	0	0	0	0	0	0
0	0	0	0	0	0	0	0	1	2	0	0	0	0	0	0	0	0	0	0	0	0	0	0	0	0	0	0	0	0	0	0	0	1	0	0	0	0	0	0	0	0	0	0	0	0	0	0	0	0	0	0	0	0	0	0	0	0	0	0	0	0	0	0	0	0	0	0	0	0	0	0	0	0
0	1	0	0	0	0	0	0	1	2	0	0	7	0	0	0	0	0	0	2	0	0	0	2	0	0	0	0	0	0	0	0	0	1	0	0	7	0	0	0	5	0	0	4	0	0	0	0	0	0	0	0	0	0	0	0	0	1	0	0	0	0	0	0	0	2	0	0	1	4	0	1	0	0
0	0	0	0	0	0	0	0	0	0	0	0	0	0	0	0	0	0	0	0	0	0	0	0	0	0	0	0	0	0	0	0	0	0	0	0	0	0	0	0	0	0	0	0	0	0	0	0	0	0	0	0	0	0	0	0	0	0	0	0	0	0	0	0	0	0	0	0	0	0	0	0	0	0
0	0	0	0	0	0	0	0	0	0	0	0	0	0	0	0	0	0	0	0	0	0	0	0	0	0	0	0	0	0	0	0	0	0	0	0	0	0	0	0	0	0	0	0	0	0	0	0	0	0	0	0	0	0	0	0	0	0	0	0	0	0	0	0	0	0	0	0	0	0	0	0	0	0
0	0	0	0	0	0	0	0	0	0	0	0	0	0	0	0	0	0	0	0	0	0	0	0	0	0	0	0	0	0	0	0	0	0	0	0	0	0	0	0	0	0	0	0	0	0	0	0	0	0	0	0	0	0	0	0	0	0	0	0	0	0	0	0	0	0	0	0	0	0	0	0	0	0
0	0	1	2	0	0	0	0	0	127	0	0	0	0	13	0	2	0	0	7	0	0	0	0	0	2	0	2	0	171	14	0	0	0	0	5	0	0	1	0	7	0	0	6	0	0	0	0	0	0	0	0	0	0	0	0	1	2	0	0	0	2	0	0	0	0	0	0	0	0	0	0	0	0
2	0	0	0	0	0	0	0	0	0	0	0	1	0	0	0	0	0	0	0	0	0	0	0	0	14	0	0	0	0	26	0	1	0	0	0	0	0	0	0	0	0	4	0	0	0	0	0	0	0	0	0	0	0	0	0	0	13	46	0	0	0	0	0	0	0	0	0	0	0	0	0	0	3
3	0	0	0	0	0	0	0	0	0	0	0	1	0	0	0	0	0	2	0	0	0	0	22	0	1	0	0	0	0	0	0	0	0	0	0	0	0	0	0	0	0	0	0	0	0	0	0	0	0	0	0	0	0	0	2	0	0	0	0	0	0	0	0	0	0	0	0	0	0	0	0	0	14
0	0	0	0	1	0	0	0	18	0	0	0	0	0	0	0	0	0	0	20	0	0	0	0	0	0	0	0	0	0	0	0	2	1	0	0	0	0	0	0	0	1	1	0	0	0	0	0	0	0	0	0	0	0	0	0	0	16	0	0	0	1	0	0	0	0	0	0	0	7	0	0	0	10
0	0	5	0	3	5	0	0	0	106	0	0	0	0	0	0	0	0	5	37	0	0	0	0	0	0	0	5	0	0	4	0	0	0	0	2	0	0	0	0	0	7	0	3	0	0	0	0	0	0	4	0	5	0	0	5	5	0	20	0	0	4	0	0	0	0	0	0	7	0	0	0	0	0
0	0	0	0	0	0	0	0	17	0	0	0	0	0	0	0	0	0	0	43	0	0	0	0	0	0	0	0	0	0	0	0	0	0	0	0	0	0	0	0	0	0	1	0	0	0	0	0	0	0	0	0	0	0	0	0	0	4	0	0	0	0	0	0	0	0	0	0	0	0	0	0	0	0
0	0	0	0	0	0	0	0	0	0	0	0	0	0	0	0	0	0	0	0	0	0	0	0	0	0	0	0	0	0	0	0	0	0	0	0	0	0	0	0	4	0	0	0	0	0	0	0	0	1	0	0	0	0	0	0	0	0	0	0	0	1	0	0	0	0	0	0	0	0	0	0	0	0
0	0	0	0	0	0	0	0	0	0	0	0	0	0	0	0	0	0	0	0	0	0	0	0	0	0	0	0	0	0	0	0	0	0	0	0	0	0	0	0	0	0	0	0	0	0	0	0	0	0	0	0	0	0	0	2	0	0	0	0	0	0	0	0	0	0	0	0	0	0	0	0	0	0
0	0	4	0	1	70	0	1	0	0	0	0	4	0	2	0	6	0	79	0	0	33	0	0	0	0	0	4	0	0	3	0	0	0	0	1	0	0	0	0	2	9	19	96	3	0	0	0	0	0	0	0	104	0	0	0	33	87	6	0	0	0	0	0	0	0	3	14	10	0	0	0	0	0
