0	0	0	0	0	0	0	0	0	0	0	0	0	0	0	0	0	0	0	0	0	0	0	0	0	0	0	0	0	0	16	0	0	0	1	0	0	0	0	0	0	0	0	0	0	0	0	0	0	0	0	0	0	0	0	0	0	0	0	0	0	0	0	0	0	0	0	0	0	0	0	0	0	0
0	0	0	0	0	0	0	0	1	0	0	0	0	0	0	0	0	0	0	0	0	0	0	0	0	0	0	1	0	0	0	0	0	1	0	0	0	0	0	0	0	0	1	0	0	0	0	0	0	2	0	0	0	0	0	0	1	3	0	0	1	2	0	0	0	0	0	0	0	0	0	0	0	0
0	0	0	0	0	0	0	0	2	89	0	0	0	0	0	0	0	0	0	4	0	0	0	0	0	2	0	0	0	7	0	0	0	0	0	0	0	0	0	0	12	0	0	0	0	0	0	0	0	0	0	0	0	0	0	1	0	0	0	0	0	0	0	0	0	92	0	0	0	0	0	0	0	1
0	0	0	0	0	0	0	0	1	3	0	0	0	0	0	0	0	0	0	1	0	0	0	0	0	0	0	0	0	122	0	0	0	0	0	0	0	0	0	0	14	0	0	0	0	0	0	0	0	0	0	0	0	0	0	0	0	0	0	0	0	0	0	0	0	133	1	0	0	1	0	0	0	0
0	0	0	0	0	0	0	0	6	0	0	0	52	0	0	0	0	0	0	1	0	0	0	0	0	1	0	0	0	0	0	0	17	16	0	0	0	0	5	0	0	0	0	0	0	0	0	0	0	0	0	0	0	0	0	0	0	0	0	0	0	0	0	0	0	0	0	0	4	2	0	0	0	2
0	0	0	0	0	0	0	0	7	11	0	0	0	0	0	0	0	0	0	10	0	0	0	0	0	0	0	0	0	0	105	0	0	0	0	0	0	0	0	0	0	0	1	2	0	0	0	0	0	3	0	0	3	0	0	0	3	3	0	0	0	0	0	0	0	0	0	0	0	0	0	3	0	2
0	0	0	0	0	0	0	0	0	0	0	0	0	0	0	0	0	0	0	0	0	0	0	0	0	0	0	0	0	0	0	0	0	0	0	0	0	0	0	0	0	0	0	0	0	0	0	0	0	0	0	0	0	0	0	0	0	0	0	0	0	0	0	0	0	0	0	0	0	0	0	0	0	0
0	0	0	0	0	0	0	0	6	0	0	0	1	0	0	0	0	0	0	1	0	0	0	0	0	2	0	0	0	0	0	0	2	0	0	0	0	0	0	0	0	0	0	0	0	0	0	0	0	0	0	0	0	0	0	0	0	0	0	0	0	0	0	0	0	0	0	0	0	0	0	0	0	0
0	1	2	1	6	7	0	6	0	10	0	0	4	0	0	0	3	0	0	30	13	1	0	0	0	7	0	26	4	0	0	0	27	5	25	0	0	0	5	3	4	3	9	3	9	1	0	0	0	15	0	0	0	0	2	17	15	13	10	0	5	12	0	0	0	0	2	8	0	7	0	16	4	1
0	0	89	3	0	11	0	0	10	0	0	0	0	0	0	0	0	0	32	39	0	0	0	0	0	0	0	0	0	0	2	0	0	7	0	79	0	0	0	1	46	76	7	110	13	1	0	0	0	15	0	0	132	0	0	0	105	29	0	0	15	14	0	0	0	85	0	22	1	120	0	11	0	0
0	0	0	0	0	0	0	0	0	0	0	0	0	0	0	0	0	0	0	0	0	0	0	0	0	0	0	0	0	0	0	0	0	0	0	0	0	0	0	0	0	0	0	0	0	0	0	0	0	0	0	0	0	0	0	0	0	0	0	0	0	0	0	0	0	0	0	0	0	0	0	0	0	0
0	0	0	0	0	0	0	0	0	0	0	0	0	0	0	0	0	0	0	0	0	0	0	0	0	0	0	0	0	0	0	0	0	0	0	0	0	0	0	0	0	0	0	0	0	0	0	0	0	0	0	0	0	0	0	0	0	0	0	0	0	0	0	0	0	0	0	0	0	0	0	0	0	0
0	0	0	0	52	0	0	1	4	0	0	0	0	0	0	0	3	0	1	4	8	0	0	0	0	1	0	77	1	0	0	0	244	190	8	0	0	0	22	111	0	0	11	0	0	0	0	0	0	0	0	0	0	0	1	0	9	5	0	0	0	0	0	0	0	0	0	0	0	0	0	0	0	0
0	0	0	0	0	0	0	0	0	0	0	0	0	0	0	0	0	0	0	0	0	0	0	0	0	0	0	0	0	0	0	0	0	0	0	0	0	0	0	0	0	0	0	0	0	0	0	0	0	0	0	0	0	0	0	0	0	0	0	0	0	0	0	0	0	0	0	0	0	0	0	0	0	0
0	0	0	0	0	0	0	0	0	0	0	0	0	0	0	0	0	0	0	0	0	0	0	0	0	0	0	0	0	0	0	0	0	0	0	0	0	0	0	0	0	0	0	0	0	0	0	0	0	0	0	0	0	0	0	0	0	0	0	0	0	0	0	0	0	0	0	0	0	0	0	0	0	0
0	0	0	0	0	0	0	0	0	0	0	0	0	0	0	0	0	0	0	0	0	0	0	0	0	0	0	0	0	0	0	0	0	0	0	0	0	0	0	0	0	0	0	0	0	0	0	0	0	0	0	0	0	0	0	0	0	0	0	0	0	0	0	0	0	0	0	0	0	0	0	0	0	0
0	0	0	0	0	0	0	0	3	0	0	0	3	0	0	0	0	0	0	1	0	0	0	0	0	136	0	0	0	0	6	0	321	6	0	0	0	0	77	0	0	0	0	0	3	0	0	0	0	0	0	0	0	0	0	0	0	0	0	0	0	0	0	0	0	0	1	0	0	2	0	0	0	2
0	0	0	0	0	0	0	0	0	0	0	0	0	0	0	0	0	0	0	0	0	0	0	0	0	0	0	0	0	0	0	0	0	0	0	2	0	0	0	0	0	3	0	3	0	0	0	0	0	0	0	0	0	0	0	0	0	1	0	0	0	4	0	0	0	0	0	0	5	0	0	0	0	0
0	0	0	0	0	0	0	0	0	32	0	0	1	0	0	0	0	0	0	142	0	2	0	0	0	0	0	0	0	0	2	0	28	0	9	0	0	0	2	0	0	0	0	0	42	0	0	0	0	0	0	0	2	0	0	130	2	0	0	0	0	0	0	0	0	0	0	4	0	6	0	0	0	23
0	0	4	1	1	10	0	1	30	39	0	0	4	0	0	0	1	0	142	0	9	0	0	69	41	13	0	26	30	0	120	0	29	15	60	0	0	0	14	26	4	2	5	3	176	0	0	0	0	12	0	0	144	0	19	327	111	11	8	0	4	11	0	0	0	4	0	63	2	140	0	6	2	1
0	0	0	0	0	0	0	0	13	0	0	0	8	0	0	0	0	0	0	9	0	0	0	0	0	156	0	0	0	0	0	0	905	6	0	0	0	0	110	0	0	0	1	0	0	1	0	0	0	0	0	0	0	0	0	1	0	0	0	0	0	0	0	0	0	0	0	0	0	0	0	0	0	0
0	0	0	0	0	0	0	0	1	0	0	0	0	0	0	0	0	0	2	0	0	0	0	0	0	6	0	0	0	0	40	0	13	0	2	0	0	0	12	0	0	0	0	0	64	0	0	0	0	0	0	0	0	0	0	5	0	0	0	0	0	0	0	0	0	0	0	0	0	0	0	0	0	45
0	0	0	0	0	0	0	0	0	0	0	0	0	0	0	0	0	0	0	0	0	0	0	0	0	0	0	0	0	0	0	0	0	0	0	0	0	0	0	0	0	0	0	0	0	0	0	0	0	0	0	0	0	0	0	0	0	0	0	0	0	0	0	0	0	0	0	0	0	0	0	0	0	0
0	0	0	0	0	0	0	0	0	0	0	0	0	0	0	0	0	0	0	69	0	0	0	0	0	5	0	0	0	0	0	0	0	0	0	0	0	0	0	0	0	0	0	0	62	0	0	0	0	0	0	0	0	0	0	136	0	0	0	0	0	0	0	0	0	0	0	0	0	0	0	0	0	0
0	0	0	0	0	0	0	0	0	0	0	0	0	0	0	0	0	0	0	41	0	0	0	0	0	2	0	0	0	0	6	0	0	0	0	0	0	0	0	0	0	0	0	0	63	0	0	0	0	0	0	0	0	0	0	144	0	0	0	0	0	0	0	0	0	0	0	0	0	0	0	0	0	0
0	0	2	0	1	0	0	2	7	0	0	0	1	0	0	0	136	0	0	13	156	6	0	5	2	0	0	23	9	0	1	0	132	13	33	0	0	0	180	91	0	0	0	0	24	0	0	0	0	2	0	0	0	0	65	20	3	5	0	0	0	1	0	0	0	0	5	14	0	2	9	2	3	0
0	0	0	0	0	0	0	0	0	0	0	0	0	0	0	0	0	0	0	0	0	0	0	0	0	0	0	0	0	0	0	0	0	0	0	0	0	0	0	0	0	0	0	0	0	0	0	0	0	0	0	0	0	0	0	0	0	0	0	0	0	0	0	0	0	0	0	0	0	0	0	0	0	0
0	1	0	0	0	0	0	0	26	0	0	0	77	0	0	0	0	0	0	26	0	0	0	0	0	23	0	0	0	1	2	0	0	95	4	0	0	0	0	0	0	0	1	0	0	1	0	0	0	0	0	0	0	0	0	2	0	0	2	0	0	0	0	0	0	0	1	0	0	4	0	1	0	3
0	0	0	0	0	0	0	0	4	0	0	0	1	0	0	0	0	0	0	30	0	0	0	0	0	9	0	0	0	0	0	0	623	0	44	0	0	0	6	0	0	0	0	0	0	0	0	0	0	0	0	0	0	0	0	4	0	0	0	0	0	0	0	0	0	0	1	0	0	0	0	0	0	1
0	0	7	122	0	0	0	0	0	0	0	0	0	0	0	0	0	0	0	0	0	0	0	0	0	0	0	1	0	0	0	0	0	1	0	113	0	0	0	0	91	0	0	0	0	0	0	0	0	1	0	0	0	0	0	0	0	0	0	0	0	0	0	0	0	290	1	0	0	0	0	0	0	0
16	0	0	0	0	105	0	0	0	2	0	0	0	0	0	0	6	0	2	120	0	40	0	0	6	1	0	2	0	0	0	0	0	2	0	0	0	0	2	0	0	0	0	206	245	0	0	0	0	0	0	0	446	0	132	0	150	2	0	0	0	0	0	0	0	0	50	2	0	226	0	0	0	109
0	0	0	0	0	0	0	0	0	0	0	0	0	0	0	0	0	0	0	0	0	0	0	0	0	0	0	0	0	0	0	0	0	0	0	0	0	0	0	0	0	0	0	0	0	0	0	0	0	0	0	0	0	0	0	0	0	0	0	0	0	0	0	0	0	0	0	0	0	0	0	0	0	0
0	0	0	0	17	0	0	2	27	0	0	0	244	0	0	0	321	0	28	29	905	13	0	0	0	132	0	0	623	0	0	0	0	2	137	0	0	0	896	753	0	0	0	0	2	0	0	0	0	0	0	0	0	0	150	17	9	23	0	0	0	0	0	0	0	0	0	44	0	0	716	0	0	0
0	1	0	0	16	0	0	0	5	7	0	0	190	0	0	0	6	0	0	15	6	0	0	0	0	13	0	95	0	1	2	0	2	0	0	0	0	0	16	35	1	0	2	0	1	0	0	0	0	0	0	0	0	0	0	2	1	41	0	0	0	0	0	0	0	0	0	0	0	1	0	1	0	1
1	0	0	0	0	0	0	0	25	0	0	0	8	0	0	0	0	0	9	60	0	2	0	0	0	33	0	4	44	0	0	0	137	0	0	0	0	0	27	19	0	0	3	0	0	0	0	0	0	0	0	0	0	0	0	3	0	0	1	0	0	0	0	0	0	0	4	0	0	1	0	0	0	4
0	0	0	0	0	0	0	0	0	79	0	0	0	0	0	0	0	2	0	0	0	0	0	0	0	0	0	0	0	113	0	0	0	0	0	0	0	0	0	0	17	0	0	0	0	0	0	0	0	0	0	0	0	0	0	0	0	0	0	0	0	0	0	0	0	136	0	0	0	0	0	0	0	0
0	0	0	0	0	0	0	0	0	0	0	0	0	0	0	0	0	0	0	0	0	0	0	0	0	0	0	0	0	0	0	0	0	0	0	0	0	0	0	0	0	0	0	0	0	0	0	0	0	0	0	0	0	0	0	0	0	0	0	0	3	4	0	0	0	0	0	0	0	0	0	0	0	0
0	0	0	0	0	0	0	0	0	0	0	0	0	0	0	0	0	0	0	0	0	0	0	0	0	0	0	0	0	0	0	0	0	0	0	0	0	0	0	0	0	0	0	0	0	0	0	0	0	0	0	0	0	0	0	0	0	0	0	0	0	0	0	0	0	0	0	0	0	0	0	0	0	0
0	0	0	0	5	0	0	0	5	0	0	0	22	0	0	0	77	0	2	14	110	12	0	0	0	180	0	0	6	0	2	0	896	16	27	0	0	0	0	48	0	0	0	0	6	0	0	0	0	0	0	0	0	0	68	0	0	25	0	0	0	0	0	0	0	0	2	0	0	4	20	0	0	2
0	0	0	0	0	0	0	0	3	1	0	0	111	0	0	0	0	0	0	26	0	0	0	0	0	91	0	0	0	0	0	0	753	35	19	0	0	0	48	0	0	0	1	0	1	0	0	0	0	0	0	0	0	0	0	2	0	0	0	0	0	0	0	0	0	0	0	0	0	0	0	0	0	1
0	0	12	14	0	0	0	0	4	46	0	0	0	0	0	0	0	0	0	4	0	0	0	0	0	0	0	0	0	91	0	0	0	1	0	17	0	0	0	0	0	2	1	18	0	0	0	0	0	0	0	0	0	0	0	0	3	3	0	0	1	6	0	0	0	72	0	0	0	0	0	0	0	2
0	0	0	0	0	0	0	0	3	76	0	0	0	0	0	0	0	3	0	2	0	0	0	0	0	0	0	0	0	0	0	0	0	0	0	0	0	0	0	0	2	0	0	0	0	0	0	0	0	0	0	0	0	0	0	0	0	0	0	0	0	0	0	0	0	0	0	0	5	2	0	0	0	9
0	1	0	0	0	1	0	0	9	7	0	0	11	0	0	0	0	0	0	5	1	0	0	0	0	0	0	1	0	0	0	0	0	2	3	0	0	0	0	1	1	0	0	0	3	0	0	0	0	3	0	0	0	0	2	0	3	3	0	0	1	0	0	0	0	0	0	0	0	5	0	2	3	2
0	0	0	0	0	2	0	0	3	110	0	0	0	0	0	0	0	3	0	3	0	0	0	0	0	0	0	0	0	0	206	0	0	0	0	0	0	0	0	0	18	0	0	0	9	0	0	0	0	0	0	0	0	0	0	0	0	8	0	0	0	8	0	0	0	1	2	0	3	2	0	0	0	91
0	0	0	0	0	0	0	0	9	13	0	0	0	0	0	0	3	0	42	176	0	64	0	62	63	24	0	0	0	0	245	0	2	1	0	0	0	0	6	1	0	0	3	9	0	0	0	0	0	0	0	0	100	0	67	2	82	0	0	0	0	0	0	0	0	0	7	1	0	48	0	0	0	42
0	0	0	0	0	0	0	0	1	1	0	0	0	0	0	0	0	0	0	0	1	0	0	0	0	0	0	1	0	0	0	0	0	0	0	0	0	0	0	0	0	0	0	0	0	0	0	0	0	0	0	0	0	0	0	0	1	4	0	0	5	0	0	0	0	0	0	0	0	0	0	1	0	0
0	0	0	0	0	0	0	0	0	0	0	0	0	0	0	0	0	0	0	0	0	0	0	0	0	0	0	0	0	0	0	0	0	0	0	0	0	0	0	0	0	0	0	0	0	0	0	0	0	0	0	0	0	0	0	0	0	0	0	0	0	0	0	0	0	0	0	0	0	0	0	0	0	0
0	0	0	0	0	0	0	0	0	0	0	0	0	0	0	0	0	0	0	0	0	0	0	0	0	0	0	0	0	0	0	0	0	0	0	0	0	0	0	0	0	0	0	0	0	0	0	0	0	0	0	0	0	0	0	0	0	0	0	0	0	0	0	0	0	0	0	0	0	0	0	0	0	0
0	0	0	0	0	0	0	0	0	0	0	0	0	0	0	0	0	0	0	0	0	0	0	0	0	0	0	0	0	0	0	0	0	0	0	0	0	0	0	0	0	0	0	0	0	0	0	0	0	0	0	0	0	0	0	0	0	0	0	0	0	0	0	0	0	0	0	0	0	0	0	0	0	0
0	2	0	0	0	3	0	0	15	15	0	0	0	0	0	0	0	0	0	12	0	0	0	0	0	2	0	0	0	1	0	0	0	0	0	0	0	0	0	0	0	0	3	0	0	0	0	0	0	0	0	0	0	0	0	0	0	0	0	0	0	0	0	0	0	0	4	0	0	4	0	2	0	2
0	0	0	0	0	0	0	0	0	0	0	0	0	0	0	0	0	0	0	0	0	0	0	0	0	0	0	0	0	0	0	0	0	0	0	0	0	0	0	0	0	0	0	0	0	0	0	0	0	0	0	0	0	0	0	0	0	0	0	0	0	0	0	0	0	0	0	0	0	0	0	0	0	0
0	0	0	0	0	0	0	0	0	0	0	0	0	0	0	0	0	0	0	0	0	0	0	0	0	0	0	0	0	0	0	0	0	0	0	0	0	0	0	0	0	0	0	0	0	0	0	0	0	0	0	0	0	0	0	0	0	0	0	0	0	0	0	0	0	0	0	0	0	0	0	0	0	0
0	0	0	0	0	3	0	0	0	132	0	0	0	0	0	0	0	0	2	144	0	0	0	0	0	0	0	0	0	0	446	0	0	0	0	0	0	0	0	0	0	0	0	0	100	0	0	0	0	0	0	0	0	0	0	0	0	0	0	0	0	0	0	0	0	0	0	0	0	0	0	0	0	116
0	0	0	0	0	0	0	0	0	0	0	0	0	0	0	0	0	0	0	0	0	0	0	0	0	0	0	0	0	0	0	0	0	0	0	0	0	0	0	0	0	0	0	0	0	0	0	0	0	0	0	0	0	0	0	0	0	0	0	0	0	0	0	0	0	0	0	0	0	0	0	0	0	0
0	0	0	0	0	0	0	0	2	0	0	0	1	0	0	0	0	0	0	19	0	0	0	0	0	65	0	0	0	0	132	0	150	0	0	0	0	0	68	0	0	0	2	0	67	0	0	0	0	0	0	0	0	0	0	38	0	0	0	0	0	0	0	0	0	0	1	0	0	2	0	0	0	1
0	0	1	0	0	0	0	0	17	0	0	0	0	0	0	0	0	0	130	327	1	5	0	136	144	20	0	2	4	0	0	0	17	2	3	0	0	0	0	2	0	0	0	0	2	0	0	0	0	0	0	0	0	0	38	0	72	1	0	0	2	0	0	0	0	0	0	218	0	145	0	2	2	0
0	1	0	0	0	3	0	0	15	105	0	0	9	0	0	0	0	0	2	111	0	0	0	0	0	3	0	0	0	0	150	0	9	1	0	0	0	0	0	0	3	0	3	0	82	1	0	0	0	0	0	0	0	0	0	72	0	0	0	0	0	0	0	0	0	59	1	0	0	5	0	1	0	7
0	3	0	0	0	3	0	0	13	29	0	0	5	0	0	0	0	1	0	11	0	0	0	0	0	5	0	0	0	0	2	0	23	41	0	0	0	0	25	0	3	0	3	8	0	4	0	0	0	0	0	0	0	0	0	1	0	0	0	0	0	0	0	0	0	0	2	0	1	2	0	3	0	92
0	0	0	0	0	0	0	0	10	0	0	0	0	0	0	0	0	0	0	8	0	0	0	0	0	0	0	2	0	0	0	0	0	0	1	0	0	0	0	0	0	0	0	0	0	0	0	0	0	0	0	0	0	0	0	0	0	0	0	0	0	0	0	0	0	0	2	0	0	0	0	0	0	0
0	0	0	0	0	0	0	0	0	0	0	0	0	0	0	0	0	0	0	0	0	0	0	0	0	0	0	0	0	0	0	0	0	0	0	0	0	0	0	0	0	0	0	0	0	0	0	0	0	0	0	0	0	0	0	0	0	0	0	0	0	0	0	0	0	0	0	0	0	0	0	0	0	0
0	1	0	0	0	0	0	0	5	15	0	0	0	0	0	0	0	0	0	4	0	0	0	0	0	0	0	0	0	0	0	0	0	0	0	0	3	0	0	0	1	0	1	0	0	5	0	0	0	0	0	0	0	0	0	2	0	0	0	0	0	0	0	0	0	0	1	0	1	8	0	1	0	0
0	2	0	0	0	0	0	0	12	14	0	0	0	0	0	0	0	4	0	11	0	0	0	0	0	1	0	0	0	0	0	0	0	0	0	0	4	0	0	0	6	0	0	8	0	0	0	0	0	0	0	0	0	0	0	0	0	0	0	0	0	0	0	0	0	0	4	0	4	6	0	2	0	12
0	0	0	0	0	0	0	0	0	0	0	0	0	0	0	0	0	0	0	0	0	0	0	0	0	0	0	0	0	0	0	0	0	0	0	0	0	0	0	0	0	0	0	0	0	0	0	0	0	0	0	0	0	0	0	0	0	0	0	0	0	0	0	0	0	0	0	0	0	0	0	0	0	0
0	0	0	0	0	0	0	0	0	0	0	0	0	0	0	0	0	0	0	0	0	0	0	0	0	0	0	0	0	0	0	0	0	0	0	0	0	0	0	0	0	0	0	0	0	0	0	0	0	0	0	0	0	0	0	0	0	0	0	0	0	0	0	0	0	0	0	0	1	0	0	0	0	0
0	0	0	0	0	0	0	0	0	0	0	0	0	0	0	0	0	0	0	0	0	0	0	0	0	0	0	0	0	0	0	0	0	0	0	0	0	0	0	0	0	0	0	0	0	0	0	0	0	0	0	0	0	0	0	0	0	0	0	0	0	0	0	0	0	0	0	0	0	0	0	0	0	0
0	0	92	133	0	0	0	0	0	85	0	0	0	0	0	0	0	0	0	4	0	0	0	0	0	0	0	0	0	290	0	0	0	0	0	136	0	0	0	0	72	0	0	1	0	0	0	0	0	0	0	0	0	0	0	0	59	0	0	0	0	0	0	0	0	0	0	0	0	0	0	0	0	0
0	0	0	1	0	0	0	0	2	0	0	0	0	0	0	0	1	0	0	0	0	0	0	0	0	5	0	1	1	1	50	0	0	0	4	0	0	0	2	0	0	0	0	2	7	0	0	0	0	4	0	0	0	0	1	0	1	2	2	0	1	4	0	0	0	0	0	0	0	8	0	4	0	4
0	0	0	0	0	0	0	0	8	22	0	0	0	0	0	0	0	0	4	63	0	0	0	0	0	14	0	0	0	0	2	0	44	0	0	0	0	0	0	0	0	0	0	0	1	0	0	0	0	0	0	0	0	0	0	218	0	0	0	0	0	0	0	0	0	0	0	0	0	0	0	0	0	4
0	0	0	0	4	0	0	0	0	1	0	0	0	0	0	0	0	5	0	2	0	0	0	0	0	0	0	0	0	0	0	0	0	0	0	0	0	0	0	0	0	5	0	3	0	0	0	0	0	0	0	0	0	0	0	0	0	1	0	0	1	4	0	1	0	0	0	0	0	0	0	0	0	10
0	0	0	1	2	0	0	0	7	120	0	0	0	0	0	0	2	0	6	140	0	0	0	0	0	2	0	4	0	0	226	0	0	1	1	0	0	0	4	0	0	2	5	2	48	0	0	0	0	4	0	0	0	0	2	145	5	2	0	0	8	6	0	0	0	0	8	0	0	0	0	4	4	3
0	0	0	0	0	0	0	0	0	0	0	0	0	0	0	0	0	0	0	0	0	0	0	0	0	9	0	0	0	0	0	0	716	0	0	0	0	0	20	0	0	0	0	0	0	0	0	0	0	0	0	0	0	0	0	0	0	0	0	0	0	0	0	0	0	0	0	0	0	0	0	0	0	0
0	0	0	0	0	3	0	0	16	11	0	0	0	0	0	0	0	0	0	6	0	0	0	0	0	2	0	1	0	0	0	0	0	1	0	0	0	0	0	0	0	0	2	0	0	1	0	0	0	2	0	0	0	0	0	2	1	3	0	0	1	2	0	0	0	0	4	0	0	4	0	0	0	4
0	0	0	0	0	0	0	0	4	0	0	0	0	0	0	0	0	0	0	2	0	0	0	0	0	3	0	0	0	0	0	0	0	0	0	0	0	0	0	0	0	0	3	0	0	0	0	0	0	0	0	0	0	0	0	2	0	0	0	0	0	0	0	0	0	0	0	0	0	4	0	0	0	0
0	0	1	0	2	2	0	0	1	0	0	0	0	0	0	0	2	0	23	1	0	45	0	0	0	0	0	3	1	0	109	0	0	1	4	0	0	0	2	1	2	9	2	91	42	0	0	0	0	2	0	0	116	0	1	0	7	92	0	0	0	12	0	0	0	0	4	4	10	3	0	4	0	0
