0	0	0	0	0	0	0	0	0	0	0	0	0	0	0	0	0	0	0	0	2	4	0	0	0	2	0	0	17	0	4	0	0	0	0	0	0	0	0	0	0	0	0	0	0	0	0	0	0	0	1	2	0	0	36	0	0	1	0	0	0	0	0	0	0	0	0	0	0	0	0	0	0	0
0	0	1	0	8	0	0	5	0	0	0	0	2	6	0	0	0	0	0	0	0	0	0	0	0	0	0	0	0	0	0	0	0	10	0	0	0	0	0	0	0	0	0	0	0	0	0	1	0	0	0	0	0	0	0	0	4	4	1	2	0	0	0	0	0	0	0	0	0	0	0	0	1	0
0	1	0	0	0	0	0	0	0	2	0	0	0	0	34	0	0	0	0	0	0	0	0	0	0	0	0	0	0	0	0	0	0	0	0	0	0	0	0	0	11	0	0	0	0	0	0	0	0	0	0	0	0	0	0	0	6	0	0	0	0	0	0	0	0	0	0	0	0	0	0	0	0	0
0	0	0	0	0	0	0	0	0	0	0	0	0	0	0	0	0	0	0	0	0	0	0	0	0	0	0	0	0	0	0	0	0	0	0	0	0	0	0	0	0	0	0	0	0	0	0	0	0	0	0	0	0	0	0	0	0	0	0	116	0	0	0	0	0	0	0	0	0	0	0	0	0	0
0	8	0	0	0	0	0	0	0	0	0	0	10	30	1	0	0	0	0	0	0	0	0	0	0	0	0	0	0	0	0	0	2	27	0	0	0	0	0	0	0	32	0	0	0	0	0	0	0	0	0	0	0	0	0	0	0	2	0	0	0	0	0	2	0	0	0	0	11	0	0	8	160	1
0	0	0	0	0	0	0	0	0	0	0	0	0	0	0	0	0	0	0	0	0	0	0	0	0	0	0	0	0	0	0	0	0	0	0	0	0	0	0	0	0	0	0	0	0	0	0	0	0	0	0	0	0	0	0	0	0	0	0	0	0	0	0	0	0	0	0	0	0	0	0	0	0	0
0	0	0	0	0	0	0	0	0	0	0	0	53	0	1	0	0	0	0	0	0	0	0	0	0	0	0	0	0	0	0	0	0	0	0	0	0	0	0	0	3	0	0	0	0	0	0	0	0	0	0	0	0	0	0	0	0	0	0	0	0	0	0	0	0	0	0	0	0	0	0	0	0	0
0	5	0	0	0	0	0	0	0	0	0	0	24	0	0	0	0	0	0	97	93	2	0	0	0	3	0	0	4	0	0	0	0	0	0	0	0	0	0	0	1	0	0	0	0	0	0	0	0	0	1	0	0	0	0	0	1	0	0	0	0	0	0	0	0	0	0	0	0	0	0	0	0	0
0	0	0	0	0	0	0	0	0	0	0	0	0	0	0	0	0	0	0	0	0	0	0	0	0	0	0	0	0	0	0	0	0	0	0	0	0	0	0	0	0	0	0	0	0	0	0	0	0	0	0	0	0	0	0	0	0	0	0	0	0	0	0	0	0	0	0	0	0	0	0	0	0	0
0	0	2	0	0	0	0	0	0	0	0	0	0	0	70	0	0	0	0	0	0	0	0	0	0	0	0	0	0	0	4	0	0	0	0	0	0	0	0	0	11	5	0	0	0	0	0	8	0	0	0	0	7	0	0	0	51	0	0	0	0	0	0	0	0	0	0	0	0	4	0	0	1	0
0	0	0	0	0	0	0	0	0	0	0	0	0	0	0	0	0	0	0	0	0	0	0	0	0	0	0	0	0	0	0	0	0	0	0	0	0	0	0	0	0	0	0	0	0	0	0	0	0	0	0	0	0	0	4	0	0	0	0	0	0	0	0	0	0	0	0	0	0	0	0	0	0	0
0	0	0	0	0	0	0	0	0	0	0	0	0	0	0	0	0	0	0	0	0	0	0	0	0	0	0	0	0	0	0	0	0	0	0	0	0	0	0	0	0	0	0	0	0	0	0	0	0	0	0	0	0	0	0	0	0	0	0	0	0	0	0	0	0	0	0	0	0	0	0	0	0	0
0	2	0	0	10	0	53	24	0	0	0	0	0	0	2	0	0	0	0	12	8	5	0	0	0	0	0	0	8	0	0	0	16	19	9	0	0	0	0	13	1	1	0	0	0	7	0	1	0	0	0	4	0	0	0	2	2	1	8	0	0	0	0	0	0	0	2	0	0	1	10	3	1	0
0	6	0	0	30	0	0	0	0	0	0	0	0	0	0	0	0	0	0	0	0	0	0	0	0	0	0	0	0	0	0	0	0	0	0	0	0	0	0	0	2	0	0	0	0	0	0	0	0	0	0	0	0	0	0	0	0	0	0	0	0	14	0	0	0	0	0	0	0	0	0	0	103	0
0	0	34	0	1	0	1	0	0	70	0	0	2	0	0	0	0	0	0	0	0	0	0	0	0	0	0	0	0	0	1	0	0	0	0	0	0	0	0	1	2	87	0	0	0	0	0	73	0	0	0	0	5	0	0	0	38	8	7	0	0	0	0	0	0	0	0	0	0	58	0	0	0	2
0	0	0	0	0	0	0	0	0	0	0	0	0	0	0	0	0	0	0	0	0	0	0	0	0	0	0	0	0	0	0	0	0	0	0	0	0	0	0	0	0	0	0	0	0	0	0	0	0	0	0	0	0	0	0	0	0	0	0	0	0	0	0	0	0	0	0	0	0	0	0	0	1	0
0	0	0	0	0	0	0	0	0	0	0	0	0	0	0	0	0	0	0	0	0	0	0	0	0	0	0	0	0	0	0	0	0	0	0	0	0	0	0	0	0	0	0	0	0	0	0	0	0	0	0	0	0	0	0	0	0	0	0	0	0	0	0	0	0	0	0	0	0	0	0	0	0	0
0	0	0	0	0	0	0	0	0	0	0	0	0	0	0	0	0	0	0	0	0	0	0	0	0	0	0	0	0	0	0	0	0	0	0	0	0	0	0	0	14	0	0	0	0	0	0	4	0	0	0	0	4	0	0	4	0	0	0	0	0	3	0	0	0	0	0	0	0	0	0	0	0	0
0	0	0	0	0	0	0	0	0	0	0	0	0	0	0	0	0	0	0	0	0	0	0	0	0	0	0	0	0	0	0	0	0	0	0	0	0	0	0	0	0	0	0	0	0	0	0	0	0	0	0	0	0	0	0	0	0	0	0	0	0	0	0	0	0	0	0	0	0	0	0	0	0	0
0	0	0	0	0	0	0	97	0	0	0	0	12	0	0	0	0	0	0	0	157	3	0	0	0	63	0	0	2	0	0	0	141	1	44	0	0	0	0	121	1	0	0	0	0	0	0	0	0	0	0	35	0	0	0	65	0	32	2	4	0	0	0	0	0	0	0	0	9	0	62	1	0	0
2	0	0	0	0	0	0	93	0	0	0	0	8	0	0	0	0	0	0	157	0	152	0	0	0	214	0	0	4	0	12	0	193	131	40	0	0	0	0	180	5	0	0	0	0	1	0	0	0	0	0	278	1	0	0	18	3	106	1	0	0	0	0	0	0	0	0	0	0	1	56	0	1	0
4	0	0	0	0	0	0	2	0	0	0	0	5	0	0	0	0	0	0	3	152	0	0	0	0	150	0	0	106	0	8	0	15	2	31	0	0	0	0	15	2	0	0	0	0	0	0	0	0	0	1	221	1	0	2	4	1	40	0	46	0	0	0	0	0	0	16	0	36	1	0	0	0	0
0	0	0	0	0	0	0	0	0	0	0	0	0	0	0	0	0	0	0	0	0	0	0	0	0	5	0	0	0	0	0	0	0	0	2	0	0	0	0	0	0	0	0	0	0	0	0	0	0	0	0	4	0	0	0	0	0	5	0	46	0	0	0	0	0	0	0	0	44	0	0	0	0	0
0	0	0	0	0	0	0	0	0	0	0	0	0	0	0	0	0	0	0	0	0	0	0	0	45	0	0	0	0	0	0	0	0	0	0	0	0	0	0	0	0	0	0	0	0	0	0	0	0	0	0	0	0	0	0	0	0	0	0	0	0	0	0	0	0	0	0	0	0	0	0	0	0	0
0	0	0	0	0	0	0	0	0	0	0	0	0	0	0	0	0	0	0	0	0	0	0	45	0	0	0	0	0	0	0	0	0	0	0	0	0	0	0	0	0	0	0	0	0	0	0	0	0	0	0	0	0	0	0	0	0	0	0	0	0	0	0	0	0	0	0	0	0	0	0	0	0	0
2	0	0	0	0	0	0	3	0	0	0	0	0	0	0	0	0	0	0	63	214	150	5	0	0	0	0	0	27	0	9	0	134	25	31	0	0	0	0	175	9	0	0	0	0	0	0	0	0	0	1	209	2	0	4	9	2	81	0	28	0	0	0	0	0	0	44	0	8	0	40	0	0	3
0	0	0	0	0	0	0	0	0	0	0	0	0	0	0	0	0	0	0	0	0	0	0	0	0	0	0	0	0	0	0	0	0	0	0	0	0	0	0	0	0	0	0	0	0	0	0	0	0	0	0	0	0	0	0	0	0	0	0	0	0	0	0	0	0	0	0	0	0	0	0	0	0	0
0	0	0	0	0	0	0	0	0	0	0	0	0	0	0	0	0	0	0	0	0	0	0	0	0	0	0	0	0	0	0	0	0	0	0	0	0	0	0	0	0	0	0	0	0	0	0	0	0	0	0	0	0	0	0	0	0	0	0	0	0	0	0	0	0	0	0	0	0	0	0	0	0	0
17	0	0	0	0	0	0	4	0	0	0	0	8	0	0	0	0	0	0	2	4	106	0	0	0	27	0	0	0	0	12	0	36	0	93	0	0	0	0	58	3	18	0	0	0	0	0	0	0	0	1	102	0	0	5	1	11	77	54	8	0	0	0	0	0	0	44	0	0	0	0	3	0	0
0	0	0	0	0	0	0	0	0	0	0	0	0	0	0	0	0	0	0	0	0	0	0	0	0	0	0	0	0	0	0	0	0	0	0	0	0	0	0	0	0	0	0	0	0	0	0	0	0	0	0	0	0	0	0	0	0	0	0	0	0	0	0	0	0	0	0	0	0	0	0	0	0	0
4	0	0	0	0	0	0	0	0	4	0	0	0	0	1	0	0	0	0	0	12	8	0	0	0	9	0	0	12	0	0	0	5	1	6	0	0	0	0	5	0	0	0	0	0	0	0	0	0	0	46	11	34	0	69	0	2	3	0	0	0	0	0	0	0	0	13	0	0	9	0	0	0	6
0	0	0	0	0	0	0	0	0	0	0	0	0	0	0	0	0	0	0	0	0	0	0	0	0	0	0	0	0	0	0	0	0	0	0	0	0	0	0	0	0	0	0	0	0	0	0	0	0	0	0	0	0	0	0	0	0	0	0	0	0	0	0	0	0	0	0	0	0	0	0	0	0	0
0	0	0	0	2	0	0	0	0	0	0	0	16	0	0	0	0	0	0	141	193	15	0	0	0	134	0	0	36	0	5	0	0	2	18	0	0	0	0	21	2	1	0	0	0	0	0	1	0	0	0	136	0	0	0	17	1	60	0	70	0	0	0	0	0	0	2	0	49	0	0	0	0	0
0	10	0	0	27	0	0	0	0	0	0	0	19	0	0	0	0	0	0	1	131	2	0	0	0	25	0	0	0	0	1	0	2	0	8	0	0	0	0	3	0	0	0	0	0	0	0	0	0	0	0	51	0	0	0	2	0	43	0	69	0	0	0	0	0	0	0	0	58	0	0	0	123	0
0	0	0	0	0	0	0	0	0	0	0	0	9	0	0	0	0	0	0	44	40	31	2	0	0	31	0	0	93	0	6	0	18	8	0	0	0	0	0	25	3	0	0	0	0	0	0	0	0	0	1	109	0	0	1	15	9	43	0	109	0	0	0	0	0	0	8	0	39	0	0	0	0	0
0	0	0	0	0	0	0	0	0	0	0	0	0	0	0	0	0	0	0	0	0	0	0	0	0	0	0	0	0	0	0	0	0	0	0	0	0	0	0	0	0	0	0	0	0	0	0	0	0	0	0	0	0	0	0	0	0	0	0	0	0	0	0	0	0	0	0	0	0	0	0	0	0	0
0	0	0	0	0	0	0	0	0	0	0	0	0	0	0	0	0	0	0	0	0	0	0	0	0	0	0	0	0	0	0	0	0	0	0	0	0	0	0	0	0	0	0	0	0	0	0	0	0	0	0	0	0	0	0	0	0	0	0	0	0	0	0	0	0	0	0	0	0	0	0	0	0	0
0	0	0	0	0	0	0	0	0	0	0	0	0	0	0	0	0	0	0	0	0	0	0	0	0	0	0	0	0	0	0	0	0	0	0	0	0	0	0	0	0	0	0	0	0	0	0	0	0	0	0	0	0	0	0	0	0	0	0	0	0	0	0	0	0	0	0	0	0	0	0	0	0	0
0	0	0	0	0	0	0	0	0	0	0	0	0	0	0	0	0	0	0	0	0	0	0	0	0	0	0	0	0	0	0	0	0	0	0	0	0	0	0	0	0	0	0	0	0	0	0	0	0	0	0	0	0	0	0	0	0	0	0	0	0	0	0	0	0	0	0	0	0	0	0	0	0	0
0	0	0	0	0	0	0	0	0	0	0	0	13	0	1	0	0	0	0	121	180	15	0	0	0	175	0	0	58	0	5	0	21	3	25	0	0	0	0	0	10	0	0	0	0	0	0	0	0	0	0	105	0	0	1	6	1	39	0	82	0	28	0	0	0	0	0	0	30	0	0	0	1	0
0	0	11	0	0	0	3	1	0	11	0	0	1	2	2	0	0	14	0	1	5	2	0	0	0	9	0	0	3	0	0	0	2	0	3	0	0	0	0	10	0	1	0	0	0	0	0	23	0	0	0	6	0	0	0	0	10	9	1	0	0	23	0	0	0	0	0	0	2	0	0	3	6	0
0	0	0	0	32	0	0	0	0	5	0	0	1	0	87	0	0	0	0	0	0	0	0	0	0	0	0	0	18	0	0	0	1	0	0	0	0	0	0	0	1	0	0	0	0	0	0	0	0	0	0	0	0	0	0	0	20	3	0	0	0	0	0	0	0	0	0	0	16	0	0	0	34	0
0	0	0	0	0	0	0	0	0	0	0	0	0	0	0	0	0	0	0	0	0	0	0	0	0	0	0	0	0	0	0	0	0	0	0	0	0	0	0	0	0	0	0	0	0	0	0	0	0	0	0	0	0	0	0	0	0	0	0	0	0	0	0	0	0	0	0	0	0	0	0	0	0	0
0	0	0	0	0	0	0	0	0	0	0	0	0	0	0	0	0	0	0	0	0	0	0	0	0	0	0	0	0	0	0	0	0	0	0	0	0	0	0	0	0	0	0	0	0	0	0	0	0	0	0	0	0	0	0	0	0	0	0	0	0	0	0	0	0	0	0	0	0	0	0	0	0	0
0	0	0	0	0	0	0	0	0	0	0	0	0	0	0	0	0	0	0	0	0	0	0	0	0	0	0	0	0	0	0	0	0	0	0	0	0	0	0	0	0	0	0	0	0	0	0	0	0	0	0	0	0	0	0	0	0	0	0	0	0	0	0	0	0	0	0	0	0	0	0	0	0	0
0	0	0	0	0	0	0	0	0	0	0	0	7	0	0	0	0	0	0	0	1	0	0	0	0	0	0	0	0	0	0	0	0	0	0	0	0	0	0	0	0	0	0	0	0	0	0	0	0	0	0	0	0	0	0	0	0	0	0	0	0	0	0	0	0	0	0	0	0	0	0	0	10	0
0	0	0	0	0	0	0	0	0	0	0	0	0	0	0	0	0	0	0	0	0	0	0	0	0	0	0	0	0	0	0	0	0	0	0	0	0	0	0	0	0	0	0	0	0	0	0	0	0	0	0	0	0	0	0	0	0	0	0	0	0	0	0	0	0	0	0	0	0	0	0	0	0	0
0	1	0	0	0	0	0	0	0	8	0	0	1	0	73	0	0	4	0	0	0	0	0	0	0	0	0	0	0	0	0	0	1	0	0	0	0	0	0	0	23	0	0	0	0	0	0	0	0	0	0	0	0	0	0	0	61	0	0	0	0	0	0	0	0	0	0	0	0	1	0	0	0	0
0	0	0	0	0	0	0	0	0	0	0	0	0	0	0	0	0	0	0	0	0	0	0	0	0	0	0	0	0	0	0	0	0	0	0	0	0	0	0	0	0	0	0	0	0	0	0	0	0	0	0	0	0	0	0	0	0	0	0	0	0	0	0	0	0	0	0	0	0	0	0	0	0	0
0	0	0	0	0	0	0	0	0	0	0	0	0	0	0	0	0	0	0	0	0	0	0	0	0	0	0	0	0	0	0	0	0	0	0	0	0	0	0	0	0	0	0	0	0	0	0	0	0	0	0	0	0	0	0	0	0	0	0	0	0	0	0	0	0	0	0	0	0	0	0	0	0	0
1	0	0	0	0	0	0	1	0	0	0	0	0	0	0	0	0	0	0	0	0	1	0	0	0	1	0	0	1	0	46	0	0	0	1	0	0	0	0	0	0	0	0	0	0	0	0	0	0	0	0	1	1	0	2	0	0	1	0	0	0	0	0	0	0	0	1	0	0	1	0	0	0	1
2	0	0	0	0	0	0	0	0	0	0	0	4	0	0	0	0	0	0	35	278	221	4	0	0	209	0	0	102	0	11	0	136	51	109	0	0	0	0	105	6	0	0	0	0	0	0	0	0	0	1	0	3	0	7	79	3	101	0	1	0	0	0	0	0	0	23	0	69	0	0	0	0	0
0	0	0	0	0	0	0	0	0	7	0	0	0	0	5	0	0	4	0	0	1	1	0	0	0	2	0	0	0	0	34	0	0	0	0	0	0	0	0	0	0	0	0	0	0	0	0	0	0	0	1	3	0	0	5	0	71	4	0	1	0	0	0	0	0	0	0	0	1	1	0	0	0	0
0	0	0	0	0	0	0	0	0	0	0	0	0	0	0	0	0	0	0	0	0	0	0	0	0	0	0	0	0	0	0	0	0	0	0	0	0	0	0	0	0	0	0	0	0	0	0	0	0	0	0	0	0	0	0	0	0	0	0	0	0	0	0	0	0	0	0	0	0	0	0	0	0	0
36	0	0	0	0	0	0	0	0	0	4	0	0	0	0	0	0	0	0	0	0	2	0	0	0	4	0	0	5	0	69	0	0	0	1	0	0	0	0	1	0	0	0	0	0	0	0	0	0	0	2	7	5	0	0	86	0	3	0	0	0	0	0	0	0	0	1	0	0	0	0	0	0	0
0	0	0	0	0	0	0	0	0	0	0	0	2	0	0	0	0	4	0	65	18	4	0	0	0	9	0	0	1	0	0	0	17	2	15	0	0	0	0	6	0	0	0	0	0	0	0	0	0	0	0	79	0	0	86	0	9	57	0	84	0	0	0	0	0	0	0	0	37	8	0	0	0	0
0	4	6	0	0	0	0	1	0	51	0	0	2	0	38	0	0	0	0	0	3	1	0	0	0	2	0	0	11	0	2	0	1	0	9	0	0	0	0	1	10	20	0	0	0	0	0	61	0	0	0	3	71	0	0	9	0	29	7	4	0	0	0	0	0	0	8	0	0	52	2	1	2	11
1	4	0	0	2	0	0	0	0	0	0	0	1	0	8	0	0	0	0	32	106	40	5	0	0	81	0	0	77	0	3	0	60	43	43	0	0	0	0	39	9	3	0	0	0	0	0	0	0	0	1	101	4	0	3	57	29	0	0	102	0	0	0	0	0	0	5	0	59	0	0	0	8	2
0	1	0	0	0	0	0	0	0	0	0	0	8	0	7	0	0	0	0	2	1	0	0	0	0	0	0	0	54	0	0	0	0	0	0	0	0	0	0	0	1	0	0	0	0	0	0	0	0	0	0	0	0	0	0	0	7	0	0	0	0	0	0	0	0	0	0	0	0	0	0	0	0	0
0	2	0	116	0	0	0	0	0	0	0	0	0	0	0	0	0	0	0	4	0	46	46	0	0	28	0	0	8	0	0	0	70	69	109	0	0	0	0	82	0	0	0	0	0	0	0	0	0	0	0	1	1	0	0	84	4	102	0	0	0	0	0	2	0	0	42	0	128	6	0	4	1	1
0	0	0	0	0	0	0	0	0	0	0	0	0	0	0	0	0	0	0	0	0	0	0	0	0	0	0	0	0	0	0	0	0	0	0	0	0	0	0	0	0	0	0	0	0	0	0	0	0	0	0	0	0	0	0	0	0	0	0	0	0	0	0	0	0	0	0	0	0	0	0	0	0	0
0	0	0	0	0	0	0	0	0	0	0	0	0	14	0	0	0	3	0	0	0	0	0	0	0	0	0	0	0	0	0	0	0	0	0	0	0	0	0	28	23	0	0	0	0	0	0	0	0	0	0	0	0	0	0	0	0	0	0	0	0	0	0	0	0	0	0	0	0	0	0	0	0	0
0	0	0	0	0	0	0	0	0	0	0	0	0	0	0	0	0	0	0	0	0	0	0	0	0	0	0	0	0	0	0	0	0	0	0	0	0	0	0	0	0	0	0	0	0	0	0	0	0	0	0	0	0	0	0	0	0	0	0	0	0	0	0	0	0	0	0	0	0	0	0	0	0	0
0	0	0	0	2	0	0	0	0	0	0	0	0	0	0	0	0	0	0	0	0	0	0	0	0	0	0	0	0	0	0	0	0	0	0	0	0	0	0	0	0	0	0	0	0	0	0	0	0	0	0	0	0	0	0	0	0	0	0	2	0	0	0	0	0	0	0	0	0	0	0	0	0	0
0	0	0	0	0	0	0	0	0	0	0	0	0	0	0	0	0	0	0	0	0	0	0	0	0	0	0	0	0	0	0	0	0	0	0	0	0	0	0	0	0	0	0	0	0	0	0	0	0	0	0	0	0	0	0	0	0	0	0	0	0	0	0	0	0	0	0	0	0	0	0	0	0	0
0	0	0	0	0	0	0	0	0	0	0	0	0	0	0	0	0	0	0	0	0	0	0	0	0	0	0	0	0	0	0	0	0	0	0	0	0	0	0	0	0	0	0	0	0	0	0	0	0	0	0	0	0	0	0	0	0	0	0	0	0	0	0	0	0	0	0	0	0	0	0	0	0	0
0	0	0	0	0	0	0	0	0	0	0	0	2	0	0	0	0	0	0	0	0	16	0	0	0	44	0	0	44	0	13	0	2	0	8	0	0	0	0	0	0	0	0	0	0	0	0	0	0	0	1	23	0	0	1	0	8	5	0	42	0	0	0	0	0	0	0	0	56	0	0	0	0	0
0	0	0	0	0	0	0	0	0	0	0	0	0	0	0	0	0	0	0	0	0	0	0	0	0	0	0	0	0	0	0	0	0	0	0	0	0	0	0	0	0	0	0	0	0	0	0	0	0	0	0	0	0	0	0	0	0	0	0	0	0	0	0	0	0	0	0	0	0	0	0	0	0	0
0	0	0	0	11	0	0	0	0	0	0	0	0	0	0	0	0	0	0	9	0	36	44	0	0	8	0	0	0	0	0	0	49	58	39	0	0	0	0	30	2	16	0	0	0	0	0	0	0	0	0	69	1	0	0	37	0	59	0	128	0	0	0	0	0	0	56	0	0	0	0	0	0	0
0	0	0	0	0	0	0	0	0	4	0	0	1	0	58	0	0	0	0	0	1	1	0	0	0	0	0	0	0	0	9	0	0	0	0	0	0	0	0	0	0	0	0	0	0	0	0	1	0	0	1	0	1	0	0	8	52	0	0	6	0	0	0	0	0	0	0	0	0	0	0	0	0	0
0	0	0	0	0	0	0	0	0	0	0	0	10	0	0	0	0	0	0	62	56	0	0	0	0	40	0	0	0	0	0	0	0	0	0	0	0	0	0	0	0	0	0	0	0	0	0	0	0	0	0	0	0	0	0	0	2	0	0	0	0	0	0	0	0	0	0	0	0	0	0	0	0	0
0	0	0	0	8	0	0	0	0	0	0	0	3	0	0	0	0	0	0	1	0	0	0	0	0	0	0	0	3	0	0	0	0	0	0	0	0	0	0	0	3	0	0	0	0	0	0	0	0	0	0	0	0	0	0	0	1	0	0	4	0	0	0	0	0	0	0	0	0	0	0	0	20	0
0	1	0	0	160	0	0	0	0	1	0	0	1	103	0	1	0	0	0	0	1	0	0	0	0	0	0	0	0	0	0	0	0	123	0	0	0	0	0	1	6	34	0	0	0	10	0	0	0	0	0	0	0	0	0	0	2	8	0	1	0	0	0	0	0	0	0	0	0	0	0	20	0	0
0	0	0	0	1	0	0	0	0	0	0	0	0	0	2	0	0	0	0	0	0	0	0	0	0	3	0	0	0	0	6	0	0	0	0	0	0	0	0	0	0	0	0	0	0	0	0	0	0	0	1	0	0	0	0	0	11	2	0	1	0	0	0	0	0	0	0	0	0	0	0	0	0	0
