0	0	0	0	0	0	0	0	0	0	0	0	0	0	0	0	0	0	0	0	0	0	0	0	0	0	0	0	0	0	0	0	0	0	0	0	0	0	0	0	0	0	0	0	0	0	0	0	0	0	0	0	0	0	0	0	0	0	0	0	0	0	0	0	0	0	0	0	0	0	0	0	0	0	0
0	0	0	0	0	0	0	0	0	0	0	0	0	0	0	0	0	0	0	0	0	0	0	0	0	0	0	0	0	0	0	0	0	0	0	0	0	0	0	0	0	0	0	0	0	0	0	0	0	0	0	0	0	0	0	0	0	0	0	0	0	0	0	0	0	0	0	0	0	0	0	0	0	0	0
0	0	0	5	0	148	0	3	187	0	1	0	0	196	3	0	42	125	0	2	3	76	13	0	2	1	73	0	0	13	0	0	0	109	68	117	0	0	0	0	287	7	1	0	0	0	19	0	0	0	0	0	216	2	0	8	1	5	0	11	0	5	8	0	82	0	0	0	0	0	0	177	5	65	0
0	0	5	0	0	18	0	1	16	0	261	0	0	35	142	98	11	13	11	10	15	3	0	25	0	0	14	209	0	63	0	11	0	57	12	45	85	0	0	0	42	113	26	0	115	0	0	45	120	0	0	0	28	1	0	11	1	105	0	4	0	37	146	0	21	0	89	0	3	0	17	22	41	25	0
0	0	0	0	0	0	0	0	0	0	0	0	0	0	0	4	0	0	0	0	0	0	0	0	0	0	0	2	0	0	0	0	0	0	0	6	0	0	0	0	0	0	0	0	0	0	0	0	0	0	0	0	0	0	0	1	1	0	0	0	0	0	0	0	0	0	0	0	0	0	0	0	0	0	1
0	0	148	18	0	0	0	0	2	0	30	0	0	255	79	0	42	7	2	0	0	3	0	19	0	0	1	7	0	0	0	5	0	8	137	1	2	0	0	0	111	4	106	0	2	1	1	9	0	0	0	0	0	1	0	1	1	7	0	0	0	10	704	0	182	0	0	1	0	126	0	14	118	598	0
0	0	0	0	0	0	0	0	0	0	0	0	0	0	0	0	0	0	0	0	0	0	0	0	0	0	0	0	0	0	0	0	0	0	0	0	0	0	0	0	0	0	0	0	0	0	0	0	0	0	0	0	0	0	0	0	0	0	0	0	0	0	0	0	0	0	0	0	0	0	0	0	0	0	0
0	0	3	1	0	0	0	0	0	0	1	0	0	0	0	4	0	23	7	0	0	9	0	0	10	1	3	2	0	0	0	0	0	0	0	1	0	0	0	0	1	28	0	0	33	6	0	0	0	0	0	0	2	6	0	0	0	0	12	0	0	0	1	0	0	0	0	0	0	0	0	0	0	2	0
0	0	187	16	0	2	0	0	0	0	0	0	0	365	0	0	0	115	0	0	0	8	0	0	12	1	8	7	0	23	0	3	0	25	0	0	0	0	0	0	14	3	0	0	0	2	0	0	0	0	0	0	30	0	0	0	2	0	10	46	0	0	1	0	0	0	0	0	0	0	1	0	0	0	0
0	0	0	0	0	0	0	0	0	0	0	0	0	0	0	0	0	0	0	0	0	0	0	0	0	0	0	0	0	0	0	0	0	0	0	0	0	0	0	0	0	0	0	0	0	0	0	0	0	0	0	0	0	0	0	0	0	0	0	0	0	0	0	0	0	0	0	0	0	0	0	0	0	0	0
0	0	1	261	0	30	0	1	0	0	0	0	0	1	28	370	20	0	1	152	136	0	0	30	2	0	0	4	0	0	0	30	0	3	0	4	164	0	0	0	1	89	111	0	337	4	2	6	291	0	0	14	1	110	0	0	0	232	0	0	0	24	152	0	0	0	141	1	16	7	262	0	53	0	0
0	0	0	0	0	0	0	0	0	0	0	0	0	0	0	0	2	0	0	0	0	0	0	0	0	0	0	3	0	0	0	0	0	0	0	1	4	0	0	0	0	0	0	0	0	0	0	0	0	0	0	0	0	0	0	0	0	0	0	0	0	0	4	0	0	0	0	0	0	3	0	0	0	4	0
0	0	0	0	0	0	0	0	0	0	0	0	0	0	0	0	0	0	0	0	0	0	0	0	0	0	0	0	0	0	0	0	0	0	0	0	0	0	0	0	0	0	0	0	0	0	0	0	0	0	0	0	0	0	0	0	0	0	0	0	0	0	0	0	0	0	0	0	0	0	0	0	0	0	0
0	0	196	35	0	255	0	0	365	0	1	0	0	0	2	0	33	155	3	0	2	57	3	11	3	0	11	1	0	14	0	0	0	281	321	70	1	0	0	0	463	45	14	0	2	0	119	0	0	0	0	0	4	6	0	3	3	6	15	34	0	1	8	0	25	0	1	22	33	6	3	413	193	33	1
0	0	3	142	0	79	0	0	0	0	28	0	0	2	0	0	20	2	4	0	1	0	0	10	0	0	0	57	0	0	0	13	0	6	0	4	13	0	0	0	1	38	185	0	4	1	0	193	9	0	0	0	3	0	0	0	26	20	0	0	0	252	804	0	93	0	1	0	0	124	0	1	99	56	0
0	0	0	98	4	0	0	4	0	0	370	0	0	0	0	0	0	0	1	217	3	0	0	1	0	0	0	0	0	0	0	1	0	0	0	3	235	0	0	0	0	67	298	0	350	0	0	1	301	0	0	0	0	16	0	0	0	225	0	2	0	0	1	0	0	0	135	36	0	4	25	1	3	9	3
0	0	42	11	0	42	0	0	0	0	20	2	0	33	20	0	0	10	0	0	0	0	0	0	0	0	23	5	0	2	0	1	0	4	5	1	0	0	0	0	0	1	0	0	0	9	0	0	0	0	0	0	30	0	0	0	0	0	0	2	0	0	140	0	0	0	0	0	0	5	0	0	0	109	0
0	0	125	13	0	7	0	23	115	0	0	0	0	155	2	0	10	0	0	7	2	499	93	3	60	19	388	1	0	0	0	28	0	281	69	90	0	0	0	0	474	33	0	0	0	22	2	0	0	0	0	1	514	11	0	99	1	21	117	1	0	10	1	0	0	0	0	66	174	1	0	34	7	1	4
0	0	0	11	0	2	0	7	0	0	1	0	0	3	4	1	0	0	0	0	0	0	0	21	0	0	0	4	0	0	0	0	0	2	0	0	12	0	0	0	1	75	5	0	18	0	0	12	1	0	505	0	0	77	0	0	0	15	0	0	0	64	102	0	0	0	0	2	2	56	1	2	16	2	2
0	0	2	10	0	0	0	0	0	0	152	0	0	0	0	217	0	7	0	0	143	0	1	0	6	0	1	0	0	19	0	49	0	0	0	0	0	0	0	0	0	0	1	0	0	8	0	0	0	0	0	35	0	0	0	0	0	6	0	184	0	0	0	0	0	0	0	0	0	0	1	0	0	0	0
0	0	3	15	0	0	0	0	0	0	136	0	0	2	1	3	0	2	0	143	0	2	0	31	205	92	15	0	0	25	0	0	0	7	0	1	0	0	0	0	4	0	26	0	0	0	0	0	99	0	0	0	26	143	0	9	203	112	0	6	0	0	40	0	0	0	0	1	0	0	1	3	1	3	0
0	0	76	3	0	3	0	9	8	0	0	0	0	57	0	0	0	499	0	0	2	0	6	2	11	2	372	3	0	0	0	1	0	70	52	40	0	0	0	0	135	5	0	0	0	19	0	0	0	0	0	0	196	0	0	10	1	16	120	0	0	0	0	0	0	0	0	0	52	0	0	8	0	0	0
0	0	13	0	0	0	0	0	0	0	0	0	0	3	0	0	0	93	0	1	0	6	0	0	228	6	99	3	0	63	0	28	0	3	3	3	0	0	0	0	5	1	0	0	0	73	2	0	0	0	0	13	82	1	0	180	23	4	1	6	0	1	1	0	0	0	0	30	3	0	0	0	0	1	2
0	0	0	25	0	19	0	0	0	0	30	0	0	11	10	1	0	3	21	0	31	2	0	0	178	3	1	2	0	4	0	0	0	0	0	1	0	0	0	0	0	21	0	0	0	1	0	0	0	0	0	0	1	0	0	104	228	8	4	0	0	0	57	0	0	0	0	0	0	0	2	0	0	1	0
0	0	2	0	0	0	0	10	12	0	2	0	0	3	0	0	0	60	0	6	205	11	228	178	0	822	4	14	0	4	0	15	0	16	18	18	0	0	0	0	56	0	0	0	0	61	2	0	0	0	0	9	7	104	0	362	407	63	0	2	0	2	0	0	0	0	0	10	212	0	3	46	6	1	6
0	0	1	0	0	0	0	1	1	0	0	0	0	0	0	0	0	19	0	0	92	2	6	3	822	0	10	4	0	1	0	2	0	1	3	5	0	0	0	0	2	0	0	0	0	10	1	0	0	0	0	0	5	3	0	64	169	2	0	0	0	0	1	0	0	0	0	1	4	0	0	1	0	1	0
0	0	73	14	0	1	0	3	8	0	0	0	0	11	0	0	23	388	0	1	15	372	99	1	4	10	0	1	0	40	0	4	0	254	34	101	0	0	0	0	267	31	1	0	0	2	22	0	0	0	0	0	345	20	0	97	15	27	44	2	0	0	0	0	0	0	1	85	165	1	0	105	7	1	1
0	0	0	209	2	7	0	2	7	0	4	3	0	1	57	0	5	1	4	0	0	3	3	2	14	4	1	0	0	2	0	2	0	1	3	8	195	0	0	0	15	320	7	0	2	1	0	22	51	0	0	0	4	3	0	4	0	10	8	0	0	4	21	0	1	0	166	6	6	19	1	12	3	5	1
0	0	0	0	0	0	0	0	0	0	0	0	0	0	0	0	0	0	0	0	0	0	0	0	0	0	0	0	0	0	0	0	0	0	0	0	0	0	0	0	0	0	0	0	0	0	0	0	0	0	0	0	0	0	0	0	0	0	0	0	0	0	0	0	0	0	0	0	0	0	0	0	0	0	0
0	0	13	63	0	0	0	0	23	0	0	0	0	14	0	0	2	0	0	19	25	0	63	4	4	1	40	2	0	0	0	0	0	126	8	228	0	0	0	0	162	16	1	0	0	1	26	0	0	0	0	0	74	0	0	16	2	11	48	47	0	0	0	0	0	0	0	151	58	0	0	40	5	0	0
0	0	0	0	0	0	0	0	0	0	0	0	0	0	0	0	0	0	0	0	0	0	0	0	0	0	0	0	0	0	0	0	0	0	0	0	0	0	0	0	0	0	0	0	0	0	0	0	0	0	0	0	0	0	0	0	0	0	0	0	0	0	0	0	0	0	0	0	0	0	0	0	0	0	0
0	0	0	11	0	5	0	0	3	0	30	0	0	0	13	1	1	28	0	49	0	1	28	0	15	2	4	2	0	0	0	0	0	0	7	3	2	0	0	0	2	11	19	0	38	76	0	20	18	0	0	336	7	105	0	85	0	48	0	7	0	7	26	0	4	0	0	111	11	0	72	2	7	1	100
0	0	0	0	0	0	0	0	0	0	0	0	0	0	0	0	0	0	0	0	0	0	0	0	0	0	0	0	0	0	0	0	0	0	0	0	0	0	0	0	0	0	0	0	0	0	0	0	0	0	0	0	0	0	0	0	0	0	0	0	0	0	0	0	0	0	0	0	0	0	0	0	0	0	0
0	0	109	57	0	8	0	0	25	0	3	0	0	281	6	0	4	281	2	0	7	70	3	0	16	1	254	1	0	126	0	0	0	0	7	58	0	0	0	0	97	21	0	0	0	0	0	0	0	0	0	0	146	3	0	29	6	2	20	4	0	0	46	0	0	0	0	3	4	19	0	3	0	0	0
0	0	68	12	0	137	0	0	0	0	0	0	0	321	0	0	5	69	0	0	0	52	3	0	18	3	34	3	0	8	0	7	0	7	0	10	0	0	0	0	20	6	0	0	0	13	6	0	0	0	0	0	37	0	0	0	0	2	37	4	0	0	1	0	0	0	0	7	15	0	0	16	0	310	0
0	0	117	45	6	1	0	1	0	0	4	1	0	70	4	3	1	90	0	0	1	40	3	1	18	5	101	8	0	228	0	3	0	58	10	0	1	0	0	0	18	7	2	0	0	4	7	0	0	0	0	0	134	0	0	10	0	7	35	249	0	0	40	0	0	0	0	4	8	1	0	0	0	0	0
0	0	0	85	0	2	0	0	0	0	164	4	0	1	13	235	0	0	12	0	0	0	0	0	0	0	0	195	0	0	0	2	0	0	0	1	0	0	0	0	0	0	0	0	1	0	0	0	0	0	0	0	0	3	0	0	0	0	0	0	0	0	2	0	0	0	0	0	0	2	0	0	0	3	0
0	0	0	0	0	0	0	0	0	0	0	0	0	0	0	0	0	0	0	0	0	0	0	0	0	0	0	0	0	0	0	0	0	0	0	0	0	0	0	0	0	0	0	0	0	0	0	0	0	0	0	0	0	0	0	0	0	0	0	0	0	0	0	0	0	0	0	0	0	0	0	0	0	0	0
0	0	0	0	0	0	0	0	0	0	0	0	0	0	0	0	0	0	0	0	0	0	0	0	0	0	0	0	0	0	0	0	0	0	0	0	0	0	0	0	0	0	0	0	0	0	0	0	0	0	0	0	0	0	0	0	0	0	0	0	0	0	0	0	0	0	0	0	0	0	0	0	0	0	0
0	0	0	0	0	0	0	0	0	0	0	0	0	0	0	0	0	0	0	0	0	0	0	0	0	0	0	0	0	0	0	0	0	0	0	0	0	0	0	0	0	0	0	0	0	0	0	0	0	0	0	0	0	0	0	0	0	0	0	0	0	0	0	0	0	0	0	0	0	0	0	0	0	0	0
0	0	287	42	0	111	0	1	14	0	1	0	0	463	1	0	0	474	1	0	4	135	5	0	56	2	267	15	0	162	0	2	0	97	20	18	0	0	0	0	0	8	1	0	0	8	2	0	0	0	0	0	208	1	0	9	2	1	42	20	0	0	1	0	0	0	0	0	1	0	0	13	10	5	0
0	0	7	113	0	4	0	28	3	0	89	0	0	45	38	67	1	33	75	0	0	5	1	21	0	0	31	320	0	16	0	11	0	21	6	7	0	0	0	0	8	0	1	0	53	10	0	1	22	0	0	0	33	29	0	1	0	14	6	6	0	23	150	0	0	0	0	0	4	39	0	3	12	10	3
0	0	1	26	0	106	0	0	0	0	111	0	0	14	185	298	0	0	5	1	26	0	0	0	0	0	1	7	0	1	0	19	0	0	0	2	0	0	0	0	1	1	0	0	23	0	0	3	0	0	0	0	0	1	0	0	0	11	0	296	0	0	192	0	0	0	0	1	0	37	2	0	0	45	0
0	0	0	0	0	0	0	0	0	0	0	0	0	0	0	0	0	0	0	0	0	0	0	0	0	0	0	0	0	0	0	0	0	0	0	0	0	0	0	0	0	0	0	0	0	0	0	0	0	0	0	0	0	0	0	0	0	0	0	0	0	0	0	0	0	0	0	0	0	0	0	0	0	0	0
0	0	0	115	0	2	0	33	0	0	337	0	0	2	4	350	0	0	18	0	0	0	0	0	0	0	0	2	0	0	0	38	0	0	0	0	1	0	0	0	0	53	23	0	0	11	0	1	27	0	0	20	0	3	0	0	0	11	0	1	0	0	53	0	0	0	0	1	0	41	0	0	0	9	1
0	0	0	0	0	1	0	6	2	0	4	0	0	0	1	0	9	22	0	8	0	19	73	1	61	10	2	1	0	1	0	76	0	0	13	4	0	0	0	0	8	10	0	0	11	0	0	0	0	0	0	12	0	31	0	77	2	71	10	0	0	0	2	0	0	0	0	79	20	1	72	15	4	0	13
0	0	19	0	0	1	0	0	0	0	2	0	0	119	0	0	0	2	0	0	0	0	2	0	2	1	22	0	0	26	0	0	0	0	6	7	0	0	0	0	2	0	0	0	0	0	0	0	0	0	0	0	6	0	0	2	0	4	19	0	0	0	5	0	0	0	0	0	0	0	0	0	0	20	0
0	0	0	45	0	9	0	0	0	0	6	0	0	0	193	1	0	0	12	0	0	0	0	0	0	0	0	22	0	0	0	20	0	0	0	0	0	0	0	0	0	1	3	0	1	0	0	0	0	0	0	0	0	0	0	0	0	0	0	128	0	0	13	0	0	0	0	0	0	14	36	0	0	5	0
0	0	0	120	0	0	0	0	0	0	291	0	0	0	9	301	0	0	1	0	99	0	0	0	0	0	0	51	0	0	0	18	0	0	0	0	0	0	0	0	0	22	0	0	27	0	0	0	0	0	0	2	0	0	0	0	0	10	0	0	0	0	22	0	0	0	0	0	0	0	91	0	0	2	0
0	0	0	0	0	0	0	0	0	0	0	0	0	0	0	0	0	0	0	0	0	0	0	0	0	0	0	0	0	0	0	0	0	0	0	0	0	0	0	0	0	0	0	0	0	0	0	0	0	0	0	0	0	0	0	0	0	0	0	0	0	0	0	0	0	0	0	0	0	0	0	0	0	0	0
0	0	0	0	0	0	0	0	0	0	0	0	0	0	0	0	0	0	505	0	0	0	0	0	0	0	0	0	0	0	0	0	0	0	0	0	0	0	0	0	0	0	0	0	0	0	0	0	0	0	0	0	0	0	0	0	0	0	0	0	0	0	1	0	0	0	0	0	0	0	0	0	0	0	0
0	0	0	0	0	0	0	0	0	0	14	0	0	0	0	0	0	1	0	35	0	0	13	0	9	0	0	0	0	0	0	336	0	0	0	0	0	0	0	0	0	0	0	0	20	12	0	0	2	0	0	0	0	54	0	19	0	37	0	0	0	0	0	0	0	0	0	33	0	0	9	0	0	0	38
0	0	216	28	0	0	0	2	30	0	1	0	0	4	3	0	30	514	0	0	26	196	82	1	7	5	345	4	0	74	0	7	0	146	37	134	0	0	0	0	208	33	0	0	0	0	6	0	0	0	0	0	0	5	0	49	2	10	40	0	0	0	0	0	0	0	0	115	102	0	0	1	1	0	7
0	0	2	1	0	1	0	6	0	0	110	0	0	6	0	16	0	11	77	0	143	0	1	0	104	3	20	3	0	0	0	105	0	3	0	0	3	0	0	0	1	29	1	0	3	31	0	0	0	0	0	54	5	0	0	28	0	19	0	0	0	0	7	0	0	0	0	0	0	6	3	0	3	3	0
0	0	0	0	0	0	0	0	0	0	0	0	0	0	0	0	0	0	0	0	0	0	0	0	0	0	0	0	0	0	0	0	0	0	0	0	0	0	0	0	0	0	0	0	0	0	0	0	0	0	0	0	0	0	0	0	0	0	0	0	0	0	0	0	0	0	0	0	0	0	0	0	0	0	0
0	0	8	11	1	1	0	0	0	0	0	0	0	3	0	0	0	99	0	0	9	10	180	104	362	64	97	4	0	16	0	85	0	29	0	10	0	0	0	0	9	1	0	0	0	77	2	0	0	0	0	19	49	28	0	0	345	7	15	0	0	1	0	0	0	0	0	10	168	0	0	4	0	2	1
0	0	1	1	1	1	0	0	2	0	0	0	0	3	26	0	0	1	0	0	203	1	23	228	407	169	15	0	0	2	0	0	0	6	0	0	0	0	0	0	2	0	0	0	0	2	0	0	0	0	0	0	2	0	0	345	0	93	0	2	0	1	1	0	0	0	0	0	15	0	374	4	2	1	0
0	0	5	105	0	7	0	0	0	0	232	0	0	6	20	225	0	21	15	6	112	16	4	8	63	2	27	10	0	11	0	48	0	2	2	7	0	0	0	0	1	14	11	0	11	71	4	0	10	0	0	37	10	19	0	7	93	0	16	37	0	0	56	0	0	0	0	3	0	1	50	1	3	4	3
0	0	0	0	0	0	0	12	10	0	0	0	0	15	0	0	0	117	0	0	0	120	1	4	0	0	44	8	0	48	0	0	0	20	37	35	0	0	0	0	42	6	0	0	0	10	19	0	0	0	0	0	40	0	0	15	0	16	0	0	0	0	0	0	0	0	0	9	43	0	0	24	3	0	0
0	0	11	4	0	0	0	0	46	0	0	0	0	34	0	2	2	1	0	184	6	0	6	0	2	0	2	0	0	47	0	7	0	4	4	249	0	0	0	0	20	6	296	0	1	0	0	128	0	0	0	0	0	0	0	0	2	37	0	0	0	0	2	0	0	0	0	350	0	0	87	74	4	0	0
0	0	0	0	0	0	0	0	0	0	0	0	0	0	0	0	0	0	0	0	0	0	0	0	0	0	0	0	0	0	0	0	0	0	0	0	0	0	0	0	0	0	0	0	0	0	0	0	0	0	0	0	0	0	0	0	0	0	0	0	0	0	0	0	0	0	0	0	0	0	0	0	0	0	0
0	0	5	37	0	10	0	0	0	0	24	0	0	1	252	0	0	10	64	0	0	0	1	0	2	0	0	4	0	0	0	7	0	0	0	0	0	0	0	0	0	23	0	0	0	0	0	0	0	0	0	0	0	0	0	1	1	0	0	0	0	0	314	0	0	0	0	0	0	19	0	0	0	37	0
0	0	8	146	0	704	0	1	1	0	152	4	0	8	804	1	140	1	102	0	40	0	1	57	0	1	0	21	0	0	0	26	0	46	1	40	2	0	0	0	1	150	192	0	53	2	5	13	22	0	1	0	0	7	0	0	1	56	0	2	0	314	0	0	1	0	3	0	0	194	0	1	197	391	30
0	0	0	0	0	0	0	0	0	0	0	0	0	0	0	0	0	0	0	0	0	0	0	0	0	0	0	0	0	0	0	0	0	0	0	0	0	0	0	0	0	0	0	0	0	0	0	0	0	0	0	0	0	0	0	0	0	0	0	0	0	0	0	0	0	0	0	0	0	0	0	0	0	0	0
0	0	82	21	0	182	0	0	0	0	0	0	0	25	93	0	0	0	0	0	0	0	0	0	0	0	0	1	0	0	0	4	0	0	0	0	0	0	0	0	0	0	0	0	0	0	0	0	0	0	0	0	0	0	0	0	0	0	0	0	0	0	1	0	0	0	0	0	0	0	0	0	0	158	0
0	0	0	0	0	0	0	0	0	0	0	0	0	0	0	0	0	0	0	0	0	0	0	0	0	0	0	0	0	0	0	0	0	0	0	0	0	0	0	0	0	0	0	0	0	0	0	0	0	0	0	0	0	0	0	0	0	0	0	0	0	0	0	0	0	0	0	0	0	0	0	0	0	0	0
0	0	0	89	0	0	0	0	0	0	141	0	0	1	1	135	0	0	0	0	0	0	0	0	0	0	1	166	0	0	0	0	0	0	0	0	0	0	0	0	0	0	0	0	0	0	0	0	0	0	0	0	0	0	0	0	0	0	0	0	0	0	3	0	0	0	0	0	0	0	0	0	0	3	0
0	0	0	0	0	1	0	0	0	0	1	0	0	22	0	36	0	66	2	0	1	0	30	0	10	1	85	6	0	151	0	111	0	3	7	4	0	0	0	0	0	0	1	0	1	79	0	0	0	0	0	33	115	0	0	10	0	3	9	350	0	0	0	0	0	0	0	0	0	4	0	0	0	2	0
0	0	0	3	0	0	0	0	0	0	16	0	0	33	0	0	0	174	2	0	0	52	3	0	212	4	165	6	0	58	0	11	0	4	15	8	0	0	0	0	1	4	0	0	0	20	0	0	0	0	0	0	102	0	0	168	15	0	43	0	0	0	0	0	0	0	0	0	0	0	0	0	0	3	0
0	0	0	0	0	126	0	0	0	0	7	3	0	6	124	4	5	1	56	0	0	0	0	0	0	0	1	19	0	0	0	0	0	19	0	1	2	0	0	0	0	39	37	0	41	1	0	14	0	0	0	0	0	6	0	0	0	1	0	0	0	19	194	0	0	0	0	4	0	0	0	0	2	101	0
0	0	0	17	0	0	0	0	1	0	262	0	0	3	0	25	0	0	1	1	1	0	0	2	3	0	0	1	0	0	0	72	0	0	0	0	0	0	0	0	0	0	2	0	0	72	0	36	91	0	0	9	0	3	0	0	374	50	0	87	0	0	0	0	0	0	0	0	0	0	0	0	2	0	35
0	0	177	22	0	14	0	0	0	0	0	0	0	413	1	1	0	34	2	0	3	8	0	0	46	1	105	12	0	40	0	2	0	3	16	0	0	0	0	0	13	3	0	0	0	15	0	0	0	0	0	0	1	0	0	4	4	1	24	74	0	0	1	0	0	0	0	0	0	0	0	0	0	1	0
0	0	5	41	0	118	0	0	0	0	53	0	0	193	99	3	0	7	16	0	1	0	0	0	6	0	7	3	0	5	0	7	0	0	0	0	0	0	0	0	10	12	0	0	0	4	0	0	0	0	0	0	1	3	0	0	2	3	3	4	0	0	197	0	0	0	0	0	0	2	2	0	0	96	0
0	0	65	25	0	598	0	2	0	0	0	4	0	33	56	9	109	1	2	0	3	0	1	1	1	1	1	5	0	0	0	1	0	0	310	0	3	0	0	0	5	10	45	0	9	0	20	5	2	0	0	0	0	3	0	2	1	4	0	0	0	37	391	0	158	0	3	2	3	101	0	1	96	0	0
0	0	0	0	1	0	0	0	0	0	0	0	0	1	0	3	0	4	2	0	0	0	2	0	6	0	1	1	0	0	0	100	0	0	0	0	0	0	0	0	0	3	0	0	1	13	0	0	0	0	0	38	7	0	0	1	0	3	0	0	0	0	30	0	0	0	0	0	0	0	35	0	0	0	0
