0	0	0	0	0	0	0	0	0	0	0	0	0	0	0	0	0	0	0	0	0	0	0	0	0	0	0	0	0	0	0	0	0	0	0	0	0	0	0	0	0	0	0	0	0	0	0	0	0	0	0	0	0	0	0	0	0	0	0	0	0	0	0	0	0	0	0	0	0	0	0	0	0	0	0
0	0	0	0	0	0	2	0	0	0	1	0	0	0	0	0	0	3	0	5	0	0	28	0	39	1	0	0	0	8	0	1	0	0	0	17	0	0	0	0	0	0	0	0	0	1	0	0	0	0	2	0	106	0	0	52	0	0	1	0	0	0	0	0	0	0	0	1	8	0	0	0	0	0	0
0	0	0	9	0	32	0	0	6	0	2	0	0	9	19	0	0	0	0	0	9	0	0	7	0	0	0	0	0	0	1	1	3	7	11	1	0	0	14	0	17	0	19	0	22	3	17	0	0	0	0	0	0	0	0	3	0	12	6	5	0	44	45	0	4	0	6	3	1	10	11	8	0	19	0
0	0	9	0	0	0	28	0	0	0	154	0	0	6	57	41	0	8	15	0	11	6	0	0	0	0	3	8	0	56	8	0	7	0	0	0	0	0	0	0	0	0	0	0	0	0	0	0	0	0	0	0	0	0	0	0	0	38	0	0	0	0	0	0	0	0	0	0	0	1	0	0	9	5	4
0	0	0	0	0	0	0	0	0	0	0	0	0	0	0	5	0	0	0	0	3	0	0	0	0	0	0	7	0	0	786	4	0	0	0	0	0	0	0	0	0	0	0	0	0	0	0	0	0	0	0	0	0	0	0	0	0	0	0	0	0	0	0	0	0	0	2	0	0	0	0	0	0	0	0
0	0	32	0	0	0	0	0	0	0	25	0	0	38	13	2	0	0	19	0	9	0	0	0	0	0	0	0	0	0	87	0	6	0	83	0	0	0	0	0	0	0	0	0	2	0	0	0	0	0	0	0	0	0	0	0	0	2	0	0	0	0	0	0	0	0	0	0	0	0	0	0	31	25	0
0	2	0	28	0	0	0	0	0	0	0	0	0	7	0	0	0	789	0	189	3	503	39	12	5	0	367	0	0	311	0	4	0	114	103	242	0	0	5	0	404	0	2	0	0	293	0	0	0	0	0	0	0	0	0	79	49	2	34	0	0	0	0	0	0	0	0	7	163	0	20	29	2	0	34
0	0	0	0	0	0	0	0	0	0	0	0	0	0	0	0	0	0	0	0	0	0	0	0	0	0	0	0	0	0	3	0	0	0	0	0	0	0	0	0	0	0	0	0	0	0	0	0	0	0	0	0	0	0	0	0	0	0	0	0	0	0	0	0	0	0	0	0	0	0	0	0	0	0	0
0	0	6	0	0	0	0	0	0	0	0	0	0	281	0	0	0	165	0	0	176	51	0	0	0	0	0	0	0	10	0	0	141	3	25	0	0	0	0	0	0	0	0	0	0	0	0	0	0	0	0	0	0	0	0	0	0	0	0	0	0	0	0	0	0	0	0	0	0	0	0	0	0	0	0
0	0	0	0	0	0	0	0	0	0	0	0	0	0	0	0	0	0	0	0	0	0	0	0	0	0	0	0	0	1	0	0	0	0	0	0	0	0	0	0	0	0	0	0	0	0	0	0	0	0	3	0	0	0	0	0	0	0	0	0	0	0	0	0	0	0	0	0	0	0	0	0	0	0	0
0	1	2	154	0	25	0	0	0	0	0	0	0	1	38	243	0	3	25	15	5	0	0	1	0	0	1	3	0	0	0	115	0	7	0	0	36	0	16	0	0	0	17	0	158	0	0	0	0	0	0	33	0	40	0	0	0	197	2	2	0	15	59	0	2	0	99	0	16	0	0	0	3	24	0
0	0	0	0	0	0	0	0	0	0	0	0	0	0	0	0	0	0	0	0	48	0	0	0	0	0	0	0	0	0	0	0	0	0	0	0	0	0	0	0	0	0	0	0	0	0	0	0	0	0	0	0	0	0	0	0	0	0	0	0	0	0	0	0	0	0	0	0	0	0	0	0	6	0	0
0	0	0	0	0	0	0	0	0	0	0	0	0	0	0	0	0	0	0	0	0	0	0	0	0	0	0	0	0	0	0	0	0	0	0	0	0	0	0	0	0	0	0	0	0	0	0	0	0	0	0	0	0	0	0	0	0	0	0	0	0	0	0	0	0	0	0	0	0	0	0	0	0	0	0
0	0	9	6	0	38	7	0	281	0	1	0	0	0	2	4	0	54	1	78	2	64	1	13	0	0	0	0	0	27	0	0	158	156	471	42	0	0	6	0	249	0	2	0	1	1	120	0	0	0	0	0	0	0	0	5	19	6	27	7	0	4	2	0	1	0	0	1	2	0	18	127	0	3	1
0	0	19	57	0	13	0	0	0	0	38	0	0	2	0	1	0	0	2	2	5	0	0	12	0	0	0	0	0	0	0	0	7	3	16	0	10	0	209	0	1	0	184	0	209	0	0	0	0	0	0	0	0	0	0	0	0	8	6	0	0	331	591	0	19	0	15	0	15	0	0	0	56	34	0
0	0	0	41	5	2	0	0	0	0	243	0	0	4	1	0	0	5	23	14	1	0	0	16	0	0	0	2	0	1	0	7	0	3	1	4	117	0	10	0	4	0	100	0	139	0	0	0	0	0	0	0	0	0	0	0	0	102	20	0	0	5	5	0	0	0	56	6	23	0	0	0	3	3	3
0	0	0	0	0	0	0	0	0	0	0	0	0	0	0	0	0	0	0	0	0	0	0	0	0	0	0	0	0	0	0	0	0	0	0	0	0	0	0	0	0	0	0	0	0	0	0	0	0	0	0	0	0	0	0	0	0	0	0	0	0	0	0	0	0	0	0	0	0	0	0	0	0	1	0
0	3	0	8	0	0	789	0	165	0	3	0	0	54	0	5	0	0	6	35	2	718	18	4	5	0	332	0	0	14	0	8	0	143	109	12	4	0	2	0	385	0	0	0	3	285	1	0	0	0	0	0	1	1	0	102	8	4	20	2	0	18	2	0	0	0	0	75	220	0	0	43	4	5	7
0	0	0	15	0	19	0	0	0	0	25	0	0	1	2	23	0	6	0	0	0	0	0	3	0	0	0	0	0	0	3	9	0	12	4	0	3	0	30	0	1	0	1	0	76	2	3	0	0	0	344	0	0	0	0	0	0	5	13	0	0	33	37	0	0	0	1	0	0	11	0	1	3	19	1
0	5	0	0	0	0	189	0	0	0	15	0	0	78	2	14	0	35	0	0	30	47	0	2	0	0	25	0	0	437	0	16	0	2	8	2	0	0	0	0	0	0	0	0	0	0	0	0	0	0	0	0	0	0	0	0	13	58	0	0	0	0	0	0	0	0	5	0	4	0	4	2	0	0	122
0	0	9	11	3	9	3	0	176	0	5	48	0	2	5	1	0	2	0	30	0	138	0	44	0	1	66	0	0	12	0	6	2	180	43	9	0	0	13	0	196	0	19	0	0	18	3	0	0	0	0	0	0	0	0	9	2	62	11	0	0	27	10	0	0	0	28	6	12	2	11	162	33	4	0
0	0	0	6	0	0	503	0	51	0	0	0	0	64	0	0	0	718	0	47	138	0	4	1	1	0	381	0	0	90	0	5	0	344	210	60	1	0	3	0	409	0	3	0	0	194	13	0	0	0	0	0	0	0	0	54	40	1	14	0	0	0	0	0	0	0	0	6	199	0	17	278	2	1	9
0	28	0	0	0	0	39	0	0	0	0	0	0	1	0	0	0	18	0	0	0	4	0	0	0	0	5	0	0	36	0	97	0	0	11	0	0	0	0	0	0	0	0	0	0	0	0	0	0	0	0	8	82	0	0	0	1	10	0	0	0	0	0	0	0	0	0	0	0	0	0	0	0	1	9
0	0	7	0	0	0	12	0	0	0	1	0	0	13	12	16	0	4	3	2	44	1	0	0	0	0	2	0	0	27	0	4	0	0	9	0	0	0	0	0	0	0	0	0	0	0	0	0	0	0	0	0	0	0	0	0	3	7	0	0	0	0	0	0	0	0	0	0	0	0	0	0	0	0	2
0	39	0	0	0	0	5	0	0	0	0	0	0	0	0	0	0	5	0	0	0	1	0	0	0	0	2	0	0	0	0	6	0	0	0	0	0	0	0	0	0	0	0	0	0	0	0	0	0	0	0	0	60	0	0	0	2	0	0	0	0	0	0	0	0	0	0	0	0	0	0	0	0	0	0
0	1	0	0	0	0	0	0	0	0	0	0	0	0	0	0	0	0	0	0	1	0	0	0	0	0	0	0	0	0	0	6	0	0	0	0	0	0	0	0	0	0	0	0	0	0	0	0	0	0	0	1	26	0	0	0	0	0	0	0	0	0	0	0	0	0	0	0	0	0	0	0	0	0	0
0	0	0	3	0	0	367	0	0	0	1	0	0	0	0	0	0	332	0	25	66	381	5	2	2	0	0	0	0	6	0	1	0	265	4	13	0	0	0	0	244	0	0	0	0	244	0	0	0	0	0	0	0	0	0	37	13	0	3	0	0	0	0	0	0	0	0	12	117	0	1	178	0	8	1
0	0	0	8	7	0	0	0	0	0	3	0	0	0	0	2	0	0	0	0	0	0	0	0	0	0	0	0	0	0	501	0	0	0	0	0	6	0	0	0	0	0	0	0	3	0	0	0	0	0	0	0	0	0	0	0	0	0	0	0	0	1	0	0	0	0	16	0	0	0	0	0	0	0	0
0	0	0	0	0	0	0	0	0	0	0	0	0	0	0	0	0	0	0	0	0	0	0	0	0	0	0	0	0	0	0	0	0	0	0	0	0	0	0	0	0	0	0	0	0	0	0	0	0	0	0	0	0	0	0	0	0	0	0	0	0	0	0	0	0	0	0	0	0	0	0	0	0	0	0
0	8	0	56	0	0	311	0	10	1	0	0	0	27	0	1	0	14	0	437	12	90	36	27	0	0	6	0	0	0	0	2	2	172	18	292	0	0	246	0	417	0	0	0	0	29	2	0	0	0	0	0	0	0	0	8	125	1	202	5	0	0	0	0	0	0	0	171	291	0	0	12	0	1	3
0	0	1	8	786	87	0	3	0	0	0	0	0	0	0	0	0	0	3	0	0	0	0	0	0	0	0	501	0	0	0	0	0	0	2	0	1332	0	10	0	0	0	0	0	10	0	0	0	0	0	0	0	0	0	0	0	0	0	1	0	0	12	0	0	0	0	2074	0	0	0	0	1	20	79	0
0	1	1	0	4	0	4	0	0	0	115	0	0	0	0	7	0	8	9	16	6	5	97	4	6	6	1	0	0	2	0	0	0	0	0	0	0	0	13	0	7	0	0	0	102	4	0	0	0	0	0	144	0	78	0	189	0	230	18	0	0	0	0	0	2	0	0	186	10	0	6	0	1	0	470
0	0	3	7	0	6	0	0	141	0	0	0	0	158	7	0	0	0	0	0	2	0	0	0	0	0	0	0	0	2	0	0	0	1	563	2	0	0	0	0	0	0	19	0	0	0	484	0	0	0	0	0	0	0	0	0	0	0	0	0	0	0	248	0	378	0	0	0	0	174	4	0	0	4	0
0	0	7	0	0	0	114	0	3	0	7	0	0	156	3	3	0	143	12	2	180	344	0	0	0	0	265	0	0	172	0	0	1	0	5	1	0	0	0	0	4	0	0	0	2	1	0	0	0	0	0	0	0	0	0	0	2	3	0	0	0	0	2	0	0	0	1	0	2	0	0	6	3	4	0
0	0	11	0	0	83	103	0	25	0	0	0	0	471	16	1	0	109	4	8	43	210	11	9	0	0	4	0	0	18	2	0	563	5	0	11	0	0	2	0	189	0	0	0	4	1	58	0	0	0	0	0	0	0	0	6	0	7	181	1	0	0	4	0	0	0	0	21	64	0	5	7	6	16	4
0	17	1	0	0	0	242	0	0	0	0	0	0	42	0	4	0	12	0	2	9	60	0	0	0	0	13	0	0	292	0	0	2	1	11	0	0	0	0	0	0	0	0	0	0	0	0	0	0	0	0	0	0	0	0	0	0	0	0	0	0	0	0	0	0	0	0	0	0	0	0	0	0	2	1
0	0	0	0	0	0	0	0	0	0	36	0	0	0	10	117	0	4	3	0	0	1	0	0	0	0	0	6	0	0	1332	0	0	0	0	0	0	0	0	0	0	0	0	0	0	0	0	0	0	0	0	0	0	0	0	0	0	0	0	0	0	0	0	0	0	0	2	0	0	0	0	0	0	7	21
0	0	0	0	0	0	0	0	0	0	0	0	0	0	0	0	0	0	0	0	0	0	0	0	0	0	0	0	0	0	0	0	0	0	0	0	0	0	0	0	0	0	0	0	0	0	0	0	0	0	0	0	0	0	0	0	0	0	0	0	0	0	0	0	0	0	0	0	0	0	0	0	0	0	0
0	0	14	0	0	0	5	0	0	0	16	0	0	6	209	10	0	2	30	0	13	3	0	0	0	0	0	0	0	246	10	13	0	0	2	0	0	0	0	0	0	0	0	0	2	0	0	0	0	0	0	0	0	0	0	0	7	0	0	0	0	0	0	0	0	0	0	0	0	2	0	0	14	29	0
0	0	0	0	0	0	0	0	0	0	0	0	0	0	0	0	0	0	0	0	0	0	0	0	0	0	0	0	0	0	0	0	0	0	0	0	0	0	0	0	0	0	0	0	0	0	0	0	0	0	0	0	0	0	0	0	0	0	0	0	0	0	0	0	0	0	0	0	0	0	0	0	0	0	0
0	0	17	0	0	0	404	0	0	0	0	0	0	249	1	4	0	385	1	0	196	409	0	0	0	0	244	0	0	417	0	7	0	4	189	0	0	0	0	0	0	0	0	0	0	0	0	0	0	0	0	0	0	0	0	0	1	0	0	0	0	0	0	0	0	0	0	0	0	0	0	0	0	1	17
0	0	0	0	0	0	0	0	0	0	0	0	0	0	0	0	0	0	0	0	0	0	0	0	0	0	0	0	0	0	0	0	0	0	0	0	0	0	0	0	0	0	0	0	0	0	0	0	0	0	0	0	0	0	0	0	0	0	0	0	0	0	0	0	0	0	0	0	0	0	0	0	0	0	0
0	0	19	0	0	0	2	0	0	0	17	0	0	2	184	100	0	0	1	0	19	3	0	0	0	0	0	0	0	0	0	0	19	0	0	0	0	0	0	0	0	0	0	0	4	0	0	0	0	0	0	0	0	0	0	0	0	0	0	0	0	0	0	0	0	0	0	0	0	1	0	0	19	8	2
0	0	0	0	0	0	0	0	0	0	0	0	0	0	0	0	0	0	0	0	0	0	0	0	0	0	0	0	0	0	0	0	0	0	0	0	0	0	0	0	0	0	0	0	0	0	0	0	0	0	0	0	0	0	0	0	0	0	0	0	0	0	0	0	0	0	0	0	0	0	0	0	0	0	0
0	0	22	0	0	2	0	0	0	0	158	0	0	1	209	139	0	3	76	0	0	0	0	0	0	0	0	3	0	0	10	102	0	2	4	0	0	0	2	0	0	0	4	0	0	0	0	0	0	0	0	17	0	0	0	0	0	61	0	0	0	2	4	0	0	0	0	0	0	1	0	0	22	17	163
0	1	3	0	0	0	293	0	0	0	0	0	0	1	0	0	0	285	2	0	18	194	0	0	0	0	244	0	0	29	0	4	0	1	1	0	0	0	0	0	0	0	0	0	0	0	0	0	0	0	0	0	0	0	0	0	0	0	0	0	0	0	0	0	0	0	0	0	0	0	0	0	3	1	6
0	0	17	0	0	0	0	0	0	0	0	0	0	120	0	0	0	1	3	0	3	13	0	0	0	0	0	0	0	2	0	0	484	0	58	0	0	0	0	0	0	0	0	0	0	0	0	0	0	0	0	0	0	0	0	0	0	2	0	0	0	0	0	0	0	0	0	0	0	0	0	0	13	5	0
0	0	0	0	0	0	0	0	0	0	0	0	0	0	0	0	0	0	0	0	0	0	0	0	0	0	0	0	0	0	0	0	0	0	0	0	0	0	0	0	0	0	0	0	0	0	0	0	0	0	0	0	0	0	0	0	0	0	0	0	0	0	0	0	0	0	0	0	0	0	0	0	0	0	0
0	0	0	0	0	0	0	0	0	0	0	0	0	0	0	0	0	0	0	0	0	0	0	0	0	0	0	0	0	0	0	0	0	0	0	0	0	0	0	0	0	0	0	0	0	0	0	0	0	0	0	0	0	0	0	0	0	0	0	0	0	0	3	0	0	0	0	0	0	0	0	0	0	0	0
0	0	0	0	0	0	0	0	0	0	0	0	0	0	0	0	0	0	0	0	0	0	0	0	0	0	0	0	0	0	0	0	0	0	0	0	0	0	0	0	0	0	0	0	0	0	0	0	0	0	0	0	0	0	0	0	0	0	0	0	0	0	0	0	0	0	0	0	0	0	0	0	0	0	0
0	2	0	0	0	0	0	0	0	3	0	0	0	0	0	0	0	0	344	0	0	0	0	0	0	0	0	0	0	0	0	0	0	0	0	0	0	0	0	0	0	0	0	0	0	0	0	0	0	0	0	0	0	0	0	0	0	0	0	0	0	0	0	0	0	0	0	0	0	0	0	0	0	3	0
0	0	0	0	0	0	0	0	0	0	33	0	0	0	0	0	0	0	0	0	0	0	8	0	0	1	0	0	0	0	0	144	0	0	0	0	0	0	0	0	0	0	0	0	17	0	0	0	0	0	0	0	0	0	0	8	0	0	1	0	0	0	0	0	0	0	0	1	0	0	0	0	0	0	59
0	106	0	0	0	0	0	0	0	0	0	0	0	0	0	0	0	1	0	0	0	0	82	0	60	26	0	0	0	0	0	0	0	0	0	0	0	0	0	0	0	0	0	0	0	0	0	0	0	0	0	0	0	0	0	123	0	0	0	0	0	0	0	0	0	0	0	0	83	0	0	0	0	0	0
0	0	0	0	0	0	0	0	0	0	40	0	0	0	0	0	0	1	0	0	0	0	0	0	0	0	0	0	0	0	0	78	0	0	0	0	0	0	0	0	0	0	0	0	0	0	0	0	0	0	0	0	0	0	0	0	0	0	0	0	0	0	0	0	0	0	0	0	0	0	0	0	0	0	44
0	0	0	0	0	0	0	0	0	0	0	0	0	0	0	0	0	0	0	0	0	0	0	0	0	0	0	0	0	0	0	0	0	0	0	0	0	0	0	0	0	0	0	0	0	0	0	0	0	0	0	0	0	0	0	0	0	0	0	0	0	0	0	0	0	0	0	0	0	0	0	0	0	0	0
0	52	3	0	0	0	79	0	0	0	0	0	0	5	0	0	0	102	0	0	9	54	0	0	0	0	37	0	0	8	0	189	0	0	6	0	0	0	0	0	0	0	0	0	0	0	0	0	0	0	0	8	123	0	0	0	5	1	0	0	0	0	0	0	0	0	0	0	0	0	0	0	3	0	7
0	0	0	0	0	0	49	0	0	0	0	0	0	19	0	0	0	8	0	13	2	40	1	3	2	0	13	0	0	125	0	0	0	2	0	0	0	0	7	0	1	0	0	0	0	0	0	0	0	0	0	0	0	0	0	5	0	31	0	0	0	0	0	0	0	0	0	0	1	0	0	3	0	0	2
0	0	12	38	0	2	2	0	0	0	197	0	0	6	8	102	0	4	5	58	62	1	10	7	0	0	0	0	0	1	0	230	0	3	7	0	0	0	0	0	0	0	0	0	61	0	2	0	0	0	0	0	0	0	0	1	31	0	3	0	0	5	3	0	0	0	14	0	0	0	7	0	9	4	105
0	1	6	0	0	0	34	0	0	0	2	0	0	27	6	20	0	20	13	0	11	14	0	0	0	0	3	0	0	202	1	18	0	0	181	0	0	0	0	0	0	0	0	0	0	0	0	0	0	0	0	1	0	0	0	0	0	3	0	0	0	0	0	0	0	0	0	0	0	0	0	0	6	4	203
0	0	5	0	0	0	0	0	0	0	2	0	0	7	0	0	0	2	0	0	0	0	0	0	0	0	0	0	0	5	0	0	0	0	1	0	0	0	0	0	0	0	0	0	0	0	0	0	0	0	0	0	0	0	0	0	0	0	0	0	0	0	0	0	0	0	18	22	0	0	0	14	7	1	0
0	0	0	0	0	0	0	0	0	0	0	0	0	0	0	0	0	0	0	0	0	0	0	0	0	0	0	0	0	0	0	0	0	0	0	0	0	0	0	0	0	0	0	0	0	0	0	0	0	0	0	0	0	0	0	0	0	0	0	0	0	0	0	0	0	0	0	0	0	0	0	0	0	0	0
0	0	44	0	0	0	0	0	0	0	15	0	0	4	331	5	0	18	33	0	27	0	0	0	0	0	0	1	0	0	12	0	0	0	0	0	0	0	0	0	0	0	0	0	2	0	0	0	0	0	0	0	0	0	0	0	0	5	0	0	0	0	0	0	0	0	0	0	0	0	0	0	44	17	2
0	0	45	0	0	0	0	0	0	0	59	0	0	2	591	5	0	2	37	0	10	0	0	0	0	0	0	0	0	0	0	0	248	2	4	0	0	0	0	0	0	0	0	0	4	0	0	0	3	0	0	0	0	0	0	0	0	3	0	0	0	0	0	0	0	0	11	0	0	3	0	0	45	34	27
0	0	0	0	0	0	0	0	0	0	0	0	0	0	0	0	0	0	0	0	0	0	0	0	0	0	0	0	0	0	0	0	0	0	0	0	0	0	0	0	0	0	0	0	0	0	0	0	0	0	0	0	0	0	0	0	0	0	0	0	0	0	0	0	0	0	0	0	0	0	0	0	0	0	0
0	0	4	0	0	0	0	0	0	0	2	0	0	1	19	0	0	0	0	0	0	0	0	0	0	0	0	0	0	0	0	2	378	0	0	0	0	0	0	0	0	0	0	0	0	0	0	0	0	0	0	0	0	0	0	0	0	0	0	0	0	0	0	0	0	0	0	0	0	0	0	0	3	0	0
0	0	0	0	0	0	0	0	0	0	0	0	0	0	0	0	0	0	0	0	0	0	0	0	0	0	0	0	0	0	0	0	0	0	0	0	0	0	0	0	0	0	0	0	0	0	0	0	0	0	0	0	0	0	0	0	0	0	0	0	0	0	0	0	0	0	0	0	0	0	0	0	0	0	0
0	0	6	0	2	0	0	0	0	0	99	0	0	0	15	56	0	0	1	5	28	0	0	0	0	0	0	16	0	0	2074	0	0	1	0	0	2	0	0	0	0	0	0	0	0	0	0	0	0	0	0	0	0	0	0	0	0	14	0	18	0	0	11	0	0	0	0	0	0	0	0	0	6	0	1
0	1	3	0	0	0	7	0	0	0	0	0	0	1	0	6	0	75	0	0	6	6	0	0	0	0	12	0	0	171	0	186	0	0	21	0	0	0	0	0	0	0	0	0	0	0	0	0	0	0	0	1	0	0	0	0	0	0	0	22	0	0	0	0	0	0	0	0	0	0	0	0	3	1	23
0	8	1	0	0	0	163	0	0	0	16	0	0	2	15	23	0	220	0	4	12	199	0	0	0	0	117	0	0	291	0	10	0	2	64	0	0	0	0	0	0	0	0	0	0	0	0	0	0	0	0	0	83	0	0	0	1	0	0	0	0	0	0	0	0	0	0	0	0	0	0	0	1	2	123
0	0	10	1	0	0	0	0	0	0	0	0	0	0	0	0	0	0	11	0	2	0	0	0	0	0	0	0	0	0	0	0	174	0	0	0	0	0	2	0	0	0	1	0	1	0	0	0	0	0	0	0	0	0	0	0	0	0	0	0	0	0	3	0	0	0	0	0	0	0	0	0	11	9	0
0	0	11	0	0	0	20	0	0	0	0	0	0	18	0	0	0	0	0	4	11	17	0	0	0	0	1	0	0	0	0	6	4	0	5	0	0	0	0	0	0	0	0	0	0	0	0	0	0	0	0	0	0	0	0	0	0	7	0	0	0	0	0	0	0	0	0	0	0	0	0	0	2	0	1
0	0	8	0	0	0	29	0	0	0	0	0	0	127	0	0	0	43	1	2	162	278	0	0	0	0	178	0	0	12	1	0	0	6	7	0	0	0	0	0	0	0	0	0	0	0	0	0	0	0	0	0	0	0	0	0	3	0	0	14	0	0	0	0	0	0	0	0	0	0	0	0	8	0	25
0	0	0	9	0	31	2	0	0	0	3	6	0	0	56	3	0	4	3	0	33	2	0	0	0	0	0	0	0	0	20	1	0	3	6	0	0	0	14	0	0	0	19	0	22	3	13	0	0	0	0	0	0	0	0	3	0	9	6	7	0	44	45	0	3	0	6	3	1	11	2	8	0	33	0
0	0	19	5	0	25	0	0	0	0	24	0	0	3	34	3	1	5	19	0	4	1	1	0	0	0	8	0	0	1	79	0	4	4	16	2	7	0	29	0	1	0	8	0	17	1	5	0	0	0	3	0	0	0	0	0	0	4	4	1	0	17	34	0	0	0	0	1	2	9	0	0	33	0	0
0	0	0	4	0	0	34	0	0	0	0	0	0	1	0	3	0	7	1	122	0	9	9	2	0	0	1	0	0	3	0	470	0	0	4	1	21	0	0	0	17	0	2	0	163	6	0	0	0	0	0	59	0	44	0	7	2	105	203	0	0	2	27	0	0	0	1	23	123	0	1	25	0	0	0
