0	0	0	0	0	0	0	0	0	0	0	0	0	0	0	0	0	0	0	0	0	0	0	0	0	0	0	0	0	0	0	0	0	0	0	0	0	0	0	0	0	0	0	0	0	0	0	0	0	0	0	0	0	0	0	0	0	0	0	0	0	0	0	0	0	0	0	0	0	0	0	0	0	0	0
0	0	14	0	0	0	0	0	0	0	0	0	0	0	0	0	6	3	0	3	0	6	38	7	123	51	4	0	0	0	0	8	0	4	7	76	5	0	0	0	14	1	0	0	0	164	1	0	0	0	0	1	239	13	0	203	0	1	4	0	0	0	0	0	0	0	0	46	319	0	0	3	0	0	11
0	14	0	0	0	231	0	1	43	0	1	56	0	504	1	1	125	231	0	0	17	92	118	0	0	0	60	0	0	0	0	2	0	205	203	22	2	0	0	0	350	12	1	0	0	28	181	0	0	0	0	0	6	61	0	47	2	59	58	37	0	0	7	0	35	0	0	0	80	0	0	271	114	361	21
0	0	0	0	0	6	0	0	0	0	238	4	0	0	32	13	0	0	2	0	0	0	0	0	0	0	0	216	0	0	0	0	0	0	0	0	15	0	0	0	0	87	0	0	29	0	2	3	30	0	0	0	0	7	0	0	1	90	0	11	0	4	27	0	0	0	0	0	0	0	77	0	0	0	0
0	0	0	0	0	0	0	0	0	0	0	0	0	0	0	0	0	0	0	0	0	0	0	0	0	0	0	5	0	0	0	0	0	1	1	0	0	0	0	0	0	1	0	0	0	0	0	0	0	0	0	0	0	0	0	0	0	0	0	0	0	0	0	0	0	0	0	0	0	0	0	0	0	0	0
0	0	231	6	0	0	0	0	1	0	5	225	0	208	107	0	8	13	2	0	0	4	0	0	0	0	3	6	0	0	0	0	0	1	5	1	1	0	0	0	2	4	4	0	27	0	2	0	0	0	0	0	0	1	0	1	1	7	34	4	0	0	571	0	3	0	0	0	0	1	3	3	8	381	0
0	0	0	0	0	0	0	0	0	0	0	0	0	0	0	0	0	0	0	0	0	0	0	0	0	0	0	0	0	0	0	0	0	0	0	0	0	0	0	0	0	0	0	0	0	0	0	0	0	0	0	0	0	0	0	0	0	0	0	0	0	0	0	0	0	0	0	0	0	0	0	0	0	0	0
0	0	1	0	0	0	0	0	0	0	0	0	0	0	0	0	0	14	23	0	0	9	0	0	0	0	3	3	0	0	0	0	0	0	0	1	0	0	0	0	1	64	0	0	11	0	0	0	0	0	0	0	63	10	0	0	0	2	12	0	0	0	2	0	0	0	0	0	0	0	0	0	0	1	0
0	0	43	0	0	1	0	0	0	0	0	0	0	157	1	0	0	5	0	0	6	44	0	0	0	0	1	0	0	0	0	0	0	11	0	10	0	0	0	0	7	2	0	0	0	0	0	0	0	0	0	0	0	0	0	0	1	2	9	12	0	0	0	0	0	0	0	0	0	0	0	0	0	0	0
0	0	0	0	0	0	0	0	0	0	0	0	0	0	0	0	0	0	0	0	0	0	0	0	0	0	0	0	0	0	0	0	0	0	0	0	0	0	0	0	0	0	0	0	0	0	0	0	0	0	2	0	0	0	0	0	0	0	0	0	0	0	0	0	0	0	0	0	0	0	0	0	0	0	0
0	0	1	238	0	5	0	0	0	0	0	11	0	0	5	170	0	0	2	48	73	0	0	0	3	0	1	6	0	0	0	58	0	2	0	0	116	0	0	0	0	152	90	0	247	0	2	0	287	0	0	0	0	182	0	0	0	252	4	0	0	0	21	0	0	0	0	0	0	8	423	0	1	2	0
0	0	56	4	0	225	0	0	0	0	11	0	0	1	320	2	47	1	36	0	2	2	0	0	0	0	0	4	0	0	0	0	0	2	24	1	20	0	0	0	0	39	174	0	130	0	0	1	5	0	0	0	1	0	0	0	0	34	7	0	0	28	697	0	46	0	0	1	0	103	14	0	159	419	0
0	0	0	0	0	0	0	0	0	0	0	0	0	0	0	0	0	0	0	0	0	0	0	0	0	0	0	0	0	0	0	0	0	0	0	0	0	0	0	0	0	0	0	0	0	0	0	0	0	0	0	0	0	0	0	0	0	0	0	0	0	0	0	0	0	0	0	0	0	0	0	0	0	0	0
0	0	504	0	0	208	0	0	157	0	0	1	0	0	2	0	40	248	3	1	5	112	77	8	1	0	7	1	0	5	0	2	0	298	321	70	1	0	0	0	398	8	8	0	1	0	208	0	0	0	0	0	0	1	0	4	2	18	22	111	0	1	5	0	20	0	0	3	7	6	4	359	266	2	0
0	0	1	32	0	107	0	0	1	0	5	320	0	2	0	0	25	2	4	0	0	1	0	0	0	0	0	46	0	0	0	0	0	1	0	2	28	0	0	0	0	7	177	0	131	0	1	151	4	0	0	0	0	0	0	0	0	34	8	25	0	18	864	0	69	0	0	0	1	97	2	1	113	49	0
0	0	1	13	0	0	0	0	0	0	170	2	0	0	0	0	18	0	0	12	0	1	0	0	1	0	0	0	0	0	0	1	0	0	0	0	64	0	0	0	0	21	75	0	28	0	1	2	63	0	0	0	0	58	0	0	0	45	68	15	0	0	2	0	0	0	0	0	1	16	5	0	1	1	0
0	6	125	0	0	8	0	0	0	0	0	47	0	40	25	18	0	9	0	0	0	0	0	0	0	0	5	4	0	0	0	15	0	2	0	2	0	0	0	0	0	1	0	0	3	3	0	0	0	0	0	0	0	11	0	1	0	3	8	2	0	0	137	0	0	0	0	0	0	0	0	0	0	171	0
0	3	231	0	0	13	0	14	5	0	0	1	0	248	2	0	9	0	0	0	0	605	201	2	8	5	388	0	0	0	0	7	0	385	76	42	0	0	0	0	406	31	2	0	32	31	4	3	0	0	0	0	317	219	0	202	1	24	85	9	0	6	24	0	0	0	0	34	137	1	0	172	21	1	0
0	0	0	2	0	2	0	23	0	0	2	36	0	3	4	0	0	0	0	0	0	3	0	5	0	0	1	3	0	0	0	1	0	2	0	0	20	0	0	0	0	81	5	0	60	1	0	10	31	0	164	0	19	90	0	0	0	21	8	0	0	39	146	0	0	0	0	1	0	74	1	0	33	18	2
0	3	0	0	0	0	0	0	0	0	48	0	0	1	0	12	0	0	0	0	0	0	0	0	18	2	0	0	0	0	0	58	0	0	0	6	0	0	0	0	0	1	0	0	0	61	0	0	0	0	0	0	0	88	0	0	203	4	76	362	0	0	0	0	0	0	0	0	0	0	0	0	0	0	0
0	0	17	0	0	0	0	0	6	0	73	2	0	5	0	0	0	0	0	0	0	3	0	0	174	70	0	0	0	0	0	18	0	2	0	3	0	0	0	0	3	0	0	0	0	15	0	1	0	0	0	0	0	108	0	1	198	17	2	17	0	0	0	0	0	0	0	0	1	1	7	4	2	1	0
0	6	92	0	0	4	0	9	44	0	0	2	0	112	1	1	0	605	3	0	3	0	18	2	7	1	392	0	0	0	0	2	0	192	104	79	0	0	0	0	148	50	0	0	0	1	0	8	0	0	0	0	185	156	0	53	26	23	83	0	0	0	1	0	0	0	0	0	56	0	1	130	23	5	0
0	38	118	0	0	0	0	0	0	0	0	0	0	77	0	0	0	201	0	0	0	18	0	0	76	1	182	0	0	16	0	48	0	4	2	5	0	0	0	0	7	4	0	0	0	83	10	0	0	0	0	0	147	150	0	116	14	5	123	82	0	9	1	0	0	0	0	16	4	0	0	0	3	3	3
0	7	0	0	0	0	0	0	0	0	0	0	0	8	0	0	0	2	5	0	0	2	0	0	308	72	0	0	0	1	0	0	0	0	0	1	0	0	0	0	0	0	0	0	0	0	0	0	0	0	0	0	88	14	0	73	303	0	4	0	0	0	5	0	0	0	0	0	0	0	2	0	0	0	0
0	123	0	0	0	0	0	0	0	0	3	0	0	1	0	1	0	8	0	18	174	7	76	308	0	579	2	0	0	2	0	112	0	11	6	2	0	0	0	0	4	0	0	0	0	186	20	0	0	0	0	0	505	213	0	299	431	37	0	2	0	0	0	0	0	0	0	0	302	0	3	4	0	1	0
0	51	0	0	0	0	0	0	0	0	0	0	0	0	0	0	0	5	0	2	70	1	1	72	579	0	9	1	0	1	0	6	0	1	2	3	0	0	0	0	0	0	0	0	0	7	1	0	0	0	0	0	126	106	0	124	224	13	0	1	0	0	2	0	0	0	0	2	51	0	0	1	0	1	1
0	4	60	0	0	3	0	3	1	0	1	0	0	7	0	0	5	388	1	0	0	392	182	0	2	9	0	0	0	1	0	2	0	241	45	45	0	0	0	1	345	26	1	0	2	21	57	1	0	0	0	0	273	231	0	164	1	40	53	19	0	1	0	0	0	0	0	146	137	0	0	108	10	0	1
0	0	0	216	5	6	0	3	0	0	6	4	0	1	46	0	4	0	3	0	0	0	0	0	0	1	0	0	0	0	0	0	0	3	0	1	220	0	0	0	0	381	3	0	1	0	0	23	21	0	0	0	0	0	0	3	0	2	0	0	0	1	15	0	1	0	0	0	0	11	1	0	4	6	0
0	0	0	0	0	0	0	0	0	0	0	0	0	0	0	0	0	0	0	0	0	0	0	0	0	0	0	0	0	0	0	0	0	0	0	0	0	0	0	0	0	0	0	0	0	0	0	0	0	0	0	0	0	0	0	0	0	0	0	0	0	0	0	0	0	0	0	0	0	0	0	0	0	0	0
0	0	0	0	0	0	0	0	0	0	0	0	0	5	0	0	0	0	0	0	0	0	16	1	2	1	1	0	0	0	0	0	0	25	3	73	0	0	0	0	64	7	0	0	0	0	14	0	0	0	0	0	5	0	0	0	0	8	44	0	0	0	0	0	0	0	0	29	58	0	0	0	0	0	0
0	0	0	0	0	0	0	0	0	0	0	0	0	0	0	0	0	0	0	0	0	0	0	0	0	0	0	0	0	0	0	0	0	0	0	0	0	0	0	0	0	0	0	0	0	0	0	0	0	0	0	0	0	0	0	0	0	0	0	0	0	0	0	0	0	0	0	0	0	0	0	0	0	0	0
0	8	2	0	0	0	0	0	0	0	58	0	0	2	0	1	15	7	1	58	18	2	48	0	112	6	2	0	0	0	0	0	0	1	11	0	0	0	0	0	3	0	0	0	82	282	15	0	6	0	0	43	2	188	0	80	0	79	30	0	0	0	0	0	0	0	0	62	3	0	60	1	2	1	93
0	0	0	0	0	0	0	0	0	0	0	0	0	0	0	0	0	0	0	0	0	0	0	0	0	0	0	0	0	0	0	0	0	0	0	0	0	0	0	0	0	0	0	0	0	0	0	0	0	0	0	0	0	0	0	0	0	0	0	0	0	0	0	0	0	0	0	0	0	0	0	0	0	0	0
0	4	205	0	1	1	0	0	11	0	2	2	0	298	1	0	2	385	2	0	2	192	4	0	11	1	241	3	0	25	0	1	0	0	3	33	1	0	0	0	83	17	0	0	0	9	5	0	0	0	0	0	107	142	0	21	6	7	63	19	0	0	17	0	0	0	0	3	20	0	0	68	15	2	0
0	7	203	0	1	5	0	0	0	0	0	24	0	321	0	0	0	76	0	0	0	104	2	0	6	2	45	0	0	3	0	11	0	3	0	6	0	0	0	0	7	6	0	0	0	1	0	0	0	0	0	0	8	19	0	13	0	3	146	44	0	0	1	0	0	0	0	0	0	0	0	0	0	330	0
0	76	22	0	0	1	0	1	10	0	0	1	0	70	2	0	2	42	0	6	3	79	5	1	2	3	45	1	0	73	0	0	0	33	6	0	2	0	0	0	28	24	0	0	0	1	15	0	0	0	0	0	76	91	0	25	0	21	139	118	0	0	2	0	0	0	0	6	11	1	0	13	6	3	0
0	5	2	15	0	1	0	0	0	0	116	20	0	1	28	64	0	0	20	0	0	0	0	0	0	0	0	220	0	0	0	0	0	1	0	2	0	0	0	0	0	133	3	0	19	0	0	0	0	0	0	0	6	5	0	0	1	6	2	2	0	0	18	0	0	0	0	0	0	0	1	0	0	32	0
0	0	0	0	0	0	0	0	0	0	0	0	0	0	0	0	0	0	0	0	0	0	0	0	0	0	0	0	0	0	0	0	0	0	0	0	0	0	0	0	0	0	0	0	0	0	0	0	0	0	0	0	0	0	0	0	0	0	0	0	0	0	0	0	0	0	0	0	0	0	0	0	0	0	0
0	0	0	0	0	0	0	0	0	0	0	0	0	0	0	0	0	0	0	0	0	0	0	0	0	0	0	0	0	0	0	0	0	0	0	0	0	0	0	0	0	0	0	0	0	0	0	0	0	0	0	0	0	0	0	0	0	0	0	0	0	0	0	0	0	0	0	0	0	0	0	0	0	0	0
0	0	0	0	0	0	0	0	0	0	0	0	0	0	0	0	0	0	0	0	0	0	0	0	0	0	1	0	0	0	0	0	0	0	0	0	0	0	0	0	0	0	0	0	0	0	0	0	0	0	0	0	0	0	0	0	0	0	0	0	0	0	0	0	0	0	0	0	0	0	0	0	0	0	0
0	14	350	0	0	2	0	1	7	0	0	0	0	398	0	0	0	406	0	0	3	148	7	0	4	0	345	0	0	64	0	3	0	83	7	28	0	0	0	0	0	20	2	0	0	15	6	0	0	0	0	0	123	205	0	21	1	2	38	158	0	0	1	0	0	0	0	0	1	0	0	10	8	1	0
0	1	12	87	1	4	0	64	2	0	152	39	0	8	7	21	1	31	81	1	0	50	4	0	0	0	26	381	0	7	0	0	0	17	6	24	133	0	0	0	20	0	2	0	227	1	2	1	255	0	0	0	45	33	0	17	9	21	17	1	0	14	83	0	0	0	0	0	12	38	1	5	14	10	0
0	0	1	0	0	4	0	0	0	0	90	174	0	8	177	75	0	2	5	0	0	0	0	0	0	0	1	3	0	0	0	0	0	0	0	0	3	0	0	0	2	2	0	0	34	0	0	3	1	0	0	0	1	1	0	1	0	17	145	474	0	0	203	0	0	0	0	0	0	0	3	0	1	12	0
0	0	0	0	0	0	0	0	0	0	0	0	0	0	0	0	0	0	0	0	0	0	0	0	0	0	0	0	0	0	0	0	0	0	0	0	0	0	0	0	0	0	0	0	0	0	0	0	0	0	0	0	0	0	0	0	0	0	0	0	0	0	0	0	0	0	0	0	0	0	0	0	0	0	0
0	0	0	29	0	27	0	11	0	0	247	130	0	1	131	28	3	32	60	0	0	0	0	0	0	0	2	1	0	0	0	82	0	0	0	0	19	0	0	0	0	227	34	0	0	6	0	1	58	0	0	0	56	9	0	1	0	48	48	3	0	0	321	0	0	0	0	2	0	8	0	0	37	39	1
0	164	28	0	0	0	0	0	0	0	0	0	0	0	0	0	3	31	1	61	15	1	83	0	186	7	21	0	0	0	0	282	0	9	1	1	0	0	0	0	15	1	0	0	6	0	0	0	0	0	0	1	27	94	0	160	1	179	13	0	0	1	1	0	0	0	0	78	13	0	99	2	4	0	30
0	1	181	2	0	2	0	0	0	0	2	0	0	208	1	1	0	4	0	0	0	0	10	0	20	1	57	0	0	14	0	15	0	5	0	15	0	0	0	0	6	2	0	0	0	0	0	0	0	0	0	0	15	22	0	11	1	7	125	372	0	0	1	0	0	0	0	0	0	0	3	0	0	0	0
0	0	0	3	0	0	0	0	0	0	0	1	0	0	151	2	0	3	10	0	1	8	0	0	0	0	1	23	0	0	0	0	0	0	0	0	0	0	0	0	0	1	3	0	1	0	0	0	0	0	0	0	0	0	0	1	2	9	21	432	0	0	4	0	0	0	0	0	0	0	58	0	0	0	0
0	0	0	30	0	0	0	0	0	0	287	5	0	0	4	63	0	0	31	0	0	0	0	0	0	0	0	21	0	0	0	6	0	0	0	0	0	0	0	0	0	255	1	0	58	0	0	0	0	0	0	0	3	48	0	0	0	64	15	2	0	0	29	0	0	0	0	0	0	0	108	0	0	2	0
0	0	0	0	0	0	0	0	0	0	0	0	0	0	0	0	0	0	0	0	0	0	0	0	0	0	0	0	0	0	0	0	0	0	0	0	0	0	0	0	0	0	0	0	0	0	0	0	0	0	0	0	0	0	0	0	0	0	0	0	0	0	0	0	0	0	0	0	0	0	0	0	0	0	0
0	0	0	0	0	0	0	0	0	2	0	0	0	0	0	0	0	0	164	0	0	0	0	0	0	0	0	0	0	0	0	0	0	0	0	0	0	0	0	0	0	0	0	0	0	0	0	0	0	0	0	0	0	0	0	0	0	0	0	0	0	0	0	0	0	0	0	0	0	0	0	0	0	0	0
0	1	0	0	0	0	0	0	0	0	0	0	0	0	0	0	0	0	0	0	0	0	0	0	0	0	0	0	0	0	0	43	0	0	0	0	0	0	0	0	0	0	0	0	0	1	0	0	0	0	0	0	0	0	0	0	0	0	0	0	0	0	0	0	0	0	0	0	0	0	0	0	0	0	0
0	239	6	0	0	0	0	63	0	0	0	1	0	0	0	0	0	317	19	0	0	185	147	88	505	126	273	0	0	5	0	2	0	107	8	76	6	0	0	0	123	45	1	0	56	27	15	0	3	0	0	0	0	208	0	232	42	33	32	0	0	1	10	0	0	0	0	2	211	0	0	3	18	1	8
0	13	61	7	0	1	0	10	0	0	182	0	0	1	0	58	11	219	90	88	108	156	150	14	213	106	231	0	0	0	0	188	0	142	19	91	5	0	0	0	205	33	1	0	9	94	22	0	48	0	0	0	208	0	0	129	25	103	187	1	0	1	11	0	0	0	0	8	25	7	36	37	19	3	106
0	0	0	0	0	0	0	0	0	0	0	0	0	0	0	0	0	0	0	0	0	0	0	0	0	0	0	0	0	0	0	0	0	0	0	0	0	0	0	0	0	0	0	0	0	0	0	0	0	0	0	0	0	0	0	0	0	0	0	0	0	0	0	0	0	0	0	0	0	0	0	0	0	0	0
0	203	47	0	0	1	0	0	0	0	0	0	0	4	0	0	1	202	0	0	1	53	116	73	299	124	164	3	0	0	0	80	0	21	13	25	0	0	0	0	21	17	1	0	1	160	11	1	0	0	0	0	232	129	0	0	358	23	31	14	0	2	4	0	0	0	0	29	189	0	0	1	3	4	0
0	0	2	1	0	1	0	0	1	0	0	0	0	2	0	0	0	1	0	203	198	26	14	303	431	224	1	0	0	0	0	0	0	6	0	0	1	0	0	0	1	9	0	0	0	1	1	2	0	0	0	0	42	25	0	358	0	197	2	93	0	0	0	0	0	0	0	0	24	0	443	2	2	0	0
0	1	59	90	0	7	0	2	2	0	252	34	0	18	34	45	3	24	21	4	17	23	5	0	37	13	40	2	0	8	0	79	0	7	3	21	6	0	0	0	2	21	17	0	48	179	7	9	64	0	0	0	33	103	0	23	197	0	72	326	0	1	80	0	0	0	0	8	0	9	152	7	10	21	10
0	4	58	0	0	34	0	12	9	0	4	7	0	22	8	68	8	85	8	76	2	83	123	4	0	0	53	0	0	44	0	30	0	63	146	139	2	0	0	0	38	17	145	0	48	13	125	21	15	0	0	0	32	187	0	31	2	72	0	698	0	1	60	0	1	0	0	210	50	39	3	49	26	3	53
0	0	37	11	0	4	0	0	12	0	0	0	0	111	25	15	2	9	0	362	17	0	82	0	2	1	19	0	0	0	0	0	0	19	44	118	2	0	0	0	158	1	474	0	3	0	372	432	2	0	0	0	0	1	0	14	93	326	698	0	0	4	3	0	6	0	0	646	0	36	556	70	160	0	0
0	0	0	0	0	0	0	0	0	0	0	0	0	0	0	0	0	0	0	0	0	0	0	0	0	0	0	0	0	0	0	0	0	0	0	0	0	0	0	0	0	0	0	0	0	0	0	0	0	0	0	0	0	0	0	0	0	0	0	0	0	0	0	0	0	0	0	0	0	0	0	0	0	0	0
0	0	0	4	0	0	0	0	0	0	0	28	0	1	18	0	0	6	39	0	0	0	9	0	0	0	1	1	0	0	0	0	0	0	0	0	0	0	0	0	0	14	0	0	0	1	0	0	0	0	0	0	1	1	0	2	0	1	1	4	0	0	141	0	0	0	0	0	0	0	0	0	0	204	0
0	0	7	27	0	571	0	2	0	0	21	697	0	5	864	2	137	24	146	0	0	1	1	5	0	2	0	15	0	0	0	0	0	17	1	2	18	0	0	0	1	83	203	0	321	1	1	4	29	0	0	0	10	11	0	4	0	80	60	3	0	141	0	0	0	0	0	1	0	169	17	2	218	406	39
0	0	0	0	0	0	0	0	0	0	0	0	0	0	0	0	0	0	0	0	0	0	0	0	0	0	0	0	0	0	0	0	0	0	0	0	0	0	0	0	0	0	0	0	0	0	0	0	0	0	0	0	0	0	0	0	0	0	0	0	0	0	0	0	0	0	0	0	0	0	0	0	0	0	0
0	0	35	0	0	3	0	0	0	0	0	46	0	20	69	0	0	0	0	0	0	0	0	0	0	0	0	1	0	0	0	0	0	0	0	0	0	0	0	0	0	0	0	0	0	0	0	0	0	0	0	0	0	0	0	0	0	0	1	6	0	0	0	0	0	0	0	0	0	0	0	0	0	58	0
0	0	0	0	0	0	0	0	0	0	0	0	0	0	0	0	0	0	0	0	0	0	0	0	0	0	0	0	0	0	0	0	0	0	0	0	0	0	0	0	0	0	0	0	0	0	0	0	0	0	0	0	0	0	0	0	0	0	0	0	0	0	0	0	0	0	0	0	0	0	0	0	0	0	0
0	0	0	0	0	0	0	0	0	0	0	0	0	0	0	0	0	0	0	0	0	0	0	0	0	0	0	0	0	0	0	0	0	0	0	0	0	0	0	0	0	0	0	0	0	0	0	0	0	0	0	0	0	0	0	0	0	0	0	0	0	0	0	0	0	0	0	0	0	0	0	0	0	0	0
0	46	0	0	0	0	0	0	0	0	0	1	0	3	0	0	0	34	1	0	0	0	16	0	0	2	146	0	0	29	0	62	0	3	0	6	0	0	0	0	0	0	0	0	2	78	0	0	0	0	0	0	2	8	0	29	0	8	210	646	0	0	1	0	0	0	0	0	0	0	0	0	0	2	0
0	319	80	0	0	0	0	0	0	0	0	0	0	7	1	1	0	137	0	0	1	56	4	0	302	51	137	0	0	58	0	3	0	20	0	11	0	0	0	0	1	12	0	0	0	13	0	0	0	0	0	0	211	25	0	189	24	0	50	0	0	0	0	0	0	0	0	0	0	0	0	0	0	0	0
0	0	0	0	0	1	0	0	0	0	8	103	0	6	97	16	0	1	74	0	1	0	0	0	0	0	0	11	0	0	0	0	0	0	0	1	0	0	0	0	0	38	0	0	8	0	0	0	0	0	0	0	0	7	0	0	0	9	39	36	0	0	169	0	0	0	0	0	0	0	1	0	0	132	0
0	0	0	77	0	3	0	0	0	0	423	14	0	4	2	5	0	0	1	0	7	1	0	2	3	0	0	1	0	0	0	60	0	0	0	0	1	0	0	0	0	1	3	0	0	99	3	58	108	0	0	0	0	36	0	0	443	152	3	556	0	0	17	0	0	0	0	0	0	1	0	0	2	2	37
0	3	271	0	0	3	0	0	0	0	0	0	0	359	1	0	0	172	0	0	4	130	0	0	4	1	108	0	0	0	0	1	0	68	0	13	0	0	0	0	10	5	0	0	0	2	0	0	0	0	0	0	3	37	0	1	2	7	49	70	0	0	2	0	0	0	0	0	0	0	0	0	1	0	0
0	0	114	0	0	8	0	0	0	0	1	159	0	266	113	1	0	21	33	0	2	23	3	0	0	0	10	4	0	0	0	2	0	15	0	6	0	0	0	0	8	14	1	0	37	4	0	0	0	0	0	0	18	19	0	3	2	10	26	160	0	0	218	0	0	0	0	0	0	0	2	1	0	159	0
0	0	361	0	0	381	0	1	0	0	2	419	0	2	49	1	171	1	18	0	1	5	3	0	1	1	0	6	0	0	0	1	0	2	330	3	32	0	0	0	1	10	12	0	39	0	0	0	2	0	0	0	1	3	0	4	0	21	3	0	0	204	406	0	58	0	0	2	0	132	2	0	159	0	0
0	11	21	0	0	0	0	0	0	0	0	0	0	0	0	0	0	0	2	0	0	0	3	0	0	1	1	0	0	0	0	93	0	0	0	0	0	0	0	0	0	0	0	0	1	30	0	0	0	0	0	0	8	106	0	0	0	10	53	0	0	0	39	0	0	0	0	0	0	0	37	0	0	0	0
