0	0	0	0	0	0	0	0	0	0	0	0	0	0	0	0	0	0	0	0	0	0	0	0	0	0	0	0	0	0	0	0	0	0	0	0	0	0	0	0	0	0	0	0	0	0	0	0	0	0	0	0	0	0	0	0	0	0	0	0	0	0	0	0	0	0	0	0	0	0	0	0	0	0	0
0	0	0	0	7	0	20	16	0	0	8	0	0	13	0	0	0	12	0	15	0	21	129	0	169	0	5	0	0	26	0	23	0	9	2	47	0	0	0	0	17	16	1	0	0	2	0	0	0	0	5	12	52	0	0	92	21	0	9	1	0	0	0	0	0	0	0	46	99	0	0	0	8	0	49
0	0	0	3	0	7	0	0	7	0	1	2	0	6	2	0	2	0	0	0	3	0	2	1	0	0	0	0	0	2	0	2	0	3	4	0	0	0	0	0	9	1	9	0	2	0	1	0	0	0	0	0	0	0	0	0	0	3	1	5	5	0	4	0	4	0	5	3	2	0	2	7	0	2	2
0	0	3	0	0	1	0	0	0	0	260	15	0	0	29	143	0	0	1	0	0	4	0	0	0	0	0	54	0	2	0	0	0	1	0	0	0	0	0	0	0	74	0	0	0	1	0	0	0	0	0	0	1	0	0	0	0	61	0	2	1	0	99	0	0	0	0	0	0	0	0	0	0	1	0
0	7	0	0	0	0	0	0	0	0	0	0	0	0	0	0	0	0	0	0	0	0	0	0	0	0	1	0	0	0	0	0	0	0	0	10	1	0	0	0	0	0	0	0	0	0	0	0	0	0	0	0	0	0	0	0	0	0	0	0	8	0	1	0	0	0	1	0	0	0	0	23	0	0	1
0	0	7	1	0	0	0	0	77	0	0	220	0	198	1	2	23	4	0	14	1	18	0	0	0	2	1	10	0	47	0	1	0	30	97	11	0	0	0	0	119	1	48	0	0	8	0	5	0	0	0	0	0	0	0	11	0	14	3	0	18	0	250	0	100	0	0	0	0	1	0	8	35	298	0
0	20	0	0	0	0	0	0	0	0	0	0	0	1	0	13	0	323	0	0	9	226	52	0	8	0	267	0	0	66	0	2	0	1	0	5	0	0	0	0	7	0	0	0	0	44	0	0	0	0	0	0	413	0	0	3	0	1	0	0	0	0	0	0	0	0	0	0	0	0	0	0	0	1	0
0	16	0	0	0	0	0	0	0	0	6	1	0	0	2	41	0	8	3	0	0	0	0	0	0	0	0	0	0	0	0	0	0	0	0	1	0	0	0	0	0	77	0	0	0	73	0	0	0	0	0	0	0	0	0	0	0	0	0	0	0	0	0	0	0	0	0	0	0	0	0	0	0	0	0
0	0	7	0	0	77	0	0	0	0	0	1	0	427	0	4	0	175	0	0	5	223	0	0	0	0	31	0	0	61	0	0	0	14	0	1	0	0	0	0	184	0	0	0	0	2	0	0	0	0	0	0	21	0	0	0	2	3	0	10	233	0	0	0	0	0	0	0	0	0	0	0	0	0	0
0	0	0	0	0	0	0	0	0	0	0	0	0	0	0	0	0	0	0	0	0	0	0	0	0	0	0	0	0	0	0	0	0	0	0	0	0	0	0	0	0	0	0	0	0	0	0	0	0	0	3	1	0	0	0	0	0	0	0	0	0	0	0	0	0	0	0	0	0	0	0	0	0	0	0
0	8	1	260	0	0	0	6	0	0	0	9	0	1	10	651	0	0	28	174	1	0	0	0	0	0	0	6	0	0	0	276	0	21	0	0	53	0	0	0	0	252	149	0	422	6	0	0	545	0	5	403	0	432	0	0	4	438	16	0	0	0	58	0	0	0	169	4	0	0	1	107	28	2	2
0	0	2	15	0	220	0	1	1	0	9	0	0	4	139	17	29	0	0	2	26	1	0	2	0	0	1	0	0	0	0	6	0	18	53	0	0	0	0	0	3	6	105	0	18	0	0	14	0	0	0	0	1	0	0	0	0	6	3	2	0	0	636	0	23	0	0	0	0	0	3	30	45	360	0
0	0	0	0	0	0	0	0	0	0	0	0	0	0	0	0	0	0	0	0	0	0	0	0	0	0	0	0	0	0	0	0	0	0	0	0	0	0	0	0	0	0	0	0	0	0	0	0	0	0	0	0	0	0	0	0	0	0	0	0	0	0	0	0	0	0	0	0	0	0	0	0	0	0	0
0	13	6	0	0	198	1	0	427	0	1	4	0	0	1	9	7	317	0	61	12	149	0	4	3	0	8	1	0	160	0	1	0	257	255	47	0	0	0	0	642	32	3	0	1	5	3	0	0	0	0	0	5	0	0	39	1	47	58	40	253	0	6	0	19	0	0	6	0	5	1	139	80	11	6
0	0	2	29	0	1	0	2	0	0	10	139	0	1	0	65	0	0	0	0	0	0	0	11	0	0	0	7	0	0	0	15	0	0	0	0	0	0	0	0	2	2	71	0	0	3	0	10	0	0	0	0	4	0	0	0	1	8	0	24	3	0	520	0	0	0	1	0	0	16	0	0	6	10	0
0	0	0	143	0	2	13	41	4	0	651	17	0	9	65	0	18	18	22	84	1	5	15	0	2	0	14	4	0	25	0	23	0	13	2	18	128	0	0	0	9	68	383	0	389	30	0	4	392	0	0	1	33	8	0	4	0	268	20	15	0	0	19	0	4	0	157	4	0	10	2	7	9	3	8
0	0	2	0	0	23	0	0	0	0	0	29	0	7	0	18	0	1	0	0	0	0	0	0	0	0	1	0	0	0	0	0	0	0	0	10	0	0	0	0	2	5	0	0	0	2	0	0	0	0	0	0	0	0	0	7	0	0	0	0	0	0	62	0	0	0	0	0	0	0	0	0	0	37	0
0	12	0	0	0	4	323	8	175	0	0	0	0	317	0	18	1	0	0	91	5	535	71	1	25	1	429	0	0	118	0	2	0	280	85	54	0	0	0	0	494	4	5	0	8	40	0	0	0	0	0	3	863	9	0	143	2	8	39	1	40	0	1	0	1	0	1	100	12	1	0	86	10	3	0
0	0	0	1	0	0	0	3	0	0	28	0	0	0	0	22	0	0	0	0	0	0	0	1	0	0	0	0	0	0	0	6	0	0	0	0	0	0	0	0	0	5	2	0	18	6	4	2	12	0	463	20	0	6	0	0	0	1	0	0	0	0	2	0	0	0	0	0	0	0	0	0	4	0	2
0	15	0	0	0	14	0	0	0	0	174	2	0	61	0	84	0	91	0	0	13	111	33	0	56	2	71	2	0	188	0	93	0	0	0	14	0	0	0	0	55	1	0	0	0	23	0	0	0	0	0	177	297	0	0	2	3	97	0	8	129	0	2	0	0	0	0	0	0	0	0	0	0	0	0
0	0	3	0	0	1	9	0	5	0	1	26	0	12	0	1	0	5	0	13	0	10	1	0	0	0	7	0	0	13	0	1	0	10	17	15	0	0	0	0	54	5	1	0	0	13	0	0	0	0	0	0	30	0	0	5	0	30	34	10	57	0	8	0	0	0	5	0	1	0	12	117	17	0	2
0	21	0	4	0	18	226	0	223	0	0	1	0	149	0	5	0	535	0	111	10	0	21	0	6	0	385	0	0	147	0	1	0	269	70	67	0	0	0	0	437	38	0	0	0	44	0	0	0	0	0	0	622	4	0	35	26	5	27	9	15	0	1	0	0	0	0	11	1	0	0	159	2	1	9
0	129	2	0	0	0	52	0	0	0	0	0	0	0	0	15	0	71	0	33	1	21	0	0	599	153	32	0	0	163	0	148	0	1	30	186	0	0	0	0	9	0	0	0	0	83	0	0	0	0	0	190	267	1	0	238	21	8	188	0	23	0	0	0	0	0	0	218	294	0	0	2	2	1	70
0	0	1	0	0	0	0	0	0	0	0	2	0	4	11	0	0	1	1	0	0	0	0	0	2	0	0	0	0	7	0	0	0	0	0	0	0	0	0	0	4	0	0	0	0	0	0	0	0	0	0	0	5	0	0	1	0	2	0	2	92	0	3	0	0	0	0	0	0	0	0	0	0	1	0
0	169	0	0	0	0	8	0	0	0	0	0	0	3	0	2	0	25	0	56	0	6	599	2	0	541	3	0	0	64	0	152	0	12	24	149	0	0	0	0	8	0	0	0	0	201	0	0	0	0	0	34	24	54	0	510	606	41	26	0	2	0	0	0	2	0	0	4	862	0	0	12	0	4	18
0	0	0	0	0	2	0	0	0	0	0	0	0	0	0	0	0	1	0	2	0	0	153	0	541	0	2	0	0	4	0	13	0	0	0	2	0	0	0	0	0	0	0	0	0	14	0	0	0	0	0	54	3	0	0	47	69	50	0	0	0	0	0	0	0	0	0	0	69	0	0	0	0	0	1
0	5	0	0	1	1	267	0	31	0	0	1	0	8	0	14	1	429	0	71	7	385	32	0	3	2	0	0	0	113	0	1	0	311	36	64	0	0	0	0	383	2	1	0	0	20	0	0	0	0	0	1	516	16	0	87	12	8	33	1	2	0	20	0	0	0	0	71	5	0	3	103	7	1	0
0	0	0	54	0	10	0	0	0	0	6	0	0	1	7	4	0	0	0	2	0	0	0	0	0	0	0	0	0	3	0	6	0	1	0	2	89	0	0	0	2	344	2	0	4	1	0	13	14	0	0	0	0	0	0	0	0	0	1	5	0	0	7	0	0	0	181	0	0	0	0	0	2	1	0
0	0	0	0	0	0	0	0	0	0	0	0	0	0	0	0	0	0	0	0	0	0	0	0	0	0	0	0	0	0	0	0	0	0	0	0	0	0	0	0	0	0	0	0	0	0	0	0	0	0	0	0	0	0	0	0	0	0	0	0	0	0	0	0	0	0	0	0	0	0	0	0	0	0	0
0	26	2	2	0	47	66	0	61	0	0	0	0	160	0	25	0	118	0	188	13	147	163	7	64	4	113	3	0	0	0	1	0	153	16	429	1	0	0	0	532	6	2	0	0	11	4	1	0	0	0	0	523	2	0	20	61	27	224	203	231	0	3	0	0	0	0	195	203	1	3	32	3	6	0
0	0	0	0	0	0	0	0	0	0	0	0	0	0	0	0	0	0	0	0	0	0	0	0	0	0	0	0	0	0	0	0	0	0	0	0	0	0	0	0	0	0	0	0	0	0	0	0	0	0	0	0	0	0	0	0	0	0	0	0	0	0	0	0	0	0	0	0	0	0	0	0	0	0	0
0	23	2	0	0	1	2	0	0	0	276	6	0	1	15	23	0	2	6	93	1	1	148	0	152	13	1	6	0	1	0	0	0	3	2	1	0	0	0	0	3	5	3	0	162	155	0	28	35	0	0	782	4	526	0	194	0	282	7	1	1	0	46	0	1	0	0	173	95	0	3	18	19	0	94
0	0	0	0	0	0	0	0	0	0	0	0	0	0	0	0	0	0	0	0	0	0	0	0	0	0	0	0	0	0	0	0	0	0	0	0	0	0	0	0	0	0	0	0	0	0	0	0	0	0	0	0	0	0	0	0	0	0	0	0	0	0	0	0	0	0	0	0	0	0	0	0	0	0	0
0	9	3	1	0	30	1	0	14	0	21	18	0	257	0	13	0	280	0	0	10	269	1	0	12	0	311	1	0	153	0	3	0	0	1	7	0	0	0	0	111	3	3	0	2	35	0	2	0	0	0	0	343	0	0	2	0	4	1	0	8	0	119	0	2	0	0	0	0	0	2	13	6	22	0
0	2	4	0	0	97	0	0	0	0	0	53	0	255	0	2	0	85	0	0	17	70	30	0	24	0	36	0	0	16	0	2	0	1	0	0	0	0	0	0	62	1	0	0	0	11	0	0	0	0	0	0	51	0	0	3	0	3	0	0	146	0	11	0	0	0	0	0	0	0	0	0	0	182	0
0	47	0	0	10	11	5	1	1	0	0	0	0	47	0	18	10	54	0	14	15	67	186	0	149	2	64	2	0	429	0	1	0	7	0	0	0	0	0	0	100	2	1	0	1	10	0	0	0	0	0	0	431	1	0	5	5	5	5	21	233	0	0	0	0	0	0	4	2	0	0	2	0	1	0
0	0	0	0	1	0	0	0	0	0	53	0	0	0	0	128	0	0	0	0	0	0	0	0	0	0	0	89	0	1	0	0	0	0	0	0	0	0	0	0	0	28	0	0	2	0	0	0	0	0	0	0	0	0	0	0	0	4	0	0	0	0	0	0	0	0	22	0	0	0	0	0	0	0	0
0	0	0	0	0	0	0	0	0	0	0	0	0	0	0	0	0	0	0	0	0	0	0	0	0	0	0	0	0	0	0	0	0	0	0	0	0	0	0	0	0	0	0	0	0	0	0	0	0	0	0	0	0	0	0	0	0	0	0	0	0	0	0	0	0	0	0	0	0	0	0	0	0	0	0
0	0	0	0	0	0	0	0	0	0	0	0	0	0	0	0	0	0	0	0	0	0	0	0	0	0	0	0	0	0	0	0	0	0	0	0	0	0	0	0	0	0	0	0	0	0	0	0	0	0	0	0	0	0	0	0	0	0	0	0	0	0	0	0	0	0	0	0	0	0	0	0	0	0	0
0	0	0	0	0	0	0	0	0	0	0	0	0	0	0	0	0	0	0	0	0	0	0	0	0	0	0	0	0	0	0	0	0	0	0	0	0	0	0	0	0	0	0	0	0	0	0	0	0	0	0	0	0	0	0	0	0	0	0	0	0	0	0	0	0	0	0	0	0	0	0	0	0	0	0
0	17	9	0	0	119	7	0	184	0	0	3	0	642	2	9	2	494	0	55	54	437	9	4	8	0	383	2	0	532	0	3	0	111	62	100	0	0	0	0	0	1	0	0	0	43	1	0	0	0	0	0	615	0	0	22	2	28	8	6	383	0	0	0	1	0	0	0	0	0	0	88	13	1	0
0	16	1	74	0	1	0	77	0	0	252	6	0	32	2	68	5	4	5	1	5	38	0	0	0	0	2	344	0	6	0	5	0	3	1	2	28	0	0	0	1	0	1	0	230	51	0	7	206	0	0	12	1	0	0	0	11	7	7	0	0	0	30	0	0	0	107	0	0	4	2	3	8	0	7
0	1	9	0	0	48	0	0	0	0	149	105	0	3	71	383	0	5	2	0	1	0	0	0	0	0	1	2	0	2	0	3	0	3	0	1	0	0	0	0	0	1	0	0	46	5	0	59	4	0	0	0	1	0	0	0	0	3	15	112	4	0	359	0	0	0	0	7	0	0	0	0	0	15	0
0	0	0	0	0	0	0	0	0	0	0	0	0	0	0	0	0	0	0	0	0	0	0	0	0	0	0	0	0	0	0	0	0	0	0	0	0	0	0	0	0	0	0	0	0	0	0	0	0	0	0	0	0	0	0	0	0	0	0	0	0	0	0	0	0	0	0	0	0	0	0	0	0	0	0
0	0	2	0	0	0	0	0	0	0	422	18	0	1	0	389	0	8	18	0	0	0	0	0	0	0	0	4	0	0	0	162	0	2	0	1	2	0	0	0	0	230	46	0	0	62	0	0	0	0	0	99	0	0	0	1	0	16	0	0	0	0	33	0	0	0	3	0	0	9	0	0	3	1	0
0	2	0	1	0	8	44	73	2	0	6	0	0	5	3	30	2	40	6	23	13	44	83	0	201	14	20	1	0	11	0	155	0	35	11	10	0	0	0	0	43	51	5	0	62	0	13	0	0	0	0	84	102	82	0	60	11	58	25	3	25	0	48	0	1	0	1	57	46	1	0	7	14	1	12
0	0	1	0	0	0	0	0	0	0	0	0	0	3	0	0	0	0	4	0	0	0	0	0	0	0	0	0	0	4	0	0	0	0	0	0	0	0	0	0	1	0	0	0	0	13	0	0	0	0	0	0	1	0	0	0	0	0	0	0	5	0	3	0	0	0	0	0	0	0	0	0	0	0	0
0	0	0	0	0	5	0	0	0	0	0	14	0	0	10	4	0	0	2	0	0	0	0	0	0	0	0	13	0	1	0	28	0	2	0	0	0	0	0	0	0	7	59	0	0	0	0	0	0	0	0	0	0	0	0	0	0	3	0	2	0	0	46	0	0	0	0	0	0	0	0	0	0	1	0
0	0	0	0	0	0	0	0	0	0	545	0	0	0	0	392	0	0	12	0	0	0	0	0	0	0	0	14	0	0	0	35	0	0	0	0	0	0	0	0	0	206	4	0	0	0	0	0	0	0	0	49	0	0	0	0	0	144	0	0	0	0	0	0	0	0	29	0	0	0	0	0	0	0	0
0	0	0	0	0	0	0	0	0	0	0	0	0	0	0	0	0	0	0	0	0	0	0	0	0	0	0	0	0	0	0	0	0	0	0	0	0	0	0	0	0	0	0	0	0	0	0	0	0	0	0	0	0	0	0	0	0	0	0	0	0	0	0	0	0	0	0	0	0	0	0	0	0	0	0
0	5	0	0	0	0	0	0	0	3	5	0	0	0	0	0	0	0	463	0	0	0	0	0	0	0	0	0	0	0	0	0	0	0	0	0	0	0	0	0	0	0	0	0	0	0	0	0	0	0	0	0	0	0	0	0	0	0	0	0	0	0	0	0	0	0	0	0	0	0	0	0	0	0	0
0	12	0	0	0	0	0	0	0	1	403	0	0	0	0	1	0	3	20	177	0	0	190	0	34	54	1	0	0	0	0	782	0	0	0	0	0	0	0	0	0	12	0	0	99	84	0	0	49	0	0	0	0	338	0	178	5	240	35	0	0	0	0	0	0	0	0	140	106	0	2	30	3	0	123
0	52	0	1	0	0	413	0	21	0	0	1	0	5	4	33	0	863	0	297	30	622	267	5	24	3	516	0	0	523	0	4	0	343	51	431	0	0	0	0	615	1	1	0	0	102	1	0	0	0	0	0	0	13	0	186	6	26	79	0	3	0	0	0	0	0	0	368	0	0	1	14	9	1	9
0	0	0	0	0	0	0	0	0	0	432	0	0	0	0	8	0	9	6	0	0	4	1	0	54	0	16	0	0	2	0	526	0	0	0	1	0	0	0	0	0	0	0	0	0	82	0	0	0	0	0	338	13	0	0	5	0	144	0	0	0	0	0	0	0	0	0	0	0	0	0	0	0	0	0
0	0	0	0	0	0	0	0	0	0	0	0	0	0	0	0	0	0	0	0	0	0	0	0	0	0	0	0	0	0	0	0	0	0	0	0	0	0	0	0	0	0	0	0	0	0	0	0	0	0	0	0	0	0	0	0	0	0	0	0	0	0	0	0	0	0	0	0	0	0	0	0	0	0	0
0	92	0	0	0	11	3	0	0	0	0	0	0	39	0	4	7	143	0	2	5	35	238	1	510	47	87	0	0	20	0	194	0	2	3	5	0	0	0	0	22	0	0	0	1	60	0	0	0	0	0	178	186	5	0	0	25	0	1	0	42	0	0	0	0	0	0	4	10	0	0	1	0	3	0
0	21	0	0	0	0	0	0	2	0	4	0	0	1	1	0	0	2	0	3	0	26	21	0	606	69	12	0	0	61	0	0	0	0	0	5	0	0	0	0	2	11	0	0	0	11	0	0	0	0	0	5	6	0	0	25	0	52	0	41	95	0	0	0	0	0	0	0	11	0	2	17	0	0	0
0	0	3	61	0	14	1	0	3	0	438	6	0	47	8	268	0	8	1	97	30	5	8	2	41	50	8	0	0	27	0	282	0	4	3	5	4	0	0	0	28	7	3	0	16	58	0	3	144	0	0	240	26	144	0	0	52	0	26	39	27	0	54	0	0	0	38	3	2	0	3	60	1	0	66
0	9	1	0	0	3	0	0	0	0	16	3	0	58	0	20	0	39	0	0	34	27	188	0	26	0	33	1	0	224	0	7	0	1	0	5	0	0	0	0	8	7	15	0	0	25	0	0	0	0	0	35	79	0	0	1	0	26	0	82	172	0	48	0	0	0	0	0	0	3	2	0	0	3	0
0	1	5	2	0	0	0	0	10	0	0	2	0	40	24	15	0	1	0	8	10	9	0	2	0	0	1	5	0	203	0	1	0	0	0	21	0	0	0	0	6	0	112	0	0	3	0	2	0	0	0	0	0	0	0	0	41	39	82	0	472	0	0	0	0	0	0	148	0	0	2	12	4	0	0
0	0	5	1	8	18	0	0	233	0	0	0	0	253	3	0	0	40	0	129	57	15	23	92	2	0	2	0	0	231	0	1	0	8	146	233	0	0	0	0	383	0	4	0	0	25	5	0	0	0	0	0	3	0	0	42	95	27	172	472	0	0	0	0	14	0	0	61	103	0	0	64	100	0	0
0	0	0	0	0	0	0	0	0	0	0	0	0	0	0	0	0	0	0	0	0	0	0	0	0	0	0	0	0	0	0	0	0	0	0	0	0	0	0	0	0	0	0	0	0	0	0	0	0	0	0	0	0	0	0	0	0	0	0	0	0	0	0	0	0	0	0	0	0	0	0	0	0	0	0
0	0	4	99	1	250	0	0	0	0	58	636	0	6	520	19	62	1	2	2	8	1	0	3	0	0	20	7	0	3	0	46	0	119	11	0	0	0	0	0	0	30	359	0	33	48	3	46	0	0	0	0	0	0	0	0	0	54	48	0	0	0	0	0	3	0	2	1	0	10	7	7	83	328	13
0	0	0	0	0	0	0	0	0	0	0	0	0	0	0	0	0	0	0	0	0	0	0	0	0	0	0	0	0	0	0	0	0	0	0	0	0	0	0	0	0	0	0	0	0	0	0	0	0	0	0	0	0	0	0	0	0	0	0	0	0	0	0	0	0	0	0	0	0	0	0	0	0	0	0
0	0	4	0	0	100	0	0	0	0	0	23	0	19	0	4	0	1	0	0	0	0	0	0	2	0	0	0	0	0	0	1	0	2	0	0	0	0	0	0	1	0	0	0	0	1	0	0	0	0	0	0	0	0	0	0	0	0	0	0	14	0	3	0	0	0	0	0	0	13	0	0	0	147	0
0	0	0	0	0	0	0	0	0	0	0	0	0	0	0	0	0	0	0	0	0	0	0	0	0	0	0	0	0	0	0	0	0	0	0	0	0	0	0	0	0	0	0	0	0	0	0	0	0	0	0	0	0	0	0	0	0	0	0	0	0	0	0	0	0	0	0	0	0	0	0	0	0	0	0
0	0	5	0	1	0	0	0	0	0	169	0	0	0	1	157	0	1	0	0	5	0	0	0	0	0	0	181	0	0	0	0	0	0	0	0	22	0	0	0	0	107	0	0	3	1	0	0	29	0	0	0	0	0	0	0	0	38	0	0	0	0	2	0	0	0	0	0	0	0	0	0	1	1	0
0	46	3	0	0	0	0	0	0	0	4	0	0	6	0	4	0	100	0	0	0	11	218	0	4	0	71	0	0	195	0	173	0	0	0	4	0	0	0	0	0	0	7	0	0	57	0	0	0	0	0	140	368	0	0	4	0	3	0	148	61	0	1	0	0	0	0	0	0	0	0	0	0	1	0
0	99	2	0	0	0	0	0	0	0	0	0	0	0	0	0	0	12	0	0	1	1	294	0	862	69	5	0	0	203	0	95	0	0	0	2	0	0	0	0	0	0	0	0	0	46	0	0	0	0	0	106	0	0	0	10	11	2	0	0	103	0	0	0	0	0	0	0	0	0	0	0	0	0	0
0	0	0	0	0	1	0	0	0	0	0	0	0	5	16	10	0	1	0	0	0	0	0	0	0	0	0	0	0	1	0	0	0	0	0	0	0	0	0	0	0	4	0	0	9	1	0	0	0	0	0	0	0	0	0	0	0	0	3	0	0	0	10	0	13	0	0	0	0	0	0	0	0	0	0
0	0	2	0	0	0	0	0	0	0	1	3	0	1	0	2	0	0	0	0	12	0	0	0	0	0	3	0	0	3	0	3	0	2	0	0	0	0	0	0	0	2	0	0	0	0	0	0	0	0	0	2	1	0	0	0	2	3	2	2	0	0	7	0	0	0	0	0	0	0	0	2	2	0	0
0	0	7	0	23	8	0	0	0	0	107	30	0	139	0	7	0	86	0	0	117	159	2	0	12	0	103	0	0	32	0	18	0	13	0	2	0	0	0	0	88	3	0	0	0	7	0	0	0	0	0	30	14	0	0	1	17	60	0	12	64	0	7	0	0	0	0	0	0	0	2	0	0	0	0
0	8	0	0	0	35	0	0	0	0	28	45	0	80	6	9	0	10	4	0	17	2	2	0	0	0	7	2	0	3	0	19	0	6	0	0	0	0	0	0	13	8	0	0	3	14	0	0	0	0	0	3	9	0	0	0	0	1	0	4	100	0	83	0	0	0	1	0	0	0	2	0	0	94	0
0	0	2	1	0	298	1	0	0	0	2	360	0	11	10	3	37	3	0	0	0	1	1	1	4	0	1	1	0	6	0	0	0	22	182	1	0	0	0	0	1	0	15	0	1	1	0	1	0	0	0	0	1	0	0	3	0	0	3	0	0	0	328	0	147	0	1	1	0	0	0	0	94	0	1
0	49	2	0	1	0	0	0	0	0	2	0	0	6	0	8	0	0	2	0	2	9	70	0	18	1	0	0	0	0	0	94	0	0	0	0	0	0	0	0	0	7	0	0	0	12	0	0	0	0	0	123	9	0	0	0	0	66	0	0	0	0	13	0	0	0	0	0	0	0	0	0	0	1	0
