0	0	0	0	0	0	0	0	0	0	0	0	0	0	0	0	0	0	0	0	0	0	0	0	0	0	0	0	0	0	0	0	0	0	0	0	0	0	0	0	0	0	0	0	0	0	0	0	0	0	0	0	0	0	0	0	0	0	0	0	0	0	0	0	0	0	0	0	0	0	0	0	0	0	0
0	0	0	0	0	0	0	0	0	0	0	0	0	0	0	0	0	0	0	0	0	0	0	0	0	0	0	0	0	0	0	0	0	0	0	0	0	0	0	0	0	0	0	0	0	0	0	0	0	0	0	0	0	0	0	0	0	0	0	0	0	0	0	0	0	0	0	0	0	0	0	0	0	0	0
0	0	0	6	0	81	0	4	243	0	1	1	0	245	3	3	2	147	0	13	0	112	4	0	3	1	81	0	0	95	0	0	0	150	70	184	0	0	0	0	288	20	6	0	0	10	0	1	0	0	0	0	315	2	0	5	1	2	0	10	0	2	6	0	84	0	1	0	1	1	0	188	0	0	0
0	0	6	0	1	102	0	5	11	0	354	61	0	20	345	314	74	12	17	10	17	3	0	25	0	0	5	325	0	17	0	35	0	90	11	20	174	0	0	0	15	197	130	0	140	1	0	81	208	0	0	0	16	1	0	0	2	261	1	7	0	151	234	0	10	0	149	0	2	7	5	8	47	16	0
0	0	0	1	0	4	0	0	0	0	3	0	0	0	0	4	0	0	1	0	0	0	0	0	0	0	0	91	0	0	0	0	0	0	0	6	0	0	0	0	0	0	0	0	0	0	0	0	0	0	0	0	0	0	0	0	1	0	0	0	0	0	0	0	0	0	0	0	0	0	0	0	0	3	0
0	0	81	102	4	0	0	0	1	0	0	363	0	227	39	1	173	5	56	0	2	2	0	1	0	0	0	13	0	0	0	12	0	36	282	0	10	0	0	0	281	32	235	0	2	0	1	6	0	0	0	0	0	0	0	9	1	4	1	0	0	47	545	0	180	0	0	1	2	67	0	18	133	743	0
0	0	0	0	0	0	0	0	0	0	0	0	0	0	0	0	0	0	0	0	0	0	0	0	0	0	0	0	0	0	0	0	0	0	0	0	0	0	0	0	0	0	0	0	0	0	0	0	0	0	0	0	0	0	0	0	0	0	0	0	0	0	0	0	0	0	0	0	0	0	0	0	0	0	0
0	0	4	5	0	0	0	0	0	0	0	0	0	0	0	5	0	6	13	0	0	0	0	0	0	0	1	0	0	1	0	1	0	4	0	0	0	0	0	0	0	0	20	0	0	2	0	0	0	0	0	0	0	0	0	0	0	0	2	0	0	0	1	0	0	0	0	0	0	0	0	0	0	1	0
0	0	243	11	0	1	0	0	0	0	0	3	0	346	0	1	0	192	1	0	2	34	0	0	2	0	58	0	0	21	0	1	0	22	0	0	0	0	0	0	11	0	0	0	0	2	0	0	0	0	0	0	29	0	0	0	0	1	1	52	0	0	0	0	0	0	0	0	0	0	1	162	0	0	0
0	0	0	0	0	0	0	0	0	0	0	0	0	0	0	0	0	0	0	0	0	0	0	0	0	0	0	0	0	0	0	0	0	0	0	0	0	0	0	0	0	0	0	0	0	0	0	0	0	0	1	0	0	0	0	0	0	0	0	0	0	0	0	0	0	0	0	0	0	0	0	0	0	0	0
0	0	1	354	3	0	0	0	0	0	0	0	0	1	14	552	16	0	35	167	168	0	0	7	0	0	0	1	0	0	0	24	0	0	0	0	259	0	0	0	0	123	313	0	358	1	0	6	376	0	0	45	1	94	0	0	0	431	0	0	0	21	97	0	0	0	277	0	16	0	28	0	37	0	0
0	0	1	61	0	363	0	0	3	0	0	0	0	22	177	4	127	9	0	3	30	0	4	0	0	0	3	1	0	5	0	18	0	3	5	25	1	0	0	0	28	5	214	0	7	0	0	9	0	0	0	0	88	0	0	1	0	21	110	0	0	76	130	0	38	0	12	26	5	67	0	44	11	295	0
0	0	0	0	0	0	0	0	0	0	0	0	0	0	0	0	0	0	0	0	0	0	0	0	0	0	0	0	0	0	0	0	0	0	0	0	0	0	0	0	0	0	0	0	0	0	0	0	0	0	0	0	0	0	0	0	0	0	0	0	0	0	0	0	0	0	0	0	0	0	0	0	0	0	0
0	0	245	20	0	227	0	0	346	0	1	22	0	0	0	4	54	164	9	31	3	69	1	3	4	0	3	0	0	11	0	2	0	266	310	20	0	0	0	0	432	52	6	0	0	1	5	0	1	0	0	0	10	2	0	4	0	18	0	35	0	1	20	0	10	0	0	16	44	0	0	202	88	11	9
0	0	3	345	0	39	0	0	0	0	14	177	0	0	0	27	13	0	2	0	1	0	0	0	0	0	0	4	0	0	0	26	0	3	2	3	5	0	0	0	1	22	66	0	4	0	0	29	39	0	0	0	3	0	0	0	18	0	1	0	0	311	580	0	2	0	2	1	0	0	0	2	48	42	0
0	0	3	314	4	1	0	5	1	0	552	4	0	4	27	0	2	1	52	160	3	2	0	0	0	0	1	0	0	1	0	4	0	4	0	1	365	0	0	0	2	146	445	0	418	0	0	2	383	0	0	0	3	15	0	1	0	253	3	3	0	19	41	0	0	0	233	37	0	2	26	0	1	2	3
0	0	2	74	0	173	0	0	0	0	16	127	0	54	13	2	0	10	9	0	3	0	0	0	0	0	28	0	0	3	0	16	0	8	4	0	0	0	0	0	1	0	6	0	0	3	0	0	0	0	0	0	38	0	0	0	0	0	0	2	0	0	108	0	0	0	0	0	0	0	0	0	0	110	0
0	0	147	12	0	5	0	6	192	0	0	9	0	164	0	1	10	0	7	120	3	305	16	1	9	4	303	0	0	53	0	26	0	223	51	30	0	0	0	0	324	20	0	0	1	1	1	0	0	0	0	1	561	12	0	110	3	1	1	0	0	10	2	0	0	0	1	64	117	0	0	31	1	2	2
0	0	0	17	1	56	0	13	1	0	35	0	0	9	2	52	9	7	0	1	2	0	0	0	0	0	2	0	0	0	0	18	0	23	0	0	21	0	0	0	0	36	10	0	67	0	0	14	45	0	403	4	0	1	0	0	0	3	20	0	0	9	113	0	0	0	2	5	8	0	0	1	8	55	1
0	0	13	10	0	0	0	0	0	0	167	3	0	31	0	160	0	120	1	0	184	8	6	0	14	0	122	0	0	100	0	49	0	3	0	0	0	0	0	0	3	0	1	0	0	1	0	0	0	0	0	42	42	0	0	3	35	65	18	228	0	0	0	0	0	0	0	0	0	0	1	20	0	0	0
0	0	0	17	0	2	0	0	2	0	168	30	0	3	1	3	3	3	2	184	0	0	3	164	284	190	15	0	0	17	0	35	0	10	0	10	4	0	0	0	26	2	26	0	0	28	0	1	129	0	0	34	26	171	0	35	302	417	2	6	0	7	36	0	0	0	21	1	0	0	34	52	1	1	10
0	0	112	3	0	2	0	0	34	0	0	0	0	69	0	2	0	305	0	8	0	0	3	0	16	1	317	0	0	8	0	4	0	48	3	1	0	0	0	0	127	0	1	0	0	3	0	0	0	0	0	0	170	0	0	19	1	2	4	0	0	0	0	0	0	0	1	0	31	0	0	74	0	1	1
0	0	4	0	0	0	0	0	0	0	0	4	0	1	0	0	0	16	0	6	3	3	0	6	640	127	76	0	0	58	0	58	0	0	0	23	0	0	0	0	1	1	0	0	0	8	0	0	0	0	0	34	122	0	0	262	16	0	89	6	0	0	0	0	0	0	0	41	12	0	2	1	0	1	6
0	0	0	25	0	1	0	0	0	0	7	0	0	3	0	0	0	1	0	0	164	0	6	0	316	104	1	0	0	0	0	0	0	0	0	0	0	0	0	0	0	0	0	0	0	0	0	0	0	0	0	0	2	0	0	150	179	8	0	0	0	0	23	0	0	0	0	0	0	0	2	0	0	1	0
0	0	3	0	0	0	0	0	2	0	0	0	0	4	0	0	0	9	0	14	284	16	640	316	0	487	14	0	0	34	0	16	0	12	2	68	0	0	0	0	16	0	0	0	0	3	0	0	0	0	0	60	17	98	0	652	818	119	4	0	0	0	0	0	0	0	0	8	302	0	0	4	0	0	2
0	0	1	0	0	0	0	0	0	0	0	0	0	0	0	0	0	4	0	0	190	1	127	104	487	0	4	0	0	4	0	5	0	2	0	2	0	0	0	0	1	0	0	0	0	0	0	0	0	0	0	5	4	4	0	185	277	13	2	0	0	0	0	0	0	0	0	0	91	0	2	0	0	0	0
0	0	81	5	0	0	0	1	58	0	0	3	0	3	0	1	28	303	2	122	15	317	76	1	14	4	0	0	0	106	0	3	0	258	29	126	0	0	0	0	272	22	0	0	1	1	6	0	1	0	0	0	364	2	0	118	26	5	10	0	0	1	19	0	0	0	0	107	82	0	0	186	2	1	6
0	0	0	325	91	13	0	0	0	0	1	1	0	0	4	0	0	0	0	0	0	0	0	0	0	0	0	0	0	0	0	4	0	0	0	0	321	0	0	0	0	248	1	0	0	0	0	2	32	0	0	0	0	0	0	0	0	0	0	0	0	4	2	0	1	0	276	0	0	1	0	0	2	1	0
0	0	0	0	0	0	0	0	0	0	0	0	0	0	0	0	0	0	0	0	0	0	0	0	0	0	0	0	0	0	0	0	0	0	0	0	0	0	0	0	0	0	0	0	0	0	0	0	0	0	0	0	0	0	0	0	0	0	0	0	0	0	0	0	0	0	0	0	0	0	0	0	0	0	0
0	0	95	17	0	0	0	1	21	0	0	5	0	11	0	1	3	53	0	100	17	8	58	0	34	4	106	0	0	0	0	1	0	42	6	154	0	0	0	0	149	3	6	0	0	6	0	0	0	0	0	0	100	0	0	33	44	28	267	123	0	0	0	0	0	0	0	93	53	0	1	12	0	0	1
0	0	0	0	0	0	0	0	0	0	0	0	0	0	0	0	0	0	0	0	0	0	0	0	0	0	0	0	0	0	0	0	0	0	0	0	0	0	0	0	0	0	0	0	0	0	0	0	0	0	0	0	0	0	0	0	0	0	0	0	0	0	0	0	0	0	0	0	0	0	0	0	0	0	0
0	0	0	35	0	12	0	1	1	0	24	18	0	2	26	4	16	26	18	49	35	4	58	0	16	5	3	4	0	1	0	0	0	1	10	4	13	0	0	0	3	11	46	0	52	51	0	91	37	0	0	549	13	82	0	95	0	119	37	8	0	8	50	0	16	0	0	130	10	10	45	1	5	1	113
0	0	0	0	0	0	0	0	0	0	0	0	0	0	0	0	0	0	0	0	0	0	0	0	0	0	0	0	0	0	0	0	0	0	0	0	0	0	0	0	0	0	0	0	0	0	0	0	0	0	0	0	0	0	0	0	0	0	0	0	0	0	0	0	0	0	0	0	0	0	0	0	0	0	0
0	0	150	90	0	36	0	4	22	0	0	3	0	266	3	4	8	223	23	3	10	48	0	0	12	2	258	0	0	42	0	1	0	0	3	32	3	0	0	0	59	15	4	0	0	0	0	0	0	0	0	0	183	0	0	4	4	5	39	16	0	0	1	0	0	0	0	0	0	0	0	165	0	17	0
0	0	70	11	0	282	0	0	0	0	0	5	0	310	2	0	4	51	0	0	0	3	0	0	2	0	29	0	0	6	0	10	0	3	0	5	0	0	0	0	18	3	0	0	0	4	6	0	0	0	0	9	72	0	0	2	0	4	172	6	0	0	1	0	0	0	0	7	10	0	0	13	0	281	0
0	0	184	20	6	0	0	0	0	0	0	25	0	20	3	1	0	30	0	0	10	1	23	0	68	2	126	0	0	154	0	4	0	32	5	0	0	0	0	0	7	0	10	0	0	5	0	0	0	0	0	0	178	0	0	15	0	17	236	332	0	0	5	0	0	0	0	2	2	0	0	0	0	0	0
0	0	0	174	0	10	0	0	0	0	259	1	0	0	5	365	0	0	21	0	4	0	0	0	0	0	0	321	0	0	0	13	0	3	0	0	0	0	0	0	0	0	93	0	0	0	0	0	0	0	0	0	1	0	0	0	0	30	0	0	0	0	3	0	0	0	0	0	0	0	0	0	0	3	0
0	0	0	0	0	0	0	0	0	0	0	0	0	0	0	0	0	0	0	0	0	0	0	0	0	0	0	0	0	0	0	0	0	0	0	0	0	0	0	0	0	0	0	0	0	0	0	0	0	0	0	0	0	0	0	0	0	0	0	0	0	0	0	0	0	0	0	0	0	0	0	0	0	0	0
0	0	0	0	0	0	0	0	0	0	0	0	0	0	0	0	0	0	0	0	0	0	0	0	0	0	0	0	0	0	0	0	0	0	0	0	0	0	0	0	0	0	0	0	0	0	0	0	0	0	0	0	0	0	0	0	0	0	0	0	0	0	0	0	0	0	0	0	0	0	0	0	0	0	0
0	0	0	0	0	0	0	0	0	0	0	0	0	0	0	0	0	0	0	0	0	0	0	0	0	0	0	0	0	0	0	0	0	0	0	0	0	0	0	0	0	0	0	0	0	0	0	0	0	0	0	0	0	0	0	0	0	0	0	0	0	0	0	0	0	0	0	0	0	0	0	0	0	0	0
0	0	288	15	0	281	0	0	11	0	0	28	0	432	1	2	1	324	0	3	26	127	1	0	16	1	272	0	0	149	0	3	0	59	18	7	0	0	0	0	0	1	2	0	0	8	0	0	0	0	0	0	304	0	0	3	1	6	54	40	0	0	0	0	0	0	0	0	0	0	0	166	4	7	0
0	0	20	197	0	32	0	0	0	0	123	5	0	52	22	146	0	20	36	0	2	0	1	0	0	0	22	248	0	3	0	11	0	15	3	0	0	0	0	0	1	0	1	0	0	2	0	0	0	0	0	0	30	0	0	0	1	0	0	18	0	0	103	0	0	0	0	0	0	0	0	0	0	2	0
0	0	6	130	0	235	0	20	0	0	313	214	0	6	66	445	6	0	10	1	26	1	0	0	0	0	0	1	0	6	0	46	0	4	0	10	93	0	0	0	2	1	0	0	161	0	0	89	76	0	0	0	0	0	0	0	0	26	141	326	0	0	100	0	0	0	1	3	0	0	0	1	5	42	0
0	0	0	0	0	0	0	0	0	0	0	0	0	0	0	0	0	0	0	0	0	0	0	0	0	0	0	0	0	0	0	0	0	0	0	0	0	0	0	0	0	0	0	0	0	0	0	0	0	0	0	0	0	0	0	0	0	0	0	0	0	0	0	0	0	0	0	0	0	0	0	0	0	0	0
0	0	0	140	0	2	0	0	0	0	358	7	0	0	4	418	0	1	67	0	0	0	0	0	0	0	1	0	0	0	0	52	0	0	0	0	0	0	0	0	0	0	161	0	0	1	0	0	0	0	0	40	0	0	0	0	0	106	126	0	0	0	52	0	0	0	0	0	0	0	0	0	0	3	0
0	0	10	1	0	0	0	2	2	0	1	0	0	1	0	0	3	1	0	1	28	3	8	0	3	0	1	0	0	6	0	51	0	0	4	5	0	0	0	0	8	2	0	0	1	0	0	0	0	0	0	2	10	7	0	39	13	24	0	3	0	0	0	0	0	0	0	11	4	0	1	0	0	1	12
0	0	0	0	0	1	0	0	0	0	0	0	0	5	0	0	0	1	0	0	0	0	0	0	0	0	6	0	0	0	0	0	0	0	6	0	0	0	0	0	0	0	0	0	0	0	0	0	0	0	0	0	5	0	0	0	0	1	0	0	0	0	4	0	0	0	0	0	0	0	0	0	0	20	0
0	0	1	81	0	6	0	0	0	0	6	9	0	0	29	2	0	0	14	0	1	0	0	0	0	0	0	2	0	0	0	91	0	0	0	0	0	0	0	0	0	0	89	0	0	0	0	0	0	0	0	0	0	0	0	0	0	0	0	134	0	0	9	0	0	0	0	0	0	0	0	0	0	3	0
0	0	0	208	0	0	0	0	0	0	376	0	0	1	39	383	0	0	45	0	129	0	0	0	0	0	1	32	0	0	0	37	0	0	0	0	0	0	0	0	0	0	76	0	0	0	0	0	0	0	0	4	0	0	0	0	0	132	0	0	0	0	59	0	0	0	0	0	0	0	1	0	0	0	0
0	0	0	0	0	0	0	0	0	0	0	0	0	0	0	0	0	0	0	0	0	0	0	0	0	0	0	0	0	0	0	0	0	0	0	0	0	0	0	0	0	0	0	0	0	0	0	0	0	0	0	0	0	0	0	0	0	0	0	0	0	0	0	0	0	0	0	0	0	0	0	0	0	0	0
0	0	0	0	0	0	0	0	0	1	0	0	0	0	0	0	0	0	403	0	0	0	0	0	0	0	0	0	0	0	0	0	0	0	0	0	0	0	0	0	0	0	0	0	0	0	0	0	0	0	0	0	0	0	0	0	0	0	0	0	0	0	1	0	0	0	0	0	0	0	0	0	0	0	0
0	0	0	0	0	0	0	0	0	0	45	0	0	0	0	0	0	1	4	42	34	0	34	0	60	5	0	0	0	0	0	549	0	0	9	0	0	0	0	0	0	0	0	0	40	2	0	0	4	0	0	0	1	48	0	53	0	93	5	0	0	3	0	0	0	0	0	54	0	0	9	0	0	0	46
0	0	315	16	0	0	0	0	29	0	1	88	0	10	3	3	38	561	0	42	26	170	122	2	17	4	364	0	0	100	0	13	0	183	72	178	1	0	0	0	304	30	0	0	0	10	5	0	0	0	0	1	0	14	0	124	5	23	379	0	0	0	0	0	0	0	0	545	137	0	1	227	0	0	8
0	0	2	1	0	0	0	0	0	0	94	0	0	2	0	15	0	12	1	0	171	0	0	0	98	4	2	0	0	0	0	82	0	0	0	0	0	0	0	0	0	0	0	0	0	7	0	0	0	0	0	48	14	0	0	28	1	4	0	0	0	0	0	0	0	0	0	0	0	0	3	0	0	0	0
0	0	0	0	0	0	0	0	0	0	0	0	0	0	0	0	0	0	0	0	0	0	0	0	0	0	0	0	0	0	0	0	0	0	0	0	0	0	0	0	0	0	0	0	0	0	0	0	0	0	0	0	0	0	0	0	0	0	0	0	0	0	0	0	0	0	0	0	0	0	0	0	0	0	0
0	0	5	0	0	9	0	0	0	0	0	1	0	4	0	1	0	110	0	3	35	19	262	150	652	185	118	0	0	33	0	95	0	4	2	15	0	0	0	0	3	0	0	0	0	39	0	0	0	0	0	53	124	28	0	0	235	0	8	0	0	0	0	0	0	0	0	13	182	0	2	4	0	3	0
0	0	1	2	1	1	0	0	0	0	0	0	0	0	18	0	0	3	0	35	302	1	16	179	818	277	26	0	0	44	0	0	0	4	0	0	0	0	0	0	1	1	0	0	0	13	0	0	0	0	0	0	5	1	0	235	0	330	0	0	0	4	1	0	0	0	0	0	8	0	6	2	1	2	0
0	0	2	261	0	4	0	0	1	0	431	21	0	18	0	253	0	1	3	65	417	2	0	8	119	13	5	0	0	28	0	119	0	5	4	17	30	0	0	0	6	0	26	0	106	24	1	0	132	0	0	93	23	4	0	0	330	0	29	67	0	0	26	0	0	0	63	9	0	0	25	13	4	3	57
0	0	0	1	0	1	0	2	1	0	0	110	0	0	1	3	0	1	20	18	2	4	89	0	4	2	10	0	0	267	0	37	0	39	172	236	0	0	0	0	54	0	141	0	126	0	0	0	0	0	0	5	379	0	0	8	0	29	0	0	0	9	0	0	0	0	0	242	27	31	0	90	2	4	134
0	0	10	7	0	0	0	0	52	0	0	0	0	35	0	3	2	0	0	228	6	0	6	0	0	0	0	0	0	123	0	8	0	16	6	332	0	0	0	0	40	18	326	0	0	3	0	134	0	0	0	0	0	0	0	0	0	67	0	0	0	0	1	0	0	0	0	406	0	0	61	72	4	0	0
0	0	0	0	0	0	0	0	0	0	0	0	0	0	0	0	0	0	0	0	0	0	0	0	0	0	0	0	0	0	0	0	0	0	0	0	0	0	0	0	0	0	0	0	0	0	0	0	0	0	0	0	0	0	0	0	0	0	0	0	0	0	0	0	0	0	0	0	0	0	0	0	0	0	0
0	0	2	151	0	47	0	0	0	0	21	76	0	1	311	19	0	10	9	0	7	0	0	0	0	0	1	4	0	0	0	8	0	0	0	0	0	0	0	0	0	0	0	0	0	0	0	0	0	0	0	3	0	0	0	0	4	0	9	0	0	0	176	0	0	0	0	0	0	0	0	0	0	6	0
0	0	6	234	0	545	0	1	0	0	97	130	0	20	580	41	108	2	113	0	36	0	0	23	0	0	19	2	0	0	0	50	0	1	1	5	3	0	0	0	0	103	100	0	52	0	4	9	59	0	1	0	0	0	0	0	1	26	0	1	0	176	0	0	1	0	0	0	0	0	1	1	86	247	1
0	0	0	0	0	0	0	0	0	0	0	0	0	0	0	0	0	0	0	0	0	0	0	0	0	0	0	0	0	0	0	0	0	0	0	0	0	0	0	0	0	0	0	0	0	0	0	0	0	0	0	0	0	0	0	0	0	0	0	0	0	0	0	0	0	0	0	0	0	0	0	0	0	0	0
0	0	84	10	0	180	0	0	0	0	0	38	0	10	2	0	0	0	0	0	0	0	0	0	0	0	0	1	0	0	0	16	0	0	0	0	0	0	0	0	0	0	0	0	0	0	0	0	0	0	0	0	0	0	0	0	0	0	0	0	0	0	1	0	0	0	0	0	0	0	0	0	0	97	0
0	0	0	0	0	0	0	0	0	0	0	0	0	0	0	0	0	0	0	0	0	0	0	0	0	0	0	0	0	0	0	0	0	0	0	0	0	0	0	0	0	0	0	0	0	0	0	0	0	0	0	0	0	0	0	0	0	0	0	0	0	0	0	0	0	0	0	0	0	0	0	0	0	0	0
0	0	1	149	0	0	0	0	0	0	277	12	0	0	2	233	0	1	2	0	21	1	0	0	0	0	0	276	0	0	0	0	0	0	0	0	0	0	0	0	0	0	1	0	0	0	0	0	0	0	0	0	0	0	0	0	0	63	0	0	0	0	0	0	0	0	0	0	0	0	0	0	0	3	0
0	0	0	0	0	1	0	0	0	0	0	26	0	16	1	37	0	64	5	0	1	0	41	0	8	0	107	0	0	93	0	130	0	0	7	2	0	0	0	0	0	0	3	0	0	11	0	0	0	0	0	54	545	0	0	13	0	9	242	406	0	0	0	0	0	0	0	0	0	0	0	0	0	0	0
0	0	1	2	0	2	0	0	0	0	16	5	0	44	0	0	0	117	8	0	0	31	12	0	302	91	82	0	0	53	0	10	0	0	10	2	0	0	0	0	0	0	0	0	0	4	0	0	0	0	0	0	137	0	0	182	8	0	27	0	0	0	0	0	0	0	0	0	0	0	2	0	0	4	0
0	0	1	7	0	67	0	0	0	0	0	67	0	0	0	2	0	0	0	0	0	0	0	0	0	0	0	1	0	0	0	10	0	0	0	0	0	0	0	0	0	0	0	0	0	0	0	0	0	0	0	0	0	0	0	0	0	0	31	0	0	0	0	0	0	0	0	0	0	0	0	0	0	56	0
0	0	0	5	0	0	0	0	1	0	28	0	0	0	0	26	0	0	0	1	34	0	2	2	0	2	0	0	0	1	0	45	0	0	0	0	0	0	0	0	0	0	0	0	0	1	0	0	1	0	0	9	1	3	0	2	6	25	0	61	0	0	1	0	0	0	0	0	2	0	0	4	0	0	0
0	0	188	8	0	18	0	0	162	0	0	44	0	202	2	0	0	31	1	20	52	74	1	0	4	0	186	0	0	12	0	1	0	165	13	0	0	0	0	0	166	0	1	0	0	0	0	0	0	0	0	0	227	0	0	4	2	13	90	72	0	0	1	0	0	0	0	0	0	0	4	0	0	0	0
0	0	0	47	0	133	0	0	0	0	37	11	0	88	48	1	0	1	8	0	1	0	0	0	0	0	2	2	0	0	0	5	0	0	0	0	0	0	0	0	4	0	5	0	0	0	0	0	0	0	0	0	0	0	0	0	1	4	2	4	0	0	86	0	0	0	0	0	0	0	0	0	0	6	0
0	0	0	16	3	743	0	1	0	0	0	295	0	11	42	2	110	2	55	0	1	1	1	1	0	0	1	1	0	0	0	1	0	17	281	0	3	0	0	0	7	2	42	0	3	1	20	3	0	0	0	0	0	0	0	3	2	3	4	0	0	6	247	0	97	0	3	0	4	56	0	0	6	0	0
0	0	0	0	0	0	0	0	0	0	0	0	0	9	0	3	0	2	1	0	10	1	6	0	2	0	6	0	0	1	0	113	0	0	0	0	0	0	0	0	0	0	0	0	0	12	0	0	0	0	0	46	8	0	0	0	0	57	134	0	0	0	1	0	0	0	0	0	0	0	0	0	0	0	0
