0	0	0	0	0	0	0	0	0	0	0	0	0	0	0	0	0	0	0	0	0	0	0	0	0	0	0	0	0	0	0	0	0	0	0	0	0	0	0	0	0	0	0	0	0	0	0	0	0	0	0	0	0	0	0	0	0	0	0	0	0	0	0	0	0	0	0	0	0	0	0	0	0	0	0
0	0	0	0	0	0	0	0	0	0	0	0	0	0	0	0	0	0	1	0	0	9	25	0	10	0	20	0	0	0	0	2	0	0	0	0	0	0	0	0	0	0	0	0	0	0	0	0	0	0	1	0	50	0	0	0	0	0	2	0	0	0	0	0	0	0	0	1	0	0	0	0	0	0	0
0	0	0	0	0	76	0	0	25	0	0	0	0	96	0	0	0	0	0	0	0	0	0	11	0	0	0	0	0	0	0	0	0	0	0	0	0	0	1	0	39	0	0	0	0	0	0	0	0	0	0	0	0	0	0	0	0	1	0	0	0	0	0	0	0	0	0	0	0	0	0	0	0	0	0
0	0	0	0	0	0	0	0	0	0	20	0	0	1	2	46	0	0	0	0	0	0	0	0	0	0	0	6	1	0	0	0	0	0	0	0	0	0	0	0	0	6	1	0	2	0	0	0	434	0	3	0	0	0	0	0	0	105	0	2	0	0	0	0	0	0	2	0	0	0	0	0	0	0	0
0	0	0	0	0	0	0	0	0	0	3	0	0	0	0	41	0	0	0	0	0	0	0	0	0	0	0	4	0	0	0	0	0	0	0	0	0	0	0	0	0	7	0	0	0	0	0	0	215	0	0	0	0	0	0	0	0	0	0	0	0	0	0	0	0	0	1	0	0	0	0	0	0	0	0
0	0	76	0	0	0	0	0	0	0	0	0	0	9	0	0	0	0	1	0	0	0	0	0	0	0	0	0	19	0	0	0	0	0	0	0	0	0	0	0	0	0	0	0	0	0	0	0	1	0	2	0	0	0	0	0	0	0	0	0	0	0	0	0	1	0	0	0	0	0	0	0	0	0	0
0	0	0	0	0	0	0	0	0	0	0	0	0	0	0	0	0	0	0	0	0	0	0	0	0	0	0	0	0	0	0	0	0	0	0	0	0	0	0	0	0	0	0	0	0	0	0	0	0	0	0	0	0	0	0	0	0	0	0	0	0	0	0	0	0	0	0	0	0	0	0	0	0	0	0
0	0	0	0	0	0	0	0	0	0	0	0	0	1	0	10	0	0	1	0	0	0	0	0	0	0	0	0	0	0	0	0	0	0	0	0	0	0	0	0	0	6	0	0	16	0	0	0	0	0	0	0	0	0	0	0	0	0	0	0	0	0	0	0	0	0	1	0	0	0	0	0	0	0	0
0	0	25	0	0	0	0	0	0	0	0	0	0	101	1	0	0	0	1	0	0	122	0	0	0	0	0	1	9	0	0	0	0	0	0	0	0	0	0	0	0	0	0	0	0	0	0	0	0	0	0	0	1	0	9	0	1	0	0	0	0	0	0	0	0	0	0	0	0	0	0	5	0	0	0
0	0	0	0	0	0	0	0	0	0	0	0	0	0	0	0	0	0	0	0	0	0	0	0	0	0	0	0	0	0	0	0	0	0	0	0	0	0	0	0	0	0	0	0	0	0	0	0	0	0	0	0	0	0	0	0	0	0	0	0	0	0	0	0	0	0	0	0	0	0	0	0	0	0	0
0	0	0	20	3	0	0	0	0	0	0	0	0	1	1	151	0	0	1	13	11	1	0	0	0	0	0	1	0	0	0	19	0	0	0	0	5	0	0	1	1	56	1	0	27	0	26	1	556	0	2	1	0	75	0	0	3	150	15	0	0	1	0	0	0	0	41	1	0	1	4	0	0	0	0
0	0	0	0	0	0	0	0	0	0	0	0	0	0	0	0	0	0	0	0	0	0	0	0	0	0	0	0	0	0	0	0	0	0	0	0	0	0	0	0	0	0	0	0	0	0	0	0	0	0	0	0	0	0	0	0	0	0	0	0	0	0	0	0	0	0	0	0	0	0	0	0	0	0	0
0	0	0	0	0	0	0	0	0	0	0	0	0	0	0	0	0	0	0	0	0	0	0	0	0	0	0	0	0	0	0	0	0	0	0	0	0	0	0	0	0	0	0	0	0	0	0	0	0	0	0	0	0	0	0	0	0	0	0	0	0	0	0	0	0	0	0	0	0	0	0	0	0	0	0
0	0	96	1	0	9	0	1	101	0	1	0	0	0	3	0	0	7	13	10	2	50	0	3	0	0	0	0	62	0	0	0	0	2	0	2	0	0	0	22	152	14	0	0	0	4	79	5	21	0	0	0	1	2	0	0	1	14	2	0	0	5	0	0	3	0	0	0	0	66	11	2	0	1	0
0	0	0	2	0	0	0	0	1	0	1	0	0	3	0	1	0	0	0	1	0	0	0	1	0	0	1	2	0	0	0	0	0	0	0	0	1	0	1	0	1	5	0	0	1	0	3	4	0	0	6	0	0	0	0	0	0	0	2	3	0	13	1	0	3	0	0	1	0	2	0	0	0	0	0
0	0	0	46	41	0	0	10	0	0	151	0	0	0	1	0	0	0	0	56	0	0	0	0	0	0	0	3	0	0	0	0	0	0	0	0	11	0	1	0	0	1	1	0	107	0	0	0	455	0	0	0	0	0	0	0	0	169	1	1	0	0	0	1	0	0	34	0	0	1	0	0	0	0	0
0	0	0	0	0	0	0	0	0	0	0	0	0	0	0	0	0	0	0	0	0	0	0	0	0	0	0	0	0	0	0	0	0	0	0	0	0	0	1	0	0	0	0	0	1	0	0	0	0	0	0	0	0	0	0	0	0	0	0	0	0	0	0	1	1	0	0	0	0	0	0	0	0	0	0
0	0	0	0	0	0	0	0	0	0	0	0	0	7	0	0	0	0	0	0	0	147	1	0	0	1	36	0	0	0	0	2	0	2	0	1	0	0	0	0	0	0	0	0	0	0	0	0	0	0	0	0	52	0	0	0	0	0	0	0	0	0	0	0	1	0	0	2	0	0	0	0	0	0	0
0	1	0	0	0	1	0	1	1	0	1	0	0	13	0	0	0	0	0	0	0	1	1	0	0	1	2	2	0	0	0	0	0	0	0	1	1	0	2	1	6	4	0	0	3	0	2	0	7	0	293	0	0	0	0	0	0	7	2	5	4	2	0	0	0	0	1	2	0	12	2	0	0	1	0
0	0	0	0	0	0	0	0	0	0	13	0	0	10	1	56	0	0	0	0	2	46	0	0	0	0	0	0	0	4	0	122	0	0	0	33	0	0	0	0	0	0	0	0	2	0	0	0	51	0	0	0	2	6	1	0	0	63	50	92	0	0	0	0	0	0	0	6	0	0	5	1	0	0	0
0	0	0	0	0	0	0	0	0	0	11	0	0	2	0	0	0	0	0	2	0	2	0	0	12	16	0	0	1	0	0	14	0	0	0	1	0	0	0	0	0	0	0	0	0	0	0	0	12	0	0	0	0	0	4	0	3	141	0	0	0	0	0	0	0	0	0	0	0	0	5	1	0	0	0
0	9	0	0	0	0	0	0	122	0	1	0	0	50	0	0	0	147	1	46	2	0	10	0	0	1	33	0	0	2	0	2	0	3	0	21	0	0	0	162	141	1	0	0	0	0	9	0	0	0	1	0	33	0	0	1	0	4	1	0	0	0	0	0	0	0	0	1	0	1	0	70	0	0	0
0	25	0	0	0	0	0	0	0	0	0	0	0	0	0	0	0	1	1	0	0	10	0	0	90	105	22	0	0	23	0	86	0	1	0	56	0	0	0	1	1	0	0	0	0	0	0	0	0	0	1	11	50	0	0	84	0	0	7	0	0	0	0	0	0	0	0	77	0	0	1	0	0	0	0
0	0	11	0	0	0	0	0	0	0	0	0	0	3	1	0	0	0	0	0	0	0	0	0	12	1	0	1	0	0	0	0	0	0	0	1	0	0	0	0	0	0	0	0	0	0	0	0	0	0	0	1	6	0	1	0	2	1	8	50	0	0	0	0	1	0	3	0	0	0	1	0	0	0	0
0	10	0	0	0	0	0	0	0	0	0	0	0	0	0	0	0	0	0	0	12	0	90	12	0	6	0	0	0	0	0	0	0	0	0	0	0	0	0	0	0	0	0	0	0	4	0	0	0	0	0	0	0	8	2	10	12	0	0	0	0	0	0	0	0	0	0	0	0	0	0	0	0	0	0
0	0	0	0	0	0	0	0	0	0	0	0	0	0	0	0	0	1	1	0	16	1	105	1	6	0	1	0	0	0	0	0	0	0	0	2	0	0	0	1	1	0	0	0	0	5	0	0	0	0	0	0	0	7	0	1	0	1	0	0	0	0	0	0	0	0	0	0	0	0	1	0	0	0	0
0	20	0	0	0	0	0	0	0	0	0	0	0	0	1	0	0	36	2	0	0	33	22	0	0	1	0	0	0	0	0	0	0	2	0	2	0	0	0	36	33	0	0	0	0	1	3	1	0	0	0	0	0	1	0	4	0	2	1	4	0	0	0	0	0	0	0	4	0	3	1	8	0	1	0
0	0	0	6	4	0	0	0	1	0	1	0	0	0	2	3	0	0	2	0	0	0	0	1	0	0	0	0	0	1	0	0	0	0	0	0	2	0	0	0	1	11	8	0	1	0	0	3	70	0	3	0	0	0	0	0	0	0	0	3	1	0	0	3	1	0	13	0	0	1	0	0	0	0	0
0	0	0	1	0	19	0	0	9	0	0	0	0	62	0	0	0	0	0	0	1	0	0	0	0	0	0	0	0	0	0	0	0	0	0	0	0	0	0	0	6	0	0	0	0	4	35	0	16	0	1	0	0	0	0	0	0	0	0	38	4	2	0	0	23	0	0	0	0	31	1	0	0	0	0
0	0	0	0	0	0	0	0	0	0	0	0	0	0	0	0	0	0	0	4	0	2	23	0	0	0	0	1	0	0	0	0	0	1	0	87	0	0	0	0	0	0	0	0	0	0	0	0	0	0	0	0	36	0	1	0	0	2	106	122	0	0	0	0	0	0	1	18	0	0	0	1	0	0	0
0	0	0	0	0	0	0	0	0	0	0	0	0	0	0	0	0	0	0	0	0	0	0	0	0	0	0	0	0	0	0	0	0	0	0	0	0	0	0	0	0	0	0	0	0	0	0	0	0	0	0	0	0	0	0	0	0	0	0	0	0	0	0	0	0	0	0	0	0	0	0	0	0	0	0
0	2	0	0	0	0	0	0	0	0	19	0	0	0	0	0	0	2	0	122	14	2	86	0	0	0	0	0	0	0	0	0	0	0	0	0	0	0	0	0	0	0	0	0	76	340	1	0	2	0	0	38	0	336	0	276	0	266	49	0	0	0	0	0	0	0	0	321	0	0	0	0	0	0	0
0	0	0	0	0	0	0	0	0	0	0	0	0	0	0	0	0	0	0	0	0	0	0	0	0	0	0	0	0	0	0	0	0	0	0	0	0	0	0	0	0	0	0	0	0	0	0	0	0	0	0	0	0	0	0	0	0	0	0	0	0	0	0	0	0	0	0	0	0	0	0	0	0	0	0
0	0	0	0	0	0	0	0	0	0	0	0	0	2	0	0	0	2	0	0	0	3	1	0	0	0	2	0	0	1	0	0	0	0	0	0	0	0	0	1	1	0	0	0	0	0	0	0	0	0	0	0	0	0	0	0	0	0	0	0	0	0	0	0	4	0	0	0	0	0	0	0	0	0	0
0	0	0	0	0	0	0	0	0	0	0	0	0	0	0	0	0	0	0	0	0	0	0	0	0	0	0	0	0	0	0	0	0	0	0	0	0	0	0	0	0	0	0	0	0	0	0	0	0	0	0	0	0	0	0	0	0	0	0	0	0	0	0	0	0	0	0	0	0	0	0	0	0	0	0
0	0	0	0	0	0	0	0	0	0	0	0	0	2	0	0	0	1	1	33	1	21	56	1	0	2	2	0	0	87	0	0	0	0	0	0	0	0	27	7	67	0	0	0	2	0	0	1	0	0	0	0	41	2	0	1	7	17	78	10	4	0	0	0	0	0	0	60	0	1	0	1	0	1	0
0	0	0	0	0	0	0	0	0	0	5	0	0	0	1	11	0	0	1	0	0	0	0	0	0	0	0	2	0	0	0	0	0	0	0	0	0	0	0	0	0	5	2	0	10	0	0	0	111	0	0	0	0	0	0	0	0	2	0	0	0	0	0	2	0	0	4	0	0	0	0	0	0	0	0
0	0	0	0	0	0	0	0	0	0	0	0	0	0	0	0	0	0	0	0	0	0	0	0	0	0	0	0	0	0	0	0	0	0	0	0	0	0	0	0	0	0	0	0	0	0	0	0	0	0	0	0	0	0	0	0	0	0	0	0	0	0	0	0	0	0	0	0	0	0	0	0	0	0	0
0	0	1	0	0	0	0	0	0	0	0	0	0	0	1	1	1	0	2	0	0	0	0	0	0	0	0	0	0	0	0	0	0	0	0	27	0	0	0	0	0	0	0	0	2	0	0	0	1	0	0	0	0	0	1	0	0	1	88	14	0	0	0	0	0	0	0	0	0	0	0	0	0	0	0
0	0	0	0	0	0	0	0	0	0	1	0	0	22	0	0	0	0	1	0	0	162	1	0	0	1	36	0	0	0	0	0	0	1	0	7	0	0	0	0	0	0	0	0	0	0	19	0	10	0	0	0	37	0	0	0	0	0	0	0	0	0	0	0	0	0	0	0	0	0	0	4	0	0	0
0	0	39	0	0	0	0	0	0	0	1	0	0	152	1	0	0	0	6	0	0	141	1	0	0	1	33	1	6	0	0	0	0	1	0	67	0	0	0	0	0	0	0	0	0	0	29	0	20	0	1	0	41	0	1	0	0	1	2	34	0	0	0	0	0	0	0	0	0	0	0	2	0	0	0
0	0	0	6	7	0	0	6	0	0	56	0	0	14	5	1	0	0	4	0	0	1	0	0	0	0	0	11	0	0	0	0	0	0	0	0	5	0	0	0	0	0	16	0	12	0	0	1	357	0	10	0	0	0	0	0	0	0	1	0	0	1	0	4	0	0	22	0	0	1	0	0	0	0	0
0	0	0	1	0	0	0	0	0	0	1	0	0	0	0	1	0	0	0	0	0	0	0	0	0	0	0	8	0	0	0	0	0	0	0	0	2	0	0	0	0	16	0	0	1	0	0	0	99	0	1	0	0	0	0	0	0	0	0	0	0	1	0	9	0	0	5	0	0	0	0	0	0	0	0
0	0	0	0	0	0	0	0	0	0	0	0	0	0	0	0	0	0	0	0	0	0	0	0	0	0	0	0	0	0	0	0	0	0	0	0	0	0	0	0	0	0	0	0	0	0	0	0	0	0	0	0	0	0	0	0	0	0	0	0	0	0	0	0	0	0	0	0	0	0	0	0	0	0	0
0	0	0	2	0	0	0	16	0	0	27	0	0	0	1	107	1	0	3	2	0	0	0	0	0	0	0	1	0	0	0	76	0	0	0	2	10	0	2	0	0	12	1	0	0	0	0	0	199	0	17	1	0	4	0	0	0	44	81	0	0	2	4	1	0	0	8	2	0	2	0	0	0	0	0
0	0	0	0	0	0	0	0	0	0	0	0	0	4	0	0	0	0	0	0	0	0	0	0	4	5	1	0	4	0	0	340	0	0	0	0	0	0	0	0	0	0	0	0	0	0	0	0	0	0	0	2	0	0	0	0	0	11	0	0	0	0	0	0	0	0	0	1	0	0	1	0	0	0	0
0	0	0	0	0	0	0	0	0	0	26	0	0	79	3	0	0	0	2	0	0	9	0	0	0	0	3	0	35	0	0	1	0	0	0	0	0	0	0	19	29	0	0	0	0	0	0	0	15	0	0	0	0	0	0	0	0	1	3	0	0	0	0	0	0	0	0	2	0	28	0	0	0	0	0
0	0	0	0	0	0	0	0	0	0	1	0	0	5	4	0	0	0	0	0	0	0	0	0	0	0	1	3	0	0	0	0	0	0	0	1	0	0	0	0	0	1	0	0	0	0	0	0	1	0	4	0	0	0	0	0	0	0	0	158	0	0	0	0	0	0	0	0	0	0	0	0	0	0	0
0	0	0	434	215	1	0	0	0	0	556	0	0	21	0	455	0	0	7	51	12	0	0	0	0	0	0	70	16	0	0	2	0	0	0	0	111	0	1	10	20	357	99	0	199	0	15	1	0	0	0	0	0	240	0	0	18	253	0	0	0	0	0	3	0	0	416	0	0	11	0	0	0	6	0
0	0	0	0	0	0	0	0	0	0	0	0	0	0	0	0	0	0	0	0	0	0	0	0	0	0	0	0	0	0	0	0	0	0	0	0	0	0	0	0	0	0	0	0	0	0	0	0	0	0	0	0	0	0	0	0	0	0	0	0	0	0	0	0	0	0	0	0	0	0	0	0	0	0	0
0	1	0	3	0	2	0	0	0	0	2	0	0	0	6	0	0	0	293	0	0	1	1	0	0	0	0	3	1	0	0	0	0	0	0	0	0	0	0	0	1	10	1	0	17	0	0	4	0	0	0	0	0	0	0	0	0	0	2	0	0	6	1	0	0	0	0	2	0	26	0	0	0	0	0
0	0	0	0	0	0	0	0	0	0	1	0	0	0	0	0	0	0	0	0	0	0	11	1	0	0	0	0	0	0	0	38	0	0	0	0	0	0	0	0	0	0	0	0	1	2	0	0	0	0	0	0	0	3	0	1	0	26	2	0	0	1	0	0	0	0	0	2	0	0	0	0	0	0	0
0	50	0	0	0	0	0	0	1	0	0	0	0	1	0	0	0	52	0	2	0	33	50	6	0	0	0	0	0	36	0	0	0	0	0	41	0	0	0	37	41	0	0	0	0	0	0	0	0	0	0	0	0	1	0	1	0	0	1	2	0	0	0	0	0	0	0	17	0	0	0	0	0	0	0
0	0	0	0	0	0	0	0	0	0	75	0	0	2	0	0	0	0	0	6	0	0	0	0	8	7	1	0	0	0	0	336	0	0	0	2	0	0	0	0	0	0	0	0	4	0	0	0	240	0	0	3	1	0	0	0	0	142	13	0	0	0	0	0	0	0	0	0	0	0	1	0	0	0	0
0	0	0	0	0	0	0	0	9	0	0	0	0	0	0	0	0	0	0	1	4	0	0	1	2	0	0	0	0	1	0	0	0	0	0	0	0	0	1	0	1	0	0	0	0	0	0	0	0	0	0	0	0	0	0	0	12	0	0	0	6	0	0	0	0	0	0	0	0	0	0	8	0	0	0
0	0	0	0	0	0	0	0	0	0	0	0	0	0	0	0	0	0	0	0	0	1	84	0	10	1	4	0	0	0	0	276	0	0	0	1	0	0	0	0	0	0	0	0	0	0	0	0	0	0	0	1	1	0	0	0	0	0	1	0	0	0	0	0	0	0	0	3	0	0	0	0	0	0	0
0	0	0	0	0	0	0	0	1	0	3	0	0	1	0	0	0	0	0	0	3	0	0	2	12	0	0	0	0	0	0	0	0	0	0	7	0	0	0	0	0	0	0	0	0	0	0	0	18	0	0	0	0	0	12	0	0	58	0	0	1	0	0	0	0	0	0	0	0	0	7	4	0	0	0
0	0	1	105	0	0	0	0	0	0	150	0	0	14	0	169	0	0	7	63	141	4	0	1	0	1	2	0	0	2	0	266	0	0	0	17	2	0	1	0	1	0	0	0	44	11	1	0	253	0	0	26	0	142	0	0	58	0	5	17	1	2	0	0	1	0	13	5	0	1	70	1	0	0	0
0	2	0	0	0	0	0	0	0	0	15	0	0	2	2	1	0	0	2	50	0	1	7	8	0	0	1	0	0	106	0	49	0	0	0	78	0	0	88	0	2	1	0	0	81	0	3	0	0	0	2	2	1	13	0	1	0	5	0	278	7	0	0	0	15	0	0	145	0	0	0	0	0	0	0
0	0	0	2	0	0	0	0	0	0	0	0	0	0	3	1	0	0	5	92	0	0	0	50	0	0	4	3	38	122	0	0	0	0	0	10	0	0	14	0	34	0	0	0	0	0	0	158	0	0	0	0	2	0	0	0	0	17	278	0	76	0	0	0	0	0	0	166	0	2	7	0	0	0	0
0	0	0	0	0	0	0	0	0	0	0	0	0	0	0	0	0	0	4	0	0	0	0	0	0	0	0	1	4	0	0	0	0	0	0	4	0	0	0	0	0	0	0	0	0	0	0	0	0	0	0	0	0	0	6	0	1	1	7	76	0	0	0	0	0	0	0	0	0	0	0	1	0	0	0
0	0	0	0	0	0	0	0	0	0	1	0	0	5	13	0	0	0	2	0	0	0	0	0	0	0	0	0	2	0	0	0	0	0	0	0	0	0	0	0	0	1	1	0	2	0	0	0	0	0	6	1	0	0	0	0	0	2	0	0	0	0	0	0	0	0	0	0	0	0	0	0	0	0	0
0	0	0	0	0	0	0	0	0	0	0	0	0	0	1	0	0	0	0	0	0	0	0	0	0	0	0	0	0	0	0	0	0	0	0	0	0	0	0	0	0	0	0	0	4	0	0	0	0	0	1	0	0	0	0	0	0	0	0	0	0	0	0	0	0	0	0	0	0	0	0	0	0	0	0
0	0	0	0	0	0	0	0	0	0	0	0	0	0	0	1	1	0	0	0	0	0	0	0	0	0	0	3	0	0	0	0	0	0	0	0	2	0	0	0	0	4	9	0	1	0	0	0	3	0	0	0	0	0	0	0	0	0	0	0	0	0	0	0	0	0	6	0	0	0	0	0	0	0	0
0	0	0	0	0	1	0	0	0	0	0	0	0	3	3	0	1	1	0	0	0	0	0	1	0	0	0	1	23	0	0	0	0	4	0	0	0	0	0	0	0	0	0	0	0	0	0	0	0	0	0	0	0	0	0	0	0	1	15	0	0	0	0	0	0	0	0	0	0	1	0	0	0	0	0
0	0	0	0	0	0	0	0	0	0	0	0	0	0	0	0	0	0	0	0	0	0	0	0	0	0	0	0	0	0	0	0	0	0	0	0	0	0	0	0	0	0	0	0	0	0	0	0	0	0	0	0	0	0	0	0	0	0	0	0	0	0	0	0	0	0	0	0	0	0	0	0	0	0	0
0	0	0	2	1	0	0	1	0	0	41	0	0	0	0	34	0	0	1	0	0	0	0	3	0	0	0	13	0	1	0	0	0	0	0	0	4	0	0	0	0	22	5	0	8	0	0	0	416	0	0	0	0	0	0	0	0	13	0	0	0	0	0	6	0	0	0	0	0	0	0	0	0	0	0
0	1	0	0	0	0	0	0	0	0	1	0	0	0	1	0	0	2	2	6	0	1	77	0	0	0	4	0	0	18	0	321	0	0	0	60	0	0	0	0	0	0	0	0	2	1	2	0	0	0	2	2	17	0	0	3	0	5	145	166	0	0	0	0	0	0	0	0	0	1	0	0	0	0	0
0	0	0	0	0	0	0	0	0	0	0	0	0	0	0	0	0	0	0	0	0	0	0	0	0	0	0	0	0	0	0	0	0	0	0	0	0	0	0	0	0	0	0	0	0	0	0	0	0	0	0	0	0	0	0	0	0	0	0	0	0	0	0	0	0	0	0	0	0	0	0	0	0	0	0
0	0	0	0	0	0	0	0	0	0	1	0	0	66	2	1	0	0	12	0	0	1	0	0	0	0	3	1	31	0	0	0	0	0	0	1	0	0	0	0	0	1	0	0	2	0	28	0	11	0	26	0	0	0	0	0	0	1	0	2	0	0	0	0	1	0	0	1	0	0	0	0	0	0	0
0	0	0	0	0	0	0	0	0	0	4	0	0	11	0	0	0	0	2	5	5	0	1	1	0	1	1	0	1	0	0	0	0	0	0	0	0	0	0	0	0	0	0	0	0	1	0	0	0	0	0	0	0	1	0	0	7	70	0	7	0	0	0	0	0	0	0	0	0	0	0	0	0	0	0
0	0	0	0	0	0	0	0	5	0	0	0	0	2	0	0	0	0	0	1	1	70	0	0	0	0	8	0	0	1	0	0	0	0	0	1	0	0	0	4	2	0	0	0	0	0	0	0	0	0	0	0	0	0	8	0	4	1	0	0	1	0	0	0	0	0	0	0	0	0	0	0	0	0	0
0	0	0	0	0	0	0	0	0	0	0	0	0	0	0	0	0	0	0	0	0	0	0	0	0	0	0	0	0	0	0	0	0	0	0	0	0	0	0	0	0	0	0	0	0	0	0	0	0	0	0	0	0	0	0	0	0	0	0	0	0	0	0	0	0	0	0	0	0	0	0	0	0	0	0
0	0	0	0	0	0	0	0	0	0	0	0	0	1	0	0	0	0	1	0	0	0	0	0	0	0	1	0	0	0	0	0	0	0	0	1	0	0	0	0	0	0	0	0	0	0	0	0	6	0	0	0	0	0	0	0	0	0	0	0	0	0	0	0	0	0	0	0	0	0	0	0	0	0	0
0	0	0	0	0	0	0	0	0	0	0	0	0	0	0	0	0	0	0	0	0	0	0	0	0	0	0	0	0	0	0	0	0	0	0	0	0	0	0	0	0	0	0	0	0	0	0	0	0	0	0	0	0	0	0	0	0	0	0	0	0	0	0	0	0	0	0	0	0	0	0	0	0	0	0
