0	0	0	0	0	0	0	0	0	0	0	0	0	0	0	0	0	0	0	0	0	0	0	0	0	0	0	0	0	0	0	0	0	0	0	0	0	0	0	0	0	0	0	0	0	0	0	0	0	0	0	0	0	0	0	0	0	0	0	0	0	0	0	0	0	0	0	0	0	0	0	0	0	0	0
0	0	0	0	0	0	0	0	0	0	21	0	0	0	0	0	0	0	0	1	1	0	146	0	96	0	16	0	0	235	0	6	0	2	2	4	0	0	0	0	0	0	0	0	0	3	0	0	0	0	3	0	0	2	0	112	0	0	6	0	0	0	0	0	0	0	0	1	109	0	0	0	0	0	0
0	0	0	0	0	0	0	0	0	0	0	0	0	0	0	0	0	0	0	0	0	0	0	0	0	0	0	0	0	0	0	0	0	0	0	0	0	0	0	0	0	0	0	0	0	0	0	0	0	0	0	0	0	0	0	0	0	0	0	0	0	0	0	0	0	0	0	0	0	0	0	0	0	0	0
0	0	0	0	0	0	0	0	0	0	208	0	0	5	104	9	0	0	0	0	1	0	0	0	0	0	4	0	0	0	3	2	0	0	5	0	0	0	0	0	0	0	0	0	0	0	44	0	2	0	0	0	0	0	0	0	0	61	4	6	0	0	0	0	0	0	8	0	0	5	0	0	0	0	0
0	0	0	0	0	0	0	0	0	0	0	0	0	0	0	0	0	0	0	0	0	0	0	0	0	0	0	0	0	0	0	0	0	0	2	0	0	0	0	0	0	0	0	0	0	0	0	0	0	0	0	0	0	0	0	0	0	0	0	0	0	0	0	0	0	0	13	0	0	0	0	0	0	0	0
0	0	0	0	0	0	0	0	0	0	2	2	0	34	157	3	0	0	0	2	1	0	0	0	0	0	0	0	0	0	0	2	0	5	966	0	0	0	0	0	0	0	0	0	0	0	132	0	0	0	0	0	0	0	0	0	0	0	1	0	0	0	0	0	0	0	0	0	0	0	0	0	0	0	1
0	0	0	0	0	0	0	0	0	0	187	0	0	0	0	21	0	0	0	9	225	0	0	0	112	0	0	0	0	0	0	324	0	0	0	0	0	0	0	0	0	0	0	0	0	0	1	0	3	0	0	0	0	2	0	0	0	58	114	0	0	0	0	0	0	0	0	0	0	0	0	0	0	0	213
0	0	0	0	0	0	0	0	0	0	0	0	0	0	0	0	0	0	0	0	0	0	0	0	0	0	0	0	0	0	0	0	0	0	0	0	0	0	0	0	0	0	0	0	0	0	0	0	0	0	0	0	0	0	0	0	0	0	0	0	0	0	0	0	0	0	0	0	0	0	0	0	0	0	0
0	0	0	0	0	0	0	0	0	0	2	0	0	293	0	1	0	0	0	10	22	0	0	0	0	0	6	0	0	28	0	0	0	27	323	3	0	0	0	0	0	0	0	0	0	0	11	0	0	0	0	0	0	0	0	0	0	0	17	28	0	0	0	0	0	0	0	0	0	0	0	0	0	0	0
0	0	0	0	0	0	0	0	0	0	0	0	0	12	0	0	0	0	1	17	0	0	0	0	0	0	0	0	0	13	0	0	0	0	0	0	0	0	0	0	0	0	0	0	0	0	0	0	0	0	1	0	0	0	0	0	0	0	0	0	0	0	0	0	0	0	0	0	0	0	0	0	0	0	0
0	21	0	208	0	2	187	0	2	0	0	0	0	0	1	247	0	0	10	78	182	2	0	1	0	0	0	0	0	0	3	46	0	2	13	1	41	0	0	0	0	94	60	24	440	5	3	0	25	0	18	2	0	323	0	0	0	206	20	38	0	39	30	0	0	0	161	8	0	0	23	9	8	0	0
0	0	0	0	0	2	0	0	0	0	0	0	0	0	0	0	0	0	0	0	0	0	0	0	0	0	0	0	0	0	0	0	0	0	0	0	0	0	2	0	0	0	0	0	0	0	4	0	0	0	0	0	0	0	0	0	0	0	0	0	0	0	20	0	0	0	0	0	0	0	0	0	0	0	0
0	0	0	0	0	0	0	0	0	0	0	0	0	0	0	0	0	0	0	0	0	0	0	0	0	0	0	0	0	0	0	0	0	0	0	0	0	0	0	0	0	0	0	0	0	0	0	0	0	0	0	0	0	0	0	0	0	0	0	0	0	0	0	0	0	0	0	0	0	0	0	0	0	0	0
0	0	0	5	0	34	0	0	293	12	0	0	0	0	1	1	0	12	0	210	4	74	1	10	0	0	11	0	109	149	0	2	0	267	1855	19	0	0	1	0	0	16	2	137	0	0	325	0	9	0	0	0	0	0	0	6	0	4	132	1	0	2	5	0	3	0	25	11	0	0	4	136	0	5	18
0	0	0	104	0	157	0	0	0	0	1	0	0	1	0	7	0	0	16	0	1	0	0	2	0	0	0	0	0	0	0	5	0	11	67	0	0	0	51	0	0	12	73	0	20	12	2	0	1	0	3	0	0	0	0	1	36	1	0	4	0	334	430	0	44	0	1	0	1	5	1	1	13	29	0
0	0	0	9	0	3	21	0	1	0	247	0	0	1	7	0	0	0	1	64	30	2	0	0	0	0	0	0	0	0	0	0	0	1	6	0	0	0	0	0	0	4	143	23	198	0	0	0	5	0	0	0	0	20	0	2	0	49	1	2	0	3	12	0	2	0	38	2	26	4	0	3	0	0	0
0	0	0	0	0	0	0	0	0	0	0	0	0	0	0	0	0	0	0	0	0	0	0	0	0	0	0	0	0	0	0	0	0	0	0	0	0	0	0	0	0	0	0	0	0	0	1	0	0	0	0	0	0	0	0	0	0	0	0	0	0	0	0	0	0	0	0	0	0	0	0	0	0	0	0
0	0	0	0	0	0	0	0	0	0	0	0	0	12	0	0	0	0	0	6	4	6	15	0	0	0	123	0	0	0	0	6	0	2	87	1	0	0	0	0	0	0	0	0	0	0	1	0	0	0	0	0	0	9	0	37	0	0	11	0	0	0	0	0	0	0	0	24	13	0	0	2	0	0	1
0	0	0	0	0	0	0	0	0	1	10	0	0	0	16	1	0	0	0	0	0	0	0	0	0	0	0	0	0	0	0	6	0	0	3	0	0	0	0	0	0	0	0	0	0	0	25	0	0	0	0	0	0	0	0	0	0	0	0	0	0	0	0	0	0	0	0	0	0	0	0	0	0	0	0
0	1	0	0	0	2	9	0	10	17	78	0	0	210	0	64	0	6	0	0	209	6	6	0	0	0	53	0	0	354	0	51	0	9	259	30	0	0	2	0	0	0	1	11	0	0	80	0	2	0	0	0	0	6	0	4	29	62	270	80	0	0	0	0	0	0	3	22	2	0	0	6	0	2	109
0	1	0	1	0	1	225	0	22	0	182	0	0	4	1	30	0	4	0	209	0	13	11	14	161	1	3	0	6	55	0	177	0	27	31	5	0	0	6	0	0	0	1	92	2	193	1	0	18	0	0	12	0	271	0	192	366	279	16	4	0	11	4	0	0	0	9	6	28	0	0	114	11	1	4
0	0	0	0	0	0	0	0	0	0	2	0	0	74	0	2	0	6	0	6	13	0	0	0	2	0	317	0	0	2	1	4	0	20	490	1	0	0	0	0	0	0	0	0	0	0	28	0	0	0	0	0	0	0	0	0	3	0	14	36	0	0	0	0	0	0	0	0	0	0	0	0	0	0	6
0	146	0	0	0	0	0	0	0	0	0	0	0	1	0	0	0	15	0	6	11	0	0	0	104	0	76	0	0	198	0	112	0	2	8	6	0	0	0	0	0	0	0	0	0	0	28	0	0	0	0	0	0	0	0	0	3	3	114	0	0	0	0	0	0	0	0	0	0	0	0	0	0	0	56
0	0	0	0	0	0	0	0	0	0	1	0	0	10	2	0	0	0	0	0	14	0	0	0	0	0	0	0	0	0	0	0	0	0	41	0	0	0	0	0	0	0	0	0	0	0	66	0	0	0	0	0	0	0	0	0	0	0	65	0	0	0	0	0	0	0	0	0	0	0	0	0	0	0	5
0	96	0	0	0	0	112	0	0	0	0	0	0	0	0	0	0	0	0	0	161	2	104	0	0	30	3	0	0	0	0	0	0	2	55	2	0	0	0	0	0	0	0	0	0	26	0	0	0	0	0	0	0	50	0	142	129	0	11	0	0	0	0	0	0	0	0	0	106	0	0	0	0	0	0
0	0	0	0	0	0	0	0	0	0	0	0	0	0	0	0	0	0	0	0	1	0	0	0	30	0	0	0	0	0	0	0	0	0	0	0	0	0	0	0	0	0	0	0	0	0	0	0	0	0	0	0	0	0	0	0	1	0	0	0	0	0	0	0	0	0	0	0	0	0	0	0	0	0	0
0	16	0	4	0	0	0	0	6	0	0	0	0	11	0	0	0	123	0	53	3	317	76	0	3	0	0	0	0	27	0	2	0	193	10	24	0	0	1	0	0	0	1	9	0	111	8	0	4	0	0	0	0	110	0	46	20	1	9	0	0	1	0	0	0	0	8	44	49	0	0	65	0	0	5
0	0	0	0	0	0	0	0	0	0	0	0	0	0	0	0	0	0	0	0	0	0	0	0	0	0	0	0	0	0	0	0	0	0	0	0	0	0	0	0	0	0	0	0	0	0	0	0	0	0	0	0	0	0	0	0	0	0	0	0	0	0	0	0	0	0	0	0	0	0	0	0	0	0	0
0	0	0	0	0	0	0	0	0	0	0	0	0	109	0	0	0	0	0	0	6	0	0	0	0	0	0	0	0	0	0	0	0	0	718	0	0	0	0	0	0	0	0	0	0	0	93	0	0	0	0	0	0	0	0	0	0	0	0	0	0	0	0	0	0	0	0	0	0	0	0	0	0	0	0
0	235	0	0	0	0	0	0	28	13	0	0	0	149	0	0	0	0	0	354	55	2	198	0	0	0	27	0	0	0	0	2	0	343	766	538	0	0	0	0	0	0	0	0	0	39	99	0	0	0	0	0	0	0	0	0	0	12	483	284	0	0	0	0	0	0	1	503	290	0	0	29	0	0	2
0	0	0	3	0	0	0	0	0	0	3	0	0	0	0	0	0	0	0	0	0	1	0	0	0	0	0	0	0	0	0	0	0	0	5	0	94	0	0	0	0	106	0	0	0	0	0	0	4	0	0	0	0	0	0	0	0	0	0	0	0	0	0	0	0	0	179	0	0	0	0	0	0	0	0
0	6	0	2	0	2	324	0	0	0	46	0	0	2	5	0	0	6	6	51	177	4	112	0	0	0	2	0	0	2	0	0	0	4	3	2	0	0	0	0	0	2	0	0	136	246	19	0	0	0	0	109	0	370	0	252	0	183	30	0	0	2	2	0	0	0	0	188	14	0	18	24	0	0	262
0	0	0	0	0	0	0	0	0	0	0	0	0	0	0	0	0	0	0	0	0	0	0	0	0	0	0	0	0	0	0	0	0	0	0	0	0	0	0	0	0	0	0	0	0	0	0	0	0	0	0	0	0	0	0	0	0	0	0	0	0	0	0	0	0	0	0	0	0	0	0	0	0	0	0
0	2	0	0	0	5	0	0	27	0	2	0	0	267	11	1	0	2	0	9	27	20	2	0	2	0	193	0	0	343	0	4	0	0	116	11	0	0	0	0	0	0	5	2	0	1	5	0	0	0	0	0	0	4	0	0	0	1	12	4	0	0	1	0	0	0	2	0	0	0	2	4	0	0	0
0	2	0	5	2	966	0	0	323	0	13	0	0	1855	67	6	0	87	3	259	31	490	8	41	55	0	10	0	718	766	5	3	0	116	0	8	0	0	58	0	0	13	12	174	49	102	1770	0	0	0	0	0	0	0	0	194	5	6	1393	0	0	100	88	0	1	0	34	147	8	61	0	622	0	12	14
0	4	0	0	0	0	0	0	3	0	1	0	0	19	0	0	0	1	0	30	5	1	6	0	2	0	24	0	0	538	0	2	0	11	8	0	0	0	0	0	0	0	0	0	0	2	23	0	1	0	0	0	0	1	0	2	0	6	255	0	0	0	0	0	0	0	0	16	0	0	1	1	0	0	4
0	0	0	0	0	0	0	0	0	0	41	0	0	0	0	0	0	0	0	0	0	0	0	0	0	0	0	0	0	0	94	0	0	0	0	0	0	0	0	0	0	0	0	0	0	0	1	0	4	0	0	0	0	0	0	0	0	0	0	0	0	0	0	0	0	0	66	0	0	0	0	0	0	0	3
0	0	0	0	0	0	0	0	0	0	0	0	0	0	0	0	0	0	0	0	0	0	0	0	0	0	0	0	0	0	0	0	0	0	0	0	0	0	0	0	0	0	0	0	0	0	0	0	0	0	0	0	0	0	0	0	0	0	0	0	0	0	0	0	0	0	0	0	0	0	0	0	0	0	0
0	0	0	0	0	0	0	0	0	0	0	2	0	1	51	0	0	0	0	2	6	0	0	0	0	0	1	0	0	0	0	0	0	0	58	0	0	0	0	0	0	0	0	0	0	0	22	0	0	0	0	0	0	0	0	0	0	0	131	0	0	0	0	0	0	0	0	0	0	0	0	0	0	0	0
0	0	0	0	0	0	0	0	0	0	0	0	0	0	0	0	0	0	0	0	0	0	0	0	0	0	0	0	0	0	0	0	0	0	0	0	0	0	0	0	0	0	0	0	0	0	0	0	0	0	0	0	0	0	0	0	0	0	0	0	0	0	0	0	0	0	0	0	0	0	0	0	0	0	0
0	0	0	0	0	0	0	0	0	0	0	0	0	0	0	0	0	0	0	0	0	0	0	0	0	0	0	0	0	0	0	0	0	0	0	0	0	0	0	0	0	0	0	0	0	0	0	0	0	0	0	0	0	0	0	0	0	0	0	0	0	0	0	0	0	0	0	0	0	0	0	0	0	0	0
0	0	0	0	0	0	0	0	0	0	94	0	0	16	12	4	0	0	0	0	0	0	0	0	0	0	0	0	0	0	106	2	0	0	13	0	0	0	0	0	0	0	0	0	0	0	10	0	14	0	0	0	0	0	0	0	8	11	4	0	0	0	0	0	0	0	83	0	0	0	0	0	0	0	0
0	0	0	0	0	0	0	0	0	0	60	0	0	2	73	143	0	0	0	1	1	0	0	0	0	0	1	0	0	0	0	0	0	5	12	0	0	0	0	0	0	0	0	0	2	0	1	0	3	0	0	0	0	0	0	0	0	1	224	0	0	0	0	0	0	0	0	0	0	5	0	0	0	0	0
0	0	0	0	0	0	0	0	0	0	24	0	0	137	0	23	0	0	0	11	92	0	0	0	0	0	9	0	0	0	0	0	0	2	174	0	0	0	0	0	0	0	0	0	0	0	42	0	0	0	0	0	0	0	0	0	0	34	235	0	0	0	0	0	0	0	1	0	0	0	0	0	0	0	2
0	0	0	0	0	0	0	0	0	0	440	0	0	0	20	198	0	0	0	0	2	0	0	0	0	0	0	0	0	0	0	136	0	0	49	0	0	0	0	0	0	0	2	0	0	0	8	0	53	0	0	0	0	2	0	0	0	3	87	6	0	0	0	0	0	0	0	0	0	0	0	0	0	0	68
0	3	0	0	0	0	0	0	0	0	5	0	0	0	12	0	0	0	0	0	193	0	0	0	26	0	111	0	0	39	0	246	0	1	102	2	0	0	0	0	0	0	0	0	0	0	32	0	0	0	0	0	0	0	0	0	5	47	1	0	0	0	0	0	0	0	0	0	0	0	0	0	0	0	2
0	0	0	44	0	132	1	0	11	0	3	4	0	325	2	0	1	1	25	80	1	28	28	66	0	0	8	0	93	99	0	19	0	5	1770	23	1	0	22	0	0	10	1	42	8	32	0	0	6	0	16	0	0	37	0	7	0	9	227	11	0	67	82	0	0	0	15	84	4	9	0	18	0	10	3
0	0	0	0	0	0	0	0	0	0	0	0	0	0	0	0	0	0	0	0	0	0	0	0	0	0	0	0	0	0	0	0	0	0	0	0	0	0	0	0	0	0	0	0	0	0	0	0	0	0	0	0	0	0	0	0	0	0	0	0	0	0	0	0	0	0	0	0	0	0	0	0	0	0	0
0	0	0	2	0	0	3	0	0	0	25	0	0	9	1	5	0	0	0	2	18	0	0	0	0	0	4	0	0	0	4	0	0	0	0	1	4	0	0	0	0	14	3	0	53	0	6	0	0	0	0	1	0	20	0	0	0	14	0	1	0	0	0	0	0	0	16	1	0	0	0	0	0	0	0
0	0	0	0	0	0	0	0	0	0	0	0	0	0	0	0	0	0	0	0	0	0	0	0	0	0	0	0	0	0	0	0	0	0	0	0	0	0	0	0	0	0	0	0	0	0	0	0	0	0	0	0	0	0	0	0	0	0	0	0	0	0	0	0	0	0	0	0	0	0	0	0	0	0	0
0	3	0	0	0	0	0	0	0	1	18	0	0	0	3	0	0	0	0	0	0	0	0	0	0	0	0	0	0	0	0	0	0	0	0	0	0	0	0	0	0	0	0	0	0	0	16	0	0	0	0	0	0	0	0	0	0	0	3	0	0	0	0	0	0	0	0	0	0	0	0	0	0	0	2
0	0	0	0	0	0	0	0	0	0	2	0	0	0	0	0	0	0	0	0	12	0	0	0	0	0	0	0	0	0	0	109	0	0	0	0	0	0	0	0	0	0	0	0	0	0	0	0	1	0	0	0	0	0	0	0	0	0	0	0	0	0	0	0	0	0	0	0	0	0	0	0	0	0	7
0	0	0	0	0	0	0	0	0	0	0	0	0	0	0	0	0	0	0	0	0	0	0	0	0	0	0	0	0	0	0	0	0	0	0	0	0	0	0	0	0	0	0	0	0	0	0	0	0	0	0	0	0	0	0	0	0	0	0	0	0	0	0	0	0	0	0	0	0	0	0	0	0	0	0
0	2	0	0	0	0	2	0	0	0	323	0	0	0	0	20	0	9	0	6	271	0	0	0	50	0	110	0	0	0	0	370	0	4	0	1	0	0	0	0	0	0	0	0	2	0	37	0	20	0	0	0	0	0	0	0	0	94	37	0	0	0	0	0	0	0	0	0	0	0	0	0	0	0	324
0	0	0	0	0	0	0	0	0	0	0	0	0	0	0	0	0	0	0	0	0	0	0	0	0	0	0	0	0	0	0	0	0	0	0	0	0	0	0	0	0	0	0	0	0	0	0	0	0	0	0	0	0	0	0	0	0	0	0	0	0	0	0	0	0	0	0	0	0	0	0	0	0	0	0
0	112	0	0	0	0	0	0	0	0	0	0	0	6	1	2	0	37	0	4	192	0	0	0	142	0	46	0	0	0	0	252	0	0	194	2	0	0	0	0	0	0	0	0	0	0	7	0	0	0	0	0	0	0	0	0	67	0	14	2	0	0	0	0	0	0	0	0	0	0	0	0	0	0	1
0	0	0	0	0	0	0	0	0	0	0	0	0	0	36	0	0	0	0	29	366	3	3	0	129	1	20	0	0	0	0	0	0	0	5	0	0	0	0	0	0	8	0	0	0	5	0	0	0	0	0	0	0	0	0	67	0	93	1	0	0	0	0	0	0	0	0	0	8	0	0	0	0	0	0
0	0	0	61	0	0	58	0	0	0	206	0	0	4	1	49	0	0	0	62	279	0	3	0	0	0	1	0	0	12	0	183	0	1	6	6	0	0	0	0	0	11	1	34	3	47	9	0	14	0	0	0	0	94	0	0	93	0	13	40	0	0	4	0	1	0	23	5	0	0	0	15	2	0	82
0	6	0	4	0	1	114	0	17	0	20	0	0	132	0	1	0	11	0	270	16	14	114	65	11	0	9	0	0	483	0	30	0	12	1393	255	0	0	131	0	0	4	224	235	87	1	227	0	0	0	3	0	0	37	0	14	1	13	0	156	0	12	18	0	0	0	8	309	169	8	3	133	0	3	238
0	0	0	6	0	0	0	0	28	0	38	0	0	1	4	2	0	0	0	80	4	36	0	0	0	0	0	0	0	284	0	0	0	4	0	0	0	0	0	0	0	0	0	0	6	0	11	0	1	0	0	0	0	0	0	2	0	40	156	0	0	14	10	0	0	0	0	116	0	0	4	8	0	0	0
0	0	0	0	0	0	0	0	0	0	0	0	0	0	0	0	0	0	0	0	0	0	0	0	0	0	0	0	0	0	0	0	0	0	0	0	0	0	0	0	0	0	0	0	0	0	0	0	0	0	0	0	0	0	0	0	0	0	0	0	0	0	0	0	0	0	0	0	0	0	0	0	0	0	0
0	0	0	0	0	0	0	0	0	0	39	0	0	2	334	3	0	0	0	0	11	0	0	0	0	0	1	0	0	0	0	2	0	0	100	0	0	0	0	0	0	0	0	0	0	0	67	0	0	0	0	0	0	0	0	0	0	0	12	14	0	0	0	0	0	0	0	0	0	0	0	1	0	0	2
0	0	0	0	0	0	0	0	0	0	30	20	0	5	430	12	0	0	0	0	4	0	0	0	0	0	0	0	0	0	0	2	0	1	88	0	0	0	0	0	0	0	0	0	0	0	82	0	0	0	0	0	0	0	0	0	0	4	18	10	0	0	0	0	0	0	0	0	0	2	0	0	0	0	19
0	0	0	0	0	0	0	0	0	0	0	0	0	0	0	0	0	0	0	0	0	0	0	0	0	0	0	0	0	0	0	0	0	0	0	0	0	0	0	0	0	0	0	0	0	0	0	0	0	0	0	0	0	0	0	0	0	0	0	0	0	0	0	0	0	0	0	0	0	0	0	0	0	0	0
0	0	0	0	0	0	0	0	0	0	0	0	0	3	44	2	0	0	0	0	0	0	0	0	0	0	0	0	0	0	0	0	0	0	1	0	0	0	0	0	0	0	0	0	0	0	0	0	0	0	0	0	0	0	0	0	0	1	0	0	0	0	0	0	0	0	0	0	0	3	0	0	0	0	1
0	0	0	0	0	0	0	0	0	0	0	0	0	0	0	0	0	0	0	0	0	0	0	0	0	0	0	0	0	0	0	0	0	0	0	0	0	0	0	0	0	0	0	0	0	0	0	0	0	0	0	0	0	0	0	0	0	0	0	0	0	0	0	0	0	0	0	0	0	0	0	0	0	0	0
0	0	0	8	13	0	0	0	0	0	161	0	0	25	1	38	0	0	0	3	9	0	0	0	0	0	8	0	0	1	179	0	0	2	34	0	66	0	0	0	0	83	0	1	0	0	15	0	16	0	0	0	0	0	0	0	0	23	8	0	0	0	0	0	0	0	0	0	0	0	0	0	0	0	1
0	1	0	0	0	0	0	0	0	0	8	0	0	11	0	2	0	24	0	22	6	0	0	0	0	0	44	0	0	503	0	188	0	0	147	16	0	0	0	0	0	0	0	0	0	0	84	0	1	0	0	0	0	0	0	0	0	5	309	116	0	0	0	0	0	0	0	0	0	0	0	0	0	0	16
0	109	0	0	0	0	0	0	0	0	0	0	0	0	1	26	0	13	0	2	28	0	0	0	106	0	49	0	0	290	0	14	0	0	8	0	0	0	0	0	0	0	0	0	0	0	4	0	0	0	0	0	0	0	0	0	8	0	169	0	0	0	0	0	0	0	0	0	0	0	0	0	0	0	67
0	0	0	5	0	0	0	0	0	0	0	0	0	0	5	4	0	0	0	0	0	0	0	0	0	0	0	0	0	0	0	0	0	0	61	0	0	0	0	0	0	0	5	0	0	0	9	0	0	0	0	0	0	0	0	0	0	0	8	0	0	0	2	0	3	0	0	0	0	0	0	0	0	0	0
0	0	0	0	0	0	0	0	0	0	23	0	0	4	1	0	0	0	0	0	0	0	0	0	0	0	0	0	0	0	0	18	0	2	0	1	0	0	0	0	0	0	0	0	0	0	0	0	0	0	0	0	0	0	0	0	0	0	3	4	0	0	0	0	0	0	0	0	0	0	0	0	0	0	1
0	0	0	0	0	0	0	0	0	0	9	0	0	136	1	3	0	2	0	6	114	0	0	0	0	0	65	0	0	29	0	24	0	4	622	1	0	0	0	0	0	0	0	0	0	0	18	0	0	0	0	0	0	0	0	0	0	15	133	8	0	1	0	0	0	0	0	0	0	0	0	0	0	0	9
0	0	0	0	0	0	0	0	0	0	8	0	0	0	13	0	0	0	0	0	11	0	0	0	0	0	0	0	0	0	0	0	0	0	0	0	0	0	0	0	0	0	0	0	0	0	0	0	0	0	0	0	0	0	0	0	0	2	0	0	0	0	0	0	0	0	0	0	0	0	0	0	0	0	0
0	0	0	0	0	0	0	0	0	0	0	0	0	5	29	0	0	0	0	2	1	0	0	0	0	0	0	0	0	0	0	0	0	0	12	0	0	0	0	0	0	0	0	0	0	0	10	0	0	0	0	0	0	0	0	0	0	0	3	0	0	0	0	0	0	0	0	0	0	0	0	0	0	0	1
0	0	0	0	0	1	213	0	0	0	0	0	0	18	0	0	0	1	0	109	4	6	56	5	0	0	5	0	0	2	0	262	0	0	14	4	3	0	0	0	0	0	0	2	68	2	3	0	0	0	2	7	0	324	0	1	0	82	238	0	0	2	19	0	1	0	1	16	67	0	1	9	0	1	0
