0	0	0	0	0	0	0	0	0	0	0	0	0	0	0	0	0	0	0	0	0	0	0	0	0	0	0	0	0	0	0	0	0	0	0	0	0	0	0	0	0	0	0	0	0	0	0	0	0	0	0	0	0	0	0	0	0	0	0	0	0	0	0	0	0	0	0	0	0	0	0	0	0	0	0
0	0	0	0	0	0	0	0	0	0	0	0	0	0	0	0	0	0	0	0	0	0	22	0	4	0	0	0	0	0	0	8	0	0	0	0	1	0	0	0	0	0	0	0	0	0	0	0	0	0	0	0	0	0	0	0	0	0	0	0	0	0	0	0	0	0	0	2	0	0	0	0	0	0	0
0	0	0	0	0	444	0	0	463	0	0	0	0	475	0	168	329	1	0	95	19	12	0	4	0	0	0	0	0	9	0	2	0	0	0	9	1	0	7	7	308	21	0	257	1	0	0	0	0	0	0	0	0	0	6	3	0	31	0	0	30	0	0	0	0	0	34	0	0	2	7	0	0	0	0
0	0	0	0	0	0	0	0	0	0	139	0	0	0	3	3	1	0	0	0	0	0	0	0	0	0	0	8	0	0	0	0	0	0	0	0	0	0	0	0	0	0	1	0	0	0	0	0	152	0	0	0	0	0	0	0	0	69	0	0	0	0	0	0	0	0	28	0	0	1	0	0	0	0	0
0	0	0	0	0	0	0	0	0	0	0	0	0	0	0	97	97	0	0	0	0	0	0	0	0	0	0	0	0	0	0	0	0	0	0	0	0	0	0	0	0	0	0	0	0	0	0	0	2	0	3	0	0	0	0	0	0	0	0	0	0	0	0	0	0	0	1	0	0	0	0	0	0	0	0
0	0	444	0	0	0	0	0	0	0	0	0	0	14	0	178	178	0	1	0	0	0	0	0	0	0	0	0	0	0	0	0	0	0	0	0	0	0	0	0	0	0	0	0	0	0	0	0	0	0	0	0	0	0	0	0	0	0	0	0	0	0	0	0	0	0	0	0	0	0	0	0	0	0	0
0	0	0	0	0	0	0	0	0	0	0	0	0	0	0	0	0	0	0	0	0	0	0	0	0	0	0	0	0	0	0	0	0	0	0	0	0	0	0	0	0	0	0	0	0	0	0	0	0	0	0	0	0	0	0	0	0	0	0	0	0	0	0	0	0	0	0	0	0	0	0	0	0	0	0
0	0	0	0	0	0	0	0	0	0	0	0	0	0	0	6	0	0	2	0	0	0	0	0	0	0	0	0	0	1	0	0	0	0	0	0	10	0	17	0	0	84	19	0	136	0	0	2	1	0	0	0	0	0	0	0	0	2	0	0	0	0	0	0	0	0	12	2	0	0	0	0	0	0	0
0	0	463	0	0	0	0	0	0	0	0	0	0	24	0	52	52	0	0	0	0	1	0	0	0	0	0	0	0	0	0	0	0	1	0	0	0	0	0	0	0	0	0	0	0	0	0	0	0	124	0	0	0	0	10	0	0	0	0	0	0	0	0	0	0	0	0	0	0	0	0	0	0	0	0
0	0	0	0	0	0	0	0	0	0	0	0	0	0	0	0	0	0	0	0	0	0	0	0	0	0	0	0	0	0	0	0	0	0	0	0	0	0	0	0	0	0	0	0	0	0	0	0	0	0	0	0	0	0	0	0	0	0	0	0	0	0	0	0	0	0	0	0	0	0	0	0	0	0	0
0	0	0	139	0	0	0	0	0	0	0	0	0	0	0	174	6	0	139	44	93	0	0	4	0	0	0	6	0	0	0	41	0	0	0	2	8	0	1	0	0	43	11	12	173	0	0	1	186	0	0	0	0	81	3	0	106	277	0	0	0	2	0	0	0	0	138	0	0	2	0	0	0	0	0
0	0	0	0	0	0	0	0	0	0	0	0	0	0	0	0	0	0	0	0	0	0	0	0	0	0	0	0	0	0	0	0	0	0	0	0	0	0	0	0	0	0	0	0	0	0	0	0	0	0	0	0	0	0	0	0	0	0	0	0	0	0	0	0	0	0	0	0	0	0	32	42	0	0	0
0	0	0	0	0	0	0	0	0	0	0	0	0	0	0	0	0	0	0	0	0	0	0	0	0	0	0	0	0	0	0	0	0	0	0	0	0	0	0	0	0	0	0	0	0	0	0	0	0	0	0	0	0	0	0	0	0	0	0	0	0	0	0	0	0	0	0	0	0	0	0	0	0	0	0
0	0	475	0	0	14	0	0	24	0	0	0	0	0	0	85	86	5	0	7	0	97	0	1	0	0	0	0	0	0	0	0	0	25	0	0	0	0	0	12	20	0	0	7	0	0	0	0	0	100	0	0	0	0	0	0	0	3	0	0	0	0	0	0	0	0	0	0	0	2	1	0	0	0	0
0	0	0	3	0	0	0	0	0	0	0	0	0	0	0	12	12	0	2	0	0	0	0	0	0	0	0	0	0	0	0	0	0	0	0	0	1	0	4	0	0	0	0	0	0	0	0	5	0	0	0	0	0	0	0	0	0	0	0	0	0	6	0	0	0	0	0	0	0	0	0	0	0	0	0
0	0	168	3	97	178	0	6	52	0	174	0	0	85	12	0	8	0	14	40	1	0	0	5	0	0	0	1	0	2	0	0	0	0	0	0	16	2	17	0	15	7	11	15	15	0	0	13	35	0	142	0	0	0	0	0	0	56	0	1	4	17	0	0	0	0	24	0	0	60	1	0	0	0	0
0	0	329	1	97	178	0	0	52	0	6	0	0	86	12	8	0	0	13	37	1	0	0	5	0	0	0	0	0	1	0	0	0	0	0	0	13	0	17	0	15	6	4	9	5	0	0	13	0	0	150	0	0	0	0	0	0	12	0	1	4	17	0	4	0	0	3	0	0	60	1	0	0	0	0
0	0	1	0	0	0	0	0	0	0	0	0	0	5	0	0	0	0	0	2	0	288	1	0	0	0	39	0	0	0	0	12	0	0	0	0	0	0	0	11	0	0	0	0	0	0	0	0	0	0	0	0	4	0	0	0	0	0	0	0	0	0	0	0	0	0	0	0	0	0	0	0	0	0	0
0	0	0	0	0	1	0	2	0	0	139	0	0	0	2	14	13	0	0	0	0	0	0	0	0	0	0	0	0	0	0	20	0	0	0	1	1	0	2	0	0	5	0	0	9	0	0	0	1	0	168	0	0	1	0	0	0	54	0	1	0	5	0	0	0	0	0	0	0	4	0	0	0	0	0
0	0	95	0	0	0	0	0	0	0	44	0	0	7	0	40	37	2	0	0	10	4	1	2	4	0	0	0	0	6	0	14	0	2	0	9	0	1	0	0	4	0	2	17	2	2	0	0	13	2	0	0	2	2	2	0	4	170	0	0	2	0	0	0	0	0	0	0	0	0	2	0	0	0	0
0	0	19	0	0	0	0	0	0	0	93	0	0	0	0	1	1	0	0	10	0	21	0	0	4	0	2	0	0	0	0	84	0	20	0	0	0	1	0	1	0	0	0	1	0	0	0	0	9	21	0	0	1	0	14	0	2	132	0	0	0	0	0	0	0	0	0	0	0	0	1	0	0	0	0
0	0	12	0	0	0	0	0	1	0	0	0	0	97	0	0	0	288	0	4	21	0	4	0	0	1	26	0	0	3	0	0	0	55	0	10	0	0	1	313	287	0	2	0	0	0	0	0	0	0	0	0	3	0	0	8	0	2	0	0	1	0	0	0	0	0	0	0	0	5	1	1	0	0	0
0	22	0	0	0	0	0	0	0	0	0	0	0	0	0	0	0	1	0	1	0	4	0	0	11	4	2	0	0	2	0	5	0	1	0	3	0	0	1	0	2	0	0	3	0	7	0	0	0	0	0	1	1	0	0	1	0	2	0	1	0	0	0	0	0	0	0	6	0	0	0	0	0	0	0
0	0	4	0	0	0	0	0	0	0	4	0	0	1	0	5	5	0	0	2	0	0	0	0	0	0	0	0	0	0	0	0	0	0	0	0	0	1	0	0	0	0	0	1	0	0	0	0	0	13	0	0	0	0	0	0	1	36	0	0	0	0	0	0	0	0	0	0	0	0	0	0	0	0	0
0	4	0	0	0	0	0	0	0	0	0	0	0	0	0	0	0	0	0	4	4	0	11	0	0	0	0	0	0	0	0	2	0	0	0	0	0	0	0	0	0	0	0	0	0	0	0	0	0	0	0	0	0	0	1	0	10	0	0	0	0	0	0	0	0	0	4	0	0	0	0	0	0	0	0
0	0	0	0	0	0	0	0	0	0	0	0	0	0	0	0	0	0	0	0	0	1	4	0	0	0	0	0	0	0	0	0	0	0	0	0	0	0	0	0	0	0	0	0	0	0	0	0	0	0	0	0	0	0	0	0	0	0	0	0	0	0	0	0	0	0	0	0	0	0	0	0	0	0	0
0	0	0	0	0	0	0	0	0	0	0	0	0	0	0	0	0	39	0	0	2	26	2	0	0	0	0	0	0	0	0	1	0	0	0	2	0	0	0	38	29	0	0	1	0	0	0	0	0	0	0	0	1	0	0	3	0	1	0	1	0	0	0	0	0	0	0	0	0	0	0	1	0	11	0
0	0	0	8	0	0	0	0	0	0	6	0	0	0	0	1	0	0	0	0	0	0	0	0	0	0	0	0	0	0	0	0	0	0	0	0	5	0	0	0	0	6	0	0	0	0	0	0	103	0	0	0	0	0	0	0	0	0	0	0	0	0	0	2	0	0	72	0	0	0	0	0	0	0	0
0	0	0	0	0	0	0	0	0	0	0	0	0	0	0	0	0	0	0	0	0	0	0	0	0	0	0	0	0	0	0	0	0	0	0	0	0	0	0	0	0	0	0	0	0	0	0	0	0	0	0	0	0	0	0	0	0	0	0	0	0	0	0	0	0	0	0	0	0	0	0	0	0	0	0
0	0	9	0	0	0	0	1	0	0	0	0	0	0	0	2	1	0	0	6	0	3	2	0	0	0	0	0	0	0	0	0	0	29	0	3	0	1	0	0	0	0	0	1	0	0	0	0	0	0	0	0	4	0	23	0	0	3	0	0	0	0	0	0	0	0	0	3	0	0	0	0	0	0	0
0	0	0	0	0	0	0	0	0	0	0	0	0	0	0	0	0	0	0	0	0	0	0	0	0	0	0	0	0	0	0	0	0	0	0	0	0	0	0	0	0	0	0	0	0	0	0	0	0	0	0	0	0	0	0	0	0	0	0	0	0	0	0	0	0	0	0	0	0	0	0	0	0	0	0
0	8	2	0	0	0	0	0	0	0	41	0	0	0	0	0	0	12	20	14	84	0	5	0	2	0	1	0	0	0	0	0	0	0	0	0	0	0	0	0	0	0	0	0	42	248	0	0	0	0	0	56	0	2	0	132	0	146	0	0	0	0	0	0	0	0	0	22	0	0	0	0	0	0	0
0	0	0	0	0	0	0	0	0	0	0	0	0	0	0	0	0	0	0	0	0	0	0	0	0	0	0	0	0	0	0	0	0	0	0	0	0	0	0	0	0	0	0	0	0	0	0	0	0	0	0	0	0	0	0	0	0	0	0	0	0	0	0	0	0	0	0	0	0	0	0	0	0	0	0
0	0	0	0	0	0	0	0	1	0	0	0	0	25	0	0	0	0	0	2	20	55	1	0	0	0	0	0	0	29	0	0	0	0	0	32	0	0	4	55	59	0	0	5	0	1	0	0	0	0	0	0	0	0	0	0	0	1	0	0	8	0	0	0	0	0	0	0	0	0	0	1	0	0	0
0	0	0	0	0	0	0	0	0	0	0	0	0	0	0	0	0	0	0	0	0	0	0	0	0	0	0	0	0	0	0	0	0	0	0	0	0	0	0	0	0	0	0	0	0	0	0	0	0	0	0	0	0	0	0	0	0	0	0	0	0	0	0	0	0	0	0	0	0	0	0	0	0	0	0
0	0	9	0	0	0	0	0	0	0	2	0	0	0	0	0	0	0	1	9	0	10	3	0	0	0	2	0	0	3	0	0	0	32	0	0	0	2	0	0	7	0	0	9	2	0	0	0	0	33	0	0	2	0	19	0	0	3	0	0	0	0	0	0	0	0	0	18	0	0	1	0	0	0	0
0	1	1	0	0	0	0	10	0	0	8	0	0	0	1	16	13	0	1	0	0	0	0	0	0	0	0	5	0	0	0	0	0	0	0	0	0	0	0	0	0	1	38	0	1	0	0	0	22	1	0	0	0	0	0	0	0	0	0	0	0	0	0	0	0	0	80	1	0	0	0	0	0	0	0
0	0	0	0	0	0	0	0	0	0	0	0	0	0	0	2	0	0	0	1	1	0	0	1	0	0	0	0	0	1	0	0	0	0	0	2	0	0	1	0	0	0	1	0	0	0	0	0	0	0	0	0	0	0	0	0	1	0	0	0	1	0	0	0	0	0	0	2	0	1	0	0	0	0	0
0	0	7	0	0	0	0	17	0	0	1	0	0	0	4	17	17	0	2	0	0	1	1	0	0	0	0	0	0	0	0	0	0	4	0	0	0	1	0	0	0	0	0	1	2	0	0	0	2	0	1	0	0	0	21	0	1	1	0	0	0	0	0	0	0	0	0	0	0	0	0	0	0	0	0
0	0	7	0	0	0	0	0	0	0	0	0	0	12	0	0	0	11	0	0	1	313	0	0	0	0	38	0	0	0	0	0	0	55	0	0	0	0	0	0	12	0	0	0	0	0	1	0	0	0	0	0	4	0	1	1	0	1	0	0	0	0	0	0	0	0	0	0	0	0	0	0	0	0	0
0	0	308	0	0	0	0	0	0	0	0	0	0	20	0	15	15	0	0	4	0	287	2	0	0	0	29	0	0	0	0	0	0	59	0	7	0	0	0	12	0	0	0	0	0	0	0	0	0	139	0	0	6	0	27	0	0	3	0	0	0	0	0	0	0	0	0	0	0	0	1	0	0	0	0
0	0	21	0	0	0	0	84	0	0	43	0	0	0	0	7	6	0	5	0	0	0	0	0	0	0	0	6	0	0	0	0	0	0	0	0	1	0	0	0	0	0	0	0	13	0	0	0	122	0	1	0	0	0	0	0	0	7	0	0	0	0	0	0	0	0	62	0	0	0	0	0	0	0	0
0	0	0	1	0	0	0	19	0	0	11	0	0	0	0	11	4	0	0	2	0	2	0	0	0	0	0	0	0	0	0	0	0	0	0	0	38	1	0	0	0	0	0	1	1	0	0	0	10	0	0	0	0	0	0	0	0	0	0	0	0	0	0	0	0	0	41	2	0	1	0	0	0	0	0
0	0	257	0	0	0	0	0	0	0	12	0	0	7	0	15	9	0	0	17	1	0	3	1	0	0	1	0	0	1	0	0	0	5	0	9	0	0	1	0	0	0	1	0	0	0	1	0	17	146	0	0	0	0	0	0	1	124	0	0	1	0	0	0	0	0	0	38	0	1	0	0	0	0	0
0	0	1	0	0	0	0	136	0	0	173	0	0	0	0	15	5	0	9	2	0	0	0	0	0	0	0	0	0	0	0	42	0	0	0	2	1	0	2	0	0	13	1	0	0	0	0	2	209	0	1	0	0	0	0	0	0	26	0	0	0	0	0	0	0	0	23	8	0	0	0	0	0	0	0
0	0	0	0	0	0	0	0	0	0	0	0	0	0	0	0	0	0	0	2	0	0	7	0	0	0	0	0	0	0	0	248	0	1	0	0	0	0	0	0	0	0	0	0	0	0	0	0	0	0	0	0	0	0	0	0	0	49	0	0	0	0	0	0	0	0	0	4	0	0	0	0	0	0	0
0	0	0	0	0	0	0	0	0	0	0	0	0	0	0	0	0	0	0	0	0	0	0	0	0	0	0	0	0	0	0	0	0	0	0	0	0	0	0	1	0	0	0	1	0	0	0	0	0	1	0	0	0	0	0	0	0	0	0	0	0	0	0	0	0	0	0	1	0	0	0	0	0	0	0
0	0	0	0	0	0	0	2	0	0	1	0	0	0	5	13	13	0	0	0	0	0	0	0	0	0	0	0	0	0	0	0	0	0	0	0	0	0	0	0	0	0	0	0	2	0	0	0	0	0	0	0	0	0	0	0	0	0	0	0	0	0	0	0	0	0	0	0	0	0	0	0	0	0	0
0	0	0	152	2	0	0	1	0	0	186	0	0	0	0	35	0	0	1	13	9	0	0	0	0	0	0	103	0	0	0	0	0	0	0	0	22	0	2	0	0	122	10	17	209	0	0	0	0	0	0	0	0	0	4	0	0	144	0	0	0	0	0	1	0	0	206	0	0	0	1	0	0	0	0
0	0	0	0	0	0	0	0	124	0	0	0	0	100	0	0	0	0	0	2	21	0	0	13	0	0	0	0	0	0	0	0	0	0	0	33	1	0	0	0	139	0	0	146	0	0	1	0	0	0	0	0	0	0	0	0	7	17	0	0	127	0	0	0	0	0	0	6	0	48	0	0	0	0	0
0	0	0	0	3	0	0	0	0	0	0	0	0	0	0	142	150	0	168	0	0	0	0	0	0	0	0	0	0	0	0	0	0	0	0	0	0	0	1	0	0	1	0	0	1	0	0	0	0	0	0	0	0	0	0	0	0	1	0	0	0	0	0	4	0	0	0	0	0	0	0	0	0	0	0
0	0	0	0	0	0	0	0	0	0	0	0	0	0	0	0	0	0	0	0	0	0	1	0	0	0	0	0	0	0	0	56	0	0	0	0	0	0	0	0	0	0	0	0	0	0	0	0	0	0	0	0	0	0	0	1	0	0	0	0	0	0	0	0	0	0	0	0	0	0	0	0	0	0	0
0	0	0	0	0	0	0	0	0	0	0	0	0	0	0	0	0	4	0	2	1	3	1	0	0	0	1	0	0	4	0	0	0	0	0	2	0	0	0	4	6	0	0	0	0	0	0	0	0	0	0	0	0	0	0	1	0	1	0	1	0	0	0	0	0	0	0	2	0	0	0	0	0	5	0
0	0	0	0	0	0	0	0	0	0	81	0	0	0	0	0	0	0	1	2	0	0	0	0	0	0	0	0	0	0	0	2	0	0	0	0	0	0	0	0	0	0	0	0	0	0	0	0	0	0	0	0	0	0	0	0	0	56	0	0	0	0	0	0	0	0	0	0	0	0	0	0	0	0	0
0	0	6	0	0	0	0	0	10	0	3	0	0	0	0	0	0	0	0	2	14	0	0	0	1	0	0	0	0	23	0	0	0	0	0	19	0	0	21	1	27	0	0	0	0	0	0	0	4	0	0	0	0	0	0	0	5	0	0	0	5	0	0	0	0	0	0	0	0	0	0	0	0	0	0
0	0	3	0	0	0	0	0	0	0	0	0	0	0	0	0	0	0	0	0	0	8	1	0	0	0	3	0	0	0	0	132	0	0	0	0	0	0	0	1	0	0	0	0	0	0	0	0	0	0	0	1	1	0	0	0	1	1	0	2	0	0	0	0	0	0	0	2	0	0	0	0	0	0	0
0	0	0	0	0	0	0	0	0	0	106	0	0	0	0	0	0	0	0	4	2	0	0	1	10	0	0	0	0	0	0	0	0	0	0	0	0	1	1	0	0	0	0	1	0	0	0	0	0	7	0	0	0	0	5	1	0	125	0	0	0	0	0	0	0	0	0	0	0	0	0	0	0	0	0
0	0	31	69	0	0	0	2	0	0	277	0	0	3	0	56	12	0	54	170	132	2	2	36	0	0	1	0	0	3	0	146	0	1	0	3	0	0	1	1	3	7	0	124	26	49	0	0	144	17	1	0	1	56	0	1	125	0	0	0	1	0	0	0	0	0	4	0	0	14	0	0	0	0	0
0	0	0	0	0	0	0	0	0	0	0	0	0	0	0	0	0	0	0	0	0	0	0	0	0	0	0	0	0	0	0	0	0	0	0	0	0	0	0	0	0	0	0	0	0	0	0	0	0	0	0	0	0	0	0	0	0	0	0	0	0	0	0	0	0	0	0	0	0	0	0	0	0	0	0
0	0	0	0	0	0	0	0	0	0	0	0	0	0	0	1	1	0	1	0	0	0	1	0	0	0	1	0	0	0	0	0	0	0	0	0	0	0	0	0	0	0	0	0	0	0	0	0	0	0	0	0	1	0	0	2	0	0	0	0	0	0	0	0	0	0	0	0	0	0	0	0	0	0	0
0	0	30	0	0	0	0	0	0	0	0	0	0	0	0	4	4	0	0	2	0	1	0	0	0	0	0	0	0	0	0	0	0	8	0	0	0	1	0	0	0	0	0	1	0	0	0	0	0	127	0	0	0	0	5	0	0	1	0	0	0	0	0	0	0	0	0	0	0	0	0	0	0	0	0
0	0	0	0	0	0	0	0	0	0	2	0	0	0	6	17	17	0	5	0	0	0	0	0	0	0	0	0	0	0	0	0	0	0	0	0	0	0	0	0	0	0	0	0	0	0	0	0	0	0	0	0	0	0	0	0	0	0	0	0	0	0	0	0	0	0	1	0	0	0	0	0	0	0	0
0	0	0	0	0	0	0	0	0	0	0	0	0	0	0	0	0	0	0	0	0	0	0	0	0	0	0	0	0	0	0	0	0	0	0	0	0	0	0	0	0	0	0	0	0	0	0	0	0	0	0	0	0	0	0	0	0	0	0	0	0	0	0	0	0	0	0	0	0	0	0	0	0	0	0
0	0	0	0	0	0	0	0	0	0	0	0	0	0	0	0	4	0	0	0	0	0	0	0	0	0	0	2	0	0	0	0	0	0	0	0	0	0	0	0	0	0	0	0	0	0	0	0	1	0	4	0	0	0	0	0	0	0	0	0	0	0	0	0	0	0	7	0	0	0	0	0	0	0	0
0	0	0	0	0	0	0	0	0	0	0	0	0	0	0	0	0	0	0	0	0	0	0	0	0	0	0	0	0	0	0	0	0	0	0	0	0	0	0	0	0	0	0	0	0	0	0	0	0	0	0	0	0	0	0	0	0	0	0	0	0	0	0	0	0	0	0	0	0	0	0	0	0	0	0
0	0	0	0	0	0	0	0	0	0	0	0	0	0	0	0	0	0	0	0	0	0	0	0	0	0	0	0	0	0	0	0	0	0	0	0	0	0	0	0	0	0	0	0	0	0	0	0	0	0	0	0	0	0	0	0	0	0	0	0	0	0	0	0	0	0	0	0	0	0	0	0	0	0	0
0	0	34	28	1	0	0	12	0	0	138	0	0	0	0	24	3	0	0	0	0	0	0	0	4	0	0	72	0	0	0	0	0	0	0	0	80	0	0	0	0	62	41	0	23	0	0	0	206	0	0	0	0	0	0	0	0	4	0	0	0	1	0	7	0	0	0	0	0	0	0	0	0	0	0
0	2	0	0	0	0	0	2	0	0	0	0	0	0	0	0	0	0	0	0	0	0	6	0	0	0	0	0	0	3	0	22	0	0	0	18	1	2	0	0	0	0	2	38	8	4	1	0	0	6	0	0	2	0	0	2	0	0	0	0	0	0	0	0	0	0	0	0	0	2	1	0	0	0	0
0	0	0	0	0	0	0	0	0	0	0	0	0	0	0	0	0	0	0	0	0	0	0	0	0	0	0	0	0	0	0	0	0	0	0	0	0	0	0	0	0	0	0	0	0	0	0	0	0	0	0	0	0	0	0	0	0	0	0	0	0	0	0	0	0	0	0	0	0	0	0	0	0	0	0
0	0	2	1	0	0	0	0	0	0	2	0	0	2	0	60	60	0	4	0	0	5	0	0	0	0	0	0	0	0	0	0	0	0	0	0	0	1	0	0	0	0	1	1	0	0	0	0	0	48	0	0	0	0	0	0	0	14	0	0	0	0	0	0	0	0	0	2	0	0	0	0	0	0	0
0	0	7	0	0	0	0	0	0	0	0	32	0	1	0	1	1	0	0	2	1	1	0	0	0	0	0	0	0	0	0	0	0	0	0	1	0	0	0	0	1	0	0	0	0	0	0	0	1	0	0	0	0	0	0	0	0	0	0	0	0	0	0	0	0	0	0	1	0	0	0	0	0	0	0
0	0	0	0	0	0	0	0	0	0	0	42	0	0	0	0	0	0	0	0	0	1	0	0	0	0	1	0	0	0	0	0	0	1	0	0	0	0	0	0	0	0	0	0	0	0	0	0	0	0	0	0	0	0	0	0	0	0	0	0	0	0	0	0	0	0	0	0	0	0	0	0	0	0	0
0	0	0	0	0	0	0	0	0	0	0	0	0	0	0	0	0	0	0	0	0	0	0	0	0	0	0	0	0	0	0	0	0	0	0	0	0	0	0	0	0	0	0	0	0	0	0	0	0	0	0	0	0	0	0	0	0	0	0	0	0	0	0	0	0	0	0	0	0	0	0	0	0	0	0
0	0	0	0	0	0	0	0	0	0	0	0	0	0	0	0	0	0	0	0	0	0	0	0	0	0	11	0	0	0	0	0	0	0	0	0	0	0	0	0	0	0	0	0	0	0	0	0	0	0	0	0	5	0	0	0	0	0	0	0	0	0	0	0	0	0	0	0	0	0	0	0	0	0	0
0	0	0	0	0	0	0	0	0	0	0	0	0	0	0	0	0	0	0	0	0	0	0	0	0	0	0	0	0	0	0	0	0	0	0	0	0	0	0	0	0	0	0	0	0	0	0	0	0	0	0	0	0	0	0	0	0	0	0	0	0	0	0	0	0	0	0	0	0	0	0	0	0	0	0
