0	0	0	0	0	0	0	0	0	0	0	0	0	0	0	0	0	0	0	0	0	0	0	0	0	0	0	0	0	0	0	0	0	0	0	0	0	0	0	0	0	0	0	0	0	0	0	0	0	0	0	0	0	0	0	0	0	0	0	0	0	0	0	0	0	0	0	0	0	0	0	0	0	0	0
0	0	0	0	0	0	0	0	0	0	0	0	0	0	0	0	0	18	0	1	0	0	96	0	122	72	0	0	0	22	0	2	0	3	0	5	0	0	0	0	0	0	0	0	0	72	0	0	0	0	0	0	2	0	0	66	0	0	4	0	0	0	0	0	0	0	0	1	89	0	3	0	0	0	0
0	0	0	0	0	2	0	0	0	0	0	0	0	0	0	0	0	0	0	0	0	0	0	0	0	0	0	0	0	0	0	0	0	0	0	0	0	0	0	0	0	0	0	0	0	0	2	0	0	0	0	0	0	0	0	0	0	0	0	0	0	0	0	0	0	0	0	0	0	0	0	0	0	0	0
0	0	0	0	0	0	0	0	0	0	6	0	0	0	0	1	0	0	0	0	10	0	0	0	0	0	0	0	0	0	16	0	0	0	0	0	0	0	0	0	0	16	0	0	4	1	0	0	1	0	0	0	0	0	0	0	0	217	0	0	0	0	19	0	0	0	10	0	0	0	0	0	0	4	0
0	0	0	0	0	0	0	0	0	0	0	0	0	0	0	0	0	0	0	0	0	0	0	0	0	0	0	0	0	0	490	0	0	0	0	0	0	0	0	0	0	246	0	0	0	0	0	0	0	0	0	0	0	0	0	0	0	0	0	0	0	0	2	0	0	0	27	0	0	0	0	0	0	0	0
0	0	2	0	0	0	0	0	0	0	0	0	0	19	0	0	0	0	0	0	0	0	0	0	0	0	0	0	0	0	1	0	0	0	0	0	0	0	0	0	0	1	0	0	0	0	123	0	0	0	0	0	0	0	0	0	0	0	0	0	0	0	218	0	0	0	0	0	0	1	0	0	0	0	0
0	0	0	0	0	0	0	0	0	0	0	0	0	0	0	0	0	0	0	0	0	0	0	0	0	0	0	0	0	0	0	0	0	0	0	0	0	0	0	0	0	0	0	0	0	0	0	0	0	0	0	0	0	0	0	0	0	0	0	0	0	0	0	0	0	0	0	0	0	0	0	0	0	0	0
0	0	0	0	0	0	0	0	0	0	0	0	0	0	0	0	0	0	0	0	0	0	0	0	0	0	0	0	0	0	1	0	0	0	0	0	0	0	0	0	0	0	0	0	0	0	0	0	0	0	0	0	0	0	0	0	0	0	0	0	0	0	0	0	0	0	0	0	0	0	0	0	0	0	0
0	0	0	0	0	0	0	0	0	0	0	0	0	0	0	0	0	0	0	0	0	0	0	0	0	0	0	0	0	0	0	0	0	0	0	0	0	0	0	0	0	0	0	0	0	0	0	0	0	0	0	0	0	0	0	0	0	0	0	0	0	0	0	0	0	0	0	0	0	0	0	0	0	0	0
0	0	0	0	0	0	0	0	0	0	0	0	0	0	0	0	0	0	0	0	0	0	0	0	0	0	0	0	0	0	0	0	0	0	0	0	0	0	0	0	0	0	0	0	0	0	0	0	0	0	0	0	0	0	0	0	0	0	0	0	0	0	0	0	0	0	0	0	0	0	0	0	0	0	0
0	0	0	6	0	0	0	0	0	0	0	0	0	0	0	0	0	0	0	0	0	0	0	0	0	0	0	0	0	1	0	0	0	0	0	10	4	0	0	0	0	3	0	0	17	0	13	0	0	0	0	0	0	6	0	0	0	4	11	0	0	11	0	0	0	0	6	0	0	0	1	0	0	0	0
0	0	0	0	0	0	0	0	0	0	0	0	0	0	0	0	0	0	0	0	0	0	0	0	0	0	0	0	0	0	0	0	0	0	0	0	0	0	0	0	0	0	0	0	0	0	0	0	0	0	0	0	0	0	0	0	0	0	0	0	0	0	0	0	0	0	0	0	0	0	0	0	0	0	0
0	0	0	0	0	0	0	0	0	0	0	0	0	0	0	0	0	0	0	0	0	0	0	0	0	0	0	0	0	0	0	0	0	0	0	0	0	0	0	0	0	0	0	0	0	0	0	0	0	0	0	0	0	0	0	0	0	0	0	0	0	0	0	0	0	0	0	0	0	0	0	0	0	0	0
0	0	0	0	0	19	0	0	0	0	0	0	0	0	0	14	0	0	0	21	0	0	0	0	0	0	0	0	31	0	0	0	0	54	26	2	0	0	0	14	6	2	0	0	0	0	96	0	0	0	0	0	0	0	0	2	0	0	0	0	0	0	0	0	0	0	0	0	0	0	0	0	0	0	0
0	0	0	0	0	0	0	0	0	0	0	0	0	0	0	0	0	0	0	0	0	0	0	0	0	0	0	0	0	0	0	0	0	0	0	0	0	0	0	0	0	0	0	0	0	0	2	0	0	0	0	0	0	0	0	0	0	0	0	0	0	0	5	0	0	0	0	0	0	0	0	0	0	0	0
0	0	0	1	0	0	0	0	0	0	0	0	0	14	0	0	0	0	1	16	0	0	0	0	0	0	0	0	1	0	0	0	0	12	0	13	5	0	0	8	21	0	16	0	14	0	0	0	0	1	0	0	0	2	0	0	0	81	15	9	0	0	0	0	0	0	0	0	1	0	0	0	0	0	0
0	0	0	0	0	0	0	0	0	0	0	0	0	0	0	0	0	0	0	0	0	0	0	0	0	0	0	0	0	0	0	0	0	0	0	0	0	0	0	0	0	0	0	0	0	0	0	0	0	0	0	0	0	0	0	0	0	0	0	0	0	0	0	0	0	0	0	0	0	0	0	0	0	0	0
0	18	0	0	0	0	0	0	0	0	0	0	0	0	0	0	0	0	0	20	1	0	0	0	14	0	7	0	0	0	0	8	0	16	0	1	0	0	0	222	0	0	0	0	0	4	24	0	0	0	0	0	58	0	0	0	0	1	15	0	0	0	2	0	0	0	0	4	2	0	0	0	0	0	13
0	0	0	0	0	0	0	0	0	0	0	0	0	0	0	1	0	0	0	0	0	0	0	0	0	0	0	0	0	0	0	50	0	0	0	0	0	0	2	0	0	8	2	0	1	0	20	0	0	0	10	0	0	0	0	0	0	7	0	0	0	0	18	0	0	0	0	1	0	0	1	0	0	3	0
0	1	0	0	0	0	0	0	0	0	0	0	0	21	0	16	0	20	0	0	20	24	0	0	0	0	2	0	18	152	0	0	0	76	0	361	0	0	18	233	6	0	0	0	0	0	1	2	0	0	0	0	48	0	0	6	0	33	10	2	3	0	2	0	0	0	0	0	0	0	0	22	0	0	16
0	0	0	10	0	0	0	0	0	0	0	0	0	0	0	0	0	1	0	20	0	0	0	0	22	0	0	0	0	26	0	36	0	21	6	15	0	0	0	64	10	2	1	0	0	112	43	0	4	0	2	42	3	0	0	3	0	427	6	0	0	4	8	0	0	0	0	0	0	3	2	15	0	2	12
0	0	0	0	0	0	0	0	0	0	0	0	0	0	0	0	0	0	0	24	0	0	0	0	0	0	5	0	0	0	0	0	0	113	0	8	0	0	0	482	0	0	0	0	0	1	31	0	0	0	0	0	40	0	0	0	0	0	0	0	0	0	6	0	0	0	0	0	0	0	0	0	0	0	0
0	96	0	0	0	0	0	0	0	0	0	0	0	0	0	0	0	0	0	0	0	0	0	0	72	0	7	0	0	31	0	154	0	0	0	0	0	0	0	8	0	0	0	0	0	54	0	0	0	0	0	42	11	0	0	0	0	0	13	0	0	0	0	0	0	0	0	2	0	0	0	0	0	1	1
0	0	0	0	0	0	0	0	0	0	0	0	0	0	0	0	0	0	0	0	0	0	0	0	0	0	0	0	0	0	0	0	0	5	0	0	0	0	0	16	0	0	0	0	0	0	0	0	0	0	0	0	0	0	0	0	0	0	0	0	0	0	0	0	0	0	0	0	0	0	0	0	0	0	0
0	122	0	0	0	0	0	0	0	0	0	0	0	0	0	0	0	14	0	0	22	0	72	0	0	42	0	0	0	53	0	0	0	0	0	0	0	0	0	2	0	2	0	0	0	49	0	0	0	0	0	0	2	10	0	26	26	2	6	0	0	2	2	0	2	0	0	0	98	0	2	0	0	0	0
0	72	0	0	0	0	0	0	0	0	0	0	0	0	0	0	0	0	0	0	0	0	0	0	42	0	0	0	0	4	0	8	0	0	0	0	0	0	0	0	0	0	0	0	0	22	0	0	0	0	0	19	2	0	0	0	0	94	0	0	0	0	0	0	0	0	0	0	0	0	0	0	0	0	0
0	0	0	0	0	0	0	0	0	0	0	0	0	0	0	0	0	7	0	2	0	5	7	0	0	0	0	0	0	0	0	0	0	0	0	0	0	0	0	7	4	0	0	0	0	0	0	0	0	0	0	0	0	2	0	4	0	0	5	0	0	0	0	0	0	0	0	0	0	0	0	0	0	0	0
0	0	0	0	0	0	0	0	0	0	0	0	0	0	0	0	0	0	0	0	0	0	0	0	0	0	0	0	0	0	0	0	0	0	0	0	0	0	0	0	0	0	0	0	0	0	0	0	0	0	0	0	0	0	0	0	0	0	0	0	0	0	0	0	0	0	0	0	0	0	0	0	0	0	0
0	0	0	0	0	0	0	0	0	0	0	0	0	31	0	1	0	0	0	18	0	0	0	0	0	0	0	0	0	0	0	0	0	17	0	0	0	0	0	0	0	0	0	0	0	0	164	0	0	0	0	0	0	0	0	0	0	2	0	10	9	0	0	0	0	0	0	0	0	0	0	0	0	0	0
0	22	0	0	0	0	0	0	0	0	1	0	0	0	0	0	0	0	0	152	26	0	31	0	53	4	0	0	0	0	0	0	0	59	0	627	0	0	138	31	13	0	0	0	0	2	0	0	0	1	0	0	17	0	0	3	0	14	90	3	0	0	0	0	0	0	0	67	139	0	0	7	0	0	3
0	0	0	16	490	1	0	1	0	0	0	0	0	0	0	0	0	0	0	0	0	0	0	0	0	0	0	0	0	0	0	0	0	0	0	0	369	0	0	0	0	581	0	0	0	0	0	0	1	18	2	0	0	0	0	0	0	0	0	0	0	0	0	0	0	0	577	0	0	0	0	0	0	12	0
0	2	0	0	0	0	0	0	0	0	0	0	0	0	0	0	0	8	50	0	36	0	154	0	0	8	0	0	0	0	0	0	0	0	0	0	0	0	0	0	0	0	0	0	28	236	0	0	0	0	0	114	0	432	0	48	0	185	18	0	0	0	0	0	0	0	0	56	4	0	0	0	0	0	187
0	0	0	0	0	0	0	0	0	0	0	0	0	0	0	0	0	0	0	0	0	0	0	0	0	0	0	0	0	0	0	0	0	0	0	0	0	0	0	0	0	0	0	0	0	0	0	0	0	0	0	0	0	0	0	0	0	0	0	0	0	0	0	0	0	0	0	0	0	0	0	0	0	0	0
0	3	0	0	0	0	0	0	0	0	0	0	0	54	0	12	0	16	0	76	21	113	0	5	0	0	0	0	17	59	0	0	0	0	0	258	2	0	0	276	62	5	0	0	0	0	0	0	0	2	0	0	8	0	0	16	0	4	23	0	0	0	13	0	0	0	0	0	10	0	0	5	0	0	2
0	0	0	0	0	0	0	0	0	0	0	0	0	26	0	0	0	0	0	0	6	0	0	0	0	0	0	0	0	0	0	0	0	0	0	0	0	0	0	44	0	0	0	0	0	2	163	0	0	0	0	0	0	0	0	0	0	0	49	0	0	0	11	0	0	0	0	0	0	0	0	0	0	0	1
0	5	0	0	0	0	0	0	0	0	10	0	0	2	0	13	0	1	0	361	15	8	0	0	0	0	0	0	0	627	0	0	0	258	0	0	0	0	248	79	0	0	1	0	0	0	0	0	0	0	0	0	19	0	0	3	0	57	393	64	3	0	0	0	0	0	0	15	2	0	12	1	0	0	6
0	0	0	0	0	0	0	0	0	0	4	0	0	0	0	5	0	0	0	0	0	0	0	0	0	0	0	0	0	0	369	0	0	2	0	0	0	1	0	0	0	187	0	0	22	0	0	0	0	0	0	0	0	0	0	0	0	16	0	0	0	0	2	0	0	0	28	0	0	0	0	0	0	2	0
0	0	0	0	0	0	0	0	0	0	0	0	0	0	0	0	0	0	0	0	0	0	0	0	0	0	0	0	0	0	0	0	0	0	0	0	1	0	0	0	0	2	1	0	1	0	0	0	0	0	0	0	0	0	0	0	0	1	0	0	0	1	0	0	0	0	0	0	0	0	0	0	0	0	0
0	0	0	0	0	0	0	0	0	0	0	0	0	0	0	0	0	0	2	18	0	0	0	0	0	0	0	0	0	138	0	0	0	0	0	248	0	0	0	0	0	1	0	0	0	0	0	0	0	0	0	0	1	0	0	0	0	7	175	2	2	0	37	0	0	0	0	1	0	0	0	0	0	1	6
0	0	0	0	0	0	0	0	0	0	0	0	0	14	0	8	0	222	0	233	64	482	8	16	2	0	7	0	0	31	0	0	0	276	44	79	0	0	0	0	48	16	0	0	0	10	99	0	0	1	0	0	59	3	0	173	0	0	45	8	0	0	0	0	0	0	0	7	0	0	3	171	0	0	18
0	0	0	0	0	0	0	0	0	0	0	0	0	6	0	21	0	0	0	6	10	0	0	0	0	0	4	0	0	13	0	0	0	62	0	0	0	0	0	48	0	0	0	0	0	0	0	0	0	0	0	0	4	0	0	0	0	0	0	0	0	0	0	0	0	0	0	0	0	0	0	0	0	0	5
0	0	0	16	246	1	0	0	0	0	3	0	0	2	0	0	0	0	8	0	2	0	0	0	2	0	0	0	0	0	581	0	0	5	0	0	187	2	1	16	0	0	0	3	216	5	103	0	0	0	0	0	0	0	0	0	0	5	3	0	0	0	26	0	2	0	339	2	0	10	0	0	0	0	1
0	0	0	0	0	0	0	0	0	0	0	0	0	0	0	16	0	0	2	0	1	0	0	0	0	0	0	0	0	0	0	0	0	0	0	1	0	1	0	0	0	0	0	1	12	0	12	0	2	0	0	0	0	0	0	0	0	4	93	10	0	0	61	0	0	0	0	0	0	2	0	0	0	4	0
0	0	0	0	0	0	0	0	0	0	0	0	0	0	0	0	0	0	0	0	0	0	0	0	0	0	0	0	0	0	0	0	0	0	0	0	0	0	0	0	0	3	1	0	1	0	0	0	0	0	0	0	0	0	0	0	0	1	0	0	0	0	0	0	0	0	0	0	0	0	0	0	0	0	0
0	0	0	4	0	0	0	0	0	0	17	0	0	0	0	14	0	0	1	0	0	0	0	0	0	0	0	0	0	0	0	28	0	0	0	0	22	1	0	0	0	216	12	1	0	0	1	0	33	2	0	3	0	10	0	0	0	80	2	0	0	0	58	0	0	0	9	0	0	0	0	0	0	2	9
0	72	0	1	0	0	0	0	0	0	0	0	0	0	0	0	0	4	0	0	112	1	54	0	49	22	0	0	0	2	0	236	0	0	2	0	0	0	0	10	0	5	0	0	0	0	0	0	0	1	0	0	2	137	0	59	0	108	2	0	0	0	5	0	0	0	0	28	0	0	34	1	0	0	8
0	0	2	0	0	123	0	0	0	0	13	0	0	96	2	0	0	24	20	1	43	31	0	0	0	0	0	0	164	0	0	0	0	0	163	0	0	0	0	99	0	103	12	0	1	0	0	0	0	0	0	0	0	3	0	14	3	46	140	0	0	4	12	0	0	0	0	18	7	0	15	31	0	0	0
0	0	0	0	0	0	0	0	0	0	0	0	0	0	0	0	0	0	0	2	0	0	0	0	0	0	0	0	0	0	0	0	0	0	0	0	0	0	0	0	0	0	0	0	0	0	0	0	0	0	0	0	0	0	0	0	0	0	0	0	0	0	0	0	0	0	0	0	0	0	0	0	0	0	0
0	0	0	1	0	0	0	0	0	0	0	0	0	0	0	0	0	0	0	0	4	0	0	0	0	0	0	0	0	0	1	0	0	0	0	0	0	0	0	0	0	0	2	0	33	0	0	0	0	0	0	0	0	0	0	0	0	2	0	0	0	0	0	0	0	0	0	0	0	0	21	0	0	0	0
0	0	0	0	0	0	0	0	0	0	0	0	0	0	0	1	0	0	0	0	0	0	0	0	0	0	0	0	0	1	18	0	0	2	0	0	0	0	0	1	0	0	0	0	2	1	0	0	0	0	0	0	0	0	0	0	0	0	0	0	0	0	0	0	0	0	2	0	0	0	0	0	0	0	0
0	0	0	0	0	0	0	0	0	0	0	0	0	0	0	0	0	0	10	0	2	0	0	0	0	0	0	0	0	0	2	0	0	0	0	0	0	0	0	0	0	0	0	0	0	0	0	0	0	0	0	0	0	0	0	0	0	0	0	0	0	0	0	0	0	0	0	0	0	0	0	0	0	0	0
0	0	0	0	0	0	0	0	0	0	0	0	0	0	0	0	0	0	0	0	42	0	42	0	0	19	0	0	0	0	0	114	0	0	0	0	0	0	0	0	0	0	0	0	3	0	0	0	0	0	0	0	0	101	0	59	0	190	0	0	0	0	0	0	0	0	0	9	1	0	0	0	0	0	52
0	2	0	0	0	0	0	0	0	0	0	0	0	0	0	0	0	58	0	48	3	40	11	0	2	2	0	0	0	17	0	0	0	8	0	19	0	0	1	59	4	0	0	0	0	2	0	0	0	0	0	0	0	0	0	21	0	3	2	2	0	0	1	0	0	0	0	1	1	0	1	1	0	0	0
0	0	0	0	0	0	0	0	0	0	6	0	0	0	0	2	0	0	0	0	0	0	0	0	10	0	2	0	0	0	0	432	0	0	0	0	0	0	0	3	0	0	0	0	10	137	3	0	0	0	0	101	0	0	0	0	0	514	2	0	0	0	0	0	0	0	0	0	0	0	0	0	0	0	37
0	0	0	0	0	0	0	0	0	0	0	0	0	0	0	0	0	0	0	0	0	0	0	0	0	0	0	0	0	0	0	0	0	0	0	0	0	0	0	0	0	0	0	0	0	0	0	0	0	0	0	0	0	0	0	0	0	0	0	0	0	0	0	0	0	0	0	0	0	0	0	0	0	0	0
0	66	0	0	0	0	0	0	0	0	0	0	0	2	0	0	0	0	0	6	3	0	0	0	26	0	4	0	0	3	0	48	0	16	0	3	0	0	0	173	0	0	0	0	0	59	14	0	0	0	0	59	21	0	0	0	0	0	5	0	0	0	0	0	0	0	0	8	0	0	0	0	0	0	16
0	0	0	0	0	0	0	0	0	0	0	0	0	0	0	0	0	0	0	0	0	0	0	0	26	0	0	0	0	0	0	0	0	0	0	0	0	0	0	0	0	0	0	0	0	0	3	0	0	0	0	0	0	0	0	0	0	176	0	0	0	0	0	0	0	0	0	0	0	0	2	0	0	0	0
0	0	0	217	0	0	0	0	0	0	4	0	0	0	0	81	0	1	7	33	427	0	0	0	2	94	0	0	2	14	0	185	0	4	0	57	16	1	7	0	0	5	4	1	80	108	46	0	2	0	0	190	3	514	0	0	176	0	19	11	0	4	116	0	0	0	22	6	0	0	265	1	0	0	70
0	4	0	0	0	0	0	0	0	0	11	0	0	0	0	15	0	15	0	10	6	0	13	0	6	0	5	0	0	90	0	18	0	23	49	393	0	0	175	45	0	3	93	0	2	2	140	0	0	0	0	0	2	2	0	5	0	19	0	187	1	0	40	0	0	0	0	234	5	2	7	0	0	0	19
0	0	0	0	0	0	0	0	0	0	0	0	0	0	0	9	0	0	0	2	0	0	0	0	0	0	0	0	10	3	0	0	0	0	0	64	0	0	2	8	0	0	10	0	0	0	0	0	0	0	0	0	2	0	0	0	0	11	187	0	3	0	69	0	0	0	0	15	0	0	0	0	0	0	0
0	0	0	0	0	0	0	0	0	0	0	0	0	0	0	0	0	0	0	3	0	0	0	0	0	0	0	0	9	0	0	0	0	0	0	3	0	0	2	0	0	0	0	0	0	0	0	0	0	0	0	0	0	0	0	0	0	0	1	3	0	0	0	0	0	0	0	0	0	0	0	2	0	0	0
0	0	0	0	0	0	0	0	0	0	11	0	0	0	0	0	0	0	0	0	4	0	0	0	2	0	0	0	0	0	0	0	0	0	0	0	0	1	0	0	0	0	0	0	0	0	4	0	0	0	0	0	0	0	0	0	0	4	0	0	0	0	29	0	0	0	0	0	0	0	0	0	0	1	10
0	0	0	19	2	218	0	0	0	0	0	0	0	0	5	0	0	2	18	2	8	6	0	0	2	0	0	0	0	0	0	0	0	13	11	0	2	0	37	0	0	26	61	0	58	5	12	0	0	0	0	0	1	0	0	0	0	116	40	69	0	29	0	0	0	0	4	0	16	22	2	0	0	4	5
0	0	0	0	0	0	0	0	0	0	0	0	0	0	0	0	0	0	0	0	0	0	0	0	0	0	0	0	0	0	0	0	0	0	0	0	0	0	0	0	0	0	0	0	0	0	0	0	0	0	0	0	0	0	0	0	0	0	0	0	0	0	0	0	0	0	0	0	0	0	0	0	0	0	0
0	0	0	0	0	0	0	0	0	0	0	0	0	0	0	0	0	0	0	0	0	0	0	0	2	0	0	0	0	0	0	0	0	0	0	0	0	0	0	0	0	2	0	0	0	0	0	0	0	0	0	0	0	0	0	0	0	0	0	0	0	0	0	0	0	0	0	0	0	1	0	0	0	0	0
0	0	0	0	0	0	0	0	0	0	0	0	0	0	0	0	0	0	0	0	0	0	0	0	0	0	0	0	0	0	0	0	0	0	0	0	0	0	0	0	0	0	0	0	0	0	0	0	0	0	0	0	0	0	0	0	0	0	0	0	0	0	0	0	0	0	0	0	0	0	0	0	0	0	0
0	0	0	10	27	0	0	0	0	0	6	0	0	0	0	0	0	0	0	0	0	0	0	0	0	0	0	0	0	0	577	0	0	0	0	0	28	0	0	0	0	339	0	0	9	0	0	0	0	2	0	0	0	0	0	0	0	22	0	0	0	0	4	0	0	0	0	0	0	0	0	0	0	1	0
0	1	0	0	0	0	0	0	0	0	0	0	0	0	0	0	0	4	1	0	0	0	2	0	0	0	0	0	0	67	0	56	0	0	0	15	0	0	1	7	0	2	0	0	0	28	18	0	0	0	0	9	1	0	0	8	0	6	234	15	0	0	0	0	0	0	0	0	0	0	1	0	0	1	1
0	89	0	0	0	0	0	0	0	0	0	0	0	0	0	1	0	2	0	0	0	0	0	0	98	0	0	0	0	139	0	4	0	10	0	2	0	0	0	0	0	0	0	0	0	0	7	0	0	0	0	1	1	0	0	0	0	0	5	0	0	0	16	0	0	0	0	0	0	0	0	0	0	0	1
0	0	0	0	0	1	0	0	0	0	0	0	0	0	0	0	0	0	0	0	3	0	0	0	0	0	0	0	0	0	0	0	0	0	0	0	0	0	0	0	0	10	2	0	0	0	0	0	0	0	0	0	0	0	0	0	0	0	2	0	0	0	22	0	1	0	0	0	0	0	0	2	0	3	0
0	3	0	0	0	0	0	0	0	0	1	0	0	0	0	0	0	0	1	0	2	0	0	0	2	0	0	0	0	0	0	0	0	0	0	12	0	0	0	3	0	0	0	0	0	34	15	0	21	0	0	0	1	0	0	0	2	265	7	0	0	0	2	0	0	0	0	1	0	0	0	0	0	0	0
0	0	0	0	0	0	0	0	0	0	0	0	0	0	0	0	0	0	0	22	15	0	0	0	0	0	0	0	0	7	0	0	0	5	0	1	0	0	0	171	0	0	0	0	0	1	31	0	0	0	0	0	1	0	0	0	0	1	0	0	2	0	0	0	0	0	0	0	0	2	0	0	0	0	0
0	0	0	0	0	0	0	0	0	0	0	0	0	0	0	0	0	0	0	0	0	0	0	0	0	0	0	0	0	0	0	0	0	0	0	0	0	0	0	0	0	0	0	0	0	0	0	0	0	0	0	0	0	0	0	0	0	0	0	0	0	0	0	0	0	0	0	0	0	0	0	0	0	0	0
0	0	0	4	0	0	0	0	0	0	0	0	0	0	0	0	0	0	3	0	2	0	1	0	0	0	0	0	0	0	12	0	0	0	0	0	2	0	1	0	0	0	4	0	2	0	0	0	0	0	0	0	0	0	0	0	0	0	0	0	0	1	4	0	0	0	1	1	0	3	0	0	0	0	0
0	0	0	0	0	0	0	0	0	0	0	0	0	0	0	0	0	13	0	16	12	0	1	0	0	0	0	0	0	3	0	187	0	2	1	6	0	0	6	18	5	1	0	0	9	8	0	0	0	0	0	52	0	37	0	16	0	70	19	0	0	10	5	0	0	0	0	1	1	0	0	0	0	0	0
