0	0	0	0	0	0	0	0	0	0	0	0	0	0	0	0	0	0	0	0	0	0	0	0	0	0	0	0	0	0	0	0	0	0	0	0	0	0	0	0	0	0	0	0	0	0	0	0	0	0	0	0	0	0	0	0	0	0	0	0	0	0	0	0	0	0	0	0	0	0	0	0	0	0	0
0	0	0	0	0	0	0	0	0	0	0	0	0	0	0	0	0	0	0	4	0	0	30	0	13	11	0	0	0	1	0	0	0	0	0	0	0	0	0	0	0	0	0	0	0	0	0	0	0	0	0	0	0	0	0	7	0	0	0	0	0	0	0	0	0	0	0	0	13	0	0	0	0	0	0
0	0	0	0	0	6	0	0	0	0	0	0	0	5	0	0	0	0	0	0	0	0	0	0	0	0	0	0	2	0	0	0	0	3	0	0	0	0	0	0	0	0	0	0	0	0	0	0	0	0	0	0	0	0	0	0	0	1	0	0	0	0	0	0	0	0	0	0	0	0	0	0	0	0	0
0	0	0	0	0	0	0	0	0	0	57	0	0	0	0	35	0	0	2	0	0	0	0	0	0	0	0	0	0	0	11	0	0	4	0	0	0	0	0	3	0	291	0	0	82	0	0	0	0	0	0	0	0	0	0	0	0	221	2	0	0	0	0	0	0	0	29	0	0	0	1	0	0	0	0
0	0	0	0	0	0	0	0	0	0	2	0	0	0	0	0	0	0	0	0	0	0	0	0	0	0	0	0	0	0	238	0	0	0	0	0	0	0	0	0	0	596	0	0	6	0	0	0	0	0	0	0	0	0	0	0	0	0	0	0	0	0	2	0	0	0	5	0	0	0	0	0	0	0	0
0	0	6	0	0	0	0	0	0	0	0	0	0	18	0	0	0	0	0	0	0	0	0	0	0	0	0	0	0	0	1	0	0	0	0	0	0	0	0	0	0	0	0	0	0	1	93	0	5	0	0	0	0	0	0	0	0	0	0	0	0	0	42	0	0	0	0	0	0	0	0	0	0	0	0
0	0	0	0	0	0	0	0	0	0	0	0	0	0	0	0	0	0	0	0	0	0	0	0	0	0	0	0	0	0	0	0	0	0	0	0	0	0	0	0	0	0	0	0	0	0	0	0	0	0	0	0	0	0	0	0	0	0	0	0	0	0	0	0	0	0	0	0	0	0	0	0	0	0	0
0	0	0	0	0	0	0	0	0	0	0	0	0	0	0	0	0	0	0	0	0	0	0	0	0	0	0	0	0	0	0	0	0	0	0	0	0	0	0	0	0	4	0	0	0	0	0	0	0	0	0	0	0	0	0	0	0	0	0	0	0	0	0	0	0	0	0	0	0	0	0	0	0	0	0
0	0	0	0	0	0	0	0	0	0	0	0	0	0	0	0	0	0	0	0	0	0	0	0	0	0	0	0	0	0	0	0	0	0	0	0	0	0	0	0	0	0	0	0	0	0	0	0	0	0	0	0	0	0	0	0	0	0	0	0	0	0	0	0	0	0	0	0	0	0	0	0	0	0	0
0	0	0	0	0	0	0	0	0	0	0	0	0	0	0	0	0	0	0	0	0	0	0	0	0	0	0	0	0	0	0	0	0	0	0	0	0	0	0	0	0	0	0	0	0	0	0	0	0	0	0	0	0	0	0	0	0	0	0	0	0	0	0	0	0	0	0	0	0	0	0	0	0	0	0
0	0	0	57	2	0	0	0	0	0	0	0	0	0	0	153	0	0	0	35	98	0	0	0	0	0	0	0	0	1	0	6	0	0	0	10	6	0	0	0	0	440	22	0	429	0	13	0	0	0	0	2	0	110	0	0	2	374	11	0	0	0	0	0	0	0	85	0	0	0	64	0	0	0	0
0	0	0	0	0	0	0	0	0	0	0	0	0	0	0	0	0	0	11	0	0	0	0	0	0	0	0	0	0	0	0	0	0	0	0	0	0	0	0	0	0	0	0	0	10	0	0	0	0	0	0	0	0	0	0	0	0	0	0	0	0	0	0	0	0	0	0	0	0	0	0	0	0	0	0
0	0	0	0	0	0	0	0	0	0	0	0	0	0	0	0	0	0	0	0	0	0	0	0	0	0	0	0	0	0	0	0	0	0	0	0	0	0	0	0	0	0	0	0	0	0	0	0	0	0	0	0	0	0	0	0	0	0	0	0	0	0	0	0	0	0	0	0	0	0	0	0	0	0	0
0	0	5	0	0	18	0	0	0	0	0	0	0	0	0	0	0	4	0	17	0	4	0	0	0	0	0	0	72	0	0	0	0	33	40	7	0	0	0	37	0	2	0	0	1	2	96	0	0	0	0	0	0	0	0	2	0	3	2	2	0	0	0	0	1	0	0	0	0	0	0	8	0	0	0
0	0	0	0	0	0	0	0	0	0	0	0	0	0	0	0	0	0	0	0	0	0	0	0	0	0	0	0	0	0	0	0	0	0	0	0	0	0	1	0	0	0	1	0	1	0	0	0	0	0	0	0	0	0	0	0	0	0	0	0	0	0	5	0	0	0	0	0	0	0	0	0	0	0	0
0	0	0	35	0	0	0	0	0	0	153	0	0	0	0	0	0	0	0	2	0	0	0	0	0	0	0	0	0	0	0	0	0	0	0	0	158	0	0	0	0	67	116	0	55	0	0	0	0	0	0	0	0	0	0	0	0	0	0	0	0	0	0	0	0	0	10	0	0	0	0	0	0	0	0
0	0	0	0	0	0	0	0	0	0	0	0	0	0	0	0	0	0	0	0	0	0	0	0	0	0	0	0	0	0	0	0	0	0	0	0	0	0	0	4	0	0	0	0	0	0	0	0	0	0	0	0	0	0	0	0	0	0	0	0	0	0	0	0	0	0	0	0	0	0	0	0	0	0	0
0	0	0	0	0	0	0	0	0	0	0	0	0	4	0	0	0	0	0	14	0	0	0	0	0	0	0	0	0	0	0	0	0	3	0	0	0	0	0	157	0	1	0	0	0	2	7	0	0	0	0	0	34	0	0	0	0	0	15	0	0	0	2	0	0	0	0	3	2	0	0	1	0	0	0
0	0	0	2	0	0	0	0	0	0	0	11	0	0	0	0	0	0	0	0	0	0	0	2	0	0	0	0	4	0	0	0	0	0	0	0	0	0	0	0	0	3	0	0	5	1	20	0	0	0	39	0	0	0	0	0	0	1	3	0	0	0	1	0	0	0	0	0	0	0	1	1	0	0	0
0	4	0	0	0	0	0	0	0	0	35	0	0	17	0	2	0	14	0	0	12	12	6	0	0	4	0	0	3	78	0	0	0	30	0	379	0	0	18	160	0	0	0	0	0	14	0	0	0	0	0	2	15	6	0	2	0	34	79	2	1	0	0	0	0	0	0	0	4	0	13	20	0	0	0
0	0	0	0	0	0	0	0	0	0	98	0	0	0	0	0	0	0	0	12	0	0	0	0	4	0	0	0	0	0	0	104	0	0	0	4	0	0	0	57	0	0	0	0	0	118	43	0	0	0	0	10	3	0	0	0	0	420	0	0	0	0	0	0	0	0	0	0	0	0	8	0	0	0	0
0	0	0	0	0	0	0	0	0	0	0	0	0	4	0	0	0	0	0	12	0	0	0	0	0	0	0	0	0	0	0	0	0	23	0	8	0	0	0	450	0	1	0	0	0	2	25	0	0	0	0	0	23	0	0	0	0	1	0	0	0	0	3	0	0	0	0	0	0	0	0	0	0	0	0
0	30	0	0	0	0	0	0	0	0	0	0	0	0	0	0	0	0	0	6	0	0	0	0	4	0	0	0	0	0	0	0	0	0	0	9	0	0	0	116	0	0	0	0	0	2	0	0	0	0	0	0	18	0	0	0	0	0	19	0	0	0	0	0	0	0	0	1	0	0	0	0	0	0	0
0	0	0	0	0	0	0	0	0	0	0	0	0	0	0	0	0	0	2	0	0	0	0	0	0	0	0	0	0	0	0	0	0	0	0	0	0	0	0	1	0	0	0	0	0	2	0	0	0	0	0	0	0	0	0	0	0	0	0	0	0	0	0	0	0	0	0	0	0	0	0	0	0	0	0
0	13	0	0	0	0	0	0	0	0	0	0	0	0	0	0	0	0	0	0	4	0	4	0	0	10	0	0	0	8	0	0	0	0	0	5	0	0	0	0	0	0	0	0	0	5	0	0	0	0	0	0	1	4	0	18	14	0	4	0	0	0	0	0	0	0	0	0	32	0	0	0	0	0	0
0	11	0	0	0	0	0	0	0	0	0	0	0	0	0	0	0	0	0	4	0	0	0	0	10	0	0	0	0	0	0	0	0	0	0	15	0	0	0	0	0	0	0	0	0	55	0	0	0	0	0	0	0	0	0	0	0	0	1	0	0	0	0	0	0	0	0	0	0	0	0	0	0	0	0
0	0	0	0	0	0	0	0	0	0	0	0	0	0	0	0	0	0	0	0	0	0	0	0	0	0	0	0	0	0	0	0	0	0	0	0	0	0	0	0	0	0	0	0	0	0	0	0	0	0	0	0	0	0	0	0	0	0	0	0	0	0	0	0	0	0	0	0	0	0	0	0	0	0	0
0	0	0	0	0	0	0	0	0	0	0	0	0	0	0	0	0	0	0	0	0	0	0	0	0	0	0	0	0	0	0	0	0	0	0	0	0	0	0	0	0	0	0	0	0	0	0	0	0	0	0	0	0	0	0	0	0	0	0	0	0	0	0	0	0	0	0	0	0	0	0	0	0	0	0
0	0	2	0	0	0	0	0	0	0	0	0	0	72	0	0	0	0	4	3	0	0	0	0	0	0	0	0	0	0	0	0	0	1	0	0	0	0	0	0	0	0	1	0	0	5	107	0	1	0	0	0	0	0	0	0	0	0	1	41	6	0	0	0	1	0	0	0	0	0	0	2	0	0	0
0	1	0	0	0	0	0	0	0	0	1	0	0	0	0	0	0	0	0	78	0	0	0	0	8	0	0	0	0	0	0	0	0	14	0	444	0	0	24	33	0	0	0	0	0	0	0	0	0	0	0	0	17	0	0	1	0	14	216	1	0	0	0	0	0	0	0	21	16	0	0	0	0	0	0
0	0	0	11	238	1	0	0	0	0	0	0	0	0	0	0	0	0	0	0	0	0	0	0	0	0	0	0	0	0	0	0	0	0	0	0	122	0	0	0	0	122	0	0	0	0	0	0	0	0	0	0	0	0	0	0	0	0	0	0	0	0	0	0	0	0	249	0	0	0	0	0	0	0	0
0	0	0	0	0	0	0	0	0	0	6	0	0	0	0	0	0	0	0	0	104	0	0	0	0	0	0	0	0	0	0	0	0	0	0	0	0	0	0	14	0	0	0	0	2	165	0	6	0	0	0	11	3	186	0	10	0	104	0	0	0	0	0	0	0	0	0	10	0	0	0	0	0	0	0
0	0	0	0	0	0	0	0	0	0	0	0	0	0	0	0	0	0	0	0	0	0	0	0	0	0	0	0	0	0	0	0	0	0	0	0	0	0	0	0	0	0	0	0	0	0	0	0	0	0	0	0	0	0	0	0	0	0	0	0	0	0	0	0	0	0	0	0	0	0	0	0	0	0	0
0	0	3	4	0	0	0	0	0	0	0	0	0	33	0	0	0	3	0	30	0	23	0	0	0	0	0	0	1	14	0	0	0	0	0	292	0	0	1	104	0	0	2	0	1	0	0	0	0	0	0	0	8	0	0	0	0	0	5	0	0	0	13	0	0	0	0	0	0	3	0	15	0	0	0
0	0	0	0	0	0	0	0	0	0	0	0	0	40	0	0	0	0	0	0	0	0	0	0	0	0	0	0	0	0	0	0	0	0	0	1	0	0	0	45	0	0	0	0	0	1	96	0	0	0	0	0	0	0	0	0	0	0	75	0	0	0	11	0	0	0	0	0	0	0	0	0	0	0	0
0	0	0	0	0	0	0	0	0	0	10	0	0	7	0	0	0	0	0	379	4	8	9	0	5	15	0	0	0	444	0	0	0	292	1	0	0	0	269	75	0	0	0	0	0	0	0	0	0	0	0	0	9	0	0	2	0	61	464	128	2	0	0	0	0	0	0	44	7	0	22	0	0	0	0
0	0	0	0	0	0	0	0	0	0	6	0	0	0	0	158	0	0	0	0	0	0	0	0	0	0	0	0	0	0	122	0	0	0	0	0	0	0	0	0	0	2	0	0	12	0	0	0	0	0	0	0	0	0	0	0	0	1	1	0	0	0	2	0	0	0	79	0	0	0	1	0	0	1	0
0	0	0	0	0	0	0	0	0	0	0	0	0	0	0	0	0	0	0	0	0	0	0	0	0	0	0	0	0	0	0	0	0	0	0	0	0	0	0	0	0	0	0	0	0	0	0	0	0	0	0	0	0	0	0	0	0	0	0	0	0	0	0	0	0	0	0	0	0	0	0	0	0	0	0
0	0	0	0	0	0	0	0	0	0	0	0	0	0	1	0	0	0	0	18	0	0	0	0	0	0	0	0	0	24	0	0	0	1	0	269	0	0	0	0	0	56	0	0	0	1	0	0	0	0	0	0	2	0	0	0	0	6	138	2	0	0	0	0	0	0	0	1	0	0	1	0	0	0	0
0	0	0	3	0	0	0	0	0	0	0	0	0	37	0	0	4	157	0	160	57	450	116	1	0	0	0	0	0	33	0	14	0	104	45	75	0	0	0	0	0	0	0	0	0	7	72	1	0	0	0	0	30	0	0	121	0	0	14	12	0	0	0	0	0	0	0	16	16	0	3	154	0	0	0
0	0	0	0	0	0	0	0	0	0	0	0	0	0	0	0	0	0	0	0	0	0	0	0	0	0	0	0	0	0	0	0	0	0	0	0	0	0	0	0	0	0	0	0	0	0	0	0	0	0	0	0	0	0	0	0	0	0	0	0	0	0	0	0	0	0	0	0	0	0	0	0	0	0	0
0	0	0	291	596	0	0	4	0	0	440	0	0	2	0	67	0	1	3	0	0	1	0	0	0	0	0	0	0	0	122	0	0	0	0	0	2	0	56	0	0	0	0	0	377	0	102	0	0	0	0	0	0	0	0	0	0	6	0	0	0	0	2	0	0	0	431	0	0	0	0	0	0	0	0
0	0	0	0	0	0	0	0	0	0	22	0	0	0	1	116	0	0	0	0	0	0	0	0	0	0	0	0	1	0	0	0	0	2	0	0	0	0	0	0	0	0	0	0	434	0	12	0	3	0	0	0	0	0	0	0	0	27	88	0	0	0	5	0	0	0	51	0	0	0	0	0	0	0	0
0	0	0	0	0	0	0	0	0	0	0	0	0	0	0	0	0	0	0	0	0	0	0	0	0	0	0	0	0	0	0	0	0	0	0	0	0	0	0	0	0	0	0	0	0	0	0	0	0	0	0	0	0	0	0	0	0	0	0	0	0	0	0	0	0	0	0	0	0	0	0	0	0	0	0
0	0	0	82	6	0	0	0	0	0	429	10	0	1	1	55	0	0	5	0	0	0	0	0	0	0	0	0	0	0	0	2	0	1	0	0	12	0	0	0	0	377	434	0	0	1	1	0	0	0	0	2	0	168	0	0	0	0	7	0	0	0	0	0	0	0	13	0	0	0	0	0	0	0	0
0	0	0	0	0	1	0	0	0	0	0	0	0	2	0	0	0	2	1	14	118	2	2	2	5	55	0	0	5	0	0	165	0	0	1	0	0	0	1	7	0	0	0	0	1	0	0	0	0	0	0	48	1	168	0	109	0	194	1	0	0	0	1	0	0	0	0	17	0	0	64	5	0	0	0
0	0	0	0	0	93	0	0	0	0	13	0	0	96	0	0	0	7	20	0	43	25	0	0	0	0	0	0	107	0	0	0	0	0	96	0	0	0	0	72	0	102	12	0	1	0	0	0	0	0	0	0	0	2	0	7	3	44	112	0	0	0	11	0	0	0	0	17	4	0	15	31	0	0	0
0	0	0	0	0	0	0	0	0	0	0	0	0	0	0	0	0	0	0	0	0	0	0	0	0	0	0	0	0	0	0	6	0	0	0	0	0	0	0	1	0	0	0	0	0	0	0	0	0	0	0	0	4	0	0	0	0	0	0	0	0	0	0	0	0	0	0	0	0	0	0	0	0	0	0
0	0	0	0	0	5	0	0	0	0	0	0	0	0	0	0	0	0	0	0	0	0	0	0	0	0	0	0	1	0	0	0	0	0	0	0	0	0	0	0	0	0	3	0	0	0	0	0	0	0	0	0	0	0	0	0	0	0	0	0	0	0	5	0	0	0	0	0	0	0	0	0	0	0	0
0	0	0	0	0	0	0	0	0	0	0	0	0	0	0	0	0	0	0	0	0	0	0	0	0	0	0	0	0	0	0	0	0	0	0	0	0	0	0	0	0	0	0	0	0	0	0	0	0	0	0	0	0	0	0	0	0	0	0	0	0	0	0	0	0	0	0	0	0	0	0	0	0	0	0
0	0	0	0	0	0	0	0	0	0	0	0	0	0	0	0	0	0	39	0	0	0	0	0	0	0	0	0	0	0	0	0	0	0	0	0	0	0	0	0	0	0	0	0	0	0	0	0	0	0	0	0	0	0	0	0	0	0	0	0	0	0	0	0	0	0	0	0	0	0	0	0	0	0	0
0	0	0	0	0	0	0	0	0	0	2	0	0	0	0	0	0	0	0	2	10	0	0	0	0	0	0	0	0	0	0	11	0	0	0	0	0	0	0	0	0	0	0	0	2	48	0	0	0	0	0	0	1	47	0	7	0	141	0	0	0	0	0	0	0	0	0	1	1	0	0	0	0	0	0
0	0	0	0	0	0	0	0	0	0	0	0	0	0	0	0	0	34	0	15	3	23	18	0	1	0	0	0	0	17	0	3	0	8	0	9	0	0	2	30	0	0	0	0	0	1	0	4	0	0	0	1	0	0	0	19	1	4	4	1	0	0	1	0	0	0	0	8	1	0	1	4	0	0	0
0	0	0	0	0	0	0	0	0	0	110	0	0	0	0	0	0	0	0	6	0	0	0	0	4	0	0	0	0	0	0	186	0	0	0	0	0	0	0	0	0	0	0	0	168	168	2	0	0	0	0	47	0	0	0	0	0	433	38	0	0	0	0	0	0	0	0	0	0	0	3	0	0	0	0
0	0	0	0	0	0	0	0	0	0	0	0	0	0	0	0	0	0	0	0	0	0	0	0	0	0	0	0	0	0	0	0	0	0	0	0	0	0	0	0	0	0	0	0	0	0	0	0	0	0	0	0	0	0	0	0	0	0	0	0	0	0	0	0	0	0	0	0	0	0	0	0	0	0	0
0	7	0	0	0	0	0	0	0	0	0	0	0	2	0	0	0	0	0	2	0	0	0	0	18	0	0	0	0	1	0	10	0	0	0	2	0	0	0	121	0	0	0	0	0	109	7	0	0	0	0	7	19	0	0	0	0	0	23	0	0	0	0	0	0	0	0	9	0	0	0	0	0	0	0
0	0	0	0	0	0	0	0	0	0	2	0	0	0	0	0	0	0	0	0	0	0	0	0	14	0	0	0	0	0	0	0	0	0	0	0	0	0	0	0	0	0	0	0	0	0	3	0	0	0	0	0	1	0	0	0	0	85	1	22	0	0	0	0	0	0	0	0	0	0	5	0	0	0	0
0	0	1	221	0	0	0	0	0	0	374	0	0	3	0	0	0	0	1	34	420	1	0	0	0	0	0	0	0	14	0	104	0	0	0	61	1	0	6	0	0	6	27	0	0	194	44	0	0	0	0	141	4	433	0	0	85	0	26	18	0	0	2	0	0	0	28	0	0	0	396	15	0	0	0
0	0	0	2	0	0	0	0	0	0	11	0	0	2	0	0	0	15	3	79	0	0	19	0	4	1	0	0	1	216	0	0	0	5	75	464	1	0	138	14	0	0	88	0	7	1	112	0	0	0	0	0	4	38	0	23	1	26	0	339	1	0	35	0	0	0	0	352	44	0	8	5	0	0	0
0	0	0	0	0	0	0	0	0	0	0	0	0	2	0	0	0	0	0	2	0	0	0	0	0	0	0	0	41	1	0	0	0	0	0	128	0	0	2	12	0	0	0	0	0	0	0	0	0	0	0	0	1	0	0	0	22	18	339	0	2	0	0	0	0	0	0	26	0	0	5	10	0	0	0
0	0	0	0	0	0	0	0	0	0	0	0	0	0	0	0	0	0	0	1	0	0	0	0	0	0	0	0	6	0	0	0	0	0	0	2	0	0	0	0	0	0	0	0	0	0	0	0	0	0	0	0	0	0	0	0	0	0	1	2	0	0	0	0	0	0	0	0	0	0	0	0	0	0	0
0	0	0	0	0	0	0	0	0	0	0	0	0	0	0	0	0	0	0	0	0	0	0	0	0	0	0	0	0	0	0	0	0	0	0	0	0	0	0	0	0	0	0	0	0	0	0	0	0	0	0	0	0	0	0	0	0	0	0	0	0	0	0	0	0	0	0	0	0	0	0	0	0	0	0
0	0	0	0	2	42	0	0	0	0	0	0	0	0	5	0	0	2	1	0	0	3	0	0	0	0	0	0	0	0	0	0	0	13	11	0	2	0	0	0	0	2	5	0	0	1	11	0	5	0	0	0	1	0	0	0	0	2	35	0	0	0	0	0	0	0	1	0	16	18	0	0	0	0	0
0	0	0	0	0	0	0	0	0	0	0	0	0	0	0	0	0	0	0	0	0	0	0	0	0	0	0	0	0	0	0	0	0	0	0	0	0	0	0	0	0	0	0	0	0	0	0	0	0	0	0	0	0	0	0	0	0	0	0	0	0	0	0	0	0	0	0	0	0	0	0	0	0	0	0
0	0	0	0	0	0	0	0	0	0	0	0	0	1	0	0	0	0	0	0	0	0	0	0	0	0	0	0	1	0	0	0	0	0	0	0	0	0	0	0	0	0	0	0	0	0	0	0	0	0	0	0	0	0	0	0	0	0	0	0	0	0	0	0	0	0	0	0	0	0	0	0	0	0	0
0	0	0	0	0	0	0	0	0	0	0	0	0	0	0	0	0	0	0	0	0	0	0	0	0	0	0	0	0	0	0	0	0	0	0	0	0	0	0	0	0	0	0	0	0	0	0	0	0	0	0	0	0	0	0	0	0	0	0	0	0	0	0	0	0	0	0	0	0	0	0	0	0	0	0
0	0	0	29	5	0	0	0	0	0	85	0	0	0	0	10	0	0	0	0	0	0	0	0	0	0	0	0	0	0	249	0	0	0	0	0	79	0	0	0	0	431	51	0	13	0	0	0	0	0	0	0	0	0	0	0	0	28	0	0	0	0	1	0	0	0	0	0	0	0	0	0	0	0	0
0	0	0	0	0	0	0	0	0	0	0	0	0	0	0	0	0	3	0	0	0	0	1	0	0	0	0	0	0	21	0	10	0	0	0	44	0	0	1	16	0	0	0	0	0	17	17	0	0	0	0	1	8	0	0	9	0	0	352	26	0	0	0	0	0	0	0	0	0	0	1	0	0	0	0
0	13	0	0	0	0	0	0	0	0	0	0	0	0	0	0	0	2	0	4	0	0	0	0	32	0	0	0	0	16	0	0	0	0	0	7	0	0	0	16	0	0	0	0	0	0	4	0	0	0	0	1	1	0	0	0	0	0	44	0	0	0	16	0	0	0	0	0	0	0	0	2	0	0	0
0	0	0	0	0	0	0	0	0	0	0	0	0	0	0	0	0	0	0	0	0	0	0	0	0	0	0	0	0	0	0	0	0	3	0	0	0	0	0	0	0	0	0	0	0	0	0	0	0	0	0	0	0	0	0	0	0	0	0	0	0	0	18	0	0	0	0	0	0	0	1	0	0	0	0
0	0	0	1	0	0	0	0	0	0	64	0	0	0	0	0	0	0	1	13	8	0	0	0	0	0	0	0	0	0	0	0	0	0	0	22	1	0	1	3	0	0	0	0	0	64	15	0	0	0	0	0	1	3	0	0	5	396	8	5	0	0	0	0	0	0	0	1	0	1	0	0	0	0	0
0	0	0	0	0	0	0	0	0	0	0	0	0	8	0	0	0	1	1	20	0	0	0	0	0	0	0	0	2	0	0	0	0	15	0	0	0	0	0	154	0	0	0	0	0	5	31	0	0	0	0	0	4	0	0	0	0	15	5	10	0	0	0	0	0	0	0	0	2	0	0	0	0	0	0
0	0	0	0	0	0	0	0	0	0	0	0	0	0	0	0	0	0	0	0	0	0	0	0	0	0	0	0	0	0	0	0	0	0	0	0	0	0	0	0	0	0	0	0	0	0	0	0	0	0	0	0	0	0	0	0	0	0	0	0	0	0	0	0	0	0	0	0	0	0	0	0	0	0	0
0	0	0	0	0	0	0	0	0	0	0	0	0	0	0	0	0	0	0	0	0	0	0	0	0	0	0	0	0	0	0	0	0	0	0	0	1	0	0	0	0	0	0	0	0	0	0	0	0	0	0	0	0	0	0	0	0	0	0	0	0	0	0	0	0	0	0	0	0	0	0	0	0	0	0
0	0	0	0	0	0	0	0	0	0	0	0	0	0	0	0	0	0	0	0	0	0	0	0	0	0	0	0	0	0	0	0	0	0	0	0	0	0	0	0	0	0	0	0	0	0	0	0	0	0	0	0	0	0	0	0	0	0	0	0	0	0	0	0	0	0	0	0	0	0	0	0	0	0	0
