0	0	0	0	0	0	0	0	0	0	0	0	0	0	0	0	0	0	0	0	0	0	0	0	0	0	0	0	0	0	0	0	0	0	0	0	0	0	0	0	0	0	0	0	0	0	0	0	0	0	0	0	0	0	0	0	0	0	0	0	0	0	0	0	0	0	0	0	0	0	0	0	0	0	0
0	0	0	0	0	0	0	0	0	0	12	0	0	0	0	0	0	0	0	0	0	0	31	0	179	3	3	0	0	20	0	18	0	3	0	1	0	0	0	1	0	0	0	0	0	1	0	0	0	0	0	0	3	0	0	19	0	0	0	0	0	1	0	0	0	0	0	4	14	0	0	0	0	0	0
0	0	0	1	0	8	0	0	0	1	0	0	0	7	0	0	0	0	2	4	3	0	0	2	0	0	0	0	17	10	0	0	0	0	2	13	1	0	0	0	7	5	1	1	8	0	0	0	0	3	2	0	0	0	0	1	1	1	14	11	0	1	7	0	0	0	0	10	0	0	0	2	0	0	0
0	0	1	0	0	0	0	0	0	2	140	0	0	0	0	17	0	0	0	0	23	0	0	0	0	0	2	0	0	0	8	0	0	0	9	0	0	5	0	0	0	21	0	0	0	1	14	0	0	0	0	0	0	0	0	0	1	44	0	0	0	0	0	0	0	0	94	0	0	0	0	0	1	4	2
0	0	0	0	0	0	0	0	0	1	3	0	0	0	0	0	0	0	0	0	1	0	0	0	0	0	0	0	0	0	271	0	0	0	0	0	0	0	0	0	0	245	0	0	0	0	0	0	0	0	0	0	0	0	0	0	0	0	0	0	0	0	0	0	0	0	189	1	0	0	1	0	0	0	0
0	0	8	0	0	0	0	0	0	6	0	0	0	108	0	0	0	0	0	0	23	0	0	0	0	0	8	0	0	0	0	0	0	51	24	0	0	0	0	5	0	0	0	0	0	0	29	0	2	0	0	0	0	0	0	0	0	0	0	0	0	0	0	0	0	0	0	0	0	5	2	0	8	0	4
0	0	0	0	0	0	0	0	0	7	11	0	0	0	0	0	0	0	0	0	10	0	0	0	0	0	0	0	0	0	0	105	0	0	0	0	0	0	0	0	0	0	0	1	2	0	0	0	0	0	3	0	0	3	0	0	0	3	3	0	0	0	0	0	0	0	0	0	0	0	0	0	3	0	2
0	0	0	0	0	0	0	0	0	0	0	0	0	0	0	0	0	0	0	0	0	0	0	0	0	0	0	0	0	0	1	0	0	0	0	0	0	0	0	0	0	0	0	0	0	0	0	0	0	0	0	0	0	0	0	0	0	0	0	0	0	0	0	0	0	0	0	0	0	0	0	0	0	0	0
0	0	0	0	0	0	0	0	0	6	0	0	0	1	0	0	0	0	0	0	1	0	0	0	0	0	2	0	0	0	0	0	0	2	0	0	0	0	0	0	0	0	0	0	0	0	0	0	0	0	0	0	0	0	0	0	0	0	0	0	0	0	0	0	0	0	0	0	0	0	0	0	0	0	0
0	0	1	2	1	6	7	0	6	0	10	0	0	4	0	0	0	3	0	0	30	13	1	0	0	0	7	0	26	4	0	0	0	27	5	25	0	0	0	5	3	4	3	9	3	9	1	0	0	0	15	0	0	0	0	2	17	15	13	10	0	5	12	0	0	0	0	2	8	0	7	0	16	4	1
0	12	0	140	3	0	11	0	0	10	0	0	0	0	0	58	0	0	0	41	39	0	0	0	0	0	0	0	0	0	0	14	0	0	7	0	135	0	0	0	3	62	112	7	196	13	1	0	0	37	15	0	0	222	0	0	0	197	29	0	0	26	14	0	0	0	139	10	23	1	137	0	12	0	0
0	0	0	0	0	0	0	0	0	0	0	0	0	0	0	0	0	0	0	0	0	0	0	0	0	0	0	0	0	0	0	0	0	0	0	0	0	0	0	0	0	0	0	0	0	0	0	0	0	0	0	0	0	0	0	0	0	0	0	0	0	0	0	0	0	0	0	0	0	0	0	0	0	0	0
0	0	0	0	0	0	0	0	0	0	0	0	0	0	0	0	0	0	0	0	0	0	0	0	0	0	0	0	0	0	0	0	0	0	0	0	0	0	0	0	0	0	0	0	0	0	0	0	0	0	0	0	0	0	0	0	0	0	0	0	0	0	0	0	0	0	0	0	0	0	0	0	0	0	0
0	0	7	0	0	108	0	0	1	4	0	0	0	0	0	14	0	3	0	17	25	8	0	1	0	0	2	0	121	9	0	0	0	319	233	8	0	0	0	30	132	0	0	11	0	0	48	0	2	0	0	0	0	0	0	3	0	21	6	0	0	0	0	0	0	0	0	0	0	0	0	0	9	0	1
0	0	0	0	0	0	0	0	0	0	0	0	0	0	0	0	0	0	0	0	0	0	0	0	0	0	0	0	0	0	0	0	0	0	0	0	0	0	0	0	0	0	0	0	0	0	0	0	0	0	0	0	0	0	0	0	0	0	0	0	0	0	0	0	0	0	0	0	0	0	0	0	0	0	0
0	0	0	17	0	0	0	0	0	0	58	0	0	14	0	0	0	0	1	16	0	0	0	0	0	0	0	0	1	0	0	0	0	12	0	13	30	0	0	8	21	0	48	0	41	0	0	0	0	31	0	0	0	23	0	0	0	103	15	20	0	0	0	0	0	0	0	0	1	0	0	0	0	0	0
0	0	0	0	0	0	0	0	0	0	0	0	0	0	0	0	0	0	0	0	0	0	0	0	0	0	0	0	0	0	0	0	0	0	0	0	0	0	0	0	0	0	0	0	0	0	0	0	0	0	0	0	0	0	0	0	0	0	0	0	0	0	0	0	0	0	0	0	0	0	0	0	0	0	0
0	0	0	0	0	0	0	0	0	3	0	0	0	3	0	0	0	0	0	10	4	0	0	0	2	0	153	0	0	0	0	14	0	338	6	0	0	0	0	236	0	0	0	0	0	4	1	0	0	0	0	0	27	0	0	0	0	0	0	0	0	0	0	0	0	0	0	2	0	0	2	0	0	0	16
0	0	2	0	0	0	0	0	0	0	0	0	0	0	0	1	0	0	0	0	0	0	0	0	0	0	0	0	0	0	0	52	0	0	3	0	3	0	0	0	0	3	10	0	10	0	1	0	0	0	29	0	0	0	0	0	0	2	1	0	0	0	5	0	0	0	1	0	0	8	0	0	2	0	0
0	0	4	0	0	0	0	0	0	0	41	0	0	17	0	16	0	10	0	0	211	14	2	0	0	0	39	0	2	94	0	2	0	375	2	26	0	0	6	67	10	0	2	0	0	42	35	0	0	2	0	0	23	4	0	2	156	18	4	2	0	0	2	0	0	0	0	0	8	0	6	12	4	0	39
0	0	3	23	1	23	10	0	1	30	39	0	0	25	0	0	0	4	0	211	0	105	1	25	79	41	23	0	66	79	0	154	0	227	39	117	0	0	0	180	133	8	3	5	3	181	0	0	1	40	14	42	0	144	0	31	335	295	36	11	0	9	18	0	0	0	4	4	76	6	140	166	14	2	12
0	0	0	0	0	0	0	0	0	13	0	0	0	8	0	0	0	0	0	14	105	0	0	0	0	0	209	0	0	0	0	0	0	1270	6	0	0	0	0	346	0	0	0	1	0	3	6	0	0	0	0	0	16	0	0	0	1	0	0	0	0	0	0	0	0	0	0	0	0	0	0	0	0	0	0
0	31	0	0	0	0	0	0	0	1	0	0	0	0	0	0	0	0	0	2	1	0	0	0	265	0	23	0	0	14	0	232	0	13	0	2	0	0	0	20	0	0	0	0	0	85	0	0	0	0	0	42	9	0	0	0	5	0	0	0	0	0	0	0	0	0	0	2	0	0	0	0	0	1	51
0	0	2	0	0	0	0	0	0	0	0	0	0	1	0	0	0	0	0	0	25	0	0	0	139	0	2	0	0	1	0	0	0	16	1	0	0	0	0	16	0	0	0	0	0	0	0	0	0	0	0	0	0	0	0	0	0	0	0	0	0	0	0	0	0	0	0	0	0	0	0	0	2	0	6
0	179	0	0	0	0	0	0	0	0	0	0	0	0	0	0	0	2	0	0	79	0	265	139	0	139	6	0	0	51	0	0	0	0	0	0	0	0	0	2	0	2	0	0	0	246	0	0	0	0	0	0	3	89	0	167	158	20	6	0	0	2	2	0	2	0	0	0	237	0	0	0	0	0	0
0	3	0	0	0	0	0	0	0	0	0	0	0	0	0	0	0	0	0	0	41	0	0	0	139	0	2	0	0	4	0	14	0	0	0	0	0	0	0	0	0	0	0	0	0	63	0	0	0	0	0	19	2	0	0	0	144	94	0	0	0	0	0	0	0	0	0	0	0	0	0	0	0	0	0
0	3	0	2	0	8	0	0	2	7	0	0	0	2	0	0	0	153	0	39	23	209	23	2	6	2	0	0	39	19	0	1	0	138	13	60	0	0	0	229	115	0	0	0	0	24	0	0	0	2	2	0	0	12	0	100	21	5	20	0	0	0	1	0	0	0	0	12	48	0	3	14	2	3	0
0	0	0	0	0	0	0	0	0	0	0	0	0	0	0	0	0	0	0	0	0	0	0	0	0	0	0	0	0	0	0	0	0	0	0	0	0	0	0	0	0	0	0	0	0	0	0	0	0	0	0	0	0	0	0	0	0	0	0	0	0	0	0	0	0	0	0	0	0	0	0	0	0	0	0
0	0	17	0	0	0	0	0	0	26	0	0	0	121	0	1	0	0	0	2	66	0	0	0	0	0	39	0	0	0	1	2	0	18	103	4	0	0	0	0	0	0	0	1	0	0	47	0	4	0	0	0	0	0	0	0	2	0	0	2	0	0	0	0	0	0	0	2	0	0	4	0	17	0	5
0	20	10	0	0	0	0	0	0	4	0	0	0	9	0	0	0	0	0	94	79	0	14	1	51	4	19	0	0	0	0	0	0	833	2	253	0	0	114	12	16	0	0	0	0	2	0	0	0	1	0	0	6	0	0	0	4	3	6	4	0	0	0	0	0	0	0	57	96	0	0	7	10	0	5
0	0	0	8	271	0	0	1	0	0	0	0	0	0	0	0	0	0	0	0	0	0	0	0	0	0	0	0	1	0	0	0	0	0	1	0	459	0	0	0	0	514	0	0	0	0	6	0	0	129	1	0	0	0	0	0	0	0	0	0	0	0	0	0	0	0	696	1	0	0	0	0	0	0	0
0	18	0	0	0	0	105	0	0	0	14	0	0	0	0	0	0	14	52	2	154	0	232	0	0	14	1	0	2	0	0	0	0	0	2	0	0	0	0	2	2	0	0	0	266	374	0	0	0	0	0	131	0	862	0	196	0	371	4	0	0	0	0	0	0	0	0	92	6	0	256	0	0	0	314
0	0	0	0	0	0	0	0	0	0	0	0	0	0	0	0	0	0	0	0	0	0	0	0	0	0	0	0	0	0	0	0	0	0	0	0	0	0	0	0	0	0	0	0	0	0	0	0	0	0	0	0	0	0	0	0	0	0	0	0	0	0	1	0	1	0	0	0	0	1	0	0	2	0	0
0	3	0	0	0	51	0	0	2	27	0	0	0	319	0	12	0	338	0	375	227	1270	13	16	0	0	138	0	18	833	0	0	0	0	4	219	2	0	0	1317	1009	7	0	0	7	2	0	0	0	83	47	0	0	0	0	174	17	15	59	0	0	0	7	0	0	0	0	0	54	0	0	1083	0	0	2
0	0	2	9	0	24	0	0	0	5	7	0	0	233	0	0	0	6	3	2	39	6	0	1	0	0	13	0	103	2	1	2	0	4	0	0	0	0	0	20	36	7	1	2	7	3	27	0	0	0	0	0	0	0	0	3	2	2	48	0	0	0	9	0	0	0	0	2	0	0	1	0	2	0	3
0	1	13	0	0	0	0	0	0	25	0	0	0	8	0	13	0	0	0	26	117	0	2	0	0	0	60	0	4	253	0	0	0	219	0	0	0	0	0	28	19	0	0	3	0	0	0	0	0	0	0	0	4	0	0	0	3	4	0	1	0	0	0	0	0	0	0	11	0	0	2	0	13	0	11
0	0	1	0	0	0	0	0	0	0	135	0	0	0	0	30	0	0	3	0	0	0	0	0	0	0	0	0	0	0	459	0	0	2	0	0	0	0	0	0	0	182	0	0	10	0	0	0	4	0	0	0	0	0	0	0	0	1	0	0	0	0	0	0	0	0	242	0	0	0	0	0	1	0	0
0	0	0	5	0	0	0	0	0	0	0	0	0	0	0	0	0	0	0	0	0	0	0	0	0	0	0	0	0	0	0	0	0	0	0	0	0	0	0	0	0	5	0	0	1	0	0	0	0	0	0	0	0	0	0	0	0	0	0	0	0	8	9	0	0	0	0	0	0	0	0	0	5	0	0
0	0	0	0	0	0	0	0	0	0	0	0	0	0	0	0	0	0	0	6	0	0	0	0	0	0	0	0	0	114	0	0	0	0	0	0	0	0	0	0	0	0	0	0	0	0	0	0	0	0	0	0	0	0	0	0	0	0	0	0	0	0	0	0	0	0	0	0	0	0	0	0	0	0	0
0	1	0	0	0	5	0	0	0	5	0	0	0	30	0	8	0	236	0	67	180	346	20	16	2	0	229	0	0	12	0	2	0	1317	20	28	0	0	0	0	121	20	0	0	0	11	31	0	0	1	0	0	16	0	0	164	0	0	57	0	0	0	0	0	0	0	1	2	2	0	4	94	0	0	22
0	0	7	0	0	0	0	0	0	3	3	0	0	132	0	21	0	0	0	10	133	0	0	0	0	0	115	0	0	16	0	2	0	1009	36	19	0	0	0	121	0	0	0	1	0	2	17	0	0	0	0	0	4	0	0	0	2	0	0	0	0	0	0	0	0	0	0	0	0	0	0	0	7	0	7
0	0	5	21	245	0	0	0	0	4	62	0	0	0	0	0	0	0	3	0	8	0	0	0	2	0	0	0	0	0	514	0	0	7	7	0	182	5	0	20	0	0	2	1	205	6	20	0	0	0	0	0	0	0	0	0	0	3	3	0	0	2	6	0	0	0	384	0	0	5	0	0	5	0	2
0	0	1	0	0	0	0	0	0	3	112	0	0	0	0	48	0	0	10	2	3	0	0	0	0	0	0	0	0	0	0	0	0	0	1	0	0	0	0	0	0	2	0	0	4	0	5	0	0	0	0	0	0	0	0	0	0	1	0	2	0	0	0	0	0	0	1	0	0	7	2	0	1	3	9
0	0	1	0	0	0	1	0	0	9	7	0	0	11	0	0	0	0	0	0	5	1	0	0	0	0	0	0	1	0	0	0	0	0	2	3	0	0	0	0	1	1	0	0	0	3	0	0	0	0	3	0	0	0	0	2	0	3	3	0	0	1	0	0	0	0	0	0	0	0	5	0	2	3	2
0	0	8	0	0	0	2	0	0	3	196	0	0	0	0	41	0	0	10	0	3	0	0	0	0	0	0	0	0	0	0	266	0	7	7	0	10	1	0	0	0	205	4	0	0	9	8	0	0	8	0	1	0	12	0	0	0	69	8	0	0	0	8	0	0	0	2	3	0	3	2	0	8	0	119
0	1	0	1	0	0	0	0	0	9	13	0	0	0	0	0	0	4	0	42	181	3	85	0	246	63	24	0	0	2	0	374	0	2	3	0	0	0	0	11	2	6	0	3	9	0	0	0	0	1	0	0	1	127	0	69	2	83	0	0	0	0	1	0	0	0	0	12	1	0	48	1	0	2	112
0	0	0	14	0	29	0	0	0	1	1	0	0	48	0	0	0	1	1	35	0	6	0	0	0	0	0	0	47	0	6	0	0	0	27	0	0	0	0	31	17	20	5	0	8	0	0	0	0	0	0	0	0	1	0	6	0	3	19	0	0	13	6	0	0	0	0	0	1	0	0	0	1	0	0
0	0	0	0	0	0	0	0	0	0	0	0	0	0	0	0	0	0	0	0	0	0	0	0	0	0	0	0	0	0	0	0	0	0	0	0	0	0	0	0	0	0	0	0	0	0	0	0	0	0	0	0	0	0	0	0	0	0	0	0	0	0	0	0	0	0	0	0	0	0	0	0	0	0	0
0	0	0	0	0	2	0	0	0	0	0	0	0	2	0	0	0	0	0	0	1	0	0	0	0	0	0	0	4	0	0	0	0	0	0	0	4	0	0	0	0	0	0	0	0	0	0	0	0	0	0	0	0	2	0	0	0	0	1	0	0	0	0	0	0	0	0	0	0	0	0	0	1	0	0
0	0	3	0	0	0	0	0	0	0	37	0	0	0	0	31	0	0	0	2	40	0	0	0	0	0	2	0	0	1	129	0	0	83	0	0	0	0	0	1	0	0	0	0	8	1	0	0	0	0	0	0	0	0	0	0	0	0	0	0	0	0	0	0	0	0	2	0	0	0	0	0	3	0	0
0	0	2	0	0	0	3	0	0	15	15	0	0	0	0	0	0	0	29	0	14	0	0	0	0	0	2	0	0	0	1	0	0	47	0	0	0	0	0	0	0	0	0	3	0	0	0	0	0	0	0	0	0	0	0	0	0	0	0	0	0	0	0	0	0	0	0	4	0	0	4	0	2	0	2
0	0	0	0	0	0	0	0	0	0	0	0	0	0	0	0	0	0	0	0	42	0	42	0	0	19	0	0	0	0	0	131	0	0	0	0	0	0	0	0	0	0	0	0	1	0	0	0	0	0	0	0	0	66	0	59	0	190	0	0	0	0	0	0	0	0	0	9	0	0	0	0	0	0	52
0	3	0	0	0	0	0	0	0	0	0	0	0	0	0	0	0	27	0	23	0	16	9	0	3	2	0	0	0	6	0	0	0	0	0	4	0	0	0	16	4	0	0	0	0	1	0	0	0	0	0	0	0	0	0	2	0	0	0	0	0	0	0	0	0	0	0	0	2	0	0	0	0	0	0
0	0	0	0	0	0	3	0	0	0	222	0	0	0	0	23	0	0	0	4	144	0	0	0	89	0	12	0	0	0	0	862	0	0	0	0	0	0	0	0	0	0	0	0	12	127	1	0	2	0	0	66	0	0	0	0	0	155	0	0	0	0	0	0	0	0	0	0	0	0	0	0	0	0	274
0	0	0	0	0	0	0	0	0	0	0	0	0	0	0	0	0	0	0	0	0	0	0	0	0	0	0	0	0	0	0	0	0	0	0	0	0	0	0	0	0	0	0	0	0	0	0	0	0	0	0	0	0	0	0	0	0	0	0	0	0	0	0	0	0	0	0	0	0	0	0	0	0	0	0
0	19	1	0	0	0	0	0	0	2	0	0	0	3	0	0	0	0	0	2	31	0	0	0	167	0	100	0	0	0	0	196	0	174	3	0	0	0	0	164	0	0	0	2	0	69	6	0	0	0	0	59	2	0	0	0	38	0	0	0	0	0	0	0	0	0	0	2	0	0	2	0	1	0	16
0	0	1	1	0	0	0	0	0	17	0	0	0	0	0	0	0	0	0	156	335	1	5	0	158	144	21	0	2	4	0	0	0	17	2	3	0	0	0	0	2	0	0	0	0	2	0	0	0	0	0	0	0	0	0	38	0	76	1	0	0	2	0	0	0	0	0	0	218	0	145	0	3	2	0
0	0	1	44	0	0	3	0	0	15	197	0	0	21	0	103	0	0	2	18	295	0	0	0	20	94	5	0	0	3	0	371	0	15	2	4	1	0	0	0	0	3	1	3	69	83	3	0	0	0	0	190	0	155	0	0	76	0	0	1	0	0	2	0	0	0	63	1	0	0	5	0	1	0	95
0	0	14	0	0	0	3	0	0	13	29	0	0	6	0	15	0	0	1	4	36	0	0	0	6	0	20	0	0	6	0	4	0	59	48	0	0	0	0	57	0	3	0	3	8	0	19	0	1	0	0	0	0	0	0	0	1	0	0	0	0	0	0	0	0	0	0	6	0	3	2	0	14	0	117
0	0	11	0	0	0	0	0	0	10	0	0	0	0	0	20	0	0	0	2	11	0	0	0	0	0	0	0	2	4	0	0	0	0	0	1	0	0	0	0	0	0	2	0	0	0	0	0	0	0	0	0	0	0	0	0	0	1	0	0	0	0	0	0	0	0	0	11	0	0	0	0	11	0	1
0	0	0	0	0	0	0	0	0	0	0	0	0	0	0	0	0	0	0	0	0	0	0	0	0	0	0	0	0	0	0	0	0	0	0	0	0	0	0	0	0	0	0	0	0	0	0	0	0	0	0	0	0	0	0	0	0	0	0	0	0	0	0	0	0	0	0	0	0	0	0	0	0	0	0
0	1	1	0	0	0	0	0	0	5	26	0	0	0	0	0	0	0	0	0	9	0	0	0	2	0	0	0	0	0	0	0	0	0	0	0	0	8	0	0	0	2	0	1	0	0	13	0	0	0	0	0	0	0	0	0	2	0	0	0	0	0	0	0	0	0	0	1	0	1	8	0	1	0	0
0	0	7	0	0	0	0	0	0	12	14	0	0	0	0	0	0	0	5	2	18	0	0	0	2	0	1	0	0	0	0	0	1	7	9	0	0	9	0	0	0	6	0	0	8	1	6	0	0	0	0	0	0	0	0	0	0	2	0	0	0	0	0	0	0	0	0	4	0	7	6	0	7	1	12
0	0	0	0	0	0	0	0	0	0	0	0	0	0	0	0	0	0	0	0	0	0	0	0	0	0	0	0	0	0	0	0	0	0	0	0	0	0	0	0	0	0	0	0	0	0	0	0	0	0	0	0	0	0	0	0	0	0	0	0	0	0	0	0	0	0	0	0	0	0	0	0	0	0	0
0	0	0	0	0	0	0	0	0	0	0	0	0	0	0	0	0	0	0	0	0	0	0	0	2	0	0	0	0	0	0	0	1	0	0	0	0	0	0	0	0	0	0	0	0	0	0	0	0	0	0	0	0	0	0	0	0	0	0	0	0	0	0	0	0	0	0	0	0	2	0	0	0	0	0
0	0	0	0	0	0	0	0	0	0	0	0	0	0	0	0	0	0	0	0	0	0	0	0	0	0	0	0	0	0	0	0	0	0	0	0	0	0	0	0	0	0	0	0	0	0	0	0	0	0	0	0	0	0	0	0	0	0	0	0	0	0	0	0	0	0	0	0	0	0	0	0	0	0	0
0	0	0	94	189	0	0	0	0	0	139	0	0	0	0	0	0	0	1	0	4	0	0	0	0	0	0	0	0	0	696	0	0	0	0	0	242	0	0	1	0	384	1	0	2	0	0	0	0	2	0	0	0	0	0	0	0	63	0	0	0	0	0	0	0	0	0	0	0	0	0	0	0	0	1
0	4	10	0	1	0	0	0	0	2	10	0	0	0	0	0	0	2	0	0	4	0	2	0	0	0	12	0	2	57	1	92	0	0	2	11	0	0	0	2	0	0	0	0	3	12	0	0	0	0	4	9	0	0	0	2	0	1	6	11	0	1	4	0	0	0	0	0	0	0	8	0	14	0	6
0	14	0	0	0	0	0	0	0	8	23	0	0	0	0	1	0	0	0	8	76	0	0	0	237	0	48	0	0	96	0	6	0	54	0	0	0	0	0	2	0	0	0	0	0	1	1	0	0	0	0	0	2	0	0	0	218	0	0	0	0	0	0	0	0	0	0	0	0	0	0	0	0	0	29
0	0	0	0	0	5	0	0	0	0	1	0	0	0	0	0	0	0	8	0	6	0	0	0	0	0	0	0	0	0	0	0	1	0	0	0	0	0	0	0	0	5	7	0	3	0	0	0	0	0	0	0	0	0	0	0	0	0	3	0	0	1	7	0	2	0	0	0	0	0	0	2	0	3	10
0	0	0	0	1	2	0	0	0	7	137	0	0	0	0	0	0	2	0	6	140	0	0	0	0	0	3	0	4	0	0	256	0	0	1	2	0	0	0	4	0	0	2	5	2	48	0	0	0	0	4	0	0	0	0	2	145	5	2	0	0	8	6	0	0	0	0	8	0	0	0	4	4	4	13
0	0	2	0	0	0	0	0	0	0	0	0	0	0	0	0	0	0	0	12	166	0	0	0	0	0	14	0	0	7	0	0	0	1083	0	0	0	0	0	94	0	0	0	0	0	1	0	0	0	0	0	0	0	0	0	0	0	0	0	0	0	0	0	0	0	0	0	0	0	2	4	0	2	0	0
0	0	0	1	0	8	3	0	0	16	12	0	0	9	0	0	0	0	2	4	14	0	0	2	0	0	2	0	17	10	0	0	2	0	2	13	1	5	0	0	7	5	1	2	8	0	1	0	1	3	2	0	0	0	0	1	3	1	14	11	0	1	7	0	0	0	0	14	0	0	4	2	0	0	4
0	0	0	4	0	0	0	0	0	4	0	0	0	0	0	0	0	0	0	0	2	0	1	0	0	0	3	0	0	0	0	0	0	0	0	0	0	0	0	0	0	0	3	3	0	2	0	0	0	0	0	0	0	0	0	0	2	0	0	0	0	0	1	0	0	0	0	0	0	3	4	0	0	0	0
0	0	0	2	0	4	2	0	0	1	0	0	0	1	0	0	0	16	0	39	12	0	51	6	0	0	0	0	5	5	0	314	0	2	3	11	0	0	0	22	7	2	9	2	119	112	0	0	0	0	2	52	0	274	0	16	0	95	117	1	0	0	12	0	0	0	1	6	29	10	13	0	4	0	0
