0	0	0	0	0	0	0	0	0	0	0	0	0	0	0	0	0	0	0	0	0	0	0	0	0	0	0	0	0	0	0	0	0	0	0	0	0	0	0	0	0	0	0	0	0	0	0	0	0	0	0	0	0	0	0	0	0	0	0	0	0	0	0	0	0	0	0	0	0	0	0	0	0	0	0
0	0	0	0	0	0	0	0	0	0	0	0	0	0	2	0	0	8	0	9	0	9	114	0	0	79	6	0	0	0	0	2	0	1	6	0	0	0	0	0	0	2	0	0	0	30	1	0	0	0	1	0	0	2	0	70	0	0	1	0	0	0	0	0	0	0	0	76	85	0	1	0	0	0	7
0	0	0	0	0	1	0	0	12	0	1	0	0	36	2	0	0	3	6	3	2	0	0	0	0	1	0	0	0	7	0	0	0	29	32	2	0	0	12	0	20	0	3	0	1	0	0	0	0	0	0	0	0	1	0	0	7	0	4	2	0	8	0	0	2	0	1	1	1	0	5	2	0	2	0
0	0	0	0	0	0	0	0	0	0	182	0	0	0	195	33	0	0	2	2	1	0	0	0	0	0	0	0	0	0	0	0	24	0	0	0	0	0	0	0	0	0	0	0	8	0	17	0	31	0	0	0	0	0	0	0	0	130	8	0	0	0	0	0	0	0	26	0	0	0	2	0	0	0	0
0	0	0	0	0	0	0	0	0	0	5	0	0	0	0	1	0	0	0	0	0	0	0	0	0	0	0	0	0	0	0	0	0	0	2	0	0	0	0	0	0	0	0	0	0	0	0	0	0	0	0	0	0	0	0	0	0	0	0	0	0	0	0	0	0	0	70	0	0	0	0	0	0	0	0
0	0	1	0	0	0	0	0	0	0	1	4	0	76	46	1	0	0	0	0	0	0	0	0	0	0	0	0	0	0	0	0	82	2	47	0	0	0	0	0	0	0	0	0	0	0	34	0	7	0	0	0	0	0	0	0	0	0	1	2	0	0	0	0	0	0	0	0	0	0	0	0	0	0	0
0	0	0	0	0	0	0	0	0	0	0	0	0	0	0	0	0	0	0	0	0	0	0	0	0	0	0	0	0	0	0	0	0	0	0	0	0	0	0	0	0	0	0	0	0	0	0	0	0	0	0	0	0	0	0	0	0	0	0	0	0	0	0	0	0	0	0	0	0	0	0	0	0	0	0
0	0	0	0	0	0	0	0	0	0	0	0	0	0	0	0	0	0	0	0	0	0	0	0	0	0	0	0	0	0	0	0	0	0	0	0	0	0	0	0	0	0	0	0	0	0	0	0	0	0	0	0	0	0	0	0	0	0	0	0	0	0	0	0	0	0	0	0	0	0	0	0	0	0	0
0	0	12	0	0	0	0	0	0	0	0	0	0	200	3	0	0	62	0	2	65	0	0	0	0	0	14	0	0	0	0	0	37	5	0	0	0	0	0	0	0	0	0	0	0	0	1	0	0	0	0	0	0	0	0	0	1	0	3	46	0	0	0	0	0	0	0	0	0	0	0	3	5	0	0
0	0	0	0	0	0	0	0	0	0	0	0	0	0	0	0	0	0	0	0	0	0	0	0	0	0	0	0	0	0	0	0	0	0	0	0	0	0	0	0	0	0	0	0	0	0	0	0	0	0	3	0	0	0	0	0	0	0	0	0	0	0	0	0	0	0	0	0	0	0	0	0	0	0	0
0	0	1	182	5	1	0	0	0	0	0	9	0	2	22	249	0	7	48	146	114	0	0	0	0	0	0	0	0	4	4	6	0	4	2	4	75	0	1	0	1	73	157	0	843	13	24	0	49	0	0	0	0	360	0	10	0	398	9	1	0	9	14	0	1	0	200	1	12	0	269	45	13	2	1
0	0	0	0	0	4	0	0	0	0	9	0	0	1	16	0	0	0	0	0	0	0	0	0	0	0	0	0	0	0	0	0	0	0	0	0	0	0	0	0	0	0	2	0	0	0	0	0	0	0	0	0	0	0	0	0	0	0	0	0	0	38	4	0	0	0	0	0	0	0	0	0	22	24	0
0	0	0	0	0	0	0	0	0	0	0	0	0	0	0	0	0	0	0	0	0	0	0	0	0	0	0	0	0	0	0	0	0	0	0	0	0	0	0	0	0	0	0	0	0	0	0	0	0	0	0	0	0	0	0	0	0	0	0	0	0	0	0	0	0	0	0	0	0	0	0	0	0	0	0
0	0	36	0	0	76	0	0	200	0	2	1	0	0	3	1	0	98	3	65	22	63	0	0	0	2	9	0	0	85	0	0	0	310	374	2	0	0	5	0	84	32	3	0	1	4	92	0	0	0	0	0	0	0	0	4	3	0	9	9	0	5	4	0	20	0	0	1	7	0	70	17	145	2	15
0	2	2	195	0	46	0	0	3	0	22	16	0	3	0	1	0	1	4	1	1	3	0	0	0	2	0	0	0	4	0	0	43	8	17	2	3	0	77	0	0	0	22	0	1	0	43	0	0	0	1	0	0	0	0	0	33	0	191	11	1	451	237	0	85	0	9	0	0	0	19	0	93	13	1
0	0	0	33	1	1	0	0	0	0	249	0	0	1	1	0	0	2	7	85	0	0	0	0	0	0	0	0	0	4	0	3	0	3	0	1	65	0	0	0	0	0	152	0	845	0	0	0	0	0	0	0	0	0	0	1	0	69	2	28	0	2	1	0	0	0	10	1	23	0	54	0	0	0	1
0	0	0	0	0	0	0	0	0	0	0	0	0	0	0	0	0	0	0	0	0	0	0	0	0	0	0	0	0	0	0	0	0	0	0	0	0	0	0	0	0	0	0	0	0	0	2	0	0	0	0	0	0	0	0	0	0	0	0	0	0	0	0	0	0	0	0	0	0	0	0	0	0	0	0
0	8	3	0	0	0	0	0	62	0	7	0	0	98	1	2	0	0	7	77	14	309	37	0	0	35	343	0	0	130	0	100	0	264	56	25	0	0	7	0	91	7	4	0	0	19	29	0	0	0	0	0	0	1	0	110	7	0	117	6	0	18	1	0	0	0	7	136	235	0	2	19	29	0	13
0	0	6	2	0	0	0	0	0	0	48	0	0	3	4	7	0	7	0	0	2	0	0	0	0	0	0	0	0	0	0	0	0	0	0	0	0	0	0	0	1	0	0	0	35	0	8	0	17	0	0	0	0	9	0	0	0	0	4	0	0	0	0	0	0	0	7	0	0	0	0	0	6	0	1
0	9	3	2	0	0	0	0	2	0	146	0	0	65	1	85	0	77	0	0	100	2	2	0	0	0	38	0	0	16	0	0	0	20	0	6	0	0	2	0	4	0	2	0	96	6	0	0	3	0	0	0	0	10	0	0	28	274	63	52	0	0	0	0	0	0	0	2	8	0	16	2	3	0	275
0	0	2	1	0	0	0	0	65	0	114	0	0	22	1	0	0	14	2	100	0	38	0	0	0	82	41	0	0	5	0	12	0	76	12	13	0	0	1	0	0	4	1	0	0	57	45	0	0	0	0	0	0	174	0	94	137	146	13	13	0	20	32	0	0	0	20	8	54	0	141	168	28	0	21
0	9	0	0	0	0	0	0	0	0	0	0	0	63	3	0	0	309	0	2	38	0	0	0	0	0	346	0	0	4	0	8	0	5	7	0	0	0	0	0	0	0	0	0	0	0	5	0	0	0	0	0	0	0	0	0	1	0	15	20	0	0	0	0	0	0	0	0	0	0	0	2	0	0	1
0	114	0	0	0	0	0	0	0	0	0	0	0	0	0	0	0	37	0	2	0	0	0	0	0	0	15	0	0	8	0	30	0	1	1	0	0	0	0	0	0	0	0	0	2	0	0	0	0	0	0	0	0	0	0	0	0	0	49	0	0	0	0	0	0	0	0	0	0	0	0	0	0	0	6
0	0	0	0	0	0	0	0	0	0	0	0	0	0	0	0	0	0	0	0	0	0	0	0	0	0	0	0	0	0	0	0	0	0	0	0	0	0	0	0	0	0	0	0	0	0	0	0	0	0	0	0	0	0	0	0	1	0	0	0	0	0	0	0	0	0	0	0	0	0	0	0	0	0	0
0	0	0	0	0	0	0	0	0	0	0	0	0	0	0	0	0	0	0	0	0	0	0	0	0	0	0	0	0	0	0	0	0	0	0	0	0	0	0	0	0	0	0	0	0	0	0	0	0	0	0	0	0	0	0	0	0	0	0	0	0	0	0	0	0	0	0	0	0	0	0	0	0	0	0
0	79	1	0	0	0	0	0	0	0	0	0	0	2	2	0	0	35	0	0	82	0	0	0	0	0	15	0	0	0	0	0	0	2	2	0	0	0	0	0	0	0	0	0	0	0	1	0	0	0	0	0	0	0	0	0	8	47	0	0	0	0	0	0	0	0	0	0	0	0	0	0	1	0	1
0	6	0	0	0	0	0	0	14	0	0	0	0	9	0	0	0	343	0	38	41	346	15	0	0	15	0	0	0	161	0	2	0	283	22	11	0	0	0	0	68	0	0	0	1	1	0	0	0	0	0	0	0	1	0	124	13	0	2	3	0	0	0	0	0	0	0	206	63	0	8	8	2	0	1
0	0	0	0	0	0	0	0	0	0	0	0	0	0	0	0	0	0	0	0	0	0	0	0	0	0	0	0	0	0	0	0	0	0	0	0	0	0	0	0	0	0	0	0	0	0	0	0	0	0	0	0	0	0	0	0	0	0	0	0	0	0	0	0	0	0	0	0	0	0	0	0	0	0	0
0	0	0	0	0	0	0	0	0	0	0	0	0	0	0	0	0	0	0	0	0	0	0	0	0	0	0	0	0	0	0	0	0	0	0	0	0	0	0	0	0	0	0	0	0	0	0	0	0	0	0	0	0	0	0	0	0	0	0	0	0	0	0	0	0	0	0	0	0	0	0	0	0	0	0
0	0	7	0	0	0	0	0	0	0	4	0	0	85	4	4	0	130	0	16	5	4	8	0	0	0	161	0	0	0	0	2	0	17	5	11	0	0	0	0	6	0	0	0	14	0	0	0	0	0	0	0	0	0	0	0	1	10	92	15	0	0	0	0	0	0	0	5	7	0	0	0	6	0	25
0	0	0	0	0	0	0	0	0	0	4	0	0	0	0	0	0	0	0	0	0	0	0	0	0	0	0	0	0	0	0	0	0	0	2	0	0	0	0	0	0	0	0	0	0	0	0	0	6	0	0	0	0	0	0	0	2	0	0	0	0	0	0	0	0	0	70	0	0	0	0	0	0	0	0
0	2	0	0	0	0	0	0	0	0	6	0	0	0	0	3	0	100	0	0	12	8	30	0	0	0	2	0	0	2	0	0	0	6	11	0	0	0	0	0	0	0	0	0	94	8	118	0	0	0	0	416	0	282	0	116	0	177	83	0	0	0	0	0	0	0	0	36	2	0	126	0	0	0	150
0	0	0	24	0	82	0	0	37	0	0	0	0	0	43	0	0	0	0	0	0	0	0	0	0	0	0	0	0	0	0	0	0	0	29	0	0	0	0	0	0	0	0	0	0	0	0	0	0	0	0	0	0	0	0	0	0	0	0	2	0	0	30	0	82	0	0	0	0	0	0	0	0	0	0
0	1	29	0	0	2	0	0	5	0	4	0	0	310	8	3	0	264	0	20	76	5	1	0	0	2	283	0	0	17	0	6	0	0	2	9	0	0	9	0	6	0	3	0	4	0	1	0	3	0	0	0	0	0	0	4	1	3	9	15	0	0	2	0	0	0	0	4	7	0	1	2	9	0	4
0	6	32	0	2	47	0	0	0	0	2	0	0	374	17	0	0	56	0	0	12	7	1	0	0	2	22	0	0	5	2	11	29	2	0	6	0	0	1	0	5	2	1	0	8	0	113	0	0	0	0	0	0	0	0	12	0	0	21	6	0	3	0	0	0	0	3	17	8	0	0	2	17	0	2
0	0	2	0	0	0	0	0	0	0	4	0	0	2	2	1	0	25	0	6	13	0	0	0	0	0	11	0	0	11	0	0	0	9	6	0	0	0	0	0	0	0	0	0	0	0	23	0	0	0	0	0	0	0	0	0	0	9	54	16	0	0	0	0	0	0	0	0	0	0	0	0	2	0	1
0	0	0	0	0	0	0	0	0	0	75	0	0	0	3	65	0	0	0	0	0	0	0	0	0	0	0	0	0	0	0	0	0	0	0	0	0	0	0	0	0	0	0	0	170	0	0	0	18	0	0	0	0	0	0	0	0	10	1	0	0	0	0	0	0	0	59	0	0	0	0	0	0	0	0
0	0	0	0	0	0	0	0	0	0	0	0	0	0	0	0	0	0	0	0	0	0	0	0	0	0	0	0	0	0	0	0	0	0	0	0	0	0	0	0	0	0	0	0	0	0	0	0	0	0	0	0	0	0	0	0	0	0	0	0	0	0	0	0	0	0	0	0	0	0	0	0	0	0	0
0	0	12	0	0	0	0	0	0	0	1	0	0	5	77	0	0	7	0	2	1	0	0	0	0	0	0	0	0	0	0	0	0	9	1	0	0	0	0	0	0	0	0	0	4	0	0	0	0	0	0	0	0	0	0	0	2	0	42	60	0	0	0	0	0	0	0	0	0	0	1	0	12	0	0
0	0	0	0	0	0	0	0	0	0	0	0	0	0	0	0	0	0	0	0	0	0	0	0	0	0	0	0	0	0	0	0	0	0	0	0	0	0	0	0	0	0	0	0	0	0	0	0	0	0	0	0	0	0	0	0	0	0	0	0	0	0	0	0	0	0	0	0	0	0	0	0	0	0	0
0	0	20	0	0	0	0	0	0	0	1	0	0	84	0	0	0	91	1	4	0	0	0	0	0	0	68	0	0	6	0	0	0	6	5	0	0	0	0	0	0	0	0	0	0	0	0	0	0	0	0	0	0	0	0	0	0	0	0	2	0	0	0	0	0	0	0	0	0	0	0	0	3	0	0
0	2	0	0	0	0	0	0	0	0	73	0	0	32	0	0	0	7	0	0	4	0	0	0	0	0	0	0	0	0	0	0	0	0	2	0	0	0	0	0	0	0	0	0	0	0	0	0	24	0	0	0	0	0	0	0	0	1	0	0	0	0	0	0	0	0	70	0	0	0	0	0	0	0	0
0	0	3	0	0	0	0	0	0	0	157	2	0	3	22	152	0	4	0	2	1	0	0	0	0	0	0	0	0	0	0	0	0	3	1	0	0	0	0	0	0	0	0	0	374	0	1	0	2	0	0	0	0	0	0	0	0	23	84	236	0	0	0	0	0	0	0	0	0	0	2	0	3	0	0
0	0	0	0	0	0	0	0	0	0	0	0	0	0	0	0	0	0	0	0	0	0	0	0	0	0	0	0	0	0	0	0	0	0	0	0	0	0	0	0	0	0	0	0	0	0	0	0	0	0	0	0	0	0	0	0	0	0	0	0	0	0	0	0	0	0	0	0	0	0	0	0	0	0	0
0	0	1	8	0	0	0	0	0	0	843	0	0	1	1	845	0	0	35	96	0	0	2	0	0	0	1	0	0	14	0	94	0	4	8	0	170	0	4	0	0	0	374	0	0	0	1	0	58	0	0	0	0	736	0	0	2	242	50	4	0	0	0	0	0	0	60	0	0	0	92	0	7	0	348
0	30	0	0	0	0	0	0	0	0	13	0	0	4	0	0	0	19	0	6	57	0	0	0	0	0	1	0	0	0	0	8	0	0	0	0	0	0	0	0	0	0	0	0	0	0	28	0	0	0	0	0	0	0	0	0	3	63	4	0	0	0	0	0	0	0	0	0	0	0	0	0	0	0	19
0	1	0	17	0	34	0	0	1	0	24	0	0	92	43	0	2	29	8	0	45	5	0	0	0	1	0	0	0	0	0	118	0	1	113	23	0	0	0	0	0	0	1	0	1	28	0	0	0	0	0	0	0	1	0	14	7	0	28	1	0	82	73	0	0	0	14	1	11	0	0	9	17	1	1
0	0	0	0	0	0	0	0	0	0	0	0	0	0	0	0	0	0	0	0	0	0	0	0	0	0	0	0	0	0	0	0	0	0	0	0	0	0	0	0	0	0	0	0	0	0	0	0	0	0	0	0	0	0	0	0	0	0	0	0	0	0	0	0	0	0	0	0	0	0	0	0	0	0	0
0	0	0	31	0	7	0	0	0	0	49	0	0	0	0	0	0	0	17	3	0	0	0	0	0	0	0	0	0	0	6	0	0	3	0	0	18	0	0	0	0	24	2	0	58	0	0	0	0	0	0	0	0	11	0	0	0	22	0	0	0	0	0	0	2	0	25	0	0	0	43	0	3	0	0
0	0	0	0	0	0	0	0	0	0	0	0	0	0	0	0	0	0	0	0	0	0	0	0	0	0	0	0	0	0	0	0	0	0	0	0	0	0	0	0	0	0	0	0	0	0	0	0	0	0	0	0	0	0	0	0	0	0	0	0	0	0	0	0	0	0	0	0	0	0	0	0	0	0	0
0	1	0	0	0	0	0	0	0	3	0	0	0	0	1	0	0	0	0	0	0	0	0	0	0	0	0	0	0	0	0	0	0	0	0	0	0	0	0	0	0	0	0	0	0	0	0	0	0	0	0	0	0	0	0	0	0	0	0	0	0	0	0	0	0	0	0	0	0	0	0	0	0	0	0
0	0	0	0	0	0	0	0	0	0	0	0	0	0	0	0	0	0	0	0	0	0	0	0	0	0	0	0	0	0	0	416	0	0	0	0	0	0	0	0	0	0	0	0	0	0	0	0	0	0	0	0	0	0	0	0	0	0	0	0	0	0	0	0	0	0	0	0	0	0	0	0	0	0	0
0	0	0	0	0	0	0	0	0	0	0	0	0	0	0	0	0	0	0	0	0	0	0	0	0	0	0	0	0	0	0	0	0	0	0	0	0	0	0	0	0	0	0	0	0	0	0	0	0	0	0	0	0	0	0	0	0	0	0	0	0	0	0	0	0	0	0	0	0	0	0	0	0	0	0
0	2	1	0	0	0	0	0	0	0	360	0	0	0	0	0	0	1	9	10	174	0	0	0	0	0	1	0	0	0	0	282	0	0	0	0	0	0	0	0	0	0	0	0	736	0	1	0	11	0	0	0	0	0	0	0	0	330	35	0	0	0	0	0	0	0	0	0	0	0	6	0	1	0	462
0	0	0	0	0	0	0	0	0	0	0	0	0	0	0	0	0	0	0	0	0	0	0	0	0	0	0	0	0	0	0	0	0	0	0	0	0	0	0	0	0	0	0	0	0	0	0	0	0	0	0	0	0	0	0	0	0	0	0	0	0	0	0	0	0	0	0	0	0	0	0	0	0	0	0
0	70	0	0	0	0	0	0	0	0	10	0	0	4	0	1	0	110	0	0	94	0	0	0	0	0	124	0	0	0	0	116	0	4	12	0	0	0	0	0	0	0	0	0	0	0	14	0	0	0	0	0	0	0	0	0	2	8	6	0	0	0	0	0	0	0	0	0	0	0	0	0	0	0	0
0	0	7	0	0	0	0	0	1	0	0	0	0	3	33	0	0	7	0	28	137	1	0	1	0	8	13	0	0	1	2	0	0	1	0	0	0	0	2	0	0	0	0	0	2	3	7	0	0	0	0	0	0	0	0	2	0	213	0	0	0	3	3	0	0	0	0	0	15	0	33	4	8	0	0
0	0	0	130	0	0	0	0	0	0	398	0	0	0	0	69	0	0	0	274	146	0	0	0	0	47	0	0	0	10	0	177	0	3	0	9	10	0	0	0	0	1	23	0	242	63	0	0	22	0	0	0	0	330	0	8	213	0	2	104	2	4	0	0	0	0	105	5	1	0	284	3	2	0	174
0	1	4	8	0	1	0	0	3	0	9	0	0	9	191	2	0	117	4	63	13	15	49	0	0	0	2	0	0	92	0	83	0	9	21	54	1	0	42	0	0	0	84	0	50	4	28	0	0	0	0	0	0	35	0	6	0	2	0	88	4	155	11	0	0	0	3	80	72	0	9	40	16	8	52
0	0	2	0	0	2	0	0	46	0	1	0	0	9	11	28	0	6	0	52	13	20	0	0	0	0	3	0	0	15	0	0	2	15	6	16	0	0	60	0	2	0	236	0	4	0	1	0	0	0	0	0	0	0	0	0	0	104	88	0	3	0	0	0	0	0	0	374	0	0	194	7	18	0	7
0	0	0	0	0	0	0	0	0	0	0	0	0	0	1	0	0	0	0	0	0	0	0	0	0	0	0	0	0	0	0	0	0	0	0	0	0	0	0	0	0	0	0	0	0	0	0	0	0	0	0	0	0	0	0	0	0	2	4	3	0	0	0	0	0	0	0	0	0	0	0	0	0	0	0
0	0	8	0	0	0	0	0	0	0	9	38	0	5	451	2	0	18	0	0	20	0	0	0	0	0	0	0	0	0	0	0	0	0	3	0	0	0	0	0	0	0	0	0	0	0	82	0	0	0	0	0	0	0	0	0	3	4	155	0	0	0	0	0	0	0	0	0	0	0	0	0	8	0	5
0	0	0	0	0	0	0	0	0	0	14	4	0	4	237	1	0	1	0	0	32	0	0	0	0	0	0	0	0	0	0	0	30	2	0	0	0	0	0	0	0	0	0	0	0	0	73	0	0	0	0	0	0	0	0	0	3	0	11	0	0	0	0	0	0	0	0	0	0	0	0	0	0	0	3
0	0	0	0	0	0	0	0	0	0	0	0	0	0	0	0	0	0	0	0	0	0	0	0	0	0	0	0	0	0	0	0	0	0	0	0	0	0	0	0	0	0	0	0	0	0	0	0	0	0	0	0	0	0	0	0	0	0	0	0	0	0	0	0	0	0	0	0	0	0	0	0	0	0	0
0	0	2	0	0	0	0	0	0	0	1	0	0	20	85	0	0	0	0	0	0	0	0	0	0	0	0	0	0	0	0	0	82	0	0	0	0	0	0	0	0	0	0	0	0	0	0	0	2	0	0	0	0	0	0	0	0	0	0	0	0	0	0	0	0	0	0	0	0	0	0	0	2	0	0
0	0	0	0	0	0	0	0	0	0	0	0	0	0	0	0	0	0	0	0	0	0	0	0	0	0	0	0	0	0	0	0	0	0	0	0	0	0	0	0	0	0	0	0	0	0	0	0	0	0	0	0	0	0	0	0	0	0	0	0	0	0	0	0	0	0	0	0	0	0	0	0	0	0	0
0	0	1	26	70	0	0	0	0	0	200	0	0	0	9	10	0	7	7	0	20	0	0	0	0	0	0	0	0	0	70	0	0	0	3	0	59	0	0	0	0	70	0	0	60	0	14	0	25	0	0	0	0	0	0	0	0	105	3	0	0	0	0	0	0	0	0	0	0	0	0	0	1	0	0
0	76	1	0	0	0	0	0	0	0	1	0	0	1	0	1	0	136	0	2	8	0	0	0	0	0	206	0	0	5	0	36	0	4	17	0	0	0	0	0	0	0	0	0	0	0	1	0	0	0	0	0	0	0	0	0	0	5	80	374	0	0	0	0	0	0	0	0	0	0	1	1	1	0	16
0	85	1	0	0	0	0	0	0	0	12	0	0	7	0	23	0	235	0	8	54	0	0	0	0	0	63	0	0	7	0	2	0	7	8	0	0	0	0	0	0	0	0	0	0	0	11	0	0	0	0	0	0	0	0	0	15	1	72	0	0	0	0	0	0	0	0	0	0	0	0	0	1	0	68
0	0	0	0	0	0	0	0	0	0	0	0	0	0	0	0	0	0	0	0	0	0	0	0	0	0	0	0	0	0	0	0	0	0	0	0	0	0	0	0	0	0	0	0	0	0	0	0	0	0	0	0	0	0	0	0	0	0	0	0	0	0	0	0	0	0	0	0	0	0	0	0	0	0	0
0	1	5	2	0	0	0	0	0	0	269	0	0	70	19	54	0	2	0	16	141	0	0	0	0	0	8	0	0	0	0	126	0	1	0	0	0	0	1	0	0	0	2	0	92	0	0	0	43	0	0	0	0	6	0	0	33	284	9	194	0	0	0	0	0	0	0	1	0	0	0	0	3	0	34
0	0	2	0	0	0	0	0	3	0	45	0	0	17	0	0	0	19	0	2	168	2	0	0	0	0	8	0	0	0	0	0	0	2	2	0	0	0	0	0	0	0	0	0	0	0	9	0	0	0	0	0	0	0	0	0	4	3	40	7	0	0	0	0	0	0	0	1	0	0	0	0	2	0	1
0	0	0	0	0	0	0	0	5	0	13	22	0	145	93	0	0	29	6	3	28	0	0	0	0	1	2	0	0	6	0	0	0	9	17	2	0	0	12	0	3	0	3	0	7	0	17	0	3	0	0	0	0	1	0	0	8	2	16	18	0	8	0	0	2	0	1	1	1	0	3	2	0	2	7
0	0	2	0	0	0	0	0	0	0	2	24	0	2	13	0	0	0	0	0	0	0	0	0	0	0	0	0	0	0	0	0	0	0	0	0	0	0	0	0	0	0	0	0	0	0	1	0	0	0	0	0	0	0	0	0	0	0	8	0	0	0	0	0	0	0	0	0	0	0	0	0	2	0	0
0	7	0	0	0	0	0	0	0	0	1	0	0	15	1	1	0	13	1	275	21	1	6	0	0	1	1	0	0	25	0	150	0	4	2	1	0	0	0	0	0	0	0	0	348	19	1	0	0	0	0	0	0	462	0	0	0	174	52	7	0	5	3	0	0	0	0	16	68	0	34	1	7	0	0
