0	0	0	0	0	0	0	0	0	0	0	0	0	0	0	0	0	0	0	0	0	0	0	0	0	0	0	0	0	0	0	0	0	0	0	0	0	0	0	0	0	0	0	0	0	0	0	0	0	0	0	0	0	0	0	0	0	0	0	0	0	0	0	0	0	0	0	0	0	0	0	0	0	0	0
0	0	0	0	0	0	22	0	1	4	0	0	0	0	0	0	0	34	0	7	0	24	6	0	2	0	2	0	0	0	0	0	0	4	18	4	0	0	0	2	7	0	0	0	0	1	0	0	0	0	0	0	11	16	0	8	0	0	1	0	0	0	0	0	0	0	0	7	10	0	0	0	0	0	0
0	0	0	29	1	46	2	0	35	3	13	0	0	266	0	3	0	24	13	0	45	1	0	0	0	0	0	0	0	0	0	0	1889	4	193	23	1	0	0	1	39	0	0	0	45	11	30	16	1	0	0	0	7	0	0	0	1	6	10	11	0	51	34	0	0	0	1	0	1	0	0	2	26	1	0
0	0	29	0	0	0	0	0	0	0	167	0	0	0	176	90	0	6	33	0	1	7	0	0	0	0	0	0	0	0	0	0	45	0	2	0	0	0	0	0	0	0	0	0	0	0	0	0	3	0	0	0	0	0	0	0	0	84	0	0	0	0	93	0	0	0	40	0	0	0	9	0	29	2	0
0	0	1	0	0	0	0	0	0	0	0	0	0	0	0	0	0	2	0	0	0	1	0	0	0	0	0	0	0	0	0	0	0	0	0	0	0	0	0	0	0	0	0	0	0	0	0	0	0	0	0	0	0	0	0	0	0	0	0	0	0	0	0	0	0	0	3	0	0	0	0	0	1	0	0
0	0	46	0	0	0	0	0	0	0	0	0	0	82	68	0	0	0	0	0	0	0	0	0	0	0	0	0	0	0	0	0	2009	1	103	0	0	0	0	0	0	0	0	0	0	0	0	0	1	0	0	0	0	0	0	0	0	0	0	0	0	0	272	0	0	0	0	0	0	3	0	0	46	2	0
0	22	2	0	0	0	0	0	0	0	1	0	0	0	0	0	0	577	0	150	17	340	38	0	2	4	335	0	0	25	0	51	0	218	280	126	0	0	0	175	106	0	0	7	0	13	2	0	0	0	0	0	561	295	0	94	24	13	15	0	0	1	2	0	0	0	6	108	62	0	0	1	5	0	54
0	0	0	0	0	0	0	0	0	0	0	0	0	0	0	0	0	0	0	0	0	0	0	0	0	0	0	0	0	0	0	0	0	0	0	0	0	0	0	0	0	0	0	0	0	0	0	0	0	0	0	0	0	0	0	0	0	0	0	0	0	0	0	0	0	0	0	0	0	0	0	0	0	0	0
0	1	35	0	0	0	0	0	0	1	6	0	0	239	0	0	0	39	0	6	4	77	0	0	0	0	5	0	0	0	0	2	1334	12	166	0	0	0	0	0	0	0	0	0	0	0	0	0	0	0	0	0	0	0	0	0	0	0	0	144	0	0	0	0	0	0	0	0	0	0	0	2	31	0	0
0	4	3	0	0	0	0	0	1	0	3	0	0	5	8	0	0	2	0	1	0	0	0	0	0	0	0	0	0	0	0	0	7	2	1	0	0	0	0	0	4	0	0	0	0	0	0	1	0	0	1	0	0	0	0	0	0	3	0	0	0	4	10	0	1	0	0	0	1	0	0	0	7	0	0
0	0	13	167	0	0	1	0	6	3	0	0	0	1	5	79	0	3	4	37	129	5	0	0	0	0	3	0	0	0	0	6	0	20	23	14	108	0	0	0	21	0	0	0	31	0	23	9	1	0	1	0	18	60	0	12	0	265	35	0	0	37	72	0	0	0	156	0	0	0	96	11	32	0	1
0	0	0	0	0	0	0	0	0	0	0	0	0	0	0	0	0	0	0	0	10	0	0	0	0	0	0	0	0	0	0	0	0	0	0	0	0	0	0	0	0	0	0	0	0	0	0	0	0	0	0	0	0	0	0	0	0	0	0	0	0	0	0	0	0	0	0	0	0	0	0	0	0	0	0
0	0	0	0	0	0	0	0	0	0	0	0	0	0	0	0	0	0	0	0	0	0	0	0	0	0	0	0	0	0	0	0	0	0	0	0	0	0	0	0	0	0	0	0	0	0	0	0	0	0	0	0	0	0	0	0	0	0	0	0	0	0	0	0	0	0	0	0	0	0	0	0	0	0	0
0	0	266	0	0	82	0	0	239	5	1	0	0	0	0	0	0	15	0	29	46	37	0	0	0	0	3	0	0	0	0	0	2180	119	630	10	1	0	0	45	497	0	0	0	0	1	288	1	0	0	0	0	2	3	0	8	6	75	21	10	0	1	1	0	0	0	0	4	0	0	0	30	103	0	34
0	0	0	176	0	68	0	0	0	8	5	0	0	0	0	0	0	0	0	0	5	16	0	0	0	0	0	0	0	0	0	8	1656	1	5	0	3	0	0	0	0	0	0	0	260	0	1	103	8	0	0	0	0	0	0	0	36	5	4	0	0	262	655	0	103	0	18	0	0	0	0	0	5	2	0
0	0	3	90	0	0	0	0	0	0	79	0	0	0	0	0	0	1	0	150	0	19	0	0	0	0	0	0	0	0	0	0	1	0	0	0	32	0	0	0	0	0	0	0	96	0	0	0	68	0	0	0	0	4	0	0	0	45	0	2	0	0	2	0	0	0	80	0	26	0	0	0	3	0	0
0	0	0	0	0	0	0	0	0	0	0	0	0	0	0	0	0	0	0	0	0	0	0	0	0	0	0	0	0	0	0	0	10	0	0	0	0	0	0	0	0	0	0	0	0	0	0	0	0	0	0	0	0	0	0	0	0	0	0	0	0	0	0	0	0	0	0	0	0	0	0	0	0	0	0
0	34	24	6	2	0	577	0	39	2	3	0	0	15	0	1	0	0	4	85	56	600	19	0	11	1	304	0	0	0	0	11	0	182	170	41	0	0	0	168	373	0	0	0	7	22	5	3	0	0	0	1	449	179	0	142	5	13	19	0	0	17	4	0	0	0	1	109	58	0	0	0	46	0	8
0	0	13	33	0	0	0	0	0	0	4	0	0	0	0	0	0	4	0	0	7	0	0	0	0	0	0	0	0	0	0	0	0	3	0	1	2	0	0	0	0	0	0	0	47	0	4	12	0	0	0	0	0	0	0	0	0	17	31	0	0	32	18	0	0	0	0	0	0	0	0	0	45	0	0
0	7	0	0	0	0	150	0	6	1	37	0	0	29	0	150	0	85	0	0	342	130	84	0	0	2	84	0	0	4	0	24	2	38	78	8	0	0	0	2	10	0	0	0	154	2	0	0	0	0	0	0	39	192	0	0	2	70	130	0	0	0	1	0	0	0	0	12	168	0	13	8	0	0	46
0	0	45	1	0	0	17	0	4	0	129	10	0	46	5	0	0	56	7	342	0	9	1	0	264	161	8	0	0	0	0	25	6	35	85	17	0	0	0	1	54	0	0	0	35	105	31	1	1	0	0	2	1	195	0	220	216	310	51	20	0	3	20	0	0	0	11	3	89	1	146	9	29	0	1
0	24	1	7	1	0	340	0	77	0	5	0	0	37	16	19	0	600	0	130	9	0	20	0	9	2	231	0	0	4	1	1	0	314	418	50	0	0	0	139	423	0	0	0	10	38	1	9	0	0	0	0	271	99	0	51	16	10	26	1	0	7	2	0	1	0	0	8	58	0	0	98	2	0	0
0	6	0	0	0	0	38	0	0	0	0	0	0	0	0	0	0	19	0	84	1	20	0	0	254	19	14	0	0	2	0	1	0	3	109	0	0	0	0	0	0	0	0	6	0	0	0	0	0	0	0	0	40	0	0	0	0	0	0	0	0	0	0	0	0	0	0	0	0	0	0	0	0	0	29
0	0	0	0	0	0	0	0	0	0	0	0	0	0	0	0	0	0	0	0	0	0	0	0	0	0	0	0	0	0	0	0	0	0	0	0	0	0	0	0	0	0	0	0	0	0	0	0	0	0	0	0	0	0	0	0	0	0	0	0	0	0	0	0	0	0	0	0	0	0	0	0	0	0	0
0	2	0	0	0	0	2	0	0	0	0	0	0	0	0	0	0	11	0	0	264	9	254	0	0	493	0	0	0	0	0	0	0	2	6	36	0	0	0	4	2	0	0	0	0	74	2	0	0	0	0	0	6	0	0	413	511	2	10	2	0	0	0	0	0	0	0	0	481	0	0	0	0	0	0
0	0	0	0	0	0	4	0	0	0	0	0	0	0	0	0	0	1	0	2	161	2	19	0	493	0	0	0	0	0	0	0	0	0	1	0	0	0	0	0	0	0	0	0	0	7	0	0	0	0	0	0	1	10	0	41	54	4	0	0	0	0	0	0	0	0	0	0	48	0	0	0	0	0	0
0	2	0	0	0	0	335	0	5	0	3	0	0	3	0	0	0	304	0	84	8	231	14	0	0	0	0	0	0	1	0	3	0	200	54	32	0	0	0	82	130	0	0	0	0	16	1	1	0	0	0	0	207	133	0	81	4	1	24	2	0	0	0	0	0	0	0	52	20	0	0	52	1	0	6
0	0	0	0	0	0	0	0	0	0	0	0	0	0	0	0	0	0	0	0	0	0	0	0	0	0	0	0	0	0	0	0	0	0	0	0	0	0	0	0	0	0	0	0	0	0	0	0	0	0	0	0	0	0	0	0	0	0	0	0	0	0	0	0	0	0	0	0	0	0	0	0	0	0	0
0	0	0	0	0	0	0	0	0	0	0	0	0	0	0	0	0	0	0	0	0	0	0	0	0	0	0	0	0	0	0	0	0	0	0	0	0	0	0	0	0	0	0	0	0	0	0	0	0	0	0	0	0	0	0	0	0	0	0	0	0	0	0	0	0	0	0	0	0	0	0	0	0	0	0
0	0	0	0	0	0	25	0	0	0	0	0	0	0	0	0	0	0	0	4	0	4	2	0	0	0	1	0	0	0	0	0	0	5	117	4	0	0	0	0	2	0	0	0	0	0	0	0	0	0	0	0	17	0	0	1	0	0	3	0	0	0	0	0	0	0	0	4	3	0	0	0	0	0	0
0	0	0	0	0	0	0	0	0	0	0	0	0	0	0	0	0	0	0	0	0	1	0	0	0	0	0	0	0	0	0	0	0	0	0	0	0	0	0	0	0	0	0	0	0	0	0	0	0	0	0	0	0	0	0	0	0	0	0	0	0	0	0	0	0	0	134	0	0	0	0	0	0	0	0
0	0	0	0	0	0	51	0	2	0	6	0	0	0	8	0	0	11	0	24	25	1	1	0	0	0	3	0	0	0	0	0	29	0	50	0	0	0	0	0	0	0	0	0	0	1	0	0	0	0	0	79	6	4	0	0	0	23	2	0	0	0	0	0	0	0	0	4	0	0	1	0	0	0	90
0	0	1889	45	0	2009	0	0	1334	7	0	0	0	2180	1656	1	10	0	0	2	6	0	0	0	0	0	0	0	0	0	0	29	0	16	604	0	0	0	0	0	1755	0	0	0	518	1	1067	135	0	0	0	0	0	0	0	0	2	92	43	2	0	2	680	0	2096	0	1	0	0	583	0	0	352	11	1
0	4	4	0	0	1	218	0	12	2	20	0	0	119	1	0	0	182	3	38	35	314	3	0	2	0	200	0	0	5	0	0	16	0	141	8	0	0	0	20	43	0	0	12	4	1	3	0	0	0	0	0	119	0	0	1	5	0	2	0	0	0	10	0	0	0	1	0	4	3	0	30	4	0	0
0	18	193	2	0	103	280	0	166	1	23	0	0	630	5	0	0	170	0	78	85	418	109	0	6	1	54	0	0	117	0	50	604	141	0	74	0	0	0	37	889	0	0	4	13	13	1154	0	0	0	0	0	374	32	0	66	11	217	807	33	0	2	3	0	0	0	0	589	86	3	0	9	123	1	123
0	4	23	0	0	0	126	0	0	0	14	0	0	10	0	0	0	41	1	8	17	50	0	0	36	0	32	0	0	4	0	0	0	8	74	0	0	0	0	10	0	0	0	0	0	0	0	0	0	0	0	0	104	0	0	0	0	1	0	48	0	0	13	0	0	0	0	0	0	0	0	0	23	0	0
0	0	1	0	0	0	0	0	0	0	108	0	0	1	3	32	0	0	2	0	0	0	0	0	0	0	0	0	0	0	0	0	0	0	0	0	0	0	0	0	0	0	0	0	0	0	0	0	12	0	0	0	0	0	0	0	0	1	0	0	0	0	14	0	0	0	133	0	0	0	0	0	1	28	18
0	0	0	0	0	0	0	0	0	0	0	0	0	0	0	0	0	0	0	0	0	0	0	0	0	0	0	0	0	0	0	0	0	0	0	0	0	0	0	0	0	0	0	0	0	0	0	0	0	0	0	0	0	0	0	0	0	0	0	0	0	0	0	0	0	0	0	0	0	0	0	0	0	0	0
0	0	0	0	0	0	0	0	0	0	0	0	0	0	0	0	0	0	0	0	0	0	0	0	0	0	0	0	0	0	0	0	0	0	0	0	0	0	0	0	0	0	0	0	0	0	0	0	0	0	0	0	0	0	0	0	0	0	0	0	0	0	0	0	0	0	0	0	0	0	0	0	0	0	0
0	2	1	0	0	0	175	0	0	0	0	0	0	45	0	0	0	168	0	2	1	139	0	0	4	0	82	0	0	0	0	0	0	20	37	10	0	0	0	0	15	0	0	0	0	4	0	1	0	0	0	0	85	0	0	0	0	0	0	0	0	0	0	0	0	0	0	0	0	0	0	0	1	0	0
0	7	39	0	0	0	106	0	0	4	21	0	0	497	0	0	0	373	0	10	54	423	0	0	2	0	130	0	0	2	0	0	1755	43	889	0	0	0	0	15	0	0	0	12	0	0	0	0	0	0	0	0	133	0	0	0	0	0	0	4	0	0	0	0	0	0	0	0	0	0	0	2	31	0	23
0	0	0	0	0	0	0	0	0	0	0	0	0	0	0	0	0	0	0	0	0	0	0	0	0	0	0	0	0	0	0	0	0	0	0	0	0	0	0	0	0	0	0	0	0	0	0	0	0	0	0	0	0	0	0	0	0	0	0	0	0	0	0	0	0	0	0	0	0	0	0	0	0	0	0
0	0	0	0	0	0	0	0	0	0	0	0	0	0	0	0	0	0	0	0	0	0	0	0	0	0	0	0	0	0	0	0	0	0	0	0	0	0	0	0	0	0	0	0	0	0	0	0	0	0	0	0	0	0	0	0	0	0	0	0	0	0	0	0	0	0	0	0	0	0	0	0	0	0	0
0	0	0	0	0	0	7	0	0	0	0	0	0	0	0	0	0	0	0	0	0	0	6	0	0	0	0	0	0	0	0	0	0	12	4	0	0	0	0	0	12	0	0	0	0	0	0	0	0	0	0	0	12	0	0	0	0	0	0	0	0	0	0	0	0	0	0	1	0	0	0	0	3	0	0
0	0	45	0	0	0	0	0	0	0	31	0	0	0	260	96	0	7	47	154	35	10	0	0	0	0	0	0	0	0	0	0	518	4	13	0	0	0	0	0	0	0	0	0	0	0	0	0	5	0	0	0	0	0	0	0	0	5	0	0	0	0	458	0	0	0	1	0	0	1	0	0	45	3	52
0	1	11	0	0	0	13	0	0	0	0	0	0	1	0	0	0	22	0	2	105	38	0	0	74	7	16	0	0	0	0	1	1	1	13	0	0	0	0	4	0	0	0	0	0	0	0	0	0	0	0	0	43	0	0	0	0	30	0	0	0	0	1	0	0	0	0	0	0	0	0	0	11	0	0
0	0	30	0	0	0	2	0	0	0	23	0	0	288	1	0	0	5	4	0	31	1	0	0	2	0	1	0	0	0	0	0	1067	3	1154	0	0	0	0	0	0	0	0	0	0	0	0	0	0	0	0	0	21	0	0	0	0	0	0	0	0	0	2	0	0	0	0	0	0	0	0	0	27	0	1
0	0	16	0	0	0	0	0	0	1	9	0	0	1	103	0	0	3	12	0	1	9	0	0	0	0	1	0	0	0	0	0	135	0	0	0	0	0	0	1	0	0	0	0	0	0	0	0	0	0	0	0	0	0	0	0	0	0	0	102	0	0	11	0	0	0	0	0	0	0	0	0	16	0	1
0	0	1	3	0	1	0	0	0	0	1	0	0	0	8	68	0	0	0	0	1	0	0	0	0	0	0	0	0	0	0	0	0	0	0	0	12	0	0	0	0	0	0	0	5	0	0	0	0	0	0	0	0	0	0	0	0	5	0	0	0	2	5	0	0	0	1	0	0	1	0	0	4	0	0
0	0	0	0	0	0	0	0	0	0	0	0	0	0	0	0	0	0	0	0	0	0	0	0	0	0	0	0	0	0	0	0	0	0	0	0	0	0	0	0	0	0	0	0	0	0	0	0	0	0	0	0	0	0	0	0	0	0	0	0	0	0	0	0	0	0	0	0	0	0	0	0	0	0	0
0	0	0	0	0	0	0	0	0	1	1	0	0	0	0	0	0	0	0	0	0	0	0	0	0	0	0	0	0	0	0	0	0	0	0	0	0	0	0	0	0	0	0	0	0	0	0	0	0	0	0	0	0	0	0	0	0	0	0	0	0	0	0	0	0	0	0	0	0	0	0	0	0	0	0
0	0	0	0	0	0	0	0	0	0	0	0	0	0	0	0	0	1	0	0	2	0	0	0	0	0	0	0	0	0	0	79	0	0	0	0	0	0	0	0	0	0	0	0	0	0	0	0	0	0	0	0	0	0	0	0	0	3	0	0	0	0	0	0	0	0	0	0	0	0	0	0	0	0	7
0	11	7	0	0	0	561	0	0	0	18	0	0	2	0	0	0	449	0	39	1	271	40	0	6	1	207	0	0	17	0	6	0	119	374	104	0	0	0	85	133	0	0	12	0	43	21	0	0	0	0	0	0	11	0	61	1	8	16	0	0	0	0	0	0	0	0	83	13	0	0	0	6	0	1
0	16	0	0	0	0	295	0	0	0	60	0	0	3	0	4	0	179	0	192	195	99	0	0	0	10	133	0	0	0	0	4	0	0	32	0	0	0	0	0	0	0	0	0	0	0	0	0	0	0	0	0	11	0	0	0	0	50	0	2	0	0	0	0	0	0	0	0	0	0	9	0	0	0	116
0	0	0	0	0	0	0	0	0	0	0	0	0	0	0	0	0	0	0	0	0	0	0	0	0	0	0	0	0	0	0	0	0	0	0	0	0	0	0	0	0	0	0	0	0	0	0	0	0	0	0	0	0	0	0	0	0	0	0	0	0	0	0	0	0	0	0	0	0	0	0	0	0	0	0
0	8	0	0	0	0	94	0	0	0	12	0	0	8	0	0	0	142	0	0	220	51	0	0	413	41	81	0	0	1	0	0	0	1	66	0	0	0	0	0	0	0	0	0	0	0	0	0	0	0	0	0	61	0	0	0	0	0	0	2	0	0	0	0	0	0	0	0	0	0	0	0	0	4	2
0	0	1	0	0	0	24	0	0	0	0	0	0	6	36	0	0	5	0	2	216	16	0	0	511	54	4	0	0	0	0	0	2	5	11	0	0	0	0	0	0	0	0	0	0	0	0	0	0	0	0	0	1	0	0	0	0	27	0	2	0	0	0	0	0	0	0	0	0	0	1	2	1	0	1
0	0	6	84	0	0	13	0	0	3	265	0	0	75	5	45	0	13	17	70	310	10	0	0	2	4	1	0	0	0	0	23	92	0	217	1	1	0	0	0	0	0	0	0	5	30	0	0	5	0	0	3	8	50	0	0	27	0	3	7	0	0	20	0	0	0	11	0	0	3	66	0	7	1	55
0	1	10	0	0	0	15	0	0	0	35	0	0	21	4	0	0	19	31	130	51	26	0	0	10	0	24	0	0	3	0	2	43	2	807	0	0	0	0	0	0	0	0	0	0	0	0	0	0	0	0	0	16	0	0	0	0	3	0	248	0	0	34	0	0	0	0	0	0	0	0	0	10	0	167
0	0	11	0	0	0	0	0	144	0	0	0	0	10	0	2	0	0	0	0	20	1	0	0	2	0	2	0	0	0	0	0	2	0	33	48	0	0	0	0	4	0	0	0	0	0	0	102	0	0	0	0	0	2	0	2	2	7	248	0	0	0	0	0	0	0	0	246	40	0	0	0	13	1	1
0	0	0	0	0	0	0	0	0	0	0	0	0	0	0	0	0	0	0	0	0	0	0	0	0	0	0	0	0	0	0	0	0	0	0	0	0	0	0	0	0	0	0	0	0	0	0	0	0	0	0	0	0	0	0	0	0	0	0	0	0	0	0	0	0	0	0	0	0	0	0	0	0	0	0
0	0	51	0	0	0	1	0	0	4	37	0	0	1	262	0	0	17	32	0	3	7	0	0	0	0	0	0	0	0	0	0	2	0	2	0	0	0	0	0	0	0	0	0	0	0	0	0	2	0	0	0	0	0	0	0	0	0	0	0	0	0	267	0	0	0	6	0	0	0	0	1	51	2	0
0	0	34	93	0	272	2	0	0	10	72	0	0	1	655	2	0	4	18	1	20	2	0	0	0	0	0	0	0	0	0	0	680	10	3	13	14	0	0	0	0	0	0	0	458	1	2	11	5	0	0	0	0	0	0	0	0	20	34	0	0	267	0	0	21	0	3	0	34	66	0	1	81	13	19
0	0	0	0	0	0	0	0	0	0	0	0	0	0	0	0	0	0	0	0	0	0	0	0	0	0	0	0	0	0	0	0	0	0	0	0	0	0	0	0	0	0	0	0	0	0	0	0	0	0	0	0	0	0	0	0	0	0	0	0	0	0	0	0	0	0	0	0	0	0	0	0	0	0	0
0	0	0	0	0	0	0	0	0	1	0	0	0	0	103	0	0	0	0	0	0	1	0	0	0	0	0	0	0	0	0	0	2096	0	0	0	0	0	0	0	0	0	0	0	0	0	0	0	0	0	0	0	0	0	0	0	0	0	0	0	0	0	21	0	0	0	0	0	0	0	0	0	0	0	0
0	0	0	0	0	0	0	0	0	0	0	0	0	0	0	0	0	0	0	0	0	0	0	0	0	0	0	0	0	0	0	0	0	0	0	0	0	0	0	0	0	0	0	0	0	0	0	0	0	0	0	0	0	0	0	0	0	0	0	0	0	0	0	0	0	0	0	0	0	0	0	0	0	0	0
0	0	1	40	3	0	6	0	0	0	156	0	0	0	18	80	0	1	0	0	11	0	0	0	0	0	0	0	0	0	134	0	1	1	0	0	133	0	0	0	0	0	0	0	1	0	0	0	1	0	0	0	0	0	0	0	0	11	0	0	0	6	3	0	0	0	0	0	0	0	0	0	1	1	0
0	7	0	0	0	0	108	0	0	0	0	0	0	4	0	0	0	109	0	12	3	8	0	0	0	0	52	0	0	4	0	4	0	0	589	0	0	0	0	0	0	0	0	1	0	0	0	0	0	0	0	0	83	0	0	0	0	0	0	246	0	0	0	0	0	0	0	0	0	0	0	0	0	0	7
0	10	1	0	0	0	62	0	0	1	0	0	0	0	0	26	0	58	0	168	89	58	0	0	481	48	20	0	0	3	0	0	0	4	86	0	0	0	0	0	0	0	0	0	0	0	0	0	0	0	0	0	13	0	0	0	0	0	0	40	0	0	34	0	0	0	0	0	0	0	0	0	1	1	130
0	0	0	0	0	3	0	0	0	0	0	0	0	0	0	0	0	0	0	0	1	0	0	0	0	0	0	0	0	0	0	0	583	3	3	0	0	0	0	0	0	0	0	0	1	0	0	0	1	0	0	0	0	0	0	0	0	3	0	0	0	0	66	0	0	0	0	0	0	0	0	0	2	11	0
0	0	0	9	0	0	0	0	0	0	96	0	0	0	0	0	0	0	0	13	146	0	0	0	0	0	0	0	0	0	0	1	0	0	0	0	0	0	0	0	0	0	0	0	0	0	0	0	0	0	0	0	0	9	0	0	1	66	0	0	0	0	0	0	0	0	0	0	0	0	0	0	0	0	0
0	0	2	0	0	0	1	0	2	0	11	0	0	30	0	0	0	0	0	8	9	98	0	0	0	0	52	0	0	0	0	0	0	30	9	0	0	0	0	0	2	0	0	0	0	0	0	0	0	0	0	0	0	0	0	0	2	0	0	0	0	1	1	0	0	0	0	0	0	0	0	0	3	0	0
0	0	26	29	1	46	5	0	31	7	32	0	0	103	5	3	0	46	45	0	29	2	0	0	0	0	1	0	0	0	0	0	352	4	123	23	1	0	0	1	31	0	0	3	45	11	27	16	4	0	0	0	6	0	0	0	1	7	10	13	0	51	81	0	0	0	1	0	1	2	0	3	0	8	1
0	0	1	2	0	2	0	0	0	0	0	0	0	0	2	0	0	0	0	0	0	0	0	0	0	0	0	0	0	0	0	0	11	0	1	0	28	0	0	0	0	0	0	0	3	0	0	0	0	0	0	0	0	0	0	4	0	1	0	1	0	2	13	0	0	0	1	0	1	11	0	0	8	0	0
0	0	0	0	0	0	54	0	0	0	1	0	0	34	0	0	0	8	0	46	1	0	29	0	0	0	6	0	0	0	0	90	1	0	123	0	18	0	0	0	23	0	0	0	52	0	1	1	0	0	0	7	1	116	0	2	1	55	167	1	0	0	19	0	0	0	0	7	130	0	0	0	1	0	0
