0	0	0	0	0	0	0	0	0	0	0	0	0	0	0	0	0	0	0	0	0	0	0	0	0	0	0	0	0	0	0	0	0	0	0	0	0	0	0	0	0	0	0	0	0	0	0	0	0	0	0	0	0	0	0	0	0	0	0	0	0	0	0	0	0	0	0	0	0	0	0	0	0	0	0
0	0	0	0	0	0	0	0	0	0	12	0	0	0	0	0	0	18	0	1	0	0	109	0	251	72	3	0	0	22	0	4	0	3	0	5	0	0	0	1	0	0	0	0	0	72	0	0	0	0	0	0	3	0	0	72	0	0	4	0	0	1	0	0	0	0	0	5	91	0	3	0	0	0	0
0	0	0	1	0	10	0	0	0	0	0	0	0	7	0	0	0	0	2	4	3	0	0	2	0	0	0	0	16	10	0	0	0	0	1	13	1	0	0	0	7	5	1	0	8	0	2	0	0	3	0	0	0	0	0	1	1	0	11	11	0	0	5	0	0	0	0	10	0	0	0	2	0	0	0
0	0	1	0	0	0	0	0	0	0	51	0	0	0	0	17	0	0	0	0	19	0	0	0	0	0	0	0	0	0	5	0	0	0	9	0	0	5	0	0	0	17	0	0	0	1	14	0	1	0	0	0	0	0	0	0	0	179	0	0	0	0	19	0	0	0	7	0	0	0	0	0	1	4	1
0	0	0	0	0	0	0	0	0	0	0	0	0	0	0	0	0	0	0	0	0	0	0	0	0	0	0	0	0	0	289	0	0	0	0	0	0	0	0	0	0	246	0	0	0	0	0	0	0	0	0	0	0	0	0	0	0	0	0	0	0	0	0	0	0	0	77	0	0	0	0	0	0	0	0
0	0	10	0	0	0	0	0	0	0	0	0	0	56	0	0	0	0	0	0	22	0	0	0	0	0	7	0	0	0	0	0	0	34	8	0	0	0	0	0	0	1	0	0	0	0	49	0	2	0	0	0	0	0	0	0	0	0	0	0	0	0	176	0	0	0	0	0	0	1	0	0	8	0	2
0	0	0	0	0	0	0	0	0	0	0	0	0	0	0	0	0	0	0	0	0	0	0	0	0	0	0	0	0	0	0	0	0	0	0	0	0	0	0	0	0	0	0	0	0	0	0	0	0	0	0	0	0	0	0	0	0	0	0	0	0	0	0	0	0	0	0	0	0	0	0	0	0	0	0
0	0	0	0	0	0	0	0	0	0	0	0	0	0	0	0	0	0	0	0	0	0	0	0	0	0	0	0	0	0	1	0	0	0	0	0	0	0	0	0	0	0	0	0	0	0	0	0	0	0	0	0	0	0	0	0	0	0	0	0	0	0	0	0	0	0	0	0	0	0	0	0	0	0	0
0	0	0	0	0	0	0	0	0	0	0	0	0	0	0	0	0	0	0	0	0	0	0	0	0	0	0	0	0	0	0	0	0	0	0	0	0	0	0	0	0	0	0	0	0	0	0	0	0	0	0	0	0	0	0	0	0	0	0	0	0	0	0	0	0	0	0	0	0	0	0	0	0	0	0
0	0	0	0	0	0	0	0	0	0	0	0	0	0	0	0	0	0	0	0	0	0	0	0	0	0	0	0	0	0	0	0	0	0	0	0	0	0	0	0	0	0	0	0	0	0	0	0	0	0	0	0	0	0	0	0	0	0	0	0	0	0	0	0	0	0	0	0	0	0	0	0	0	0	0
0	12	0	51	0	0	0	0	0	0	0	0	0	0	0	58	0	0	0	9	0	0	0	0	0	0	0	0	0	0	0	12	0	0	0	0	56	0	0	0	2	16	36	0	86	0	0	0	0	37	0	0	0	90	0	0	0	92	0	0	0	11	0	0	0	0	54	10	1	0	17	0	1	0	0
0	0	0	0	0	0	0	0	0	0	0	0	0	0	0	0	0	0	0	0	0	0	0	0	0	0	0	0	0	0	0	0	0	0	0	0	0	0	0	0	0	0	0	0	0	0	0	0	0	0	0	0	0	0	0	0	0	0	0	0	0	0	0	0	0	0	0	0	0	0	0	0	0	0	0
0	0	0	0	0	0	0	0	0	0	0	0	0	0	0	0	0	0	0	0	0	0	0	0	0	0	0	0	0	0	0	0	0	0	0	0	0	0	0	0	0	0	0	0	0	0	0	0	0	0	0	0	0	0	0	0	0	0	0	0	0	0	0	0	0	0	0	0	0	0	0	0	0	0	0
0	0	7	0	0	56	0	0	0	0	0	0	0	0	0	14	0	0	0	16	21	0	0	1	0	0	1	0	44	8	0	0	0	75	43	0	0	0	0	8	21	0	0	0	0	0	48	0	2	0	0	0	0	0	0	2	0	12	1	0	0	0	0	0	0	0	0	0	0	0	0	0	9	0	1
0	0	0	0	0	0	0	0	0	0	0	0	0	0	0	0	0	0	0	0	0	0	0	0	0	0	0	0	0	0	0	0	0	0	0	0	0	0	0	0	0	0	0	0	0	0	2	0	0	0	0	0	0	0	0	0	0	0	0	0	0	0	0	0	0	0	0	0	0	0	0	0	0	0	0
0	0	0	17	0	0	0	0	0	0	58	0	0	14	0	0	0	0	1	16	0	0	0	0	0	0	0	0	1	0	0	0	0	12	0	13	33	0	0	8	21	0	50	0	44	0	0	0	0	31	0	0	0	23	0	0	0	103	15	20	0	0	0	0	0	0	0	0	1	0	0	0	0	0	0
0	0	0	0	0	0	0	0	0	0	0	0	0	0	0	0	0	0	0	0	0	0	0	0	0	0	0	0	0	0	0	0	0	0	0	0	0	0	0	0	0	0	0	0	0	0	0	0	0	0	0	0	0	0	0	0	0	0	0	0	0	0	0	0	0	0	0	0	0	0	0	0	0	0	0
0	18	0	0	0	0	0	0	0	0	0	0	0	0	0	0	0	0	0	10	3	0	0	0	14	0	17	0	0	0	0	12	0	17	0	1	0	0	0	178	0	0	0	0	0	4	17	0	0	0	0	0	48	0	0	0	0	1	15	0	0	0	0	0	0	0	0	2	0	0	0	0	0	0	14
0	0	2	0	0	0	0	0	0	0	0	0	0	0	0	1	0	0	0	0	0	0	0	0	0	0	0	0	0	0	0	52	0	0	3	0	1	0	2	0	0	6	9	0	7	0	1	0	0	0	29	0	0	0	0	0	0	6	0	0	0	0	19	0	0	0	1	1	0	3	0	0	2	3	0
0	1	4	0	0	0	0	0	0	0	9	0	0	16	0	16	0	10	0	0	71	16	0	0	0	0	39	0	18	120	0	0	0	349	2	37	0	0	6	85	10	0	2	0	0	0	35	2	0	2	0	0	40	2	0	4	26	35	6	4	2	0	2	0	0	0	0	0	4	0	0	14	4	0	16
0	0	3	19	0	22	0	0	0	0	0	0	0	21	0	0	0	3	0	71	0	96	1	25	20	0	10	0	40	51	0	44	0	198	24	58	0	0	0	167	107	4	1	0	0	100	0	0	5	40	2	42	0	0	0	12	8	420	25	3	0	5	9	0	0	0	0	4	13	4	2	166	8	2	13
0	0	0	0	0	0	0	0	0	0	0	0	0	0	0	0	0	0	0	16	96	0	0	0	0	0	53	0	0	0	0	0	0	368	0	0	0	0	0	249	0	0	0	0	0	4	11	0	0	0	0	0	32	0	0	0	0	0	0	0	0	0	3	0	0	0	0	0	0	0	0	0	0	0	0
0	109	0	0	0	0	0	0	0	0	0	0	0	0	0	0	0	0	0	0	1	0	0	0	269	0	17	0	0	31	0	244	0	0	0	0	0	0	0	8	0	0	0	0	0	73	0	0	0	0	0	42	12	0	0	0	0	0	13	0	0	0	0	0	0	0	0	2	0	0	0	0	0	1	6
0	0	2	0	0	0	0	0	0	0	0	0	0	1	0	0	0	0	0	0	25	0	0	0	139	0	2	0	0	1	0	0	0	16	1	0	0	0	0	16	0	0	0	0	0	0	0	0	0	0	0	0	0	0	0	0	0	0	0	0	0	0	0	0	0	0	0	0	0	0	0	0	2	0	6
0	251	0	0	0	0	0	0	0	0	0	0	0	0	0	0	0	14	0	0	20	0	269	139	0	145	1	0	0	59	0	0	0	0	0	0	0	0	0	2	0	2	0	0	0	208	0	0	0	0	0	0	3	89	0	171	46	20	6	0	0	2	2	0	2	0	0	0	271	0	2	0	0	0	0
0	72	0	0	0	0	0	0	0	0	0	0	0	0	0	0	0	0	0	0	0	0	0	0	145	0	0	0	0	4	0	8	0	0	0	0	0	0	0	0	0	0	0	0	0	22	0	0	0	0	0	19	2	0	0	0	0	94	0	0	0	0	0	0	0	0	0	0	0	0	0	0	0	0	0
0	3	0	0	0	7	0	0	0	0	0	0	0	1	0	0	0	17	0	39	10	53	17	2	1	0	0	0	16	10	0	0	0	6	0	27	0	0	0	49	24	0	0	0	0	0	0	0	0	2	0	0	0	12	0	35	1	2	15	0	0	0	0	0	0	0	0	7	34	0	1	5	0	0	0
0	0	0	0	0	0	0	0	0	0	0	0	0	0	0	0	0	0	0	0	0	0	0	0	0	0	0	0	0	0	0	0	0	0	0	0	0	0	0	0	0	0	0	0	0	0	0	0	0	0	0	0	0	0	0	0	0	0	0	0	0	0	0	0	0	0	0	0	0	0	0	0	0	0	0
0	0	16	0	0	0	0	0	0	0	0	0	0	44	0	1	0	0	0	18	40	0	0	0	0	0	16	0	0	0	0	0	0	18	8	0	0	0	0	0	0	0	0	0	0	0	103	0	4	0	0	0	0	0	0	0	0	2	0	8	3	0	0	0	0	0	0	1	0	0	0	0	16	0	2
0	22	10	0	0	0	0	0	0	0	0	0	0	8	0	0	0	0	0	120	51	0	31	1	59	4	10	0	0	0	0	0	0	210	2	252	0	0	114	6	16	0	0	0	0	2	0	0	0	1	0	0	6	0	0	2	0	3	17	4	0	0	0	0	0	0	0	59	139	0	0	7	10	0	4
0	0	0	5	289	0	0	1	0	0	0	0	0	0	0	0	0	0	0	0	0	0	0	0	0	0	0	0	0	0	0	0	0	0	0	0	464	0	0	0	0	542	0	0	0	0	6	0	1	129	2	0	0	0	0	0	0	0	0	0	0	0	0	0	0	0	599	0	0	0	0	0	0	12	0
0	4	0	0	0	0	0	0	0	0	12	0	0	0	0	0	0	12	52	0	44	0	244	0	0	8	0	0	0	0	0	0	0	0	0	0	0	0	0	0	2	0	0	0	84	305	0	0	0	0	0	140	0	610	0	64	0	225	20	0	0	0	0	0	0	0	0	74	8	0	30	0	0	0	265
0	0	0	0	0	0	0	0	0	0	0	0	0	0	0	0	0	0	0	0	0	0	0	0	0	0	0	0	0	0	0	0	0	0	0	0	0	0	0	0	0	0	0	0	0	0	0	0	0	0	0	0	0	0	0	0	0	0	0	0	0	0	1	0	1	0	0	0	0	1	0	0	2	0	0
0	3	0	0	0	34	0	0	0	0	0	0	0	75	0	12	0	17	0	349	198	368	0	16	0	0	6	0	18	210	0	0	0	0	2	83	2	0	0	430	256	12	0	0	7	0	0	0	0	83	47	0	7	0	0	24	0	6	36	0	0	0	9	0	0	0	0	0	10	0	0	370	0	0	2
0	0	1	9	0	8	0	0	0	0	0	0	0	43	0	0	0	0	3	2	24	0	0	1	0	0	0	0	8	2	0	0	0	2	0	0	0	0	0	7	1	6	1	0	7	2	76	0	0	0	0	0	0	0	0	3	0	1	53	0	0	0	9	0	0	0	0	2	0	0	0	0	1	0	2
0	5	13	0	0	0	0	0	0	0	0	0	0	0	0	13	0	1	0	37	58	0	0	0	0	0	27	0	0	252	0	0	0	83	0	0	0	0	0	6	0	0	1	0	0	0	0	0	0	0	0	0	14	0	0	1	0	10	105	4	1	0	0	0	0	0	0	7	0	0	1	1	13	0	7
0	0	1	0	0	0	0	0	0	0	56	0	0	0	0	33	0	0	1	0	0	0	0	0	0	0	0	0	0	0	464	0	0	2	0	0	0	1	0	0	0	185	0	0	16	0	0	0	4	0	0	0	0	0	0	0	0	15	0	0	0	0	0	0	0	0	127	0	0	0	0	0	1	1	0
0	0	0	5	0	0	0	0	0	0	0	0	0	0	0	0	0	0	0	0	0	0	0	0	0	0	0	0	0	0	0	0	0	0	0	0	1	0	0	0	0	7	1	0	2	0	0	0	0	0	0	0	0	0	0	0	0	1	0	0	0	6	5	0	0	0	0	0	0	0	0	0	5	0	0
0	0	0	0	0	0	0	0	0	0	0	0	0	0	0	0	0	0	2	6	0	0	0	0	0	0	0	0	0	114	0	0	0	0	0	0	0	0	0	0	0	1	0	0	0	0	0	0	0	0	0	0	0	0	0	0	0	1	83	2	2	0	37	0	0	0	0	0	0	0	0	0	0	1	6
0	1	0	0	0	0	0	0	0	0	0	0	0	8	0	8	0	178	0	85	167	249	8	16	2	0	49	0	0	6	0	0	0	430	7	6	0	0	0	0	73	20	0	0	0	5	45	0	0	1	0	0	51	3	0	99	0	0	32	0	0	0	0	0	0	0	1	0	2	0	0	119	0	0	20
0	0	7	0	0	0	0	0	0	0	2	0	0	21	0	21	0	0	0	10	107	0	0	0	0	0	24	0	0	16	0	2	0	256	1	0	0	0	0	73	0	0	0	0	0	1	17	0	0	0	0	0	4	0	0	0	0	0	0	0	0	0	0	0	0	0	0	0	0	0	0	0	7	0	6
0	0	5	17	246	1	0	0	0	0	16	0	0	0	0	0	0	0	6	0	4	0	0	0	2	0	0	0	0	0	542	0	0	12	6	0	185	7	1	20	0	0	0	3	214	7	21	0	0	0	0	0	0	0	0	0	0	5	3	0	0	1	24	0	2	0	341	2	0	10	0	0	5	0	1
0	0	1	0	0	0	0	0	0	0	36	0	0	0	0	50	0	0	9	2	1	0	0	0	0	0	0	0	0	0	0	0	0	0	1	1	0	1	0	0	0	0	0	1	8	0	5	0	2	0	0	0	0	0	0	0	0	2	93	10	0	0	56	0	0	0	1	0	0	2	0	0	1	4	0
0	0	0	0	0	0	0	0	0	0	0	0	0	0	0	0	0	0	0	0	0	0	0	0	0	0	0	0	0	0	0	0	0	0	0	0	0	0	0	0	0	3	1	0	1	0	0	0	0	0	0	0	0	0	0	0	0	1	0	0	0	0	0	0	0	0	0	0	0	0	0	0	0	0	0
0	0	8	0	0	0	0	0	0	0	86	0	0	0	0	44	0	0	7	0	0	0	0	0	0	0	0	0	0	0	0	84	0	7	7	0	16	2	0	0	0	214	8	1	0	0	8	0	33	8	0	1	0	12	0	0	0	80	2	0	0	0	58	0	0	0	1	1	0	0	0	0	8	2	28
0	72	0	1	0	0	0	0	0	0	0	0	0	0	0	0	0	4	0	0	100	4	73	0	208	22	0	0	0	2	0	305	0	0	2	0	0	0	0	5	1	7	0	0	0	0	0	0	0	1	0	0	3	121	0	59	0	73	2	0	0	0	6	0	0	0	0	16	0	0	34	1	0	2	76
0	0	2	14	0	49	0	0	0	0	0	0	0	48	2	0	0	17	1	35	0	11	0	0	0	0	0	0	103	0	6	0	0	0	76	0	0	0	0	45	17	21	5	0	8	0	0	0	0	0	0	0	0	1	0	7	0	2	41	0	0	8	6	0	0	0	0	1	3	0	0	0	0	0	0
0	0	0	0	0	0	0	0	0	0	0	0	0	0	0	0	0	0	0	2	0	0	0	0	0	0	0	0	0	0	0	0	0	0	0	0	0	0	0	0	0	0	0	0	0	0	0	0	0	0	0	0	0	0	0	0	0	0	0	0	0	0	0	0	0	0	0	0	0	0	0	0	0	0	0
0	0	0	1	0	2	0	0	0	0	0	0	0	2	0	0	0	0	0	0	5	0	0	0	0	0	0	0	4	0	1	0	0	0	0	0	4	0	0	0	0	0	2	0	33	0	0	0	0	0	0	0	0	2	0	0	0	2	1	0	0	0	0	0	0	0	0	0	0	0	21	0	1	0	0
0	0	3	0	0	0	0	0	0	0	37	0	0	0	0	31	0	0	0	2	40	0	0	0	0	0	2	0	0	1	129	0	0	83	0	0	0	0	0	1	0	0	0	0	8	1	0	0	0	0	0	0	0	0	0	0	0	0	0	0	0	0	0	0	0	0	2	0	0	0	0	0	3	0	0
0	0	0	0	0	0	0	0	0	0	0	0	0	0	0	0	0	0	29	0	2	0	0	0	0	0	0	0	0	0	2	0	0	47	0	0	0	0	0	0	0	0	0	0	0	0	0	0	0	0	0	0	0	0	0	0	0	0	0	0	0	0	0	0	0	0	0	0	0	0	0	0	0	0	0
0	0	0	0	0	0	0	0	0	0	0	0	0	0	0	0	0	0	0	0	42	0	42	0	0	19	0	0	0	0	0	140	0	0	0	0	0	0	0	0	0	0	0	0	1	0	0	0	0	0	0	0	0	67	0	59	0	190	0	0	0	0	0	0	0	0	0	9	0	0	0	0	0	0	52
0	3	0	0	0	0	0	0	0	0	0	0	0	0	0	0	0	48	0	40	0	32	12	0	3	2	0	0	0	6	0	0	0	7	0	14	0	0	0	51	4	0	0	0	0	3	0	0	0	0	0	0	0	0	0	14	0	0	0	1	0	0	0	0	0	0	0	0	2	0	1	0	0	0	0
0	0	0	0	0	0	0	0	0	0	90	0	0	0	0	23	0	0	0	2	0	0	0	0	89	0	12	0	0	0	0	610	0	0	0	0	0	0	0	3	0	0	0	0	12	121	1	0	2	0	0	67	0	0	0	0	0	413	0	0	0	0	0	0	0	0	0	0	0	0	0	0	0	0	166
0	0	0	0	0	0	0	0	0	0	0	0	0	0	0	0	0	0	0	0	0	0	0	0	0	0	0	0	0	0	0	0	0	0	0	0	0	0	0	0	0	0	0	0	0	0	0	0	0	0	0	0	0	0	0	0	0	0	0	0	0	0	0	0	0	0	0	0	0	0	0	0	0	0	0
0	72	1	0	0	0	0	0	0	0	0	0	0	2	0	0	0	0	0	4	12	0	0	0	171	0	35	0	0	2	0	64	0	24	3	1	0	0	0	99	0	0	0	0	0	59	7	0	0	0	0	59	14	0	0	0	0	0	2	0	0	0	0	0	0	0	0	2	0	0	0	0	1	0	16
0	0	1	0	0	0	0	0	0	0	0	0	0	0	0	0	0	0	0	26	8	0	0	0	46	0	1	0	0	0	0	0	0	0	0	0	0	0	0	0	0	0	0	0	0	0	0	0	0	0	0	0	0	0	0	0	0	177	0	0	0	0	0	0	0	0	0	0	0	0	1	0	1	0	0
0	0	0	179	0	0	0	0	0	0	92	0	0	12	0	103	0	1	6	35	420	0	0	0	20	94	2	0	2	3	0	225	0	6	1	10	15	1	1	0	0	5	2	1	80	73	2	0	2	0	0	190	0	413	0	0	177	0	18	11	0	4	114	0	0	0	22	6	0	0	231	0	0	0	89
0	4	11	0	0	0	0	0	0	0	0	0	0	1	0	15	0	15	0	6	25	0	13	0	6	0	15	0	0	17	0	20	0	36	53	105	0	0	83	32	0	3	93	0	2	2	41	0	1	0	0	0	0	0	0	2	0	18	0	75	0	0	6	0	0	0	0	124	5	2	0	0	11	0	34
0	0	11	0	0	0	0	0	0	0	0	0	0	0	0	20	0	0	0	4	3	0	0	0	0	0	0	0	8	4	0	0	0	0	0	4	0	0	2	0	0	0	10	0	0	0	0	0	0	0	0	0	1	0	0	0	0	11	75	0	1	0	69	0	0	0	0	14	0	0	0	0	11	0	1
0	0	0	0	0	0	0	0	0	0	0	0	0	0	0	0	0	0	0	2	0	0	0	0	0	0	0	0	3	0	0	0	0	0	0	1	0	0	2	0	0	0	0	0	0	0	0	0	0	0	0	0	0	0	0	0	0	0	0	1	0	0	0	0	0	0	0	0	0	0	0	2	0	0	0
0	1	0	0	0	0	0	0	0	0	11	0	0	0	0	0	0	0	0	0	5	0	0	0	2	0	0	0	0	0	0	0	0	0	0	0	0	6	0	0	0	1	0	0	0	0	8	0	0	0	0	0	0	0	0	0	0	4	0	0	0	0	29	0	0	0	0	0	0	0	0	0	0	1	10
0	0	5	19	0	176	0	0	0	0	0	0	0	0	0	0	0	0	19	2	9	3	0	0	2	0	0	0	0	0	0	0	1	9	9	0	0	5	37	0	0	24	56	0	58	6	6	0	0	0	0	0	0	0	0	0	0	114	6	69	0	29	0	0	0	0	4	0	0	4	2	0	5	4	5
0	0	0	0	0	0	0	0	0	0	0	0	0	0	0	0	0	0	0	0	0	0	0	0	0	0	0	0	0	0	0	0	0	0	0	0	0	0	0	0	0	0	0	0	0	0	0	0	0	0	0	0	0	0	0	0	0	0	0	0	0	0	0	0	0	0	0	0	0	0	0	0	0	0	0
0	0	0	0	0	0	0	0	0	0	0	0	0	0	0	0	0	0	0	0	0	0	0	0	2	0	0	0	0	0	0	0	1	0	0	0	0	0	0	0	0	2	0	0	0	0	0	0	0	0	0	0	0	0	0	0	0	0	0	0	0	0	0	0	0	0	0	0	0	1	0	0	0	0	0
0	0	0	0	0	0	0	0	0	0	0	0	0	0	0	0	0	0	0	0	0	0	0	0	0	0	0	0	0	0	0	0	0	0	0	0	0	0	0	0	0	0	0	0	0	0	0	0	0	0	0	0	0	0	0	0	0	0	0	0	0	0	0	0	0	0	0	0	0	0	0	0	0	0	0
0	0	0	7	77	0	0	0	0	0	54	0	0	0	0	0	0	0	1	0	0	0	0	0	0	0	0	0	0	0	599	0	0	0	0	0	127	0	0	1	0	341	1	0	1	0	0	0	0	2	0	0	0	0	0	0	0	22	0	0	0	0	4	0	0	0	0	0	0	0	0	0	0	1	1
0	5	10	0	0	0	0	0	0	0	10	0	0	0	0	0	0	2	1	0	4	0	2	0	0	0	7	0	1	59	0	74	0	0	2	7	0	0	0	0	0	2	0	0	1	16	1	0	0	0	0	9	0	0	0	2	0	6	124	14	0	0	0	0	0	0	0	0	0	0	0	0	10	1	2
0	91	0	0	0	0	0	0	0	0	1	0	0	0	0	1	0	0	0	4	13	0	0	0	271	0	34	0	0	139	0	8	0	10	0	0	0	0	0	2	0	0	0	0	0	0	3	0	0	0	0	0	2	0	0	0	0	0	5	0	0	0	0	0	0	0	0	0	0	0	0	0	0	0	25
0	0	0	0	0	1	0	0	0	0	0	0	0	0	0	0	0	0	3	0	4	0	0	0	0	0	0	0	0	0	0	0	1	0	0	0	0	0	0	0	0	10	2	0	0	0	0	0	0	0	0	0	0	0	0	0	0	0	2	0	0	0	4	0	1	0	0	0	0	0	0	2	0	3	0
0	3	0	0	0	0	0	0	0	0	17	0	0	0	0	0	0	0	0	0	2	0	0	0	2	0	1	0	0	0	0	30	0	0	0	1	0	0	0	0	0	0	0	0	0	34	0	0	21	0	0	0	1	0	0	0	1	231	0	0	0	0	2	0	0	0	0	0	0	0	0	4	0	0	10
0	0	2	0	0	0	0	0	0	0	0	0	0	0	0	0	0	0	0	14	166	0	0	0	0	0	5	0	0	7	0	0	0	370	0	1	0	0	0	119	0	0	0	0	0	1	0	0	0	0	0	0	0	0	0	0	0	0	0	0	2	0	0	0	0	0	0	0	0	2	4	0	2	0	0
0	0	0	1	0	8	0	0	0	0	1	0	0	9	0	0	0	0	2	4	8	0	0	2	0	0	0	0	16	10	0	0	2	0	1	13	1	5	0	0	7	5	1	0	8	0	0	0	1	3	0	0	0	0	0	1	1	0	11	11	0	0	5	0	0	0	0	10	0	0	0	2	0	0	0
0	0	0	4	0	0	0	0	0	0	0	0	0	0	0	0	0	0	3	0	2	0	1	0	0	0	0	0	0	0	12	0	0	0	0	0	1	0	1	0	0	0	4	0	2	2	0	0	0	0	0	0	0	0	0	0	0	0	0	0	0	1	4	0	0	0	1	1	0	3	0	0	0	0	0
0	0	0	1	0	2	0	0	0	0	0	0	0	1	0	0	0	14	0	16	13	0	6	6	0	0	0	0	2	4	0	265	0	2	2	7	0	0	6	20	6	1	0	0	28	76	0	0	0	0	0	52	0	166	0	16	0	89	34	1	0	10	5	0	0	0	1	2	25	0	10	0	0	0	0
