0	0	0	0	0	0	0	0	0	0	0	0	0	0	0	0	0	0	0	0	0	0	0	0	0	0	0	0	0	0	0	0	0	0	0	0	0	0	0	0	0	0	0	0	0	0	0	0	0	0	0	0	0	0	0	0	0	0	0	0	0	0	0	0	0	0	0	0	0	0	0	0	0	0	0
0	0	0	0	0	0	9	0	0	0	0	0	0	0	0	0	0	9	0	7	0	2	11	0	3	0	2	0	0	0	0	0	0	3	4	6	0	0	0	2	0	0	0	0	0	1	0	0	0	0	0	0	3	6	0	13	0	0	3	0	0	0	0	0	0	0	0	5	20	0	0	0	0	0	1
0	0	0	19	1	44	0	0	38	0	6	0	0	462	1	3	0	24	15	7	74	0	1	0	0	0	0	0	0	0	0	0	1889	8	214	25	3	0	0	1	37	0	0	0	48	11	30	9	3	0	0	0	6	0	0	0	3	6	12	11	0	47	21	0	0	0	2	0	0	0	0	10	26	4	1
0	0	19	0	0	0	0	0	0	0	86	0	0	1	173	90	0	7	55	2	2	10	0	0	0	0	0	0	0	0	0	0	6	0	0	0	0	0	0	0	0	0	0	0	0	0	0	0	12	0	0	0	0	0	0	0	0	76	0	0	0	0	66	0	0	0	3	0	0	0	0	0	19	12	2
0	0	1	0	0	0	0	0	0	0	0	0	0	0	0	0	0	2	0	0	0	1	0	0	0	0	0	7	0	0	0	0	0	0	0	0	0	0	0	0	0	0	0	0	0	0	0	0	0	0	0	0	0	0	0	0	0	0	0	0	0	0	0	0	0	0	3	0	0	0	0	0	1	0	1
0	0	44	0	0	0	0	0	0	0	0	0	0	143	58	0	0	1	0	0	1	1	0	0	0	0	1	0	0	0	0	0	1961	0	113	0	0	0	0	0	0	0	0	0	0	0	0	0	11	0	0	0	1	0	0	0	0	0	0	0	0	0	242	0	0	0	0	0	0	3	0	0	44	47	0
0	9	0	0	0	0	0	0	0	0	1	0	0	0	0	0	0	347	0	150	175	143	21	0	2	3	233	0	0	0	0	163	0	131	111	118	0	0	0	175	42	0	0	0	0	8	0	0	3	0	0	64	205	468	0	82	22	201	17	0	0	0	0	0	0	0	0	50	48	0	16	38	1	1	211
0	0	0	0	0	0	0	0	0	0	0	0	0	0	0	0	0	0	0	0	0	0	0	0	0	0	0	0	0	0	0	0	0	0	0	0	0	0	0	0	0	0	0	0	0	0	0	0	0	0	0	0	0	0	0	0	0	0	0	0	0	0	0	0	0	0	0	0	0	0	0	0	0	0	0
0	0	38	0	0	0	0	0	0	0	23	0	0	299	0	0	0	129	0	20	5	118	0	0	0	0	6	0	0	0	0	2	1026	34	168	0	0	0	0	0	0	0	0	0	0	0	0	0	2	0	0	0	0	0	0	0	0	1	0	144	0	0	0	0	0	0	0	0	0	0	0	2	38	0	0
0	0	0	0	0	0	0	0	0	0	1	0	0	0	0	0	0	2	0	0	0	0	0	0	0	0	0	0	0	0	0	0	0	0	0	0	0	0	0	0	0	0	0	0	0	0	0	0	0	0	1	0	0	0	0	0	0	0	0	0	0	0	0	0	0	0	0	0	0	0	0	0	0	0	0
0	0	6	86	0	0	1	0	23	1	0	0	0	19	4	79	0	9	4	76	118	9	6	0	0	0	6	0	0	0	0	4	0	81	23	70	39	0	0	0	86	0	0	0	8	0	18	5	1	0	1	11	89	4	0	21	0	159	1	1	0	4	18	0	0	0	68	0	0	0	0	56	8	0	1
0	0	0	0	0	0	0	0	0	0	0	0	0	0	0	0	0	0	0	0	0	0	0	0	0	0	0	0	0	0	0	0	0	0	0	0	0	0	0	0	0	0	0	0	0	0	0	0	0	0	0	0	0	0	0	0	0	0	0	0	0	0	0	0	0	0	0	0	0	0	0	0	0	0	0
0	0	0	0	0	0	0	0	0	0	0	0	0	0	0	0	0	0	0	0	0	0	0	0	0	0	0	0	0	0	0	0	0	0	0	0	0	0	0	0	0	0	0	0	0	0	0	0	0	0	0	0	0	0	0	0	0	0	0	0	0	0	0	0	0	0	0	0	0	0	0	0	0	0	0
0	0	462	1	0	143	0	0	299	0	19	0	0	0	0	0	0	101	0	84	86	25	0	0	0	0	3	0	0	0	0	7	1270	213	485	46	1	0	0	45	576	0	0	0	0	4	378	1	2	0	0	0	1	3	0	11	8	82	26	10	0	1	1	0	0	0	0	4	0	0	0	66	104	0	0
0	0	1	173	0	58	0	0	0	0	4	0	0	0	0	0	0	0	6	0	5	15	0	0	0	0	0	1	0	0	0	0	1228	1	0	0	1	0	0	0	0	0	0	0	289	0	1	101	0	0	0	0	0	0	0	0	18	18	4	0	0	200	398	0	71	0	9	0	0	1	0	0	3	4	1
0	0	3	90	0	0	0	0	0	0	79	0	0	0	0	0	0	1	0	149	0	19	0	0	0	0	0	0	0	0	0	0	1	0	0	0	32	0	0	0	0	0	0	0	95	0	0	0	68	0	0	0	0	4	0	0	0	45	0	2	0	0	2	0	0	0	78	0	26	0	0	0	3	0	0
0	0	0	0	0	0	0	0	0	0	0	0	0	0	0	0	0	0	0	0	0	0	0	0	0	0	0	0	0	0	0	0	9	0	0	0	0	0	0	0	0	0	0	0	0	0	0	0	0	0	0	0	0	0	0	0	0	0	0	0	0	0	0	0	0	0	0	0	0	0	0	0	0	0	0
0	9	24	7	2	1	347	0	129	2	9	0	0	101	0	1	0	0	4	277	56	785	19	0	5	0	384	0	0	0	0	20	0	280	58	87	0	0	0	168	492	0	0	0	7	22	14	3	0	0	0	28	498	187	0	109	5	12	59	0	0	16	4	0	0	0	1	85	88	0	0	1	47	0	59
0	0	15	55	0	0	0	0	0	0	4	0	0	0	6	0	0	4	0	0	7	0	0	0	0	0	0	0	0	0	0	0	0	3	0	1	8	0	0	0	0	0	0	0	70	2	5	12	0	0	77	0	0	0	0	0	0	26	42	0	0	40	18	0	0	0	0	0	0	1	0	0	50	32	3
0	7	7	2	0	0	150	0	20	0	76	0	0	84	0	149	0	277	0	0	216	272	82	0	0	0	177	0	0	0	0	25	2	86	23	26	0	0	0	2	30	0	0	0	154	2	0	0	0	0	0	5	212	190	0	0	4	27	142	0	0	0	1	0	0	0	0	14	184	0	0	10	7	0	72
0	0	74	2	0	1	175	0	5	0	118	0	0	86	5	0	0	56	7	216	0	15	19	0	199	63	9	0	0	0	0	23	6	58	44	45	0	0	0	1	77	0	0	0	35	100	17	2	2	0	0	3	0	165	0	169	232	338	38	36	0	4	20	0	0	0	9	4	34	1	4	46	29	1	15
0	2	0	10	1	1	143	0	118	0	9	0	0	25	15	19	0	785	0	272	15	0	3	0	6	1	289	0	0	0	1	5	0	379	147	106	0	0	0	139	486	0	0	0	10	26	6	9	0	0	0	0	203	93	0	27	10	17	62	1	0	7	2	0	0	0	0	5	81	0	0	220	2	0	77
0	11	1	0	0	0	21	0	0	0	6	0	0	0	0	0	0	19	0	82	19	3	0	0	152	0	31	0	0	0	0	14	0	0	11	0	0	0	0	0	0	0	0	0	0	0	0	0	0	0	0	1	53	0	0	0	0	0	0	0	0	0	0	0	0	0	0	0	0	0	0	0	1	0	21
0	0	0	0	0	0	0	0	0	0	0	0	0	0	0	0	0	0	0	0	0	0	0	0	0	0	0	0	0	0	0	0	0	0	0	0	0	0	0	0	0	0	0	0	0	0	0	0	0	0	0	0	0	0	0	0	0	0	0	0	0	0	0	0	0	0	0	0	0	0	0	0	0	0	0
0	3	0	0	0	0	2	0	0	0	0	0	0	0	0	0	0	5	0	0	199	6	152	0	0	358	0	0	0	0	0	0	0	2	4	54	2	0	0	4	2	0	0	0	0	78	2	0	0	0	0	0	5	0	0	270	296	0	12	2	0	0	0	0	0	0	0	0	336	0	0	0	2	0	0
0	0	0	0	0	0	3	0	0	0	0	0	0	0	0	0	0	0	0	0	63	1	0	0	358	0	0	0	0	0	0	0	0	0	0	0	0	0	0	0	0	0	0	0	0	3	0	0	0	0	0	0	0	0	0	22	36	2	0	0	0	0	0	0	0	0	0	0	23	0	0	0	0	0	0
0	2	0	0	0	1	233	0	6	0	6	0	0	3	0	0	0	384	0	177	9	289	31	0	0	0	0	0	0	0	0	15	0	226	58	42	0	0	0	82	170	0	0	0	0	13	9	1	0	0	0	6	275	145	0	93	7	10	39	2	0	0	0	0	0	0	0	101	41	0	0	102	1	0	8
0	0	0	0	7	0	0	0	0	0	0	0	0	0	1	0	0	0	0	0	0	0	0	0	0	0	0	0	0	0	0	0	0	0	0	0	6	0	0	0	0	0	0	0	0	0	0	0	0	0	0	0	0	0	0	0	0	0	0	0	0	0	0	0	0	0	4	0	0	0	0	0	0	0	0
0	0	0	0	0	0	0	0	0	0	0	0	0	0	0	0	0	0	0	0	0	0	0	0	0	0	0	0	0	0	0	0	0	0	0	0	0	0	0	0	0	0	0	0	0	0	0	0	0	0	0	0	0	0	0	0	0	0	0	0	0	0	0	0	0	0	0	0	0	0	0	0	0	0	0
0	0	0	0	0	0	0	0	0	0	0	0	0	0	0	0	0	0	0	0	0	0	0	0	0	0	0	0	0	0	0	0	0	0	0	0	0	0	0	0	0	0	0	0	0	0	0	0	0	0	0	0	0	0	0	0	0	0	0	0	0	0	0	0	0	0	0	0	0	0	0	0	0	0	0
0	0	0	0	0	0	0	0	0	0	0	0	0	0	0	0	0	0	0	0	0	1	0	0	0	0	0	0	0	0	0	0	0	0	0	0	0	0	0	0	0	0	0	0	0	0	0	0	0	0	0	0	0	0	0	0	0	0	0	0	0	0	0	0	0	0	1	0	0	0	0	0	0	0	0
0	0	0	0	0	0	163	0	2	0	4	0	0	7	0	0	0	20	0	25	23	5	14	0	0	0	15	0	0	0	0	0	0	1	30	1	0	0	0	0	2	0	0	0	3	1	2	0	0	0	0	153	12	52	0	20	0	55	20	0	0	0	0	0	0	0	0	10	0	0	0	0	0	0	91
0	0	1889	6	0	1961	0	0	1026	0	0	0	0	1270	1228	1	9	0	0	2	6	0	0	0	0	0	0	0	0	0	0	0	0	15	342	0	0	0	0	0	569	0	0	0	506	0	944	86	0	0	0	0	0	0	0	0	2	40	14	2	0	1	433	0	639	0	0	0	0	228	0	0	333	0	0
0	3	8	0	0	0	131	0	34	0	81	0	0	213	1	0	0	280	3	86	58	379	0	0	2	0	226	0	0	0	0	1	15	0	29	25	0	0	0	20	67	0	0	0	4	1	1	0	1	0	0	2	76	0	0	1	5	7	15	2	0	0	10	0	0	0	1	0	9	3	0	34	6	0	76
0	4	214	0	0	113	111	0	168	0	23	0	0	485	0	0	0	58	0	23	44	147	11	0	4	0	58	0	0	0	0	30	342	29	0	25	0	0	0	37	202	0	0	0	3	12	503	0	2	0	0	0	94	23	0	62	11	35	223	33	0	0	1	0	0	0	0	94	40	0	0	9	120	0	10
0	6	25	0	0	0	118	0	0	0	70	0	0	46	0	0	0	87	1	26	45	106	0	0	54	0	42	0	0	0	0	1	0	25	25	0	0	0	0	10	0	0	0	0	0	0	0	0	0	0	0	2	168	0	0	0	0	4	0	48	0	0	13	0	0	0	0	0	0	0	0	0	25	1	47
0	0	3	0	0	0	0	0	0	0	39	0	0	1	1	32	0	0	8	0	0	0	0	0	2	0	0	6	0	0	0	0	0	0	0	0	0	0	0	0	0	0	0	0	0	0	0	0	28	0	0	0	0	0	0	0	0	2	0	0	0	0	13	0	0	0	3	0	0	0	0	0	3	27	16
0	0	0	0	0	0	0	0	0	0	0	0	0	0	0	0	0	0	0	0	0	0	0	0	0	0	0	0	0	0	0	0	0	0	0	0	0	0	0	0	0	0	0	0	0	0	0	0	0	0	0	0	0	0	0	0	0	0	0	0	0	0	0	0	0	0	0	0	0	0	0	0	0	0	0
0	0	0	0	0	0	0	0	0	0	0	0	0	0	0	0	0	0	0	0	0	0	0	0	0	0	0	0	0	0	0	0	0	0	0	0	0	0	0	0	0	0	0	0	0	0	0	0	0	0	0	0	0	0	0	0	0	0	0	0	0	0	0	0	0	0	0	0	0	0	0	0	0	0	0
0	2	1	0	0	0	175	0	0	0	0	0	0	45	0	0	0	168	0	2	1	139	0	0	4	0	82	0	0	0	0	0	0	20	37	10	0	0	0	0	15	0	0	0	0	4	0	1	0	0	0	0	85	0	0	0	0	0	0	0	0	0	0	0	0	0	0	0	0	0	0	0	1	0	0
0	0	37	0	0	0	42	0	0	0	86	0	0	576	0	0	0	492	0	30	77	486	0	0	2	0	170	0	0	0	0	2	569	67	202	0	0	0	0	15	0	0	0	0	0	0	0	0	3	0	0	2	146	0	0	0	0	4	0	4	0	0	0	0	0	0	0	0	0	0	0	2	34	0	43
0	0	0	0	0	0	0	0	0	0	0	0	0	0	0	0	0	0	0	0	0	0	0	0	0	0	0	0	0	0	0	0	0	0	0	0	0	0	0	0	0	0	0	0	0	0	0	0	0	0	0	0	0	0	0	0	0	0	0	0	0	0	0	0	0	0	0	0	0	0	0	0	0	0	0
0	0	0	0	0	0	0	0	0	0	0	0	0	0	0	0	0	0	0	0	0	0	0	0	0	0	0	0	0	0	0	0	0	0	0	0	0	0	0	0	0	0	0	0	0	0	0	0	0	0	0	0	0	0	0	0	0	0	0	0	0	0	0	0	0	0	0	0	0	0	0	0	0	0	0
0	0	0	0	0	0	0	0	0	0	0	0	0	0	0	0	0	0	0	0	0	0	0	0	0	0	0	0	0	0	0	0	0	0	0	0	0	0	0	0	0	0	0	0	0	0	0	0	0	0	0	0	0	0	0	0	0	0	0	0	0	0	0	0	0	0	0	0	0	0	0	0	0	0	0
0	0	48	0	0	0	0	0	0	0	8	0	0	0	289	95	0	7	70	154	35	10	0	0	0	0	0	0	0	0	0	3	506	4	3	0	0	0	0	0	0	0	0	0	0	0	0	0	0	0	0	0	0	0	0	0	0	2	0	0	0	0	304	0	0	0	1	0	0	0	0	0	48	0	81
0	1	11	0	0	0	8	0	0	0	0	0	0	4	0	0	0	22	2	2	100	26	0	0	78	3	13	0	0	0	0	1	0	1	12	0	0	0	0	4	0	0	0	0	0	0	0	0	0	0	0	0	29	0	0	0	0	27	0	0	0	0	1	0	0	0	0	0	0	0	0	0	11	1	1
0	0	30	0	0	0	0	0	0	0	18	0	0	378	1	0	0	14	5	0	17	6	0	0	2	0	9	0	0	0	0	2	944	1	503	0	0	0	0	0	0	0	0	0	0	0	0	0	0	0	0	0	11	0	0	0	0	4	0	0	0	0	0	0	0	0	0	0	0	0	0	2	27	2	3
0	0	9	0	0	0	0	0	0	0	5	0	0	1	101	0	0	3	12	0	2	9	0	0	0	0	1	0	0	0	0	0	86	0	0	0	0	0	0	1	0	0	0	0	0	0	0	0	0	0	0	0	0	0	0	0	0	0	0	102	0	0	7	0	0	0	0	0	0	0	0	0	9	15	1
0	0	3	12	0	11	3	0	2	0	1	0	0	2	0	68	0	0	0	0	2	0	0	0	0	0	0	0	0	0	0	0	0	1	2	0	28	0	0	0	3	0	0	0	0	0	0	0	0	0	0	0	0	0	0	0	0	15	0	0	0	0	0	0	0	0	13	0	0	0	0	0	0	0	0
0	0	0	0	0	0	0	0	0	0	0	0	0	0	0	0	0	0	0	0	0	0	0	0	0	0	0	0	0	0	0	0	0	0	0	0	0	0	0	0	0	0	0	0	0	0	0	0	0	0	0	0	0	0	0	0	0	0	0	0	0	0	0	0	0	0	0	0	0	0	0	0	0	0	0
0	0	0	0	0	0	0	0	0	1	1	0	0	0	0	0	0	0	77	0	0	0	0	0	0	0	0	0	0	0	0	0	0	0	0	0	0	0	0	0	0	0	0	0	0	0	0	0	0	0	0	0	0	0	0	0	0	0	0	0	0	0	0	0	0	0	0	0	0	0	0	0	0	0	0
0	0	0	0	0	0	64	0	0	0	11	0	0	0	0	0	0	28	0	5	3	0	1	0	0	0	6	0	0	0	0	153	0	2	0	2	0	0	0	0	2	0	0	0	0	0	0	0	0	0	0	0	31	2	0	5	0	9	0	0	0	0	0	0	0	0	0	0	0	0	0	0	0	0	22
0	3	6	0	0	1	205	0	0	0	89	0	0	1	0	0	0	498	0	212	0	203	53	0	5	0	275	0	0	0	0	12	0	76	94	168	0	0	0	85	146	0	0	0	0	29	11	0	0	0	0	31	0	22	0	110	2	4	7	0	0	0	0	0	0	0	0	25	11	0	0	0	1	0	3
0	6	0	0	0	0	468	0	0	0	4	0	0	3	0	4	0	187	0	190	165	93	0	0	0	0	145	0	0	0	0	52	0	0	23	0	0	0	0	0	0	0	0	0	0	0	0	0	0	0	0	2	22	0	0	0	0	84	0	2	0	0	0	0	0	0	0	0	0	0	1	0	0	0	102
0	0	0	0	0	0	0	0	0	0	0	0	0	0	0	0	0	0	0	0	0	0	0	0	0	0	0	0	0	0	0	0	0	0	0	0	0	0	0	0	0	0	0	0	0	0	0	0	0	0	0	0	0	0	0	0	0	0	0	0	0	0	0	0	0	0	0	0	0	0	0	0	0	0	0
0	13	0	0	0	0	82	0	0	0	21	0	0	11	0	0	0	109	0	0	169	27	0	0	270	22	93	0	0	0	0	20	0	1	62	0	0	0	0	0	0	0	0	0	0	0	0	0	0	0	0	5	110	0	0	0	0	1	0	2	0	0	0	0	0	0	0	0	0	0	0	0	0	4	2
0	0	3	0	0	0	22	0	0	0	0	0	0	8	18	0	0	5	0	4	232	10	0	0	296	36	7	0	0	0	0	0	2	5	11	0	0	0	0	0	0	0	0	0	0	0	0	0	0	0	0	0	2	0	0	0	0	23	0	2	0	0	0	0	0	0	0	0	0	0	2	2	3	0	10
0	0	6	76	0	0	201	0	1	0	159	0	0	82	18	45	0	12	26	27	338	17	0	0	0	2	10	0	0	0	0	55	40	7	35	4	2	0	0	0	4	0	0	0	2	27	4	0	15	0	0	9	4	84	0	1	23	0	7	7	0	1	6	0	0	0	0	0	0	0	0	3	7	2	87
0	3	12	0	0	0	17	0	0	0	1	0	0	26	4	0	0	59	42	142	38	62	0	0	12	0	39	0	0	0	0	20	14	15	223	0	0	0	0	0	0	0	0	0	0	0	0	0	0	0	0	0	7	0	0	0	0	7	0	248	0	0	34	0	0	0	0	0	0	0	0	0	12	5	201
0	0	11	0	0	0	0	0	144	0	1	0	0	10	0	2	0	0	0	0	36	1	0	0	2	0	2	0	0	0	0	0	2	2	33	48	0	0	0	0	4	0	0	0	0	0	0	102	0	0	0	0	0	2	0	2	2	7	248	0	0	0	0	0	0	0	0	248	40	0	0	0	13	1	1
0	0	0	0	0	0	0	0	0	0	0	0	0	0	0	0	0	0	0	0	0	0	0	0	0	0	0	0	0	0	0	0	0	0	0	0	0	0	0	0	0	0	0	0	0	0	0	0	0	0	0	0	0	0	0	0	0	0	0	0	0	0	0	0	0	0	0	0	0	0	0	0	0	0	0
0	0	47	0	0	0	0	0	0	0	4	0	0	1	200	0	0	16	40	0	4	7	0	0	0	0	0	0	0	0	0	0	1	0	0	0	0	0	0	0	0	0	0	0	0	0	0	0	0	0	0	0	0	0	0	0	0	1	0	0	0	0	130	0	0	0	0	0	0	0	0	1	47	20	1
0	0	21	66	0	242	0	0	0	0	18	0	0	1	398	2	0	4	18	1	20	2	0	0	0	0	0	0	0	0	0	0	433	10	1	13	13	0	0	0	0	0	0	0	304	1	0	7	0	0	0	0	0	0	0	0	0	6	34	0	0	130	0	0	17	0	1	0	0	31	0	1	52	0	19
0	0	0	0	0	0	0	0	0	0	0	0	0	0	0	0	0	0	0	0	0	0	0	0	0	0	0	0	0	0	0	0	0	0	0	0	0	0	0	0	0	0	0	0	0	0	0	0	0	0	0	0	0	0	0	0	0	0	0	0	0	0	0	0	0	0	0	0	0	0	0	0	0	0	0
0	0	0	0	0	0	0	0	0	0	0	0	0	0	71	0	0	0	0	0	0	0	0	0	0	0	0	0	0	0	0	0	639	0	0	0	0	0	0	0	0	0	0	0	0	0	0	0	0	0	0	0	0	0	0	0	0	0	0	0	0	0	17	0	0	0	0	0	0	0	0	0	0	7	0
0	0	0	0	0	0	0	0	0	0	0	0	0	0	0	0	0	0	0	0	0	0	0	0	0	0	0	0	0	0	0	0	0	0	0	0	0	0	0	0	0	0	0	0	0	0	0	0	0	0	0	0	0	0	0	0	0	0	0	0	0	0	0	0	0	0	0	0	0	0	0	0	0	0	0
0	0	2	3	3	0	0	0	0	0	68	0	0	0	9	78	0	1	0	0	9	0	0	0	0	0	0	4	0	0	1	0	0	1	0	0	3	0	0	0	0	0	0	0	1	0	0	0	13	0	0	0	0	0	0	0	0	0	0	0	0	0	1	0	0	0	0	0	0	0	0	0	2	0	0
0	5	0	0	0	0	50	0	0	0	0	0	0	4	0	0	0	85	0	14	4	5	0	0	0	0	101	0	0	0	0	10	0	0	94	0	0	0	0	0	0	0	0	0	0	0	0	0	0	0	0	0	25	0	0	0	0	0	0	248	0	0	0	0	0	0	0	0	0	0	0	0	0	0	5
0	20	0	0	0	0	48	0	0	0	0	0	0	0	0	26	0	88	0	184	34	81	0	0	336	23	41	0	0	0	0	0	0	9	40	0	0	0	0	0	0	0	0	0	0	0	0	0	0	0	0	0	11	0	0	0	0	0	0	40	0	0	0	0	0	0	0	0	0	0	0	0	0	1	103
0	0	0	0	0	3	0	0	0	0	0	0	0	0	1	0	0	0	1	0	1	0	0	0	0	0	0	0	0	0	0	0	228	3	0	0	0	0	0	0	0	0	0	0	0	0	0	0	0	0	0	0	0	0	0	0	0	0	0	0	0	0	31	0	0	0	0	0	0	0	0	0	0	6	0
0	0	0	0	0	0	16	0	0	0	0	0	0	0	0	0	0	0	0	0	4	0	0	0	0	0	0	0	0	0	0	0	0	0	0	0	0	0	0	0	0	0	0	0	0	0	0	0	0	0	0	0	0	1	0	0	2	0	0	0	0	0	0	0	0	0	0	0	0	0	0	3	0	0	0
0	0	10	0	0	0	38	0	2	0	56	0	0	66	0	0	0	1	0	10	46	220	0	0	0	0	102	0	0	0	0	0	0	34	9	0	0	0	0	0	2	0	0	0	0	0	2	0	0	0	0	0	0	0	0	0	2	3	0	0	0	1	1	0	0	0	0	0	0	0	3	0	11	0	0
0	0	26	19	1	44	1	0	38	0	8	0	0	104	3	3	0	47	50	7	29	2	1	0	2	0	1	0	0	0	0	0	333	6	120	25	3	0	0	1	34	0	0	0	48	11	27	9	0	0	0	0	1	0	0	0	3	7	12	13	0	47	52	0	0	0	2	0	0	0	0	11	0	26	12
0	0	4	12	0	47	1	0	0	0	0	0	0	0	4	0	0	0	32	0	1	0	0	0	0	0	0	0	0	0	0	0	0	0	0	1	27	0	0	0	0	0	0	0	0	1	2	15	0	0	0	0	0	0	0	4	0	2	5	1	0	20	0	0	7	0	0	0	1	6	0	0	26	0	1
0	1	1	2	1	0	211	0	0	0	1	0	0	0	1	0	0	59	3	72	15	77	21	0	0	0	8	0	0	0	0	91	0	76	10	47	16	0	0	0	43	0	0	0	81	1	3	1	0	0	0	22	3	102	0	2	10	87	201	1	0	1	19	0	0	0	0	5	103	0	0	0	12	1	0
