0	0	0	0	0	0	0	0	0	0	0	0	0	0	0	0	0	0	0	0	0	0	0	0	0	0	0	0	0	0	0	0	0	0	0	0	0	0	0	0	0	0	0	0	0	0	0	0	0	0	0	0	0	0	0	0	0	0	0	0	0	0	0	0	0	0	0	0	0	0	0	0	0	0	0
0	0	0	0	0	0	0	0	0	0	0	0	0	0	0	0	0	0	1	10	0	9	17	0	10	52	20	0	0	0	0	2	0	0	0	0	0	0	0	0	0	0	0	0	0	0	0	0	0	0	1	0	98	0	0	0	0	0	2	0	0	0	0	0	0	0	0	1	0	0	0	0	0	0	0
0	0	0	0	0	0	0	0	0	0	0	0	0	0	0	0	0	0	0	0	0	0	0	0	0	0	0	0	0	0	0	0	0	0	0	0	0	0	0	0	0	0	0	0	0	0	0	0	0	0	0	0	0	0	0	0	0	0	0	0	0	0	0	0	0	0	0	0	0	0	0	0	0	0	0
0	0	0	0	0	0	0	0	0	0	133	0	0	1	3	46	0	0	1	0	0	2	0	0	0	0	0	6	1	0	0	0	0	0	0	0	0	2	0	0	0	7	1	2	2	0	0	0	428	0	3	0	0	0	0	0	0	56	0	0	0	0	1	0	1	0	1	0	0	1	0	0	0	0	0
0	0	0	0	0	0	0	0	0	0	13	0	0	0	0	41	0	0	0	0	0	0	0	0	0	0	0	12	0	0	0	0	0	0	0	0	0	0	0	0	0	11	1	0	0	0	0	0	230	0	0	0	0	0	0	0	0	0	0	0	0	0	0	0	0	0	1	0	0	0	0	0	0	0	0
0	0	0	0	0	0	0	0	0	0	0	0	0	8	0	0	0	0	2	0	0	0	0	0	0	0	0	0	89	0	0	0	0	0	1	0	0	0	0	0	0	0	0	0	0	0	5	0	1	0	0	0	0	0	0	0	0	0	0	0	0	0	4	0	3	0	0	0	0	1	0	0	0	0	0
0	0	0	0	0	0	0	0	0	0	0	0	0	0	0	0	0	0	0	0	0	0	0	0	0	0	0	0	0	0	0	0	0	0	0	0	0	0	0	0	0	0	0	0	0	0	0	0	0	0	0	0	0	0	0	0	0	0	0	0	0	0	0	0	0	0	0	0	0	0	0	0	0	0	0
0	0	0	0	0	0	0	0	0	0	0	0	0	1	0	10	0	0	2	0	0	0	0	0	0	0	0	0	0	0	0	0	0	0	0	0	0	0	0	0	0	8	1	0	16	0	0	0	0	0	0	0	0	0	0	0	0	0	0	0	0	0	0	0	0	0	1	0	0	0	0	0	0	0	0
0	0	0	0	0	0	0	0	0	0	0	0	0	85	0	0	0	0	1	0	0	54	0	0	0	0	0	1	9	0	0	0	0	0	0	0	0	0	0	0	0	0	0	0	0	0	0	0	0	0	0	0	0	0	0	0	0	0	0	0	0	0	0	0	0	0	0	0	0	0	0	0	0	0	0
0	0	0	0	0	0	0	0	0	0	0	0	0	0	0	0	0	0	0	0	0	0	0	0	0	0	0	0	0	0	0	0	0	0	0	0	0	0	0	0	0	0	0	0	0	0	0	0	0	0	0	0	0	0	0	0	0	0	0	0	0	0	0	0	0	0	0	0	0	0	0	0	0	0	0
0	0	0	133	13	0	0	0	0	0	0	0	0	1	0	75	0	0	0	139	66	1	0	0	0	0	0	0	0	0	0	10	0	0	0	0	147	0	0	1	1	308	102	4	101	0	26	1	612	0	0	1	0	157	0	0	0	162	2	0	0	1	0	0	0	0	179	1	0	1	57	0	0	0	0
0	0	0	0	0	0	0	0	0	0	0	0	0	0	0	0	0	0	0	0	0	0	0	0	0	0	0	0	0	0	0	0	0	0	0	0	0	0	0	0	0	0	0	0	0	0	0	0	0	0	0	0	0	0	0	0	0	0	0	0	0	0	0	0	0	0	0	0	0	0	0	0	0	0	0
0	0	0	0	0	0	0	0	0	0	0	0	0	0	0	0	0	0	0	0	0	0	0	0	0	0	0	0	0	0	0	0	0	0	0	0	0	0	0	0	0	0	0	0	0	0	0	0	0	0	0	0	0	0	0	0	0	0	0	0	0	0	0	0	0	0	0	0	0	0	0	0	0	0	0
0	0	0	1	0	8	0	1	85	0	1	0	0	0	3	0	0	1	13	2	3	33	0	0	0	0	0	0	172	1	0	0	0	2	4	2	0	1	1	22	147	14	0	1	0	4	91	5	30	0	0	0	0	2	0	0	2	14	2	0	2	5	0	0	3	0	0	0	0	65	11	0	0	1	0
0	0	0	3	0	0	0	0	0	0	0	0	0	3	0	0	0	0	0	0	0	0	0	1	0	0	1	2	0	0	0	0	0	0	1	0	0	0	1	0	0	5	0	0	0	0	3	4	0	0	6	0	0	0	0	0	0	0	0	3	0	12	8	0	3	0	0	0	0	4	0	0	0	0	0
0	0	0	46	41	0	0	10	0	0	75	0	0	0	0	0	0	0	0	55	0	0	0	0	0	0	0	3	0	0	0	0	0	0	0	0	10	0	0	0	0	1	1	0	106	0	0	0	245	0	0	0	0	0	0	0	0	97	1	0	0	0	0	1	0	0	33	0	0	1	0	0	0	0	0
0	0	0	0	0	0	0	0	0	0	0	0	0	0	0	0	0	0	0	0	0	0	0	0	0	0	0	0	0	0	0	0	0	0	0	0	0	0	0	0	0	0	0	0	0	0	0	0	0	0	0	0	0	0	0	0	0	0	0	0	0	0	0	0	1	0	0	0	0	0	0	0	0	0	0
0	0	0	0	0	0	0	0	0	0	0	0	0	1	0	0	0	0	0	0	0	219	1	0	0	1	42	0	0	0	0	2	0	0	0	0	0	0	0	0	0	0	0	0	0	0	0	0	0	0	0	0	62	0	0	0	0	0	0	0	0	0	0	0	0	0	0	0	0	0	0	0	0	0	0
0	1	0	1	0	2	0	2	1	0	0	0	0	13	0	0	0	0	0	0	0	1	1	0	0	1	2	2	0	0	0	0	0	0	0	1	2	0	1	1	6	6	1	1	1	0	2	0	1	0	125	0	0	0	0	0	0	3	2	6	5	1	1	1	0	0	1	2	0	12	1	0	0	2	0
0	10	0	0	0	0	0	0	0	0	139	0	0	2	0	55	0	0	0	0	200	8	122	0	0	0	1	0	0	20	0	122	0	0	0	2	4	55	0	0	2	0	0	473	28	14	0	2	210	0	0	0	0	314	0	2	0	256	44	410	8	0	0	0	0	0	0	2	0	14	281	0	0	38	0
0	0	0	0	0	0	0	0	0	0	66	0	0	3	0	0	0	0	0	200	0	40	0	0	12	75	5	0	1	0	0	14	0	0	0	0	0	20	0	0	0	0	0	20	0	0	0	0	11	0	0	0	0	0	1	0	2	61	0	0	0	0	0	0	0	0	0	0	0	0	0	0	0	0	0
0	9	0	2	0	0	0	0	54	0	1	0	0	33	0	0	0	219	1	8	40	0	10	0	0	5	42	0	0	3	0	3	0	3	7	17	0	0	0	308	289	1	0	0	0	3	43	0	0	0	1	0	35	0	0	16	30	2	1	0	0	0	0	0	0	0	0	0	0	1	0	0	0	0	0
0	17	0	0	0	0	0	0	0	0	0	0	0	0	0	0	0	1	1	122	0	10	0	0	8	73	22	0	0	4	0	6	0	1	0	21	0	0	0	1	1	0	0	0	0	6	0	0	0	0	1	0	163	0	0	27	0	0	5	0	13	0	0	0	0	0	0	8	0	0	1	0	0	0	0
0	0	0	0	0	0	0	0	0	0	0	0	0	0	1	0	0	0	0	0	0	0	0	0	12	1	0	0	0	0	0	0	0	0	0	0	0	0	0	0	0	0	0	0	0	0	0	0	0	0	0	1	6	0	1	0	2	0	0	0	0	0	1	0	1	0	0	0	0	0	1	0	0	0	0
0	10	0	0	0	0	0	0	0	0	0	0	0	0	0	0	0	0	0	0	12	0	8	12	0	8	0	0	0	0	0	0	0	0	0	0	0	0	0	0	0	0	0	0	0	4	0	0	0	0	0	0	0	8	1	8	10	0	0	0	0	0	0	0	0	0	0	0	0	0	0	0	0	0	0
0	52	0	0	0	0	0	0	0	0	0	0	0	0	0	0	0	1	1	0	75	5	73	1	8	0	1	0	0	0	0	0	0	0	0	1	0	0	0	1	1	0	0	0	0	18	0	0	0	0	0	0	0	11	0	45	0	1	0	0	0	0	0	0	0	0	0	0	0	0	26	0	0	0	0
0	20	0	0	0	0	0	0	0	0	0	0	0	0	1	0	0	42	2	1	5	42	22	0	0	1	0	0	0	4	0	1	0	2	0	5	0	0	0	35	36	0	0	1	0	1	3	1	0	0	0	0	0	2	0	7	1	3	3	3	0	0	0	0	0	0	0	5	0	4	1	0	0	2	0
0	0	0	6	12	0	0	0	1	0	0	0	0	0	2	3	0	0	2	0	0	0	0	0	0	0	0	0	0	1	0	0	0	0	0	0	3	0	0	0	1	12	14	0	0	0	0	3	65	0	3	0	0	0	0	0	0	0	0	4	1	0	0	3	1	0	16	0	0	2	0	0	0	0	0
0	0	0	1	0	89	0	0	9	0	0	0	0	172	0	0	0	0	0	0	1	0	0	0	0	0	0	0	0	0	0	0	0	0	1	0	0	0	0	0	26	0	0	1	0	4	110	0	26	0	1	0	0	0	0	0	11	1	0	107	62	2	1	0	114	0	0	0	0	54	1	0	0	2	0
0	0	0	0	0	0	0	0	0	0	0	0	0	1	0	0	0	0	0	20	0	3	4	0	0	0	4	1	0	0	0	0	0	1	0	5	0	31	0	0	0	0	0	31	0	0	0	0	0	0	0	0	44	0	0	0	0	0	95	78	0	0	0	0	0	0	0	16	0	0	0	0	0	0	0
0	0	0	0	0	0	0	0	0	0	0	0	0	0	0	0	0	0	0	0	0	0	0	0	0	0	0	0	0	0	0	0	0	0	0	0	0	0	0	0	0	0	0	0	0	0	0	0	0	0	0	0	0	0	0	0	0	0	0	0	0	0	0	0	0	0	0	0	0	0	0	0	0	0	0
0	2	0	0	0	0	0	0	0	0	10	0	0	0	0	0	0	2	0	122	14	3	6	0	0	0	1	0	0	0	0	0	0	0	0	0	0	0	0	0	0	0	0	0	76	340	1	0	2	0	0	110	0	336	0	276	0	189	47	0	0	0	0	0	0	0	0	318	0	0	0	0	0	0	0
0	0	0	0	0	0	0	0	0	0	0	0	0	0	0	0	0	0	0	0	0	0	0	0	0	0	0	0	0	0	0	0	0	0	0	0	0	0	0	0	0	0	0	0	0	0	0	0	0	0	0	0	0	0	0	0	0	0	0	0	0	0	0	0	0	0	0	0	0	0	0	0	0	0	0
0	0	0	0	0	0	0	0	0	0	0	0	0	2	0	0	0	0	0	0	0	3	1	0	0	0	2	0	0	1	0	0	0	0	0	0	0	0	0	1	1	0	0	0	0	0	0	0	0	0	0	0	0	0	0	0	0	0	0	0	0	0	0	0	0	0	0	0	0	0	0	0	0	0	0
0	0	0	0	0	1	0	0	0	0	0	0	0	4	1	0	0	0	0	0	0	7	0	0	0	0	0	0	1	0	0	0	0	0	0	0	0	0	0	0	0	0	0	0	0	0	0	0	0	0	0	0	0	0	0	0	0	0	1	0	0	2	0	0	0	0	0	0	0	1	0	0	0	0	0
0	0	0	0	0	0	0	0	0	0	0	0	0	2	0	0	0	0	1	2	0	17	21	0	0	1	5	0	0	5	0	0	0	0	0	0	0	28	4	1	4	0	0	28	0	0	0	1	0	0	0	0	46	0	0	0	0	0	58	11	0	0	0	0	0	0	0	11	0	1	0	0	0	1	0
0	0	0	0	0	0	0	0	0	0	147	0	0	0	0	10	0	0	2	4	0	0	0	0	0	0	0	3	0	0	0	0	0	0	0	0	0	0	0	0	0	8	2	0	8	0	0	0	310	0	0	0	0	0	0	0	0	0	0	0	0	0	0	3	0	0	28	0	0	0	0	0	0	0	0
0	0	0	2	0	0	0	0	0	0	0	0	0	1	0	0	0	0	0	55	20	0	0	0	0	0	0	0	0	31	0	0	0	0	0	28	0	0	31	0	29	0	0	0	0	0	0	20	0	0	0	0	0	0	0	0	9	21	54	63	57	0	0	0	0	0	0	63	0	24	0	0	0	50	0
0	0	0	0	0	0	0	0	0	0	0	0	0	1	1	0	0	0	1	0	0	0	0	0	0	0	0	0	0	0	0	0	0	0	0	4	0	31	0	0	0	0	0	31	0	0	0	0	0	0	0	0	1	0	0	0	0	0	86	16	0	0	0	0	0	0	0	0	0	0	0	0	0	0	0
0	0	0	0	0	0	0	0	0	0	1	0	0	22	0	0	0	0	1	0	0	308	1	0	0	1	35	0	0	0	0	0	0	1	0	1	0	0	0	0	0	0	0	0	0	0	20	0	12	0	0	0	40	0	0	0	0	0	0	0	0	0	0	0	0	0	0	0	0	0	0	0	0	0	0
0	0	0	0	0	0	0	0	0	0	1	0	0	147	0	0	0	0	6	2	0	289	1	0	0	1	36	1	26	0	0	0	0	1	0	4	0	29	0	0	0	0	0	29	0	0	34	0	29	0	1	0	45	0	0	0	0	0	0	38	0	0	0	0	0	0	0	0	0	0	0	0	0	0	0
0	0	0	7	11	0	0	8	0	0	308	0	0	14	5	1	0	0	6	0	0	1	0	0	0	0	0	12	0	0	0	0	0	0	0	0	8	0	0	0	0	0	19	0	7	0	0	1	417	0	3	0	0	0	0	0	0	0	1	0	0	1	0	6	0	0	70	0	0	1	0	0	0	0	0
0	0	0	1	1	0	0	1	0	0	102	0	0	0	0	1	0	0	1	0	0	0	0	0	0	0	0	14	0	0	0	0	0	0	0	0	2	0	0	0	0	19	0	0	0	0	0	0	122	0	1	0	0	0	0	0	0	0	0	0	0	0	0	7	0	0	27	0	0	0	0	0	0	0	0
0	0	0	2	0	0	0	0	0	0	4	0	0	1	0	0	0	0	1	473	20	0	0	0	0	0	1	0	1	31	0	0	0	0	0	28	0	0	31	0	29	0	0	0	0	0	0	20	0	0	0	0	0	0	0	0	9	21	54	65	57	0	0	0	0	0	0	65	0	24	0	0	0	50	0
0	0	0	2	0	0	0	16	0	0	101	0	0	0	0	106	0	0	1	28	0	0	0	0	0	0	0	0	0	0	0	76	0	0	0	0	8	0	0	0	0	7	0	0	0	0	0	0	272	0	0	1	0	4	0	0	0	39	78	0	0	0	4	0	0	0	4	2	0	0	0	0	0	0	0
0	0	0	0	0	0	0	0	0	0	0	0	0	4	0	0	0	0	0	14	0	3	6	0	4	18	1	0	4	0	0	340	0	0	0	0	0	0	0	0	0	0	0	0	0	0	0	0	1	0	0	2	6	0	0	0	0	11	0	0	0	0	0	0	0	0	0	0	0	0	1	0	0	0	0
0	0	0	0	0	5	0	0	0	0	26	0	0	91	3	0	0	0	2	0	0	43	0	0	0	0	3	0	110	0	0	1	0	0	0	0	0	0	0	20	34	0	0	0	0	0	0	1	19	0	0	0	0	0	0	0	0	1	4	0	0	1	1	0	0	0	0	4	0	31	0	0	0	0	0
0	0	0	0	0	0	0	0	0	0	1	0	0	5	4	0	0	0	0	2	0	0	0	0	0	0	1	3	0	0	0	0	0	0	0	1	0	20	0	0	0	1	0	20	0	0	1	0	1	0	4	0	0	0	0	0	0	0	0	104	0	0	0	0	0	0	0	0	0	0	0	0	0	0	0
0	0	0	428	230	1	0	0	0	0	612	0	0	30	0	245	0	0	1	210	11	0	0	0	0	0	0	65	26	0	0	2	0	0	0	0	310	0	0	12	29	417	122	0	272	1	19	1	0	0	0	0	0	207	0	0	0	168	0	0	0	0	0	2	0	0	472	0	0	11	1	0	0	6	0
0	0	0	0	0	0	0	0	0	0	0	0	0	0	0	0	0	0	0	0	0	0	0	0	0	0	0	0	0	0	0	0	0	0	0	0	0	0	0	0	0	0	0	0	0	0	0	0	0	0	0	0	0	0	0	0	0	0	0	0	0	0	0	0	0	0	0	0	0	0	0	0	0	0	0
0	1	0	3	0	0	0	0	0	0	0	0	0	0	6	0	0	0	125	0	0	1	1	0	0	0	0	3	1	0	0	0	0	0	0	0	0	0	0	0	1	3	1	0	0	0	0	4	0	0	0	0	0	0	0	0	0	0	2	0	0	5	1	0	0	0	0	2	0	0	0	0	0	0	0
0	0	0	0	0	0	0	0	0	0	1	0	0	0	0	0	0	0	0	0	0	0	0	1	0	0	0	0	0	0	0	110	0	0	0	0	0	0	0	0	0	0	0	0	1	2	0	0	0	0	0	0	0	2	0	1	0	12	1	0	0	1	0	0	0	0	0	1	0	0	0	0	0	0	0
0	98	0	0	0	0	0	0	0	0	0	0	0	0	0	0	0	62	0	0	0	35	163	6	0	0	0	0	0	44	0	0	0	0	0	46	0	0	1	40	45	0	0	0	0	6	0	0	0	0	0	0	0	0	0	44	3	0	0	0	0	0	0	0	0	0	0	21	0	0	0	0	0	0	0
0	0	0	0	0	0	0	0	0	0	157	0	0	2	0	0	0	0	0	314	0	0	0	0	8	11	2	0	0	0	0	336	0	0	0	0	0	0	0	0	0	0	0	0	4	0	0	0	207	0	0	2	0	0	0	0	0	63	11	0	0	0	0	0	0	0	0	0	0	0	1	0	0	0	0
0	0	0	0	0	0	0	0	0	0	0	0	0	0	0	0	0	0	0	0	1	0	0	1	1	0	0	0	0	0	0	0	0	0	0	0	0	0	0	0	0	0	0	0	0	0	0	0	0	0	0	0	0	0	0	0	1	0	0	0	0	0	0	0	0	0	0	0	0	0	0	0	0	0	0
0	0	0	0	0	0	0	0	0	0	0	0	0	0	0	0	0	0	0	2	0	16	27	0	8	45	7	0	0	0	0	276	0	0	0	0	0	0	0	0	0	0	0	0	0	0	0	0	0	0	0	1	44	0	0	0	0	0	0	0	0	0	0	0	0	0	0	2	0	0	0	0	0	0	0
0	0	0	0	0	0	0	0	0	0	0	0	0	2	0	0	0	0	0	0	2	30	0	2	10	0	1	0	11	0	0	0	0	0	0	0	0	9	0	0	0	0	0	9	0	0	0	0	0	0	0	0	3	0	1	0	0	3	0	2	0	0	0	0	0	0	0	0	0	0	2	0	0	0	0
0	0	0	56	0	0	0	0	0	0	162	0	0	14	0	97	0	0	3	256	61	2	0	0	0	1	3	0	1	0	0	189	0	0	0	0	0	21	0	0	0	0	0	21	39	11	1	0	168	0	0	12	0	63	0	0	3	0	4	17	0	0	0	1	1	0	12	1	0	0	0	0	0	0	0
0	2	0	0	0	0	0	0	0	0	2	0	0	2	0	1	0	0	2	44	0	1	5	0	0	0	3	0	0	95	0	47	0	0	1	58	0	54	86	0	0	1	0	54	78	0	4	0	0	0	2	1	0	11	0	0	0	4	0	242	0	0	3	1	15	0	0	123	0	0	0	0	0	0	0
0	0	0	0	0	0	0	0	0	0	0	0	0	0	3	0	0	0	6	410	0	0	0	0	0	0	3	4	107	78	0	0	0	0	0	11	0	63	16	0	38	0	0	65	0	0	0	104	0	0	0	0	0	0	0	0	2	17	242	0	6	0	0	0	0	0	0	105	0	6	5	0	0	2	0
0	0	0	0	0	0	0	0	0	0	0	0	0	2	0	0	0	0	5	8	0	0	13	0	0	0	0	1	62	0	0	0	0	0	0	0	0	57	0	0	0	0	0	57	0	0	0	0	0	0	0	0	0	0	0	0	0	0	0	6	0	0	0	0	0	0	0	0	0	0	0	0	0	0	0
0	0	0	0	0	0	0	0	0	0	1	0	0	5	12	0	0	0	1	0	0	0	0	0	0	0	0	0	2	0	0	0	0	0	2	0	0	0	0	0	0	1	0	0	0	0	1	0	0	0	5	1	0	0	0	0	0	0	0	0	0	0	6	0	0	0	0	0	0	1	0	0	0	0	0
0	0	0	1	0	4	0	0	0	0	0	0	0	0	8	0	0	0	1	0	0	0	0	1	0	0	0	0	1	0	0	0	0	0	0	0	0	0	0	0	0	0	0	0	4	0	1	0	0	0	1	0	0	0	0	0	0	0	3	0	0	6	0	1	0	0	0	0	0	2	0	0	0	0	0
0	0	0	0	0	0	0	0	0	0	0	0	0	0	0	1	0	0	1	0	0	0	0	0	0	0	0	3	0	0	0	0	0	0	0	0	3	0	0	0	0	6	7	0	0	0	0	0	2	0	0	0	0	0	0	0	0	1	1	0	0	0	1	0	0	0	6	0	0	0	0	0	0	0	0
0	0	0	1	0	3	0	0	0	0	0	0	0	3	3	0	1	0	0	0	0	0	0	1	0	0	0	1	114	0	0	0	0	0	0	0	0	0	0	0	0	0	0	0	0	0	0	0	0	0	0	0	0	0	0	0	0	1	15	0	0	0	0	0	0	0	0	0	0	1	0	0	0	0	0
0	0	0	0	0	0	0	0	0	0	0	0	0	0	0	0	0	0	0	0	0	0	0	0	0	0	0	0	0	0	0	0	0	0	0	0	0	0	0	0	0	0	0	0	0	0	0	0	0	0	0	0	0	0	0	0	0	0	0	0	0	0	0	0	0	0	0	0	0	0	0	0	0	0	0
0	0	0	1	1	0	0	1	0	0	179	0	0	0	0	33	0	0	1	0	0	0	0	0	0	0	0	16	0	0	0	0	0	0	0	0	28	0	0	0	0	70	27	0	4	0	0	0	472	0	0	0	0	0	0	0	0	12	0	0	0	0	0	6	0	0	0	0	0	0	0	0	0	0	0
0	1	0	0	0	0	0	0	0	0	1	0	0	0	0	0	0	0	2	2	0	0	8	0	0	0	5	0	0	16	0	318	0	0	0	11	0	63	0	0	0	0	0	65	2	0	4	0	0	0	2	1	21	0	0	2	0	1	123	105	0	0	0	0	0	0	0	0	0	1	0	0	0	1	0
0	0	0	0	0	0	0	0	0	0	0	0	0	0	0	0	0	0	0	0	0	0	0	0	0	0	0	0	0	0	0	0	0	0	0	0	0	0	0	0	0	0	0	0	0	0	0	0	0	0	0	0	0	0	0	0	0	0	0	0	0	0	0	0	0	0	0	0	0	0	0	0	0	0	0
0	0	0	1	0	1	0	0	0	0	1	0	0	65	4	1	0	0	12	14	0	1	0	0	0	0	4	2	54	0	0	0	0	0	1	1	0	24	0	0	0	1	0	24	0	0	31	0	11	0	0	0	0	0	0	0	0	0	0	6	0	1	2	0	1	0	0	1	0	0	0	0	0	0	0
0	0	0	0	0	0	0	0	0	0	57	0	0	11	0	0	0	0	1	281	0	0	1	1	0	26	1	0	1	0	0	0	0	0	0	0	0	0	0	0	0	0	0	0	0	1	0	0	1	0	0	0	0	1	0	0	2	0	0	5	0	0	0	0	0	0	0	0	0	0	0	0	0	0	0
0	0	0	0	0	0	0	0	0	0	0	0	0	0	0	0	0	0	0	0	0	0	0	0	0	0	0	0	0	0	0	0	0	0	0	0	0	0	0	0	0	0	0	0	0	0	0	0	0	0	0	0	0	0	0	0	0	0	0	0	0	0	0	0	0	0	0	0	0	0	0	0	0	0	0
0	0	0	0	0	0	0	0	0	0	0	0	0	0	0	0	0	0	0	0	0	0	0	0	0	0	0	0	0	0	0	0	0	0	0	0	0	0	0	0	0	0	0	0	0	0	0	0	0	0	0	0	0	0	0	0	0	0	0	0	0	0	0	0	0	0	0	0	0	0	0	0	0	0	0
0	0	0	0	0	0	0	0	0	0	0	0	0	1	0	0	0	0	2	38	0	0	0	0	0	0	2	0	2	0	0	0	0	0	0	1	0	50	0	0	0	0	0	50	0	0	0	0	6	0	0	0	0	0	0	0	0	0	0	2	0	0	0	0	0	0	0	1	0	0	0	0	0	0	0
0	0	0	0	0	0	0	0	0	0	0	0	0	0	0	0	0	0	0	0	0	0	0	0	0	0	0	0	0	0	0	0	0	0	0	0	0	0	0	0	0	0	0	0	0	0	0	0	0	0	0	0	0	0	0	0	0	0	0	0	0	0	0	0	0	0	0	0	0	0	0	0	0	0	0
