0	0	0	0	0	0	0	0	0	0	0	0	0	0	0	0	0	0	0	0	0	0	0	0	0	0	0	0	0	0	0	0	0	0	0	0	0	0	0	0	0	0	0	0	0	0	0	0	0	0	0	0	0	0	0	0	0	0	0	0	0	0	0	0	0	0	0	0	0	0	0	0	0	0	0
0	0	0	0	0	0	0	0	0	0	0	0	0	0	0	0	0	0	0	0	0	2	4	0	0	0	2	0	0	17	0	4	0	0	0	0	0	0	0	0	0	0	0	0	0	0	0	0	0	0	0	1	2	0	0	36	0	0	1	0	0	0	0	0	0	0	0	0	0	0	0	0	0	0	0
0	0	0	1	0	8	0	0	5	0	0	0	0	2	6	0	0	0	0	0	0	0	0	0	0	0	0	0	0	0	0	0	0	0	10	0	0	0	0	0	0	0	0	0	0	0	0	0	1	0	0	0	0	0	0	0	0	4	4	1	2	0	0	0	0	0	0	0	0	0	0	0	0	1	0
0	0	1	0	0	0	0	0	0	0	2	0	0	0	0	34	0	0	0	0	0	0	0	0	0	0	0	0	0	0	0	0	0	0	0	0	0	0	0	0	0	11	0	0	0	0	0	0	0	0	0	0	0	0	0	0	0	6	0	0	0	0	0	0	0	0	0	0	0	0	0	0	0	0	0
0	0	0	0	0	0	0	0	0	0	0	0	0	0	0	0	0	0	0	0	0	0	0	0	0	0	0	0	0	0	0	0	0	0	0	0	0	0	0	0	0	0	0	0	0	0	0	0	0	0	0	0	0	0	0	0	1	0	0	0	116	0	0	0	0	0	0	4	0	0	0	0	0	0	0
0	0	8	0	0	0	0	0	0	0	0	0	0	10	30	1	0	0	0	0	0	0	0	0	0	0	0	0	0	0	0	0	0	2	27	0	0	0	0	0	0	0	32	0	0	0	0	0	0	0	0	0	0	0	0	0	0	0	2	0	0	0	0	0	2	0	0	0	0	11	0	0	8	160	1
0	0	0	0	0	0	0	0	0	0	0	0	0	0	0	0	0	0	0	0	0	0	0	0	0	0	0	0	0	0	0	0	0	0	0	0	0	0	0	0	0	0	0	0	0	0	0	0	0	0	0	0	0	0	0	0	0	0	0	0	0	0	0	0	0	0	0	0	0	0	0	0	0	0	0
0	0	0	0	0	0	0	0	0	0	0	0	0	53	0	1	0	0	0	0	0	0	0	0	0	0	0	0	0	0	0	0	0	0	0	0	0	0	0	0	0	3	0	0	0	0	0	0	0	0	0	0	0	0	0	0	0	0	0	0	0	0	0	0	0	0	0	0	0	0	0	0	0	0	0
0	0	5	0	0	0	0	0	0	0	0	0	0	24	0	0	0	0	0	0	97	93	2	0	0	0	3	0	0	4	0	0	0	0	0	0	0	0	0	0	0	1	0	0	0	0	0	0	0	0	0	1	0	0	0	0	0	1	0	0	0	0	0	0	0	0	0	0	0	0	0	0	0	0	0
0	0	0	0	0	0	0	0	0	0	0	0	0	0	0	0	0	0	1	0	0	0	0	0	0	0	0	0	0	0	0	0	0	0	0	0	0	0	0	0	0	0	0	0	0	0	0	0	0	0	0	0	0	0	0	0	0	0	0	0	0	0	0	0	0	0	0	0	0	0	0	0	0	0	0
0	0	0	2	0	0	0	0	0	0	0	0	0	0	0	70	0	0	0	0	0	0	0	0	0	0	0	0	0	0	0	4	0	0	0	0	0	0	0	0	0	11	5	0	0	0	0	0	8	0	0	0	0	7	0	0	0	51	0	0	0	0	0	0	0	0	0	0	0	0	4	0	0	1	0
0	0	0	0	0	0	0	0	0	0	0	0	0	0	0	0	0	0	0	0	0	0	0	0	0	0	0	0	0	0	0	0	0	0	0	0	0	0	0	0	0	0	0	0	0	0	0	0	0	0	0	0	0	0	0	4	0	0	0	0	0	0	0	0	0	0	0	0	0	0	0	0	0	0	0
0	0	0	0	0	0	0	0	0	0	0	0	0	0	0	0	0	0	0	0	0	0	0	0	0	0	0	0	0	0	0	0	0	0	0	0	0	0	0	0	0	0	0	0	0	0	0	0	0	0	0	0	0	0	0	0	0	0	0	0	0	0	0	0	0	0	0	0	0	0	0	0	0	0	0
0	0	2	0	0	10	0	53	24	0	0	0	0	0	0	2	0	0	0	0	14	8	5	0	0	0	0	0	0	8	0	0	0	25	19	9	0	0	0	0	26	1	1	0	0	0	7	0	1	0	0	0	4	0	0	0	3	2	1	8	13	0	0	0	0	0	0	2	0	0	1	10	3	1	0
0	0	6	0	0	30	0	0	0	0	0	0	0	0	0	0	0	0	1	0	0	0	0	0	0	0	0	0	0	0	0	0	0	0	0	0	0	0	0	0	0	3	0	0	0	0	0	0	0	0	0	0	0	0	0	0	0	0	0	0	0	0	207	0	0	0	0	0	0	0	0	0	0	103	0
0	0	0	34	0	1	0	1	0	0	70	0	0	2	0	0	0	0	0	0	0	0	0	0	0	0	0	0	0	0	0	1	0	0	0	0	0	0	0	0	1	2	87	0	0	0	0	0	73	0	0	0	0	5	0	0	0	38	52	7	0	0	0	0	0	0	0	0	0	0	58	0	0	0	19
0	0	0	0	0	0	0	0	0	0	0	0	0	0	0	0	0	0	0	0	0	0	0	0	0	0	0	0	0	0	0	0	0	0	0	0	0	0	0	0	0	0	0	0	0	0	0	0	0	0	0	0	0	0	0	0	0	0	0	0	0	0	0	0	0	0	0	0	0	0	0	0	0	1	0
0	0	0	0	0	0	0	0	0	0	0	0	0	0	0	0	0	0	0	0	0	0	0	0	0	0	0	0	0	0	0	0	0	0	0	0	0	0	0	0	0	0	0	0	0	0	0	0	0	0	0	0	0	0	0	0	0	0	0	0	0	0	0	0	0	0	0	0	0	0	0	0	0	0	0
0	0	0	0	0	0	0	0	0	1	0	0	0	0	1	0	0	0	0	0	1	0	0	0	0	0	0	0	0	0	0	0	0	0	0	0	0	0	0	0	0	17	0	0	0	0	0	4	26	0	0	0	0	38	0	0	4	0	3	0	0	0	18	0	0	0	0	1	0	0	0	0	0	0	0
0	0	0	0	0	0	0	0	0	0	0	0	0	0	0	0	0	0	0	0	0	0	0	0	0	0	0	0	0	0	0	0	0	0	0	0	0	0	0	0	0	0	0	0	0	0	0	0	0	0	0	0	0	0	0	0	0	0	0	0	0	0	0	0	0	0	0	0	0	0	0	0	0	0	0
0	0	0	0	0	0	0	0	97	0	0	0	0	14	0	0	0	0	1	0	0	162	4	1	0	0	73	0	0	2	0	0	0	206	1	102	0	0	0	0	153	27	0	0	0	0	0	0	0	0	0	0	69	0	0	0	76	0	32	6	21	0	0	0	0	0	0	1	0	15	0	62	1	0	0
0	2	0	0	0	0	0	0	93	0	0	0	0	8	0	0	0	0	0	0	162	0	153	0	0	0	326	0	0	4	0	12	0	270	149	80	0	0	0	0	235	9	0	0	0	0	1	0	0	0	0	0	373	1	0	0	18	3	106	2	0	0	0	0	0	0	0	0	0	0	1	56	0	1	0
0	4	0	0	0	0	0	0	2	0	0	0	0	5	0	0	0	0	0	0	4	153	0	0	522	164	213	0	0	106	0	8	0	34	3	109	0	0	0	0	24	5	0	0	0	0	0	0	0	0	0	1	365	6	0	2	5	1	326	4	338	0	0	0	0	0	0	180	0	58	1	0	0	0	3
0	0	0	0	0	0	0	0	0	0	0	0	0	0	0	0	0	0	0	0	1	0	0	0	0	0	5	0	0	0	0	0	0	0	0	2	0	0	0	0	0	0	0	0	0	0	0	0	0	0	0	0	11	0	0	0	0	0	37	0	150	0	0	0	0	0	0	0	0	81	0	0	0	0	0
0	0	0	0	0	0	0	0	0	0	0	0	0	0	0	0	0	0	0	0	0	0	522	0	0	612	15	0	0	0	0	0	0	30	0	24	0	0	0	0	20	7	0	0	0	0	0	0	0	0	0	0	249	310	0	0	140	0	11	0	4	0	0	0	0	0	0	0	0	0	0	0	0	0	0
0	0	0	0	0	0	0	0	0	0	0	0	0	0	0	0	0	0	0	0	0	0	164	0	612	0	0	0	0	0	0	0	0	0	0	4	0	0	0	0	0	0	0	0	0	0	0	0	0	0	0	0	7	65	0	0	0	0	1	0	5	0	0	0	0	0	0	0	0	0	0	0	0	0	0
0	2	0	0	0	0	0	0	3	0	0	0	0	0	0	0	0	0	0	0	73	326	213	5	15	0	0	0	0	27	0	9	0	386	26	122	0	0	0	0	495	18	0	0	0	0	0	1	0	0	0	1	559	2	0	4	16	2	107	11	86	0	27	0	0	0	0	154	0	28	0	40	0	0	6
0	0	0	0	0	0	0	0	0	0	0	0	0	0	0	0	0	0	0	0	0	0	0	0	0	0	0	0	0	0	0	0	0	0	0	0	0	0	0	0	0	0	0	0	0	0	0	0	0	0	0	0	0	0	0	0	0	0	0	0	0	0	0	0	0	0	0	0	0	0	0	0	0	0	0
0	0	0	0	0	0	0	0	0	0	0	0	0	0	0	0	0	0	0	0	0	0	0	0	0	0	0	0	0	0	0	0	0	0	0	0	0	0	0	0	0	0	0	0	0	0	0	0	0	0	0	0	0	0	0	0	0	0	0	0	0	0	0	0	0	0	0	0	0	0	0	0	0	0	0
0	17	0	0	0	0	0	0	4	0	0	0	0	8	0	0	0	0	0	0	2	4	106	0	0	0	27	0	0	0	0	12	0	36	0	93	0	0	0	0	58	3	18	0	0	0	0	0	0	0	0	1	102	0	0	5	1	11	77	54	8	0	0	0	0	0	0	44	0	0	0	0	3	0	0
0	0	0	0	0	0	0	0	0	0	0	0	0	0	0	0	0	0	0	0	0	0	0	0	0	0	0	0	0	0	0	0	0	0	0	0	0	0	0	0	0	0	0	0	0	0	0	0	0	0	0	0	0	0	0	0	0	0	0	0	0	0	0	0	0	0	0	0	0	0	0	0	0	0	0
0	4	0	0	0	0	0	0	0	0	4	0	0	0	0	1	0	0	0	0	0	12	8	0	0	0	9	0	0	12	0	0	0	5	1	6	0	0	0	0	5	0	0	0	0	0	0	0	0	0	0	46	11	34	0	69	0	2	3	0	0	0	0	0	0	0	0	13	0	0	9	0	0	0	6
0	0	0	0	0	0	0	0	0	0	0	0	0	0	0	0	0	0	0	0	0	0	0	0	0	0	0	0	0	0	0	0	0	0	0	0	0	0	0	0	0	0	0	0	0	0	0	0	0	0	0	0	0	0	0	0	0	0	0	0	0	0	0	0	0	0	0	0	0	0	0	0	0	0	0
0	0	0	0	0	2	0	0	0	0	0	0	0	25	0	0	0	0	0	0	206	270	34	0	30	0	386	0	0	36	0	5	0	0	2	56	0	0	0	0	66	8	1	0	0	0	0	0	1	0	0	0	362	0	0	0	22	1	114	6	225	0	0	0	0	0	0	4	0	87	0	0	0	0	2
0	0	10	0	0	27	0	0	0	0	0	0	0	19	0	0	0	0	0	0	1	149	3	0	0	0	26	0	0	0	0	1	0	2	0	8	0	0	0	0	3	0	0	0	0	0	0	0	0	0	0	0	55	0	0	0	2	0	74	4	89	0	1	0	0	0	0	0	0	94	0	0	0	123	0
0	0	0	0	0	0	0	0	0	0	0	0	0	9	0	0	0	0	0	0	102	80	109	2	24	4	122	0	0	93	0	6	0	56	8	0	0	0	0	0	66	17	0	0	0	0	0	0	0	0	0	1	365	0	0	1	34	9	262	7	451	0	16	0	0	0	0	18	0	84	0	0	0	0	1
0	0	0	0	0	0	0	0	0	0	0	0	0	0	0	0	0	0	0	0	0	0	0	0	0	0	0	0	0	0	0	0	0	0	0	0	0	0	0	0	0	0	0	0	0	0	0	0	0	0	0	0	0	0	0	0	0	0	0	0	0	0	0	0	0	0	0	0	0	0	0	0	0	0	0
0	0	0	0	0	0	0	0	0	0	0	0	0	0	0	0	0	0	0	0	0	0	0	0	0	0	0	0	0	0	0	0	0	0	0	0	0	0	0	0	0	0	0	0	0	0	0	0	0	0	0	0	0	0	0	0	0	0	0	0	0	0	0	0	0	0	0	0	0	0	0	0	0	0	0
0	0	0	0	0	0	0	0	0	0	0	0	0	0	0	0	0	0	0	0	0	0	0	0	0	0	0	0	0	0	0	0	0	0	0	0	0	0	0	0	0	0	0	0	0	0	0	0	0	0	0	0	0	0	0	0	0	0	0	0	0	0	0	0	0	0	0	0	0	0	0	0	0	0	0
0	0	0	0	0	0	0	0	0	0	0	0	0	0	0	0	0	0	0	0	0	0	0	0	0	0	0	0	0	0	0	0	0	0	0	0	0	0	0	0	0	0	0	0	0	0	0	0	0	0	0	0	0	0	0	0	0	0	0	0	0	0	0	0	0	0	0	0	0	0	0	0	0	0	0
0	0	0	0	0	0	0	0	0	0	0	0	0	26	0	1	0	0	0	0	153	235	24	0	20	0	495	0	0	58	0	5	0	66	3	66	0	0	0	0	0	11	0	0	0	0	0	0	0	0	0	0	469	0	0	1	7	1	93	0	556	0	52	0	0	0	0	0	0	60	0	0	0	1	0
0	0	0	11	0	0	0	3	1	0	11	0	0	1	3	2	0	0	17	0	27	9	5	0	7	0	18	0	0	3	0	0	0	8	0	17	0	0	0	0	11	0	1	0	0	0	0	1	32	0	0	0	33	0	0	0	0	10	9	5	11	0	50	0	0	0	0	0	0	7	0	0	3	6	0
0	0	0	0	0	32	0	0	0	0	5	0	0	1	0	87	0	0	0	0	0	0	0	0	0	0	0	0	0	18	0	0	0	1	0	0	0	0	0	0	0	1	0	0	0	0	0	0	0	0	0	0	0	0	0	0	0	20	3	0	0	0	0	0	0	0	0	0	0	16	0	0	0	34	0
0	0	0	0	0	0	0	0	0	0	0	0	0	0	0	0	0	0	0	0	0	0	0	0	0	0	0	0	0	0	0	0	0	0	0	0	0	0	0	0	0	0	0	0	0	0	0	0	0	0	0	0	0	0	0	0	0	0	0	0	0	0	0	0	0	0	0	0	0	0	0	0	0	0	0
0	0	0	0	0	0	0	0	0	0	0	0	0	0	0	0	0	0	0	0	0	0	0	0	0	0	0	0	0	0	0	0	0	0	0	0	0	0	0	0	0	0	0	0	0	0	0	0	0	0	0	0	0	0	0	0	0	0	0	0	0	0	0	0	0	0	0	0	0	0	0	0	0	0	0
0	0	0	0	0	0	0	0	0	0	0	0	0	0	0	0	0	0	0	0	0	0	0	0	0	0	0	0	0	0	0	0	0	0	0	0	0	0	0	0	0	0	0	0	0	0	0	0	0	0	0	0	0	0	0	0	0	0	0	0	0	0	0	0	0	0	0	0	0	0	0	0	0	0	0
0	0	0	0	0	0	0	0	0	0	0	0	0	7	0	0	0	0	0	0	0	1	0	0	0	0	0	0	0	0	0	0	0	0	0	0	0	0	0	0	0	0	0	0	0	0	0	0	0	0	0	0	0	0	0	0	0	0	0	0	0	0	0	0	0	0	0	0	0	0	0	0	0	10	0
0	0	0	0	0	0	0	0	0	0	0	0	0	0	0	0	0	0	4	0	0	0	0	0	0	0	1	0	0	0	0	0	0	0	0	0	0	0	0	0	0	1	0	0	0	0	0	0	0	0	0	0	0	0	0	0	0	0	0	2	3	0	0	0	0	0	0	0	0	0	0	0	0	0	0
0	0	1	0	0	0	0	0	0	0	8	0	0	1	0	73	0	0	26	0	0	0	0	0	0	0	0	0	0	0	0	0	0	1	0	0	0	0	0	0	0	32	0	0	0	0	0	0	0	0	0	0	0	0	0	0	0	61	0	0	0	0	0	0	0	0	0	0	0	0	1	0	0	0	0
0	0	0	0	0	0	0	0	0	0	0	0	0	0	0	0	0	0	0	0	0	0	0	0	0	0	0	0	0	0	0	0	0	0	0	0	0	0	0	0	0	0	0	0	0	0	0	0	0	0	0	0	0	0	0	0	0	0	0	0	0	0	0	0	0	0	0	0	0	0	0	0	0	0	0
0	0	0	0	0	0	0	0	0	0	0	0	0	0	0	0	0	0	0	0	0	0	0	0	0	0	0	0	0	0	0	0	0	0	0	0	0	0	0	0	0	0	0	0	0	0	0	0	0	0	0	0	0	0	0	0	0	0	0	0	0	0	0	0	0	0	0	0	0	0	0	0	0	0	0
0	1	0	0	0	0	0	0	1	0	0	0	0	0	0	0	0	0	0	0	0	0	1	0	0	0	1	0	0	1	0	46	0	0	0	1	0	0	0	0	0	0	0	0	0	0	0	0	0	0	0	0	1	1	0	2	0	0	1	0	0	0	0	0	0	0	0	1	0	0	1	0	0	0	1
0	2	0	0	0	0	0	0	0	0	0	0	0	4	0	0	0	0	0	0	69	373	365	11	249	7	559	0	0	102	0	11	0	362	55	365	0	0	0	0	469	33	0	0	0	0	0	0	0	0	0	1	0	3	0	7	89	3	189	4	2	0	0	0	0	0	0	146	0	154	0	0	0	0	7
0	0	0	0	0	0	0	0	0	0	7	0	0	0	0	5	0	0	38	0	0	1	6	0	310	65	2	0	0	0	0	34	0	0	0	0	0	0	0	0	0	0	0	0	0	0	0	0	0	0	0	1	3	0	0	5	0	71	50	0	1	0	0	0	0	0	0	0	0	1	1	0	0	0	0
0	0	0	0	0	0	0	0	0	0	0	0	0	0	0	0	0	0	0	0	0	0	0	0	0	0	0	0	0	0	0	0	0	0	0	0	0	0	0	0	0	0	0	0	0	0	0	0	0	0	0	0	0	0	0	0	0	0	0	0	0	0	0	0	0	0	0	0	0	0	0	0	0	0	0
0	36	0	0	0	0	0	0	0	0	0	4	0	0	0	0	0	0	0	0	0	0	2	0	0	0	4	0	0	5	0	69	0	0	0	1	0	0	0	0	1	0	0	0	0	0	0	0	0	0	0	2	7	5	0	0	86	0	3	0	0	0	0	0	0	0	0	1	0	0	0	0	0	0	0
0	0	0	0	1	0	0	0	0	0	0	0	0	3	0	0	0	0	4	0	76	18	5	0	140	0	16	0	0	1	0	0	0	22	2	34	0	0	0	0	7	0	0	0	0	0	0	0	0	0	0	0	89	0	0	86	0	9	57	33	101	0	0	0	0	0	0	0	0	37	8	0	0	0	0
0	0	4	6	0	0	0	0	1	0	51	0	0	2	0	38	0	0	0	0	0	3	1	0	0	0	2	0	0	11	0	2	0	1	0	9	0	0	0	0	1	10	20	0	0	0	0	0	61	0	0	0	3	71	0	0	9	0	29	7	4	0	0	0	0	0	0	8	0	0	52	2	1	2	11
0	1	4	0	0	2	0	0	0	0	0	0	0	1	0	52	0	0	3	0	32	106	326	37	11	1	107	0	0	77	0	3	0	114	74	262	0	0	0	0	93	9	3	0	0	0	0	0	0	0	0	1	189	50	0	3	57	29	0	173	632	0	1	0	0	0	0	281	0	183	0	0	0	8	247
0	0	1	0	0	0	0	0	0	0	0	0	0	8	0	7	0	0	0	0	6	2	4	0	0	0	11	0	0	54	0	0	0	6	4	7	0	0	0	0	0	5	0	0	0	0	0	2	0	0	0	0	4	0	0	0	33	7	173	0	390	0	0	0	0	0	0	20	0	50	0	0	0	0	0
0	0	2	0	116	0	0	0	0	0	0	0	0	13	0	0	0	0	0	0	21	0	338	150	4	5	86	0	0	8	0	0	0	225	89	451	0	0	0	0	556	11	0	0	0	0	0	3	0	0	0	0	2	1	0	0	101	4	632	390	0	0	0	0	51	0	0	233	0	292	6	0	4	1	1
0	0	0	0	0	0	0	0	0	0	0	0	0	0	0	0	0	0	0	0	0	0	0	0	0	0	0	0	0	0	0	0	0	0	0	0	0	0	0	0	0	0	0	0	0	0	0	0	0	0	0	0	0	0	0	0	0	0	0	0	0	0	0	0	0	0	0	0	0	0	0	0	0	0	0
0	0	0	0	0	0	0	0	0	0	0	0	0	0	207	0	0	0	18	0	0	0	0	0	0	0	27	0	0	0	0	0	0	0	1	16	0	0	0	0	52	50	0	0	0	0	0	0	0	0	0	0	0	0	0	0	0	0	1	0	0	0	0	0	0	0	0	0	0	0	0	0	0	0	0
0	0	0	0	0	0	0	0	0	0	0	0	0	0	0	0	0	0	0	0	0	0	0	0	0	0	0	0	0	0	0	0	0	0	0	0	0	0	0	0	0	0	0	0	0	0	0	0	0	0	0	0	0	0	0	0	0	0	0	0	0	0	0	0	0	0	0	0	0	0	0	0	0	0	0
0	0	0	0	0	2	0	0	0	0	0	0	0	0	0	0	0	0	0	0	0	0	0	0	0	0	0	0	0	0	0	0	0	0	0	0	0	0	0	0	0	0	0	0	0	0	0	0	0	0	0	0	0	0	0	0	0	0	0	0	51	0	0	0	0	0	0	0	0	0	0	0	0	0	0
0	0	0	0	0	0	0	0	0	0	0	0	0	0	0	0	0	0	0	0	0	0	0	0	0	0	0	0	0	0	0	0	0	0	0	0	0	0	0	0	0	0	0	0	0	0	0	0	0	0	0	0	0	0	0	0	0	0	0	0	0	0	0	0	0	0	0	0	0	0	0	0	0	0	0
0	0	0	0	0	0	0	0	0	0	0	0	0	0	0	0	0	0	0	0	0	0	0	0	0	0	0	0	0	0	0	0	0	0	0	0	0	0	0	0	0	0	0	0	0	0	0	0	0	0	0	0	0	0	0	0	0	0	0	0	0	0	0	0	0	0	0	0	0	0	0	0	0	0	0
0	0	0	0	4	0	0	0	0	0	0	0	0	2	0	0	0	0	1	0	1	0	180	0	0	0	154	0	0	44	0	13	0	4	0	18	0	0	0	0	0	0	0	0	0	0	0	0	0	0	0	1	146	0	0	1	0	8	281	20	233	0	0	0	0	0	0	0	0	100	0	0	0	0	0
0	0	0	0	0	0	0	0	0	0	0	0	0	0	0	0	0	0	0	0	0	0	0	0	0	0	0	0	0	0	0	0	0	0	0	0	0	0	0	0	0	0	0	0	0	0	0	0	0	0	0	0	0	0	0	0	0	0	0	0	0	0	0	0	0	0	0	0	0	0	0	0	0	0	0
0	0	0	0	0	11	0	0	0	0	0	0	0	0	0	0	0	0	0	0	15	0	58	81	0	0	28	0	0	0	0	0	0	87	94	84	0	0	0	0	60	7	16	0	0	0	0	0	0	0	0	0	154	1	0	0	37	0	183	50	292	0	0	0	0	0	0	100	0	0	0	0	0	0	0
0	0	0	0	0	0	0	0	0	0	4	0	0	1	0	58	0	0	0	0	0	1	1	0	0	0	0	0	0	0	0	9	0	0	0	0	0	0	0	0	0	0	0	0	0	0	0	0	1	0	0	1	0	1	0	0	8	52	0	0	6	0	0	0	0	0	0	0	0	0	0	0	0	0	0
0	0	0	0	0	0	0	0	0	0	0	0	0	10	0	0	0	0	0	0	62	56	0	0	0	0	40	0	0	0	0	0	0	0	0	0	0	0	0	0	0	0	0	0	0	0	0	0	0	0	0	0	0	0	0	0	0	2	0	0	0	0	0	0	0	0	0	0	0	0	0	0	0	0	0
0	0	0	0	0	8	0	0	0	0	0	0	0	3	0	0	0	0	0	0	1	0	0	0	0	0	0	0	0	3	0	0	0	0	0	0	0	0	0	0	0	3	0	0	0	0	0	0	0	0	0	0	0	0	0	0	0	1	0	0	4	0	0	0	0	0	0	0	0	0	0	0	0	20	0
0	0	1	0	0	160	0	0	0	0	1	0	0	1	103	0	1	0	0	0	0	1	0	0	0	0	0	0	0	0	0	0	0	0	123	0	0	0	0	0	1	6	34	0	0	0	10	0	0	0	0	0	0	0	0	0	0	2	8	0	1	0	0	0	0	0	0	0	0	0	0	0	20	0	0
0	0	0	0	0	1	0	0	0	0	0	0	0	0	0	19	0	0	0	0	0	0	3	0	0	0	6	0	0	0	0	6	0	2	0	1	0	0	0	0	0	0	0	0	0	0	0	0	0	0	0	1	7	0	0	0	0	11	247	0	1	0	0	0	0	0	0	0	0	0	0	0	0	0	0
