0	0	0	0	0	0	0	0	0	0	0	0	0	0	0	0	0	0	0	0	0	0	0	0	0	0	0	0	0	0	0	0	0	0	0	0	0	0	0	0	0	0	0	0	0	0	0	0	0	0	0	0	0	0	0	0	0	0	0	0	0	0	0	0	0	0	0	0	0	0	0	0	0	0	0
0	0	0	0	0	0	0	0	0	0	0	0	0	0	0	0	0	0	1	10	0	9	18	0	21	52	18	0	0	0	0	0	0	0	0	0	0	0	0	0	0	0	0	0	0	0	0	0	0	0	1	0	101	0	0	0	0	0	0	0	0	0	0	0	0	0	0	1	0	0	0	0	0	0	0
0	0	0	0	0	0	0	0	0	0	0	0	0	0	0	0	0	0	0	0	0	0	0	0	0	0	0	0	0	0	0	0	0	0	0	0	0	0	0	0	0	0	0	0	0	0	0	0	0	0	0	0	0	0	0	0	0	0	0	0	0	0	0	0	0	0	0	0	0	0	0	0	0	0	0
0	0	0	0	0	0	0	0	0	0	225	0	0	0	4	0	0	0	1	0	0	2	0	0	0	0	0	4	1	0	0	0	0	0	0	0	0	2	0	0	0	4	17	2	0	0	1	0	213	0	3	0	0	0	17	0	0	0	0	0	0	0	18	1	1	0	4	0	0	1	0	0	0	0	0
0	0	0	0	0	0	0	0	0	0	20	0	0	0	0	0	0	0	0	0	0	0	0	0	0	0	0	12	0	0	0	0	0	0	0	0	0	0	0	0	0	6	2	0	0	0	0	0	82	0	0	0	0	0	0	0	0	0	0	0	0	0	0	0	0	0	3	0	0	0	0	0	0	0	0
0	0	0	0	0	0	0	0	0	0	0	0	0	24	0	0	0	0	2	0	0	0	0	0	0	0	0	0	99	0	0	0	0	0	13	0	0	0	0	0	0	0	1	0	0	0	49	0	1	0	0	0	0	0	0	0	0	0	0	0	0	0	75	0	54	0	0	0	0	1	0	0	0	0	0
0	0	0	0	0	0	0	0	0	0	0	0	0	0	0	0	0	0	0	0	0	0	0	0	0	0	0	0	0	0	0	0	0	0	0	0	0	0	0	0	0	0	0	0	0	0	0	0	0	0	0	0	0	0	0	0	0	0	0	0	0	0	0	0	0	0	0	0	0	0	0	0	0	0	0
0	0	0	0	0	0	0	0	0	0	0	0	0	1	0	0	0	0	2	0	0	0	0	0	0	0	0	0	0	0	0	0	0	0	0	0	0	0	0	0	0	8	1	0	0	0	0	0	0	0	1	0	0	0	0	0	0	0	0	0	0	0	0	0	0	0	1	0	0	0	0	0	0	0	0
0	0	0	0	0	0	0	0	0	0	0	0	0	0	0	0	0	0	0	0	0	0	0	0	0	0	0	0	0	0	0	0	0	0	0	0	0	0	0	0	0	0	0	0	0	0	0	0	0	0	0	0	0	0	0	0	0	0	0	0	0	0	0	0	0	0	0	0	0	0	0	0	0	0	0
0	0	0	0	0	0	0	0	0	0	0	0	0	0	0	0	0	0	0	0	0	0	0	0	0	0	0	0	0	0	0	0	0	0	0	0	0	0	0	0	0	0	0	0	0	0	0	0	0	0	0	0	0	0	0	0	0	0	0	0	0	0	0	0	0	0	0	0	0	0	0	0	0	0	0
0	0	0	225	20	0	0	0	0	0	0	0	0	1	0	0	0	0	0	146	82	0	0	0	0	0	0	0	0	0	0	17	0	0	0	0	247	0	1	0	1	407	114	5	199	4	26	12	554	0	0	1	0	267	47	0	0	161	13	0	0	2	0	0	7	0	268	1	0	0	88	0	0	0	0
0	0	0	0	0	0	0	0	0	0	0	0	0	0	0	0	0	0	0	0	0	0	0	0	0	0	0	0	0	0	0	0	0	0	0	0	0	0	0	0	0	0	0	0	0	0	0	0	0	0	0	0	0	0	0	0	0	0	0	0	0	0	0	0	0	0	0	0	0	0	0	0	0	0	0
0	0	0	0	0	0	0	0	0	0	0	0	0	0	0	0	0	0	0	0	0	0	0	0	0	0	0	0	0	0	0	0	0	0	0	0	0	0	0	0	0	0	0	0	0	0	0	0	0	0	0	0	0	0	0	0	0	0	0	0	0	0	0	0	0	0	0	0	0	0	0	0	0	0	0
0	0	0	0	0	24	0	1	0	0	1	0	0	0	1	0	0	1	6	4	1	118	0	0	0	0	0	0	160	2	0	0	0	10	42	10	0	1	1	3	40	6	0	3	0	1	181	1	30	0	0	0	0	0	0	0	1	1	3	0	14	0	0	0	6	0	12	0	0	5	2	0	0	1	0
0	0	0	4	0	0	0	0	0	0	0	0	0	1	0	0	0	0	1	0	0	0	0	1	0	0	1	0	4	0	0	0	0	0	1	0	0	0	2	0	0	2	11	0	1	0	0	4	0	0	1	0	0	0	0	0	0	0	0	3	0	12	115	0	1	0	0	0	0	3	0	0	0	0	0
0	0	0	0	0	0	0	0	0	0	0	0	0	0	0	0	0	0	0	0	0	0	0	0	0	0	0	0	0	0	0	0	0	0	0	0	0	0	0	0	0	0	0	0	0	0	0	0	0	0	0	0	0	0	0	0	0	0	0	0	0	0	0	0	0	0	0	0	0	0	0	0	0	0	0
0	0	0	0	0	0	0	0	0	0	0	0	0	0	0	0	0	0	0	0	0	0	0	0	0	0	0	0	0	0	0	0	0	0	0	0	0	0	0	0	0	0	0	0	0	0	0	0	0	0	0	0	0	0	0	0	0	0	0	0	0	0	0	0	0	0	0	0	0	0	0	0	0	0	0
0	0	0	0	0	0	0	0	0	0	0	0	0	1	0	0	0	0	0	2	0	285	0	0	0	1	44	0	0	0	0	0	0	0	0	0	0	0	0	0	0	0	1	0	0	0	0	0	0	0	0	0	60	0	0	0	0	0	0	0	0	0	1	0	0	0	0	0	0	0	0	0	0	0	0
0	1	0	1	0	2	0	2	0	0	0	0	0	6	1	0	0	0	0	0	0	1	1	0	0	1	2	0	0	0	0	0	0	0	0	1	2	0	1	1	2	5	1	2	2	0	0	0	1	0	57	0	0	0	0	0	0	2	3	5	3	0	5	1	0	0	1	2	0	7	0	0	0	2	0
0	10	0	0	0	0	0	0	0	0	146	0	0	4	0	0	0	2	0	0	206	56	128	0	0	0	1	0	0	32	0	122	0	0	0	6	4	55	2	4	6	0	0	485	26	14	0	2	207	0	0	0	0	316	43	2	6	198	10	334	8	0	0	0	0	0	0	2	0	14	291	0	0	38	0
0	0	0	0	0	0	0	0	0	0	82	0	0	1	0	0	0	0	0	206	0	77	0	0	0	75	5	0	1	0	0	12	0	0	0	0	0	20	0	0	0	0	0	20	0	0	0	0	2	0	0	0	0	0	1	0	1	0	0	0	0	0	1	0	0	0	0	0	0	1	0	1	0	0	0
0	9	0	2	0	0	0	0	0	0	0	0	0	118	0	0	0	285	1	56	77	0	9	0	0	5	45	0	0	3	0	1	0	24	123	41	0	0	0	390	386	0	0	0	0	3	47	0	0	0	0	0	33	0	0	16	30	1	3	0	3	0	1	0	0	0	0	0	0	0	0	36	0	0	0
0	18	0	0	0	0	0	0	0	0	0	0	0	0	0	0	0	0	1	128	0	9	0	0	24	73	21	0	0	2	0	10	0	1	0	22	0	0	0	0	0	0	0	0	0	7	0	0	0	0	1	1	274	0	0	27	3	0	0	0	13	0	0	0	0	0	0	8	0	0	0	0	0	0	0
0	0	0	0	0	0	0	0	0	0	0	0	0	0	1	0	0	0	0	0	0	0	0	0	0	1	0	0	0	0	0	0	0	0	0	0	0	0	0	0	0	0	0	0	0	0	0	0	0	0	0	0	6	0	0	0	1	0	0	0	0	0	1	0	1	0	0	0	0	0	1	0	0	0	0
0	21	0	0	0	0	0	0	0	0	0	0	0	0	0	0	0	0	0	0	0	0	24	0	0	4	0	0	0	0	0	0	0	0	0	0	0	0	0	0	0	0	0	0	0	2	0	0	0	0	0	0	2	11	0	21	29	0	0	0	0	0	0	0	0	0	0	0	0	0	0	0	0	0	0
0	52	0	0	0	0	0	0	0	0	0	0	0	0	0	0	0	1	1	0	75	5	73	1	4	0	1	0	0	0	0	0	0	0	0	1	0	0	0	1	1	0	0	0	0	18	0	0	0	0	0	0	0	11	0	45	0	0	0	0	0	0	0	0	0	0	0	0	0	0	26	0	0	0	0
0	18	0	0	0	0	0	0	0	0	0	0	0	0	1	0	0	44	2	1	5	45	21	0	0	1	0	0	0	4	0	1	0	2	0	4	0	0	0	37	33	0	0	1	0	0	3	1	0	0	0	0	0	2	0	7	1	2	3	1	0	0	0	0	0	0	0	5	0	3	1	0	0	2	0
0	0	0	4	12	0	0	0	0	0	0	0	0	0	0	0	0	0	0	0	0	0	0	0	0	0	0	0	0	0	0	0	0	0	0	0	2	0	0	0	0	8	15	0	0	0	0	3	6	0	2	0	0	0	0	0	0	0	0	2	0	0	1	2	1	0	18	0	0	2	0	0	0	0	0
0	0	0	1	0	99	0	0	0	0	0	0	0	160	4	0	0	0	0	0	1	0	0	0	0	0	0	0	0	0	0	0	0	0	35	0	0	0	1	0	26	0	0	2	0	0	183	0	26	0	0	0	0	0	0	0	11	2	0	112	70	0	1	0	167	0	0	0	0	47	0	0	0	4	0
0	0	0	0	0	0	0	0	0	0	0	0	0	2	0	0	0	0	0	32	0	3	2	0	0	0	4	0	0	0	0	0	0	1	0	6	0	31	0	0	0	0	0	31	0	0	2	0	0	0	0	0	43	0	1	0	0	0	0	2	0	0	0	0	0	0	0	3	0	0	0	0	0	0	0
0	0	0	0	0	0	0	0	0	0	0	0	0	0	0	0	0	0	0	0	0	0	0	0	0	0	0	0	0	0	0	0	0	0	0	0	0	0	0	0	0	0	0	0	0	0	0	0	0	0	0	0	0	0	0	0	0	0	0	0	0	0	0	0	0	0	0	0	0	0	0	0	0	0	0
0	0	0	0	0	0	0	0	0	0	17	0	0	0	0	0	0	0	0	122	12	1	10	0	0	0	1	0	0	0	0	0	0	0	0	0	0	0	0	0	0	0	0	0	80	342	0	0	0	0	0	116	0	342	2	282	0	138	42	0	0	0	0	0	0	0	0	296	0	0	0	0	0	0	0
0	0	0	0	0	0	0	0	0	0	0	0	0	0	0	0	0	0	0	0	0	0	0	0	0	0	0	0	0	0	0	0	0	0	0	0	0	0	0	0	0	0	0	0	0	0	0	0	0	0	0	0	0	0	0	0	0	0	0	0	0	0	0	0	0	0	0	0	0	0	0	0	0	0	0
0	0	0	0	0	0	0	0	0	0	0	0	0	10	0	0	0	0	0	0	0	24	1	0	0	0	2	0	0	1	0	0	0	0	0	0	0	0	0	6	2	0	0	0	0	0	0	0	0	0	0	0	0	0	0	0	0	0	0	0	0	0	0	0	0	0	0	0	0	0	0	17	0	0	0
0	0	0	0	0	13	0	0	0	0	0	0	0	42	1	0	0	0	0	0	0	123	0	0	0	0	0	0	35	0	0	0	0	0	0	4	0	0	0	1	14	0	0	4	1	0	86	0	0	0	0	0	0	1	0	0	0	0	6	3	0	2	0	0	4	0	3	1	0	1	0	0	0	0	0
0	0	0	0	0	0	0	0	0	0	0	0	0	10	0	0	0	0	1	6	0	41	22	0	0	1	4	0	0	6	0	0	0	0	4	0	0	28	3	0	3	0	0	28	0	0	3	1	0	0	0	0	44	0	1	0	0	0	0	5	0	0	0	0	0	0	0	3	0	1	0	11	0	1	0
0	0	0	0	0	0	0	0	0	0	247	0	0	0	0	0	0	0	2	4	0	0	0	0	0	0	0	2	0	0	0	0	0	0	0	0	0	0	0	0	0	4	6	0	0	0	0	0	277	0	1	0	0	0	0	0	0	0	0	0	0	0	3	4	0	0	30	0	0	1	0	0	0	0	0
0	0	0	2	0	0	0	0	0	0	0	0	0	1	0	0	0	0	0	55	20	0	0	0	0	0	0	0	0	31	0	0	0	0	0	28	0	0	31	0	29	0	0	0	0	0	0	20	0	0	0	0	0	0	0	0	9	21	54	63	57	0	0	0	0	0	0	63	0	24	0	0	0	50	0
0	0	0	0	0	0	0	0	0	0	1	0	0	1	2	0	0	0	1	2	0	0	0	0	0	0	0	0	1	0	0	0	0	0	0	3	0	31	0	0	0	0	0	31	0	0	1	0	0	0	0	0	1	0	0	0	1	0	0	4	0	0	35	0	0	0	0	0	0	0	0	1	0	0	0
0	0	0	0	0	0	0	0	0	0	0	0	0	3	0	0	0	0	1	4	0	390	0	0	0	1	37	0	0	0	0	0	0	6	1	0	0	0	0	0	0	0	0	0	0	0	20	0	12	0	0	0	39	0	0	0	0	0	0	0	0	0	0	0	0	0	0	0	0	0	0	20	0	0	0
0	0	0	0	0	0	0	0	0	0	1	0	0	40	0	0	0	0	2	6	0	386	0	0	0	1	33	0	26	0	0	0	0	2	14	3	0	29	0	0	0	0	0	29	0	0	46	0	29	0	1	0	43	0	0	0	0	0	0	6	0	0	0	0	0	0	0	0	0	0	0	0	0	0	0
0	0	0	4	6	0	0	8	0	0	407	0	0	6	2	0	0	0	5	0	0	0	0	0	0	0	0	8	0	0	0	0	0	0	0	0	4	0	0	0	0	0	18	0	5	0	0	0	341	0	3	0	0	0	0	0	0	0	0	0	0	0	0	7	0	0	74	0	0	1	0	0	0	0	0
0	0	0	17	2	1	0	1	0	0	114	0	0	0	11	0	0	1	1	0	0	0	0	0	0	0	0	15	0	0	0	0	0	0	0	0	6	0	0	0	0	18	0	0	0	0	0	0	145	0	1	0	0	0	0	0	0	1	2	0	0	14	27	7	1	0	33	0	0	9	0	0	0	0	0
0	0	0	2	0	0	0	0	0	0	5	0	0	3	0	0	0	0	2	485	20	0	0	0	0	0	1	0	2	31	0	0	0	0	4	28	0	0	31	0	29	0	0	0	0	0	5	20	11	0	0	0	0	0	0	0	9	21	54	69	57	0	0	0	0	0	0	67	0	24	0	0	0	50	0
0	0	0	0	0	0	0	0	0	0	199	0	0	0	1	0	0	0	2	26	0	0	0	0	0	0	0	0	0	0	0	80	0	0	1	0	0	0	0	0	0	5	0	0	0	0	1	0	177	0	14	1	0	0	0	0	0	0	0	0	0	0	84	0	0	0	1	0	0	0	0	0	0	0	0
0	0	0	0	0	0	0	0	0	0	4	0	0	1	0	0	0	0	0	14	0	3	7	0	2	18	0	0	0	0	0	342	0	0	0	0	0	0	0	0	0	0	0	0	0	0	0	0	1	0	0	7	44	0	0	0	0	0	0	0	0	0	0	0	0	0	0	0	0	0	1	0	0	0	0
0	0	0	1	0	49	0	0	0	0	26	0	0	181	0	0	0	0	0	0	0	47	0	0	0	0	3	0	183	2	0	0	0	0	86	3	0	0	1	20	46	0	0	5	1	0	0	2	19	0	0	0	0	0	0	0	0	1	12	2	0	3	2	0	0	0	0	6	0	19	0	0	0	0	0
0	0	0	0	0	0	0	0	0	0	12	0	0	1	4	0	0	0	0	2	0	0	0	0	0	0	1	3	0	0	0	0	0	0	0	1	0	20	0	0	0	0	0	20	0	0	2	0	1	0	1	0	0	0	0	0	0	0	0	0	0	0	1	0	0	0	0	0	0	0	0	0	0	0	0
0	0	0	213	82	1	0	0	0	0	554	0	0	30	0	0	0	0	1	207	2	0	0	0	0	0	0	6	26	0	0	0	0	0	0	0	277	0	0	12	29	341	145	11	177	1	19	1	0	0	0	0	0	51	45	0	0	122	0	0	0	4	0	1	0	0	368	0	0	11	1	0	0	6	0
0	0	0	0	0	0	0	0	0	0	0	0	0	0	0	0	0	0	0	0	0	0	0	0	0	0	0	0	0	0	0	0	0	0	0	0	0	0	0	0	0	0	0	0	0	0	0	0	0	0	0	0	0	0	0	0	0	0	0	0	0	0	0	0	0	0	0	0	0	0	0	0	0	0	0
0	1	0	3	0	0	0	1	0	0	0	0	0	0	1	0	0	0	57	0	0	0	1	0	0	0	0	2	0	0	0	0	0	0	0	0	1	0	0	0	1	3	1	0	14	0	0	1	0	0	0	0	0	0	0	0	0	0	3	0	0	9	13	0	0	0	0	3	0	0	1	0	0	0	0
0	0	0	0	0	0	0	0	0	0	1	0	0	0	0	0	0	0	0	0	0	0	1	0	0	0	0	0	0	0	0	116	0	0	0	0	0	0	0	0	0	0	0	0	1	7	0	0	0	0	0	0	0	8	0	5	0	0	0	0	0	0	0	0	0	0	0	2	0	0	0	0	0	0	0
0	101	0	0	0	0	0	0	0	0	0	0	0	0	0	0	0	60	0	0	0	33	274	6	2	0	0	0	0	43	0	0	0	0	0	44	0	0	1	39	43	0	0	0	0	44	0	0	0	0	0	0	0	0	0	121	3	0	0	0	0	0	0	0	0	0	0	21	0	0	0	0	0	0	0
0	0	0	0	0	0	0	0	0	0	267	0	0	0	0	0	0	0	0	316	0	0	0	0	11	11	2	0	0	0	0	342	0	0	1	0	0	0	0	0	0	0	0	0	0	0	0	0	51	0	0	8	0	0	35	0	0	0	0	0	0	0	0	0	0	0	0	0	0	0	1	0	0	0	0
0	0	0	17	0	0	0	0	0	0	47	0	0	0	0	0	0	0	0	43	1	0	0	0	0	0	0	0	0	1	0	2	0	0	0	1	0	0	0	0	0	0	0	0	0	0	0	0	45	0	0	0	0	35	0	0	0	0	0	12	1	0	0	0	0	0	0	0	0	0	49	0	0	0	0
0	0	0	0	0	0	0	0	0	0	0	0	0	0	0	0	0	0	0	2	0	16	27	0	21	45	7	0	0	0	0	282	0	0	0	0	0	0	0	0	0	0	0	0	0	0	0	0	0	0	0	5	121	0	0	0	0	0	0	0	0	0	0	0	0	0	0	1	0	0	0	0	0	0	0
0	0	0	0	0	0	0	0	0	0	0	0	0	1	0	0	0	0	0	6	1	30	3	1	29	0	1	0	11	0	0	0	0	0	0	0	0	9	1	0	0	0	0	9	0	0	0	0	0	0	0	0	3	0	0	0	0	0	0	2	1	0	0	0	0	0	0	0	0	0	48	0	0	0	0
0	0	0	0	0	0	0	0	0	0	161	0	0	1	0	0	0	0	2	198	0	1	0	0	0	0	2	0	2	0	0	138	0	0	0	0	0	21	0	0	0	0	1	21	0	0	1	0	122	0	0	0	0	0	0	0	0	0	0	2	0	1	35	1	0	0	1	0	0	6	0	0	0	0	0
0	0	0	0	0	0	0	0	0	0	13	0	0	3	0	0	0	0	3	10	0	3	0	0	0	0	3	0	0	0	0	42	0	0	6	0	0	54	0	0	0	0	2	54	0	0	12	0	0	0	3	0	0	0	0	0	0	0	0	4	0	0	3	1	0	0	0	2	0	0	0	1	0	0	0
0	0	0	0	0	0	0	0	0	0	0	0	0	0	3	0	0	0	5	334	0	0	0	0	0	0	1	2	112	2	0	0	0	0	3	5	0	63	4	0	6	0	0	69	0	0	2	0	0	0	0	0	0	0	12	0	2	2	4	0	6	0	0	0	0	0	0	12	0	4	5	0	0	4	0
0	0	0	0	0	0	0	0	0	0	0	0	0	14	0	0	0	0	3	8	0	3	13	0	0	0	0	0	70	0	0	0	0	0	0	0	0	57	0	0	0	0	0	57	0	0	0	0	0	0	0	0	0	0	1	0	1	0	0	6	0	0	0	0	0	0	0	0	0	0	0	40	0	0	0
0	0	0	0	0	0	0	0	0	0	2	0	0	0	12	0	0	0	0	0	0	0	0	0	0	0	0	0	0	0	0	0	0	0	2	0	0	0	0	0	0	0	14	0	0	0	3	0	4	0	9	0	0	0	0	0	0	1	0	0	0	0	137	0	0	0	0	0	0	1	0	0	0	0	0
0	0	0	18	0	75	0	0	0	0	0	0	0	0	115	0	0	1	5	0	1	1	0	1	0	0	0	1	1	0	0	0	0	0	0	0	3	0	35	0	0	0	27	0	84	0	2	1	0	0	13	0	0	0	0	0	0	35	3	0	0	137	0	1	0	0	0	0	0	21	0	0	0	0	0
0	0	0	1	0	0	0	0	0	0	0	0	0	0	0	0	0	0	1	0	0	0	0	0	0	0	0	2	0	0	0	0	0	0	0	0	4	0	0	0	0	7	7	0	0	0	0	0	1	0	0	0	0	0	0	0	0	1	1	0	0	0	1	0	0	0	5	0	0	0	0	0	0	0	0
0	0	0	1	0	54	0	0	0	0	7	0	0	6	1	0	0	0	0	0	0	0	0	1	0	0	0	1	167	0	0	0	0	0	4	0	0	0	0	0	0	0	1	0	0	0	0	0	0	0	0	0	0	0	0	0	0	0	0	0	0	0	0	0	0	0	0	0	0	0	0	0	0	0	0
0	0	0	0	0	0	0	0	0	0	0	0	0	0	0	0	0	0	0	0	0	0	0	0	0	0	0	0	0	0	0	0	0	0	0	0	0	0	0	0	0	0	0	0	0	0	0	0	0	0	0	0	0	0	0	0	0	0	0	0	0	0	0	0	0	0	0	0	0	0	0	0	0	0	0
0	0	0	4	3	0	0	1	0	0	268	0	0	12	0	0	0	0	1	0	0	0	0	0	0	0	0	18	0	0	0	0	0	0	3	0	30	0	0	0	0	74	33	0	1	0	0	0	368	0	0	0	0	0	0	0	0	1	0	0	0	0	0	5	0	0	0	0	0	0	0	0	0	0	0
0	1	0	0	0	0	0	0	0	0	1	0	0	0	0	0	0	0	2	2	0	0	8	0	0	0	5	0	0	3	0	296	0	0	1	3	0	63	0	0	0	0	0	67	0	0	6	0	0	0	3	2	21	0	0	1	0	0	2	12	0	0	0	0	0	0	0	0	0	1	0	0	0	1	0
0	0	0	0	0	0	0	0	0	0	0	0	0	0	0	0	0	0	0	0	0	0	0	0	0	0	0	0	0	0	0	0	0	0	0	0	0	0	0	0	0	0	0	0	0	0	0	0	0	0	0	0	0	0	0	0	0	0	0	0	0	0	0	0	0	0	0	0	0	0	0	0	0	0	0
0	0	0	1	0	1	0	0	0	0	0	0	0	5	3	0	0	0	7	14	1	0	0	0	0	0	3	2	47	0	0	0	0	0	1	1	1	24	0	0	0	1	9	24	0	0	19	0	11	0	0	0	0	0	0	0	0	6	0	4	0	1	21	0	0	0	0	1	0	0	0	0	0	0	0
0	0	0	0	0	0	0	0	0	0	88	0	0	2	0	0	0	0	0	291	0	0	0	1	0	26	1	0	0	0	0	0	0	0	0	0	0	0	0	0	0	0	0	0	0	1	0	0	1	0	1	0	0	1	49	0	48	0	0	5	0	0	0	0	0	0	0	0	0	0	0	8	0	0	0
0	0	0	0	0	0	0	0	0	0	0	0	0	0	0	0	0	0	0	0	1	36	0	0	0	0	0	0	0	0	0	0	0	17	0	11	0	0	1	20	0	0	0	0	0	0	0	0	0	0	0	0	0	0	0	0	0	0	1	0	40	0	0	0	0	0	0	0	0	0	8	0	0	0	0
0	0	0	0	0	0	0	0	0	0	0	0	0	0	0	0	0	0	0	0	0	0	0	0	0	0	0	0	0	0	0	0	0	0	0	0	0	0	0	0	0	0	0	0	0	0	0	0	0	0	0	0	0	0	0	0	0	0	0	0	0	0	0	0	0	0	0	0	0	0	0	0	0	0	0
0	0	0	0	0	0	0	0	0	0	0	0	0	1	0	0	0	0	2	38	0	0	0	0	0	0	2	0	4	0	0	0	0	0	0	1	0	50	0	0	0	0	0	50	0	0	0	0	6	0	0	0	0	0	0	0	0	0	0	4	0	0	0	0	0	0	0	1	0	0	0	0	0	0	0
0	0	0	0	0	0	0	0	0	0	0	0	0	0	0	0	0	0	0	0	0	0	0	0	0	0	0	0	0	0	0	0	0	0	0	0	0	0	0	0	0	0	0	0	0	0	0	0	0	0	0	0	0	0	0	0	0	0	0	0	0	0	0	0	0	0	0	0	0	0	0	0	0	0	0
