0	0	0	0	0	0	0	0	0	0	0	0	0	0	0	0	0	0	0	0	0	0	0	0	0	0	0	0	0	0	0	0	0	0	0	0	0	0	0	0	0	0	0	0	0	0	0	0	0	0	0	0	0	0	0	0	0	0	0	0	0	0	0	0	0	0	0	0	0	0	0	0	0	0	0
0	0	0	0	0	0	0	0	0	0	0	0	0	0	0	0	0	0	0	0	0	0	0	0	0	0	0	0	0	0	0	0	0	0	0	0	0	0	0	0	0	0	0	0	0	0	0	0	0	0	0	0	0	0	0	0	0	0	0	0	0	0	0	0	0	0	0	0	0	0	0	0	0	0	0
0	0	0	5	0	80	0	7	241	0	1	0	0	245	3	3	2	147	0	13	3	112	4	0	3	1	81	0	0	95	0	0	0	150	70	184	0	0	0	0	284	26	2	0	0	10	0	0	0	0	0	0	315	2	0	3	1	2	0	10	0	5	11	0	82	0	0	0	1	0	0	186	3	0	0
0	0	5	0	0	47	0	3	16	0	365	6	0	38	274	262	48	13	14	10	27	4	0	25	0	0	14	321	0	63	0	32	0	67	12	45	153	0	0	0	42	219	118	0	164	1	0	54	215	0	0	0	28	1	0	11	1	214	1	7	0	101	243	0	21	0	140	0	3	0	5	23	41	27	0
0	0	0	0	0	0	0	0	0	0	2	0	0	0	0	4	0	0	0	0	0	0	0	0	0	0	0	2	0	0	0	0	0	0	0	6	0	0	0	0	0	0	0	0	0	0	0	0	0	0	0	0	0	0	0	1	1	0	0	0	0	0	0	0	0	0	0	0	0	0	0	0	0	0	1
0	0	80	47	0	0	0	0	1	0	30	140	0	176	27	0	155	5	12	0	1	3	0	19	0	0	0	2	0	0	0	9	0	17	240	0	1	0	0	0	231	31	157	0	2	1	1	10	0	0	0	0	0	0	0	0	1	9	1	0	0	17	802	0	180	0	0	1	0	125	0	15	125	696	0
0	0	0	0	0	0	0	0	0	0	0	0	0	0	0	0	0	0	0	0	0	0	0	0	0	0	0	0	0	0	0	0	0	0	0	0	0	0	0	0	0	0	0	0	0	0	0	0	0	0	0	0	0	0	0	0	0	0	0	0	0	0	0	0	0	0	0	0	0	0	0	0	0	0	0
0	0	7	3	0	0	0	0	0	0	1	0	0	0	0	5	0	15	13	0	0	0	0	0	10	1	0	2	0	1	0	1	0	4	0	0	0	0	0	0	0	8	20	0	22	8	0	0	0	0	0	0	0	0	0	0	0	0	0	0	0	0	2	0	0	0	0	0	0	0	0	0	0	1	0
0	0	241	16	0	1	0	0	0	0	0	1	0	365	0	1	0	210	0	0	1	16	0	0	12	1	38	7	0	34	0	3	0	31	0	0	0	0	0	0	10	1	0	0	0	4	0	0	0	0	0	0	31	0	0	0	2	0	10	52	0	0	1	0	0	0	0	0	0	0	1	162	0	0	0
0	0	0	0	0	0	0	0	0	0	0	0	0	0	0	0	0	0	0	0	0	0	0	0	0	0	0	0	0	0	0	0	0	0	0	0	0	0	0	0	0	0	0	0	0	0	0	0	0	0	1	0	0	0	0	0	0	0	0	0	0	0	0	0	0	0	0	0	0	0	0	0	0	0	0
0	0	1	365	2	30	0	1	0	0	0	0	0	1	28	517	20	0	14	160	165	0	0	30	0	0	0	3	0	0	0	37	0	3	0	4	246	0	0	0	1	118	231	0	335	5	2	6	332	0	0	31	1	109	0	0	0	400	0	0	0	27	157	0	0	0	227	1	16	1	28	0	53	0	0
0	0	0	6	0	140	0	0	1	0	0	0	0	12	102	1	71	0	0	0	21	0	0	0	0	0	0	0	0	2	0	0	0	1	1	2	1	0	0	0	2	4	109	0	1	0	0	0	0	0	0	0	32	0	0	0	0	12	32	0	0	2	130	0	0	0	12	1	1	0	0	17	2	142	0
0	0	0	0	0	0	0	0	0	0	0	0	0	0	0	0	0	0	0	0	0	0	0	0	0	0	0	0	0	0	0	0	0	0	0	0	0	0	0	0	0	0	0	0	0	0	0	0	0	0	0	0	0	0	0	0	0	0	0	0	0	0	0	0	0	0	0	0	0	0	0	0	0	0	0
0	0	245	38	0	176	0	0	365	0	1	12	0	0	1	4	60	152	4	29	3	75	0	3	3	0	13	0	0	15	0	2	0	265	307	47	0	0	0	0	486	42	6	0	1	1	18	0	1	0	0	0	10	7	0	3	2	11	2	35	0	1	22	0	6	0	1	19	50	0	0	291	99	35	1
0	0	3	274	0	27	0	0	0	0	28	102	0	1	0	27	15	0	3	0	1	0	0	10	0	0	0	12	0	0	0	26	0	5	0	3	5	0	0	0	1	46	74	0	4	1	0	84	39	0	0	0	3	0	0	0	44	18	0	0	0	316	833	0	31	0	3	0	0	38	0	1	40	23	0
0	0	3	262	4	0	0	5	1	0	517	1	0	4	27	0	2	1	26	226	3	2	0	1	0	0	1	0	0	1	0	4	0	2	0	4	346	0	0	0	1	99	484	0	474	0	0	2	408	0	0	0	3	17	0	1	0	321	0	3	0	19	42	0	0	0	218	37	0	4	26	1	3	9	3
0	0	2	48	0	155	0	0	0	0	20	71	0	60	15	2	0	10	6	0	1	0	0	0	0	0	23	1	0	3	0	16	0	8	5	0	0	0	0	0	1	1	6	0	0	12	0	0	0	0	0	0	31	0	0	0	0	0	0	2	0	0	161	0	0	0	0	0	0	5	0	0	0	135	0
0	0	147	13	0	5	0	15	210	0	0	0	0	152	0	1	10	0	0	92	3	336	13	1	57	16	327	1	0	43	0	27	0	252	60	79	0	0	0	0	413	26	0	0	0	21	2	0	0	0	0	1	557	20	0	106	0	13	50	0	0	10	2	0	0	0	1	68	147	0	0	32	3	1	4
0	0	0	14	0	12	0	13	0	0	14	0	0	4	3	26	6	0	0	1	2	0	0	16	0	0	0	2	0	0	0	18	0	4	0	0	13	0	0	0	1	56	11	0	48	0	0	14	18	0	462	0	0	20	0	0	0	2	10	0	0	25	129	0	0	0	2	6	2	12	0	2	8	15	2
0	0	13	10	0	0	0	0	0	0	160	0	0	29	0	226	0	92	1	0	166	3	2	0	14	0	49	0	0	95	0	50	0	3	0	0	0	0	0	0	3	0	1	0	0	9	0	0	0	0	0	35	42	0	0	0	0	9	0	228	0	0	0	0	0	0	0	0	0	0	1	20	0	0	0
0	0	3	27	0	1	0	0	1	0	165	21	0	3	1	3	1	3	2	166	0	2	1	164	284	190	19	0	0	35	0	35	0	12	0	5	0	0	0	0	12	1	26	0	0	28	0	1	129	0	0	34	26	171	0	34	302	354	1	6	0	0	41	0	0	0	19	1	0	0	34	25	2	3	10
0	0	112	4	0	3	0	0	16	0	0	0	0	75	0	2	0	336	0	3	2	0	1	0	12	1	314	3	0	8	0	3	0	34	10	25	0	0	0	0	81	0	0	0	0	22	0	0	0	0	0	0	187	0	0	4	1	11	50	0	0	0	0	0	0	0	0	0	7	0	0	73	0	0	0
0	0	4	0	0	0	0	0	0	0	0	0	0	0	0	0	0	13	0	2	1	1	0	1	461	101	36	3	0	71	0	35	0	2	2	14	0	0	0	0	2	1	0	0	0	45	0	0	0	0	0	14	91	1	0	181	9	0	53	6	0	0	0	0	0	0	0	38	6	0	2	0	0	0	2
0	0	0	25	0	19	0	0	0	0	30	0	0	3	10	1	0	1	16	0	164	0	1	0	322	88	1	2	0	3	0	0	0	0	0	0	0	0	0	0	0	21	0	0	0	1	0	0	0	0	0	0	2	0	0	154	181	12	0	0	0	0	52	0	0	0	0	0	0	0	2	0	0	1	0
0	0	3	0	0	0	0	10	12	0	0	0	0	3	0	0	0	57	0	14	284	12	461	322	0	746	4	14	0	24	0	17	0	8	16	44	0	0	0	0	58	0	0	0	0	48	0	0	0	0	0	13	13	112	0	512	488	56	4	0	0	2	0	0	0	0	0	14	288	0	0	42	6	0	6
0	0	1	0	0	0	0	1	1	0	0	0	0	0	0	0	0	16	0	0	190	1	101	88	746	0	3	4	0	2	0	6	0	2	1	2	0	0	0	0	2	0	0	0	0	8	0	0	0	0	0	2	4	4	0	185	254	13	2	0	0	0	0	0	0	0	0	0	82	0	2	0	0	0	0
0	0	81	14	0	0	0	0	38	0	0	0	0	13	0	1	23	327	0	49	19	314	36	1	4	3	0	1	0	59	0	3	0	265	38	88	0	0	0	0	252	28	0	0	1	3	17	0	1	0	0	0	252	20	0	86	15	9	15	0	0	1	19	0	0	0	1	61	126	1	0	172	5	1	2
0	0	0	321	2	2	0	2	7	0	3	0	0	0	12	0	1	1	2	0	0	3	3	2	14	4	1	0	0	2	0	2	0	1	3	7	306	0	0	0	15	257	5	0	1	1	0	4	56	0	0	0	4	3	0	3	0	10	8	0	0	3	11	0	0	0	249	6	6	8	0	12	3	0	1
0	0	0	0	0	0	0	0	0	0	0	0	0	0	0	0	0	0	0	0	0	0	0	0	0	0	0	0	0	0	0	0	0	0	0	0	0	0	0	0	0	0	0	0	0	0	0	0	0	0	0	0	0	0	0	0	0	0	0	0	0	0	0	0	0	0	0	0	0	0	0	0	0	0	0
0	0	95	63	0	0	0	1	34	0	0	2	0	15	0	1	3	43	0	95	35	8	71	3	24	2	59	2	0	0	0	0	0	122	7	257	0	0	0	0	196	10	3	0	0	7	12	0	0	0	0	0	124	0	0	23	4	26	135	123	0	0	0	0	0	0	0	198	45	0	1	42	5	0	1
0	0	0	0	0	0	0	0	0	0	0	0	0	0	0	0	0	0	0	0	0	0	0	0	0	0	0	0	0	0	0	0	0	0	0	0	0	0	0	0	0	0	0	0	0	0	0	0	0	0	0	0	0	0	0	0	0	0	0	0	0	0	0	0	0	0	0	0	0	0	0	0	0	0	0
0	0	0	32	0	9	0	1	3	0	37	0	0	2	26	4	16	27	18	50	35	3	35	0	17	6	3	2	0	0	0	0	0	0	3	3	11	0	0	0	2	11	37	0	53	124	0	79	36	0	0	390	6	105	0	95	0	118	4	8	0	7	50	0	4	0	0	114	11	0	45	1	6	1	101
0	0	0	0	0	0	0	0	0	0	0	0	0	0	0	0	0	0	0	0	0	0	0	0	0	0	0	0	0	0	0	0	0	0	0	0	0	0	0	0	0	0	0	0	0	0	0	0	0	0	0	0	0	0	0	0	0	0	0	0	0	0	0	0	0	0	0	0	0	0	0	0	0	0	0
0	0	150	67	0	17	0	4	31	0	3	1	0	265	5	2	8	252	4	3	12	34	2	0	8	2	265	1	0	122	0	0	0	0	9	55	3	0	0	0	86	17	4	0	0	0	0	0	0	0	0	0	188	3	0	23	5	4	14	16	0	0	45	0	0	0	0	1	4	19	0	167	0	0	0
0	0	70	12	0	240	0	0	0	0	0	1	0	307	0	0	5	60	0	0	0	10	2	0	16	1	38	3	0	7	0	3	0	9	0	5	0	0	0	0	18	4	0	0	0	17	6	0	0	0	0	0	57	0	0	0	0	2	115	6	0	0	1	0	0	0	0	7	15	0	0	16	0	287	0
0	0	184	45	6	0	0	0	0	0	4	2	0	47	3	4	0	79	0	0	5	25	14	0	44	2	88	7	0	257	0	3	0	55	5	0	0	0	0	0	3	3	11	0	0	9	0	0	0	0	0	0	201	0	0	6	0	12	117	332	0	0	39	0	0	0	0	2	0	0	0	0	0	0	0
0	0	0	153	0	1	0	0	0	0	246	1	0	0	5	346	0	0	13	0	0	0	0	0	0	0	0	306	0	0	0	11	0	3	0	0	0	0	0	0	0	0	93	0	1	0	0	0	0	0	0	0	0	0	0	0	0	22	0	0	0	0	3	0	0	0	0	0	0	2	0	0	0	4	0
0	0	0	0	0	0	0	0	0	0	0	0	0	0	0	0	0	0	0	0	0	0	0	0	0	0	0	0	0	0	0	0	0	0	0	0	0	0	0	0	0	0	0	0	0	0	0	0	0	0	0	0	0	0	0	0	0	0	0	0	0	0	0	0	0	0	0	0	0	0	0	0	0	0	0
0	0	0	0	0	0	0	0	0	0	0	0	0	0	0	0	0	0	0	0	0	0	0	0	0	0	0	0	0	0	0	0	0	0	0	0	0	0	0	0	0	0	0	0	0	0	0	0	0	0	0	0	0	0	0	0	0	0	0	0	0	0	0	0	0	0	0	0	0	0	0	0	0	0	0
0	0	0	0	0	0	0	0	0	0	0	0	0	0	0	0	0	0	0	0	0	0	0	0	0	0	0	0	0	0	0	0	0	0	0	0	0	0	0	0	0	0	0	0	0	0	0	0	0	0	0	0	0	0	0	0	0	0	0	0	0	0	0	0	0	0	0	0	0	0	0	0	0	0	0
0	0	284	42	0	231	0	0	10	0	1	2	0	486	1	1	1	413	1	3	12	81	2	0	58	2	252	15	0	196	0	2	0	86	18	3	0	0	0	0	0	3	1	0	0	16	0	0	0	0	0	0	306	0	0	3	2	4	26	40	0	0	0	0	0	0	0	0	0	0	0	163	4	5	0
0	0	26	219	0	31	0	8	1	0	118	4	0	42	46	99	1	26	56	0	1	0	1	21	0	0	28	257	0	10	0	11	0	17	4	3	0	0	0	0	3	0	2	0	15	12	0	0	10	0	0	0	39	16	0	1	1	14	1	18	0	11	202	0	0	0	0	0	0	10	0	2	10	9	3
0	0	2	118	0	157	0	20	0	0	231	109	0	6	74	484	6	0	11	1	26	0	0	0	0	0	0	5	0	3	0	37	0	4	0	11	93	0	0	0	1	2	0	0	169	0	0	89	76	0	0	0	0	0	0	0	0	24	87	326	0	0	138	0	0	0	1	3	0	37	0	1	5	73	0
0	0	0	0	0	0	0	0	0	0	0	0	0	0	0	0	0	0	0	0	0	0	0	0	0	0	0	0	0	0	0	0	0	0	0	0	0	0	0	0	0	0	0	0	0	0	0	0	0	0	0	0	0	0	0	0	0	0	0	0	0	0	0	0	0	0	0	0	0	0	0	0	0	0	0
0	0	0	164	0	2	0	22	0	0	335	1	0	1	4	474	0	0	48	0	0	0	0	0	0	0	1	1	0	0	0	53	0	0	0	0	1	0	0	0	0	15	169	0	0	7	0	0	7	0	0	20	0	0	0	0	0	65	28	0	0	0	52	0	0	0	0	0	0	40	0	0	0	9	0
0	0	10	1	0	1	0	8	4	0	5	0	0	1	1	0	12	21	0	9	28	22	45	1	48	8	3	1	0	7	0	124	0	0	17	9	0	0	0	0	16	12	0	0	7	0	0	0	0	0	0	12	10	38	0	93	15	50	10	3	0	0	2	0	0	0	0	46	24	1	3	15	4	1	17
0	0	0	0	0	1	0	0	0	0	2	0	0	18	0	0	0	2	0	0	0	0	0	0	0	0	17	0	0	12	0	0	0	0	6	0	0	0	0	0	0	0	0	0	0	0	0	0	0	0	0	0	5	0	0	0	0	2	0	0	0	0	5	0	0	0	0	0	0	0	0	0	0	20	0
0	0	0	54	0	10	0	0	0	0	6	0	0	0	84	2	0	0	14	0	1	0	0	0	0	0	0	4	0	0	0	79	0	0	0	0	0	0	0	0	0	0	89	0	0	0	0	0	0	0	0	0	0	0	0	0	0	0	0	134	0	0	12	0	0	0	0	0	0	14	0	0	0	5	0
0	0	0	215	0	0	0	0	0	0	332	0	0	1	39	408	0	0	18	0	129	0	0	0	0	0	1	56	0	0	0	36	0	0	0	0	0	0	0	0	0	10	76	0	7	0	0	0	0	0	0	2	0	0	0	0	0	88	0	0	0	0	59	0	0	0	0	0	0	0	1	0	0	2	0
0	0	0	0	0	0	0	0	0	0	0	0	0	0	0	0	0	0	0	0	0	0	0	0	0	0	0	0	0	0	0	0	0	0	0	0	0	0	0	0	0	0	0	0	0	0	0	0	0	0	0	0	0	0	0	0	0	0	0	0	0	0	0	0	0	0	0	0	0	0	0	0	0	0	0
0	0	0	0	0	0	0	0	0	1	0	0	0	0	0	0	0	0	462	0	0	0	0	0	0	0	0	0	0	0	0	0	0	0	0	0	0	0	0	0	0	0	0	0	0	0	0	0	0	0	0	0	0	0	0	0	0	0	0	0	0	0	1	0	0	0	0	0	0	0	0	0	0	0	0
0	0	0	0	0	0	0	0	0	0	31	0	0	0	0	0	0	1	0	35	34	0	14	0	13	2	0	0	0	0	0	390	0	0	0	0	0	0	0	0	0	0	0	0	20	12	0	0	2	0	0	0	0	54	0	49	0	80	1	0	0	0	0	0	0	0	0	33	0	0	9	0	0	0	38
0	0	315	28	0	0	0	0	31	0	1	32	0	10	3	3	31	557	0	42	26	187	91	2	13	4	252	4	0	124	0	6	0	188	57	201	0	0	0	0	306	39	0	0	0	10	5	0	0	0	0	0	0	17	0	70	3	20	201	0	0	0	0	0	0	0	0	292	144	0	1	24	1	0	8
0	0	2	1	0	0	0	0	0	0	109	0	0	7	0	17	0	20	20	0	171	0	1	0	112	4	20	3	0	0	0	105	0	3	0	0	0	0	0	0	0	16	0	0	0	38	0	0	0	0	0	54	17	0	0	28	1	8	0	0	0	0	0	0	0	0	0	0	0	0	3	0	0	1	0
0	0	0	0	0	0	0	0	0	0	0	0	0	0	0	0	0	0	0	0	0	0	0	0	0	0	0	0	0	0	0	0	0	0	0	0	0	0	0	0	0	0	0	0	0	0	0	0	0	0	0	0	0	0	0	0	0	0	0	0	0	0	0	0	0	0	0	0	0	0	0	0	0	0	0
0	0	3	11	1	0	0	0	0	0	0	0	0	3	0	1	0	106	0	0	34	4	181	154	512	185	86	3	0	23	0	95	0	23	0	6	0	0	0	0	3	1	0	0	0	93	0	0	0	0	0	49	70	28	0	0	77	0	15	0	0	0	0	0	0	0	0	8	181	0	2	3	0	3	1
0	0	1	1	1	1	0	0	2	0	0	0	0	2	44	0	0	0	0	0	302	1	9	181	488	254	15	0	0	4	0	0	0	5	0	0	0	0	0	0	2	1	0	0	0	15	0	0	0	0	0	0	3	1	0	77	0	167	0	0	0	5	1	0	0	0	0	0	4	0	20	3	1	1	0
0	0	2	214	0	9	0	0	0	0	400	12	0	11	18	321	0	13	2	9	354	11	0	12	56	13	9	10	0	26	0	118	0	4	2	12	22	0	0	0	4	14	24	0	65	50	2	0	88	0	0	80	20	8	0	0	167	0	38	67	0	0	66	0	0	0	37	4	0	0	25	6	5	2	22
0	0	0	1	0	1	0	0	10	0	0	32	0	2	0	0	0	50	10	0	1	50	53	0	4	2	15	8	0	135	0	4	0	14	115	117	0	0	0	0	26	1	87	0	28	10	0	0	0	0	0	1	201	0	0	15	0	38	0	0	0	0	0	0	0	0	0	116	32	0	0	30	5	0	95
0	0	10	7	0	0	0	0	52	0	0	0	0	35	0	3	2	0	0	228	6	0	6	0	0	0	0	0	0	123	0	8	0	16	6	332	0	0	0	0	40	18	326	0	0	3	0	134	0	0	0	0	0	0	0	0	0	67	0	0	0	0	1	0	0	0	0	406	0	0	61	72	4	0	0
0	0	0	0	0	0	0	0	0	0	0	0	0	0	0	0	0	0	0	0	0	0	0	0	0	0	0	0	0	0	0	0	0	0	0	0	0	0	0	0	0	0	0	0	0	0	0	0	0	0	0	0	0	0	0	0	0	0	0	0	0	0	0	0	0	0	0	0	0	0	0	0	0	0	0
0	0	5	101	0	17	0	0	0	0	27	2	0	1	316	19	0	10	25	0	0	0	0	0	2	0	1	3	0	0	0	7	0	0	0	0	0	0	0	0	0	11	0	0	0	0	0	0	0	0	0	0	0	0	0	0	5	0	0	0	0	0	282	0	0	0	0	0	0	19	0	0	0	2	0
0	0	11	243	0	802	0	2	1	0	157	130	0	22	833	42	161	2	129	0	41	0	0	52	0	0	19	11	0	0	0	50	0	45	1	39	3	0	0	0	0	202	138	0	52	2	5	12	59	0	1	0	0	0	0	0	1	66	0	1	0	282	0	0	1	0	3	0	0	143	1	2	152	354	22
0	0	0	0	0	0	0	0	0	0	0	0	0	0	0	0	0	0	0	0	0	0	0	0	0	0	0	0	0	0	0	0	0	0	0	0	0	0	0	0	0	0	0	0	0	0	0	0	0	0	0	0	0	0	0	0	0	0	0	0	0	0	0	0	0	0	0	0	0	0	0	0	0	0	0
0	0	82	21	0	180	0	0	0	0	0	0	0	6	31	0	0	0	0	0	0	0	0	0	0	0	0	0	0	0	0	4	0	0	0	0	0	0	0	0	0	0	0	0	0	0	0	0	0	0	0	0	0	0	0	0	0	0	0	0	0	0	1	0	0	0	0	0	0	0	0	0	0	112	0
0	0	0	0	0	0	0	0	0	0	0	0	0	0	0	0	0	0	0	0	0	0	0	0	0	0	0	0	0	0	0	0	0	0	0	0	0	0	0	0	0	0	0	0	0	0	0	0	0	0	0	0	0	0	0	0	0	0	0	0	0	0	0	0	0	0	0	0	0	0	0	0	0	0	0
0	0	0	140	0	0	0	0	0	0	227	12	0	1	3	218	0	1	2	0	19	0	0	0	0	0	1	249	0	0	0	0	0	0	0	0	0	0	0	0	0	0	1	0	0	0	0	0	0	0	0	0	0	0	0	0	0	37	0	0	0	0	3	0	0	0	0	0	0	0	0	0	0	4	0
0	0	0	0	0	1	0	0	0	0	1	1	0	19	0	37	0	68	6	0	1	0	38	0	14	0	61	6	0	198	0	114	0	1	7	2	0	0	0	0	0	0	3	0	0	46	0	0	0	0	0	33	292	0	0	8	0	4	116	406	0	0	0	0	0	0	0	0	0	4	0	0	0	2	0
0	0	1	3	0	0	0	0	0	0	16	1	0	50	0	0	0	147	2	0	0	7	6	0	288	82	126	6	0	45	0	11	0	4	15	0	0	0	0	0	0	0	0	0	0	24	0	0	0	0	0	0	144	0	0	181	4	0	32	0	0	0	0	0	0	0	0	0	0	0	2	0	0	6	0
0	0	0	0	0	125	0	0	0	0	1	0	0	0	38	4	5	0	12	0	0	0	0	0	0	0	1	8	0	0	0	0	0	19	0	0	2	0	0	0	0	10	37	0	40	1	0	14	0	0	0	0	0	0	0	0	0	0	0	0	0	19	143	0	0	0	0	4	0	0	0	0	2	46	0
0	0	0	5	0	0	0	0	1	0	28	0	0	0	0	26	0	0	0	1	34	0	2	2	0	2	0	0	0	1	0	45	0	0	0	0	0	0	0	0	0	0	0	0	0	3	0	0	1	0	0	9	1	3	0	2	20	25	0	61	0	0	1	0	0	0	0	0	2	0	0	4	0	0	0
0	0	186	23	0	15	0	0	162	0	0	17	0	291	1	1	0	32	2	20	25	73	0	0	42	0	172	12	0	42	0	1	0	167	16	0	0	0	0	0	163	2	1	0	0	15	0	0	0	0	0	0	24	0	0	3	3	6	30	72	0	0	2	0	0	0	0	0	0	0	4	0	0	1	0
0	0	3	41	0	125	0	0	0	0	53	2	0	99	40	3	0	3	8	0	2	0	0	0	6	0	5	3	0	5	0	6	0	0	0	0	0	0	0	0	4	10	5	0	0	4	0	0	0	0	0	0	1	0	0	0	1	5	5	4	0	0	152	0	0	0	0	0	0	2	0	0	0	9	0
0	0	0	27	0	696	0	1	0	0	0	142	0	35	23	9	135	1	15	0	3	0	0	1	0	0	1	0	0	0	0	1	0	0	287	0	4	0	0	0	5	9	73	0	9	1	20	5	2	0	0	0	0	1	0	3	1	2	0	0	0	2	354	0	112	0	4	2	6	46	0	1	9	0	0
0	0	0	0	1	0	0	0	0	0	0	0	0	1	0	3	0	4	2	0	10	0	2	0	6	0	2	1	0	1	0	101	0	0	0	0	0	0	0	0	0	3	0	0	0	17	0	0	0	0	0	38	8	0	0	1	0	22	95	0	0	0	22	0	0	0	0	0	0	0	0	0	0	0	0
