0	0	0	0	0	0	0	0	0	0	0	0	0	0	0	0	0	0	0	0	0	0	0	0	0	0	0	0	0	0	0	0	0	0	0	0	0	0	0	0	0	0	0	0	0	0	0	0	0	0	0	0	0	0	0	0	0	0	0	0	0	0	0	0	0	0	0	0	0	0	0	0	0	0	0
0	0	0	0	0	0	0	0	0	0	0	0	0	0	0	0	0	3	0	5	0	1	32	0	0	210	10	0	0	3	0	0	0	7	6	11	0	0	0	77	0	0	0	1	0	5	0	0	1	0	0	0	117	0	0	17	0	0	26	0	0	0	0	0	0	0	0	10	0	0	0	0	0	0	0
0	0	0	0	0	0	0	0	0	0	0	0	0	0	0	0	0	0	0	0	0	0	0	0	0	0	0	0	0	0	0	0	0	0	0	0	0	0	0	0	0	0	0	0	0	0	0	0	0	0	0	0	0	0	0	0	0	0	0	0	0	0	0	0	0	0	0	0	0	0	0	0	0	0	0
0	0	0	0	0	0	0	0	0	0	38	6	0	0	15	4	0	0	0	0	0	0	0	0	0	0	0	1	0	0	0	0	0	0	0	11	0	0	0	0	0	9	0	0	0	0	1	0	114	0	0	0	0	0	0	0	0	51	0	0	0	0	0	2	2	0	0	0	0	0	7	0	0	0	0
0	0	0	0	0	0	0	0	0	0	1	0	0	0	0	0	0	0	0	0	0	0	0	0	0	0	0	4	0	0	0	0	0	0	0	0	0	0	0	0	0	4	0	0	0	0	0	0	76	0	0	0	0	0	0	0	0	0	0	0	0	0	0	0	0	0	0	0	0	0	0	0	0	0	0
0	0	0	0	0	0	0	0	0	0	0	268	0	70	0	2	0	0	1	0	0	0	0	0	0	0	0	0	13	0	0	0	0	7	158	0	0	0	0	0	0	0	0	0	0	0	53	0	37	0	0	0	0	0	0	0	0	1	0	0	0	0	12	0	200	0	0	0	0	0	0	0	0	0	0
0	0	0	0	0	0	0	0	0	0	0	0	0	0	0	0	0	0	0	0	0	0	0	0	0	0	0	0	0	0	0	0	0	0	0	0	0	0	0	0	0	0	0	0	0	0	0	0	0	0	0	0	0	0	0	0	0	0	0	0	0	0	0	0	0	0	0	0	0	0	0	0	0	0	0
0	0	0	0	0	0	0	0	0	0	0	0	0	0	0	0	0	0	0	0	0	0	0	0	0	0	0	0	0	0	0	0	0	0	0	0	0	0	0	0	0	3	0	0	0	0	0	0	3	0	0	0	0	0	0	0	0	0	0	0	0	0	0	6	0	0	0	0	0	0	0	0	0	0	0
0	0	0	0	0	0	0	0	0	0	0	0	0	107	0	0	0	0	0	0	0	38	0	0	0	0	0	0	7	0	0	0	0	4	0	0	0	0	0	7	0	0	0	0	0	0	27	0	0	0	0	0	0	0	0	0	0	0	0	6	0	0	0	0	0	0	0	0	0	0	0	0	0	0	0
0	0	0	0	0	0	0	0	0	0	0	0	0	0	0	0	0	0	0	0	0	0	0	0	0	0	0	0	0	0	0	0	0	0	0	2	0	0	0	0	0	0	0	0	0	0	0	0	1	0	0	0	0	0	0	0	0	0	0	0	0	0	1	0	0	0	0	0	0	1	0	0	0	0	0
0	0	0	38	1	0	0	0	0	0	0	0	0	0	0	25	0	0	8	78	28	0	1	0	0	0	0	0	0	0	0	1	0	0	0	0	2	1	0	0	0	26	2	10	39	0	1	1	139	0	0	1	0	27	3	0	0	178	3	0	0	0	16	0	0	0	17	0	0	1	10	0	0	0	0
0	0	0	6	0	268	0	0	0	0	0	0	0	0	45	0	2	0	6	0	0	0	0	0	0	0	0	2	18	0	0	0	0	0	18	15	2	0	4	0	0	0	30	12	0	0	0	0	1	0	0	0	0	0	0	0	0	6	0	0	0	228	280	0	148	0	0	0	0	86	5	0	0	0	0
0	0	0	0	0	0	0	0	0	0	0	0	0	0	0	0	0	0	0	0	0	0	0	0	0	0	0	0	0	0	0	0	0	0	0	0	0	0	0	0	0	0	0	0	0	0	0	0	0	0	0	0	0	0	0	0	0	0	0	0	0	0	0	0	0	0	0	0	0	0	0	0	0	0	0
0	0	0	0	0	70	0	0	107	0	0	0	0	0	0	0	1	3	0	16	5	0	0	0	0	0	0	0	168	6	0	0	0	14	284	23	0	0	0	44	0	0	0	12	0	0	119	0	51	0	0	0	0	0	0	0	1	21	0	0	48	2	1	0	33	0	0	0	0	0	7	124	0	0	0
0	0	0	15	0	0	0	0	0	0	0	45	0	0	0	0	0	1	0	0	0	1	0	0	0	0	0	2	0	0	0	0	0	0	0	1	1	0	4	0	0	3	1	1	3	0	1	1	31	0	0	0	0	0	0	0	0	0	0	0	0	32	24	0	0	0	0	0	0	0	1	1	0	0	0
0	0	0	4	0	2	0	0	0	0	25	0	0	0	0	0	0	0	0	19	2	0	0	0	0	0	0	0	0	0	0	0	0	0	0	2	1	0	0	0	0	0	2	3	7	0	1	0	126	0	0	0	0	0	0	0	0	47	0	0	0	0	0	0	0	0	0	0	0	0	0	0	0	0	0
0	0	0	0	0	0	0	0	0	0	0	2	0	1	0	0	0	0	0	0	0	0	0	0	0	0	0	0	0	0	0	0	0	0	0	0	0	0	0	0	0	0	0	0	0	0	0	0	1	0	0	0	0	0	0	0	0	0	0	0	0	0	0	0	1	0	0	0	0	0	0	0	0	0	0
0	3	0	0	0	0	0	0	0	0	0	0	0	3	1	0	0	0	0	0	0	82	1	0	0	3	14	0	0	0	0	4	0	4	13	5	0	0	0	360	0	0	0	0	0	0	18	0	3	0	0	0	2	0	0	0	1	0	30	0	0	0	0	0	0	0	0	0	0	0	0	0	0	0	0
0	0	0	0	0	1	0	0	0	0	8	6	0	0	0	0	0	0	0	0	0	0	0	0	0	0	0	0	0	0	0	0	0	1	0	0	0	0	1	0	0	2	3	1	6	0	0	0	43	0	7	0	0	0	0	0	0	1	2	0	0	0	2	0	0	0	0	0	0	4	0	0	0	0	0
0	5	0	0	0	0	0	0	0	0	78	0	0	16	0	19	0	0	0	0	152	4	16	4	0	7	2	0	2	14	0	12	0	6	0	112	0	1	0	220	0	0	0	143	120	4	44	6	39	0	0	8	0	110	30	2	52	180	161	114	2	0	0	0	0	0	0	0	0	0	81	44	0	0	0
0	0	0	0	0	0	0	0	0	0	28	0	0	5	0	2	0	0	0	152	0	1	1	9	8	391	1	0	0	2	0	9	0	1	0	3	0	0	0	15	0	0	0	11	0	15	1	0	27	0	0	1	1	30	2	17	218	215	0	0	0	0	0	0	0	0	0	0	0	0	41	5	0	0	0
0	1	0	0	0	0	0	0	38	0	0	0	0	0	1	0	0	82	0	4	1	0	0	3	0	3	19	0	0	0	0	0	0	20	59	3	0	0	0	715	0	4	0	0	0	0	6	0	7	0	0	0	0	0	0	0	0	0	2	0	0	0	0	0	1	0	0	0	0	0	2	0	0	0	0
0	32	0	0	0	0	0	0	0	0	1	0	0	0	0	0	0	1	0	16	1	0	0	0	8	258	7	0	0	37	0	94	0	2	1	130	0	0	0	8	0	0	0	0	0	0	0	0	6	0	0	0	251	0	0	101	1	0	118	0	5	1	0	0	0	0	0	38	0	0	0	16	0	0	0
0	0	0	0	0	0	0	0	0	0	0	0	0	0	0	0	0	0	0	4	9	3	0	0	0	0	0	0	0	0	0	0	0	0	0	0	0	0	0	0	0	0	0	0	0	0	9	0	0	0	0	0	0	0	0	0	0	0	0	0	0	0	0	0	0	0	0	0	0	0	0	0	0	0	0
0	0	0	0	0	0	0	0	0	0	0	0	0	0	0	0	0	0	0	0	8	0	8	0	0	370	0	0	0	6	0	0	0	0	0	5	0	0	0	0	0	0	0	0	0	2	0	0	0	0	0	0	31	0	0	10	66	0	2	0	0	0	0	0	0	0	0	0	0	0	0	0	0	0	0
0	210	0	0	0	0	0	0	0	0	0	0	0	0	0	0	0	3	0	7	391	3	258	0	370	0	1	3	0	3	0	1	0	3	0	8	0	0	0	9	0	1	0	0	1	265	0	0	0	0	0	0	58	146	0	256	299	2	5	0	0	0	0	0	0	0	0	0	0	0	8	0	0	0	0
0	10	0	0	0	0	0	0	0	0	0	0	0	0	0	0	0	14	0	2	1	19	7	0	0	1	0	1	1	5	0	0	0	6	0	4	0	0	0	21	0	0	0	2	0	2	0	0	2	0	0	0	0	0	0	4	0	0	3	1	0	0	0	0	0	0	0	6	0	0	0	1	0	0	0
0	0	0	1	4	0	0	0	0	0	0	2	0	0	2	0	0	0	0	0	0	0	0	0	0	3	1	0	0	0	0	0	0	0	0	4	2	0	1	0	0	1	8	0	2	0	0	1	64	0	0	0	0	0	0	0	0	0	0	0	0	0	1	14	1	0	10	0	0	1	0	0	0	0	0
0	0	0	0	0	13	0	0	7	0	0	18	0	168	0	0	0	0	0	2	0	0	0	0	0	0	1	0	0	0	0	0	0	4	179	1	0	0	0	0	0	0	0	0	0	0	73	0	51	1	0	0	0	0	1	0	2	1	0	135	17	0	0	0	239	0	0	0	0	0	0	9	0	0	0
0	3	0	0	0	0	0	0	0	0	0	0	0	6	0	0	0	0	0	14	2	0	37	0	6	3	5	0	0	0	0	2	0	18	0	256	0	1	0	28	0	5	0	1	0	0	0	0	13	0	0	0	0	0	0	0	5	0	219	24	0	0	0	0	0	0	0	2	0	0	0	0	0	0	0
0	0	0	0	0	0	0	0	0	0	0	0	0	0	0	0	0	0	0	0	0	0	0	0	0	0	0	0	0	0	0	0	0	0	0	0	0	0	0	0	0	0	0	0	0	0	0	0	0	0	0	0	0	0	0	0	0	0	0	0	0	0	0	0	0	0	0	0	0	0	0	0	0	0	0
0	0	0	0	0	0	0	0	0	0	1	0	0	0	0	0	0	4	0	12	9	0	94	0	0	1	0	0	0	2	0	0	0	0	6	0	0	0	0	1	0	4	0	0	16	20	0	0	5	0	0	51	0	28	4	12	0	169	9	0	0	4	0	0	0	0	0	15	0	0	0	0	0	0	0
0	0	0	0	0	0	0	0	0	0	0	0	0	0	0	0	0	0	0	0	0	0	0	0	0	0	0	0	0	0	0	0	0	0	0	0	0	0	0	0	0	0	0	0	0	0	0	0	0	0	0	0	0	0	0	0	0	0	0	0	0	0	0	0	0	0	0	0	0	0	0	0	0	0	0
0	7	0	0	0	7	0	0	4	0	0	0	0	14	0	0	0	4	1	6	1	20	2	0	0	3	6	0	4	18	0	0	0	0	0	25	0	0	4	305	0	0	3	1	0	0	0	0	10	0	0	0	0	0	0	1	1	6	2	0	3	0	3	0	0	0	0	0	0	4	0	10	0	0	0
0	6	0	0	0	158	0	0	0	0	0	18	0	284	0	0	0	13	0	0	0	59	1	0	0	0	0	0	179	0	0	6	0	0	0	0	0	0	0	120	0	0	0	1	0	0	332	0	31	0	0	0	0	0	0	0	0	0	153	0	0	0	0	0	7	0	0	1	0	0	0	15	0	0	0
0	11	0	11	0	0	0	0	0	2	0	15	0	23	1	2	0	5	0	112	3	3	130	0	5	8	4	4	1	256	0	0	0	25	0	0	0	2	0	8	0	0	1	179	2	0	11	0	10	0	0	1	0	1	3	0	27	20	410	13	2	0	1	0	0	0	0	154	0	0	1	23	0	0	0
0	0	0	0	0	0	0	0	0	0	2	2	0	0	1	1	0	0	0	0	0	0	0	0	0	0	0	2	0	0	0	0	0	0	0	0	0	0	0	4	0	0	0	0	0	0	0	0	100	0	0	0	0	0	0	0	0	0	0	0	0	0	2	12	0	0	0	0	0	0	0	0	0	0	0
0	0	0	0	0	0	0	0	0	0	1	0	0	0	0	0	0	0	0	1	0	0	0	0	0	0	0	0	0	1	0	0	0	0	0	2	0	0	0	0	0	0	0	0	0	0	0	0	1	0	0	0	0	0	0	0	0	0	1	2	2	0	0	0	0	0	0	3	0	0	0	1	0	0	0
0	0	0	0	0	0	0	0	0	0	0	4	0	0	4	0	0	0	1	0	0	0	0	0	0	0	0	1	0	0	0	0	0	4	0	0	0	0	0	0	0	0	0	0	0	0	1	0	0	0	0	0	0	0	0	0	0	0	0	6	0	0	0	0	0	0	0	0	0	0	5	0	0	0	0
0	77	0	0	0	0	0	0	7	0	0	0	0	44	0	0	0	360	0	220	15	715	8	0	0	9	21	0	0	28	0	1	0	305	120	8	4	0	0	0	0	0	0	0	0	0	24	0	5	0	0	0	0	0	0	6	0	0	10	0	0	0	0	0	0	0	0	2	0	0	0	492	0	0	0
0	0	0	0	0	0	0	0	0	0	0	0	0	0	0	0	0	0	0	0	0	0	0	0	0	0	0	0	0	0	0	0	0	0	0	0	0	0	0	0	0	0	0	0	0	0	0	0	0	0	0	0	0	0	0	0	0	0	0	0	0	0	0	0	0	0	0	0	0	0	0	0	0	0	0
0	0	0	9	4	0	0	3	0	0	26	0	0	0	3	0	0	0	2	0	0	4	0	0	0	1	0	1	0	5	0	4	0	0	0	0	0	0	0	0	0	0	19	0	24	0	10	0	168	0	0	0	0	4	0	0	0	23	3	0	0	3	26	2	0	0	4	0	0	2	0	13	0	0	0
0	0	0	0	0	0	0	0	0	0	2	30	0	0	1	2	0	0	3	0	0	0	0	0	0	0	0	8	0	0	0	0	0	3	0	1	0	0	0	0	0	19	0	0	0	0	0	0	86	0	0	0	0	0	0	0	0	1	0	0	0	0	0	17	0	0	0	0	0	0	0	0	0	0	0
0	1	0	0	0	0	0	0	0	0	10	12	0	12	1	3	0	0	1	143	11	0	0	0	0	0	2	0	0	1	0	0	0	1	1	179	0	0	0	0	0	0	0	0	0	0	87	0	52	0	0	0	0	0	0	0	0	188	256	174	3	0	0	0	0	0	0	20	0	0	0	1	0	0	0
0	0	0	0	0	0	0	0	0	0	39	0	0	0	3	7	0	0	6	120	0	0	0	0	0	1	0	2	0	0	0	16	0	0	0	2	0	0	0	0	0	24	0	0	0	0	21	0	247	0	0	0	0	0	0	0	0	85	110	18	0	2	0	0	0	0	0	0	0	0	0	0	0	0	0
0	5	0	0	0	0	0	0	0	0	0	0	0	0	0	0	0	0	0	4	15	0	0	0	2	265	2	0	0	0	0	20	0	0	0	0	0	0	0	0	0	0	0	0	0	0	0	0	14	0	0	1	2	0	0	0	0	19	0	0	0	0	0	0	0	0	0	6	0	0	0	0	0	0	0
0	0	0	1	0	53	0	0	27	0	1	0	0	119	1	1	0	18	0	44	1	6	0	9	0	0	0	0	73	0	0	0	0	0	332	11	0	0	1	24	0	10	0	87	21	0	0	0	9	0	0	0	0	0	0	0	0	21	200	16	74	0	0	0	24	0	0	89	0	0	13	96	0	0	0
0	0	0	0	0	0	0	0	0	0	1	0	0	0	1	0	0	0	0	6	0	0	0	0	0	0	0	1	0	0	0	0	0	0	0	0	0	0	0	0	0	0	0	0	0	0	0	0	8	0	0	0	0	0	0	0	0	0	0	114	0	0	4	0	0	0	0	0	0	0	0	0	0	0	0
0	1	0	114	76	37	0	3	0	1	139	1	0	51	31	126	1	3	43	39	27	7	6	0	0	0	2	64	51	13	0	5	0	10	31	10	100	1	0	5	0	168	86	52	247	14	9	8	0	1	3	0	0	16	9	17	1	223	15	44	42	32	108	11	2	0	139	15	0	70	1	37	0	0	0
0	0	0	0	0	0	0	0	0	0	0	0	0	0	0	0	0	0	0	0	0	0	0	0	0	0	0	0	1	0	0	0	0	0	0	0	0	0	0	0	0	0	0	0	0	0	0	0	1	0	0	0	0	0	0	0	0	0	1	0	0	0	0	0	0	0	0	0	0	0	0	0	0	0	0
0	0	0	0	0	0	0	0	0	0	0	0	0	0	0	0	0	0	7	0	0	0	0	0	0	0	0	0	0	0	0	0	0	0	0	0	0	0	0	0	0	0	0	0	0	0	0	0	3	0	0	0	0	0	0	0	0	0	0	0	0	0	2	0	0	0	0	0	0	0	0	0	0	0	0
0	0	0	0	0	0	0	0	0	0	1	0	0	0	0	0	0	0	0	8	1	0	0	0	0	0	0	0	0	0	0	51	0	0	0	1	0	0	0	0	0	0	0	0	0	1	0	0	0	0	0	0	0	3	0	0	0	4	0	0	0	2	0	0	0	0	0	0	0	0	0	0	0	0	0
0	117	0	0	0	0	0	0	0	0	0	0	0	0	0	0	0	2	0	0	1	0	251	0	31	58	0	0	0	0	0	0	0	0	0	0	0	0	0	0	0	0	0	0	0	2	0	0	0	0	0	0	0	0	0	262	0	0	0	0	0	0	0	0	0	0	0	0	0	0	0	0	0	0	0
0	0	0	0	0	0	0	0	0	0	27	0	0	0	0	0	0	0	0	110	30	0	0	0	0	146	0	0	0	0	0	28	0	0	0	1	0	0	0	0	0	4	0	0	0	0	0	0	16	0	0	3	0	0	0	0	0	197	13	0	0	0	0	0	0	0	0	1	0	0	12	0	0	0	0
0	0	0	0	0	0	0	0	0	0	3	0	0	0	0	0	0	0	0	30	2	0	0	0	0	0	0	0	1	0	0	4	0	0	0	3	0	0	0	0	0	0	0	0	0	0	0	0	9	0	0	0	0	0	0	0	0	12	0	0	0	0	0	0	0	0	0	0	0	0	0	0	0	0	0
0	17	0	0	0	0	0	0	0	0	0	0	0	0	0	0	0	0	0	2	17	0	101	0	10	256	4	0	0	0	0	12	0	1	0	0	0	0	0	6	0	0	0	0	0	0	0	0	17	0	0	0	262	0	0	0	90	0	0	0	0	0	0	0	0	0	0	11	0	0	0	0	0	0	0
0	0	0	0	0	0	0	0	0	0	0	0	0	1	0	0	0	1	0	52	218	0	1	0	66	299	0	0	2	5	0	0	0	1	0	27	0	0	0	0	0	0	0	0	0	0	0	0	1	0	0	0	0	0	0	90	0	180	0	0	0	0	0	0	0	0	0	0	0	0	75	2	0	0	0
0	0	0	51	0	1	0	0	0	0	178	6	0	21	0	47	0	0	1	180	215	0	0	0	0	2	0	0	1	0	0	169	0	6	0	20	0	0	0	0	0	23	1	188	85	19	21	0	223	0	0	4	0	197	12	0	180	0	4	93	4	0	12	0	0	0	1	0	0	1	111	5	0	0	0
0	26	0	0	0	0	0	0	0	0	3	0	0	0	0	0	0	30	2	161	0	2	118	0	2	5	3	0	0	219	0	9	0	2	153	410	0	1	0	10	0	3	0	256	110	0	200	0	15	1	0	0	0	13	0	0	0	4	0	342	77	0	0	0	0	0	0	256	0	0	0	120	0	0	0
0	0	0	0	0	0	0	0	6	0	0	0	0	0	0	0	0	0	0	114	0	0	0	0	0	0	1	0	135	24	0	0	0	0	0	13	0	2	6	0	0	0	0	174	18	0	16	114	44	0	0	0	0	0	0	0	0	93	342	0	168	0	0	0	0	0	0	116	0	0	52	108	0	0	0
0	0	0	0	0	0	0	0	0	0	0	0	0	48	0	0	0	0	0	2	0	0	5	0	0	0	0	0	17	0	0	0	0	3	0	2	0	2	0	0	0	0	0	3	0	0	74	0	42	0	0	0	0	0	0	0	0	4	77	168	0	0	0	0	0	0	0	0	0	2	0	0	0	0	0
0	0	0	0	0	0	0	0	0	0	0	228	0	2	32	0	0	0	0	0	0	0	1	0	0	0	0	0	0	0	0	4	0	0	0	0	0	0	0	0	0	3	0	0	2	0	0	0	32	0	0	2	0	0	0	0	0	0	0	0	0	0	35	0	0	0	0	0	0	0	0	0	0	0	0
0	0	0	0	0	12	0	0	0	1	16	280	0	1	24	0	0	0	2	0	0	0	0	0	0	0	0	1	0	0	0	0	0	3	0	1	2	0	0	0	0	26	0	0	0	0	0	4	108	0	2	0	0	0	0	0	0	12	0	0	0	35	0	0	0	0	0	0	0	0	8	0	0	0	0
0	0	0	2	0	0	0	6	0	0	0	0	0	0	0	0	0	0	0	0	0	0	0	0	0	0	0	14	0	0	0	0	0	0	0	0	12	0	0	0	0	2	17	0	0	0	0	0	11	0	0	0	0	0	0	0	0	0	0	0	0	0	0	0	0	0	9	0	0	0	0	0	0	0	0
0	0	0	2	0	200	0	0	0	0	0	148	0	33	0	0	1	0	0	0	0	1	0	0	0	0	0	1	239	0	0	0	0	0	7	0	0	0	0	0	0	0	0	0	0	0	24	0	2	0	0	0	0	0	0	0	0	0	0	0	0	0	0	0	0	0	0	0	0	34	0	0	0	0	0
0	0	0	0	0	0	0	0	0	0	0	0	0	0	0	0	0	0	0	0	0	0	0	0	0	0	0	0	0	0	0	0	0	0	0	0	0	0	0	0	0	0	0	0	0	0	0	0	0	0	0	0	0	0	0	0	0	0	0	0	0	0	0	0	0	0	0	0	0	0	0	0	0	0	0
0	0	0	0	0	0	0	0	0	0	17	0	0	0	0	0	0	0	0	0	0	0	0	0	0	0	0	10	0	0	0	0	0	0	0	0	0	0	0	0	0	4	0	0	0	0	0	0	139	0	0	0	0	0	0	0	0	1	0	0	0	0	0	9	0	0	0	0	0	0	0	0	0	0	0
0	10	0	0	0	0	0	0	0	0	0	0	0	0	0	0	0	0	0	0	0	0	38	0	0	0	6	0	0	2	0	15	0	0	1	154	0	3	0	2	0	0	0	20	0	6	89	0	15	0	0	0	0	1	0	11	0	0	256	116	0	0	0	0	0	0	0	0	0	0	0	0	0	0	0
0	0	0	0	0	0	0	0	0	0	0	0	0	0	0	0	0	0	0	0	0	0	0	0	0	0	0	0	0	0	0	0	0	0	0	0	0	0	0	0	0	0	0	0	0	0	0	0	0	0	0	0	0	0	0	0	0	0	0	0	0	0	0	0	0	0	0	0	0	0	0	0	0	0	0
0	0	0	0	0	0	0	0	0	1	1	86	0	0	0	0	0	0	4	0	0	0	0	0	0	0	0	1	0	0	0	0	0	4	0	0	0	0	0	0	0	2	0	0	0	0	0	0	70	0	0	0	0	0	0	0	0	1	0	0	2	0	0	0	34	0	0	0	0	0	5	0	0	0	0
0	0	0	7	0	0	0	0	0	0	10	5	0	7	1	0	0	0	0	81	41	2	0	0	0	8	0	0	0	0	0	0	0	0	0	1	0	0	5	0	0	0	0	0	0	0	13	0	1	0	0	0	0	12	0	0	75	111	0	52	0	0	8	0	0	0	0	0	0	5	0	0	0	0	0
0	0	0	0	0	0	0	0	0	0	0	0	0	124	1	0	0	0	0	44	5	0	16	0	0	0	1	0	9	0	0	0	0	10	15	23	0	1	0	492	0	13	0	1	0	0	96	0	37	0	0	0	0	0	0	0	2	5	120	108	0	0	0	0	0	0	0	0	0	0	0	0	0	0	0
0	0	0	0	0	0	0	0	0	0	0	0	0	0	0	0	0	0	0	0	0	0	0	0	0	0	0	0	0	0	0	0	0	0	0	0	0	0	0	0	0	0	0	0	0	0	0	0	0	0	0	0	0	0	0	0	0	0	0	0	0	0	0	0	0	0	0	0	0	0	0	0	0	0	0
0	0	0	0	0	0	0	0	0	0	0	0	0	0	0	0	0	0	0	0	0	0	0	0	0	0	0	0	0	0	0	0	0	0	0	0	0	0	0	0	0	0	0	0	0	0	0	0	0	0	0	0	0	0	0	0	0	0	0	0	0	0	0	0	0	0	0	0	0	0	0	0	0	0	0
0	0	0	0	0	0	0	0	0	0	0	0	0	0	0	0	0	0	0	0	0	0	0	0	0	0	0	0	0	0	0	0	0	0	0	0	0	0	0	0	0	0	0	0	0	0	0	0	0	0	0	0	0	0	0	0	0	0	0	0	0	0	0	0	0	0	0	0	0	0	0	0	0	0	0
