0	0	0	0	0	0	0	0	0	0	0	0	0	0	0	0	0	0	0	0	0	0	0	0	0	0	0	0	0	0	0	0	0	0	0	0	0	0	0	0	0	0	0	0	0	0	0	0	0	0	0	0	0	0	0	0	0	0	0	0	0	0	0	0	0	0	0	0	0	0	0	0	0	0	0
0	0	0	0	0	0	0	0	0	0	1	0	0	0	0	0	0	1	0	0	0	0	26	0	0	1	1	0	0	1	0	0	0	1	3	5	0	0	1	0	0	0	0	0	0	0	0	0	0	0	0	0	0	0	0	3	0	0	0	0	0	5	0	0	0	0	0	1	1	0	0	0	0	0	0
0	0	0	59	0	178	0	0	13	0	1	0	0	40	9	0	13	1	4	2	9	0	1	7	0	0	0	0	0	5	1	0	0	11	45	8	10	0	14	0	56	0	182	0	13	3	2	0	0	0	0	0	0	0	0	1	0	28	37	1	0	56	169	0	36	0	1	2	7	2	7	39	0	39	1
0	0	59	0	0	0	4	0	0	0	357	0	0	6	90	18	0	3	17	0	13	5	0	0	0	0	9	1	0	0	9	0	0	0	1	0	0	0	0	0	0	0	0	0	0	0	0	0	19	0	0	0	13	0	0	0	0	124	0	0	0	0	0	0	0	0	0	0	0	0	2	0	59	20	0
0	0	0	0	0	0	0	0	0	0	0	0	0	0	0	0	0	1	2	0	0	0	0	0	0	0	0	0	0	0	572	0	0	0	0	0	0	0	0	0	0	0	0	0	0	0	0	0	5	0	0	0	0	0	0	0	0	0	0	0	0	0	0	0	0	0	0	0	0	0	0	0	0	7	0
0	0	178	0	0	0	0	0	0	0	0	0	0	7	25	0	0	0	15	0	10	0	0	0	0	0	0	0	0	0	88	0	0	0	38	0	0	0	0	0	0	0	0	0	2	0	0	0	0	0	0	0	0	0	0	0	0	0	0	0	0	0	0	0	0	0	0	0	0	0	0	1	178	36	0
0	0	0	4	0	0	0	0	0	0	0	0	0	0	0	0	0	182	0	52	1	179	24	0	2	0	133	0	0	92	0	0	0	20	31	75	0	0	1	0	74	0	2	0	0	86	0	0	0	0	0	0	0	0	0	24	3	0	5	0	0	0	0	0	0	0	0	3	80	0	14	1	0	0	1
0	0	0	0	0	0	0	0	0	0	0	0	0	0	0	0	0	0	0	0	0	0	0	0	0	0	0	0	0	0	0	0	0	0	0	0	0	0	0	0	0	0	0	0	0	0	0	0	0	0	0	0	0	0	0	0	0	0	0	0	0	0	0	0	0	0	0	0	0	0	0	0	0	0	0
0	0	13	0	0	0	0	0	0	0	0	0	0	223	0	0	0	140	0	0	106	92	0	0	0	0	1	0	0	0	0	0	0	3	22	0	0	0	0	0	0	0	0	0	0	0	0	0	0	0	0	0	1	0	0	0	0	0	0	0	0	0	0	0	0	0	0	0	0	0	0	0	10	0	0
0	0	0	0	0	0	0	0	0	0	0	0	0	0	0	0	0	0	0	0	0	0	0	0	0	0	0	0	0	1	0	0	0	0	0	0	0	0	0	0	0	0	0	0	0	0	0	0	0	0	1	0	0	0	0	0	0	0	0	0	0	0	0	0	0	0	0	0	0	0	0	0	0	0	0
0	1	1	357	0	0	0	0	0	0	0	0	0	0	0	163	0	0	59	64	155	0	0	0	0	0	1	1	0	0	0	191	0	2	0	0	113	0	0	0	0	0	108	0	528	0	0	0	19	0	0	55	0	32	0	0	0	464	0	0	0	0	0	0	0	0	226	0	0	0	299	16	1	0	0
0	0	0	0	0	0	0	0	0	0	0	0	0	0	0	0	0	0	6	0	0	0	0	0	0	0	0	0	0	0	0	0	0	0	0	0	0	0	0	0	0	0	20	0	0	0	0	0	0	0	0	0	0	0	0	0	0	0	0	0	0	0	0	0	18	0	0	0	0	0	0	0	0	0	0
0	0	0	0	0	0	0	0	0	0	0	0	0	0	0	0	0	0	0	0	0	0	0	0	0	0	0	0	0	0	0	0	0	0	0	0	0	0	0	0	0	0	0	0	0	0	0	0	0	0	0	0	0	0	0	0	0	0	0	0	0	0	0	0	0	0	0	0	0	0	0	0	0	0	0
0	0	40	6	0	7	0	0	223	0	0	0	0	0	0	0	7	100	0	19	18	50	0	2	0	0	3	0	0	3	0	0	0	321	886	20	0	0	4	0	516	0	1	0	0	0	152	0	0	0	0	0	0	0	0	12	5	72	45	43	0	2	1	0	0	0	0	0	14	0	12	169	123	3	1
0	0	9	90	0	25	0	0	0	0	0	0	0	0	0	1	0	0	0	0	0	0	0	0	0	0	0	0	0	0	0	0	0	0	16	0	1	0	62	0	2	0	8	0	8	0	0	0	0	0	0	0	0	0	0	0	0	0	4	0	0	540	519	0	1	0	7	0	0	0	0	0	43	11	0
0	0	0	18	0	0	0	0	0	0	163	0	0	0	1	0	1	0	0	3	1	0	0	0	0	0	0	0	0	0	0	0	0	0	0	0	99	0	0	0	0	0	167	0	206	0	0	0	3	0	0	0	0	0	0	0	0	114	1	0	0	0	0	0	0	0	9	0	0	0	1	0	0	0	0
0	0	13	0	0	0	0	0	0	0	0	0	0	7	0	1	0	0	0	0	4	13	0	0	0	0	1	0	0	0	0	0	0	0	0	0	0	0	0	0	0	0	0	0	0	0	0	0	0	0	0	0	0	0	0	0	0	1	0	0	0	0	0	0	0	0	0	0	0	0	0	0	13	3	0
0	1	1	3	1	0	182	0	140	0	0	0	0	100	0	0	0	0	3	23	2	756	70	0	6	0	397	0	0	40	0	5	0	185	175	30	0	0	7	0	456	0	0	0	2	124	0	0	0	0	0	1	312	0	0	99	8	13	18	0	0	0	1	0	0	0	0	218	384	0	10	3	2	0	8
0	0	4	17	2	15	0	0	0	0	59	6	0	0	0	0	0	3	0	0	0	0	0	0	0	0	0	0	0	0	2	0	0	2	3	0	9	0	10	0	1	0	1	0	39	0	0	0	0	0	265	0	0	7	0	0	0	1	2	0	0	10	30	0	1	0	15	0	0	11	1	1	12	33	2
0	0	2	0	0	0	52	0	0	0	64	0	0	19	0	3	0	23	0	0	223	10	4	0	0	0	30	0	0	3	0	92	0	1	8	2	0	0	0	0	0	0	0	0	2	2	0	0	0	0	0	0	0	0	0	0	6	146	2	0	0	0	0	0	0	0	0	0	4	0	8	6	2	0	269
0	0	9	13	0	10	1	0	106	0	155	0	0	18	0	1	4	2	0	223	0	117	1	32	0	1	62	0	0	18	0	177	0	98	44	16	0	0	6	0	118	0	51	0	0	285	1	0	0	0	0	3	2	28	0	128	258	447	37	0	0	15	18	0	3	0	12	9	25	0	352	173	15	5	67
0	0	0	5	0	0	179	0	92	0	0	0	0	50	0	0	13	756	0	10	117	0	95	0	1	0	524	0	0	112	0	3	0	356	209	81	1	0	1	0	455	0	3	0	0	132	0	0	0	0	0	1	355	0	0	93	27	18	20	0	0	14	14	0	0	0	0	6	363	0	11	193	0	1	0
0	26	1	0	0	0	24	0	0	0	0	0	0	0	0	0	0	70	0	4	1	95	0	0	0	0	67	0	0	0	0	288	0	3	3	0	0	0	0	0	0	0	0	0	0	0	0	0	0	0	0	25	275	0	0	0	5	10	0	0	0	0	0	0	0	0	0	0	0	0	0	0	1	1	69
0	0	7	0	0	0	0	0	0	0	0	0	0	2	0	0	0	0	0	0	32	0	0	0	0	0	0	0	0	0	0	0	0	0	7	0	0	0	0	0	0	0	0	0	0	0	0	0	0	0	0	0	0	0	0	0	0	4	0	0	0	0	0	0	0	0	0	0	0	0	0	0	0	0	0
0	0	0	0	0	0	2	0	0	0	0	0	0	0	0	0	0	6	0	0	0	1	0	0	0	46	0	0	0	0	0	6	0	0	0	0	0	0	0	0	0	0	0	0	0	0	0	0	0	0	0	0	95	0	0	0	21	0	0	0	0	0	0	0	0	0	0	0	0	0	0	0	0	0	0
0	1	0	0	0	0	0	0	0	0	0	0	0	0	0	0	0	0	0	0	1	0	0	0	46	0	0	0	0	0	0	14	0	0	0	0	0	0	0	0	0	0	0	0	0	0	0	0	0	0	0	4	43	0	0	0	1	0	0	0	0	0	0	0	0	0	0	0	0	0	0	0	0	0	0
0	1	0	9	0	0	133	0	1	0	1	0	0	3	0	0	1	397	0	30	62	524	67	0	0	0	0	0	0	31	0	0	0	306	36	50	0	0	0	0	398	0	0	0	0	129	1	0	0	0	0	0	180	0	0	111	4	10	15	0	0	0	0	0	0	0	0	84	292	0	7	104	1	8	0
0	0	0	1	0	0	0	0	0	0	1	0	0	0	0	0	0	0	0	0	0	0	0	0	0	0	0	0	0	0	344	0	0	0	0	0	0	0	0	0	0	0	0	0	0	0	0	0	0	0	0	0	0	0	0	0	0	1	0	0	0	0	0	0	0	0	0	0	0	0	0	0	0	0	0
0	0	0	0	0	0	0	0	0	0	0	0	0	0	0	0	0	0	0	0	0	0	0	0	0	0	0	0	0	0	0	0	0	0	0	0	0	0	0	0	0	0	0	0	0	0	0	0	0	0	0	0	0	0	0	0	0	0	0	0	0	0	0	0	0	0	0	0	0	0	0	0	0	0	0
0	1	5	0	0	0	92	0	0	1	0	0	0	3	0	0	0	40	0	3	18	112	0	0	0	0	31	0	0	0	0	2	0	6	8	3	0	0	0	0	0	0	0	0	0	0	0	0	0	0	0	0	138	0	0	0	3	5	0	8	0	0	0	0	0	0	0	0	0	0	0	2	5	2	1
0	0	1	9	572	88	0	0	0	0	0	0	0	0	0	0	0	0	2	0	0	0	0	0	0	0	0	344	0	0	0	0	0	0	1	0	1279	0	0	0	0	0	0	0	10	0	0	0	0	0	0	0	0	0	0	0	0	11	0	0	0	6	0	0	0	0	1702	0	0	0	0	0	19	126	0
0	0	0	0	0	0	0	0	0	0	191	0	0	0	0	0	0	5	0	92	177	3	288	0	6	14	0	0	0	2	0	0	0	0	4	0	0	0	0	0	4	0	0	0	364	226	0	0	0	0	0	236	1	0	0	222	0	377	80	0	0	0	0	0	2	0	0	130	8	0	56	0	0	0	539
0	0	0	0	0	0	0	0	0	0	0	0	0	0	0	0	0	0	0	0	0	0	0	0	0	0	0	0	0	0	0	0	0	0	0	0	0	0	0	0	0	0	0	0	0	0	0	0	0	0	0	0	0	0	0	0	0	0	0	0	0	0	0	0	0	0	0	0	0	0	0	0	0	0	0
0	1	11	0	0	0	20	0	3	0	2	0	0	321	0	0	0	185	2	1	98	356	3	0	0	0	306	0	0	6	0	0	0	0	8	11	0	0	9	0	14	0	1	0	0	2	0	0	4	0	0	0	92	0	0	0	6	12	0	0	0	5	0	0	0	0	0	0	8	0	1	189	11	0	0
0	3	45	1	0	38	31	0	22	0	0	0	0	886	16	0	0	175	3	8	44	209	3	7	0	0	36	0	0	8	1	4	0	8	0	4	0	0	2	0	186	0	0	0	6	3	284	0	0	0	0	0	19	0	0	86	0	22	306	0	0	0	4	0	0	0	0	17	77	0	5	101	44	16	5
0	5	8	0	0	0	75	0	0	0	0	0	0	20	0	0	0	30	0	2	16	81	0	0	0	0	50	0	0	3	0	0	0	11	4	0	0	0	0	0	0	0	0	0	0	0	0	0	0	0	0	0	171	0	0	0	3	2	2	0	0	0	0	0	0	0	0	0	0	0	0	0	8	2	1
0	0	10	0	0	0	0	0	0	0	113	0	0	0	1	99	0	0	9	0	0	1	0	0	0	0	0	0	0	0	1279	0	0	0	0	0	0	0	0	0	0	0	0	0	0	0	0	0	16	0	0	0	0	0	0	0	0	2	0	0	0	0	0	0	0	0	0	0	0	0	0	0	10	3	12
0	0	0	0	0	0	0	0	0	0	0	0	0	0	0	0	0	0	0	0	0	0	0	0	0	0	0	0	0	0	0	0	0	0	0	0	0	0	0	0	0	0	0	0	0	0	0	0	0	0	0	0	0	0	0	0	0	0	0	0	0	0	0	0	0	0	0	0	0	0	0	0	0	0	0
0	1	14	0	0	0	1	0	0	0	0	0	0	4	62	0	0	7	10	0	6	1	0	0	0	0	0	0	0	0	0	0	0	9	2	0	0	0	0	0	0	0	0	0	2	0	0	0	0	0	0	0	0	0	0	0	3	4	2	6	0	0	0	0	0	0	0	0	0	0	0	72	14	17	0
0	0	0	0	0	0	0	0	0	0	0	0	0	0	0	0	0	0	0	0	0	0	0	0	0	0	0	0	0	0	0	0	0	0	0	0	0	0	0	0	0	0	0	0	0	0	0	0	0	0	0	0	0	0	0	0	0	0	0	0	0	0	0	0	0	0	0	0	0	0	0	0	0	0	0
0	0	56	0	0	0	74	0	0	0	0	0	0	516	2	0	0	456	1	0	118	455	0	0	0	0	398	0	0	0	0	4	0	14	186	0	0	0	0	0	0	0	0	0	0	0	0	0	0	0	0	0	193	0	0	0	4	5	0	0	0	0	0	0	0	0	0	0	0	0	0	246	40	8	0
0	0	0	0	0	0	0	0	0	0	0	0	0	0	0	0	0	0	0	0	0	0	0	0	0	0	0	0	0	0	0	0	0	0	0	0	0	0	0	0	0	0	0	0	0	0	0	0	0	0	0	0	0	0	0	0	0	0	0	0	0	0	0	0	0	0	0	0	0	0	0	0	0	0	0
0	0	182	0	0	0	2	0	0	0	108	20	0	1	8	167	0	0	1	0	51	3	0	0	0	0	0	0	0	0	0	0	0	1	0	0	0	0	0	0	0	0	0	0	2	0	0	0	1	0	0	0	0	0	0	0	0	6	0	2	0	0	0	0	0	0	0	0	0	0	0	0	182	3	0
0	0	0	0	0	0	0	0	0	0	0	0	0	0	0	0	0	0	0	0	0	0	0	0	0	0	0	0	0	0	0	0	0	0	0	0	0	0	0	0	0	0	0	0	0	0	0	0	0	0	0	0	0	0	0	0	0	0	0	0	0	0	0	0	0	0	0	0	0	0	0	0	0	0	0
0	0	13	0	0	2	0	0	0	0	528	0	0	0	8	206	0	2	39	2	0	0	0	0	0	0	0	0	0	0	10	364	0	0	6	0	0	0	2	0	0	0	2	0	0	0	0	0	28	0	0	58	0	0	0	0	0	74	0	0	0	0	2	0	0	0	0	4	0	1	0	0	13	6	484
0	0	3	0	0	0	86	0	0	0	0	0	0	0	0	0	0	124	0	2	285	132	0	0	0	0	129	0	0	0	0	226	0	2	3	0	0	0	0	0	0	0	0	0	0	0	0	0	0	0	0	27	0	0	0	0	0	45	0	0	0	0	0	0	0	0	0	0	0	0	0	0	3	1	38
0	0	2	0	0	0	0	0	0	0	0	0	0	152	0	0	0	0	0	0	1	0	0	0	0	0	1	0	0	0	0	0	0	0	284	0	0	0	0	0	0	0	0	0	0	0	0	0	0	0	0	1	0	0	0	0	0	0	0	0	0	0	0	0	0	0	0	0	0	0	0	0	2	1	0
0	0	0	0	0	0	0	0	0	0	0	0	0	0	0	0	0	0	0	0	0	0	0	0	0	0	0	0	0	0	0	0	0	0	0	0	0	0	0	0	0	0	0	0	0	0	0	0	0	0	0	0	0	0	0	0	0	0	0	0	0	0	0	0	0	0	0	0	0	0	0	0	0	0	0
0	0	0	19	5	0	0	0	0	0	19	0	0	0	0	3	0	0	0	0	0	0	0	0	0	0	0	0	0	0	0	0	0	4	0	0	16	0	0	0	0	0	1	0	28	0	0	0	0	0	0	0	0	0	0	0	0	14	0	0	0	2	7	0	0	0	24	0	0	0	10	0	0	0	0
0	0	0	0	0	0	0	0	0	0	0	0	0	0	0	0	0	0	0	0	0	0	0	0	0	0	0	0	0	0	0	0	0	0	0	0	0	0	0	0	0	0	0	0	0	0	0	0	0	0	0	0	0	0	0	0	0	0	0	0	0	0	0	0	0	0	0	0	0	0	0	0	0	0	0
0	0	0	0	0	0	0	0	0	1	0	0	0	0	0	0	0	0	265	0	0	0	0	0	0	0	0	0	0	0	0	0	0	0	0	0	0	0	0	0	0	0	0	0	0	0	0	0	0	0	0	0	0	0	0	0	0	0	0	0	0	0	0	0	0	0	0	0	0	0	0	0	0	0	0
0	0	0	0	0	0	0	0	0	0	55	0	0	0	0	0	0	1	0	0	3	1	25	0	0	4	0	0	0	0	0	236	0	0	0	0	0	0	0	0	0	0	0	0	58	27	1	0	0	0	0	0	0	0	0	24	0	0	1	0	0	0	0	0	0	0	0	19	0	0	1	0	1	0	184
0	0	0	13	0	0	0	0	1	0	0	0	0	0	0	0	0	312	0	0	2	355	275	0	95	43	180	0	0	138	0	1	0	92	19	171	0	0	0	0	193	0	0	0	0	0	0	0	0	0	0	0	0	0	0	130	62	0	93	0	0	0	0	0	0	0	0	213	196	0	0	50	3	0	0
0	0	0	0	0	0	0	0	0	0	32	0	0	0	0	0	0	0	7	0	28	0	0	0	0	0	0	0	0	0	0	0	0	0	0	0	0	0	0	0	0	0	0	0	0	0	0	0	0	0	0	0	0	0	0	0	0	0	0	0	0	0	0	0	0	0	0	0	0	0	0	0	0	0	33
0	0	0	0	0	0	0	0	0	0	0	0	0	0	0	0	0	0	0	0	0	0	0	0	0	0	0	0	0	0	0	0	0	0	0	0	0	0	0	0	0	0	0	0	0	0	0	0	0	0	0	0	0	0	0	0	0	0	0	0	0	0	0	0	0	0	0	0	0	0	0	0	0	0	0
0	3	1	0	0	0	24	0	0	0	0	0	0	12	0	0	0	99	0	0	128	93	0	0	0	0	111	0	0	0	0	222	0	0	86	0	0	0	0	0	0	0	0	0	0	0	0	0	0	0	0	24	130	0	0	0	41	2	0	0	0	0	0	0	0	0	0	0	0	0	0	0	1	0	3
0	0	0	0	0	0	3	0	0	0	0	0	0	5	0	0	0	8	0	6	258	27	5	0	21	1	4	0	0	3	0	0	0	6	0	3	0	0	3	0	4	0	0	0	0	0	0	0	0	0	0	0	62	0	0	41	0	35	1	0	0	0	0	0	0	0	0	0	1	0	7	3	0	0	0
0	0	28	124	0	0	0	0	0	0	464	0	0	72	0	114	1	13	1	146	447	18	10	4	0	0	10	1	0	5	11	377	0	12	22	2	2	0	4	0	5	0	6	0	74	45	0	0	14	0	0	0	0	0	0	2	35	0	0	22	0	1	7	0	0	0	17	9	0	0	173	9	34	2	182
0	0	37	0	0	0	5	0	0	0	0	0	0	45	4	1	0	18	2	2	37	20	0	0	0	0	15	0	0	0	0	80	0	0	306	2	0	0	2	0	0	0	0	0	0	0	0	0	0	0	0	1	93	0	0	0	1	0	0	0	0	0	0	0	0	0	0	2	0	0	0	0	37	2	104
0	0	1	0	0	0	0	0	0	0	0	0	0	43	0	0	0	0	0	0	0	0	0	0	0	0	0	0	0	8	0	0	0	0	0	0	0	0	6	0	0	0	2	0	0	0	0	0	0	0	0	0	0	0	0	0	0	22	0	0	0	0	0	0	0	0	0	10	0	0	10	0	1	0	0
0	0	0	0	0	0	0	0	0	0	0	0	0	0	0	0	0	0	0	0	0	0	0	0	0	0	0	0	0	0	0	0	0	0	0	0	0	0	0	0	0	0	0	0	0	0	0	0	0	0	0	0	0	0	0	0	0	0	0	0	0	0	0	0	0	0	0	0	0	0	0	0	0	0	0
0	5	56	0	0	0	0	0	0	0	0	0	0	2	540	0	0	0	10	0	15	14	0	0	0	0	0	0	0	0	6	0	0	5	0	0	0	0	0	0	0	0	0	0	0	0	0	0	2	0	0	0	0	0	0	0	0	1	0	0	0	0	0	0	0	0	0	0	0	0	0	0	56	33	0
0	0	169	0	0	0	0	0	0	0	0	0	0	1	519	0	0	1	30	0	18	14	0	0	0	0	0	0	0	0	0	0	0	0	4	0	0	0	0	0	0	0	0	0	2	0	0	0	7	0	0	0	0	0	0	0	0	7	0	0	0	0	0	0	0	0	0	0	0	1	0	0	169	77	0
0	0	0	0	0	0	0	0	0	0	0	0	0	0	0	0	0	0	0	0	0	0	0	0	0	0	0	0	0	0	0	0	0	0	0	0	0	0	0	0	0	0	0	0	0	0	0	0	0	0	0	0	0	0	0	0	0	0	0	0	0	0	0	0	0	0	0	0	0	0	0	0	0	0	0
0	0	36	0	0	0	0	0	0	0	0	18	0	0	1	0	0	0	1	0	3	0	0	0	0	0	0	0	0	0	0	2	0	0	0	0	0	0	0	0	0	0	0	0	0	0	0	0	0	0	0	0	0	0	0	0	0	0	0	0	0	0	0	0	0	0	0	0	0	0	0	0	35	1	0
0	0	0	0	0	0	0	0	0	0	0	0	0	0	0	0	0	0	0	0	0	0	0	0	0	0	0	0	0	0	0	0	0	0	0	0	0	0	0	0	0	0	0	0	0	0	0	0	0	0	0	0	0	0	0	0	0	0	0	0	0	0	0	0	0	0	0	0	0	0	0	0	0	0	0
0	0	1	0	0	0	0	0	0	0	226	0	0	0	7	9	0	0	15	0	12	0	0	0	0	0	0	0	0	0	1702	0	0	0	0	0	0	0	0	0	0	0	0	0	0	0	0	0	24	0	0	0	0	0	0	0	0	17	0	0	0	0	0	0	0	0	0	0	0	0	0	0	1	0	0
0	1	2	0	0	0	3	0	0	0	0	0	0	0	0	0	0	218	0	0	9	6	0	0	0	0	84	0	0	0	0	130	0	0	17	0	0	0	0	0	0	0	0	0	4	0	0	0	0	0	0	19	213	0	0	0	0	9	2	10	0	0	0	0	0	0	0	0	0	0	0	0	2	1	37
0	1	7	0	0	0	80	0	0	0	0	0	0	14	0	0	0	384	0	4	25	363	0	0	0	0	292	0	0	0	0	8	0	8	77	0	0	0	0	0	0	0	0	0	0	0	0	0	0	0	0	0	196	0	0	0	1	0	0	0	0	0	0	0	0	0	0	0	0	0	0	2	7	2	74
0	0	2	0	0	0	0	0	0	0	0	0	0	0	0	0	0	0	11	0	0	0	0	0	0	0	0	0	0	0	0	0	0	0	0	0	0	0	0	0	0	0	0	0	1	0	0	0	0	0	0	0	0	0	0	0	0	0	0	0	0	0	1	0	0	0	0	0	0	0	0	0	2	1	0
0	0	7	2	0	0	14	0	0	0	299	0	0	12	0	1	0	10	1	8	352	11	0	0	0	0	7	0	0	0	0	56	0	1	5	0	0	0	0	0	0	0	0	0	0	0	0	0	10	0	0	1	0	0	0	0	7	173	0	10	0	0	0	0	0	0	0	0	0	0	0	2	2	0	1
0	0	39	0	0	1	1	0	0	0	16	0	0	169	0	0	0	3	1	6	173	193	0	0	0	0	104	0	0	2	0	0	0	189	101	0	0	0	72	0	246	0	0	0	0	0	0	0	0	0	0	0	50	0	0	0	3	9	0	0	0	0	0	0	0	0	0	0	2	0	2	0	160	9	0
0	0	0	59	0	178	0	0	10	0	1	0	0	123	43	0	13	2	12	2	15	0	1	0	0	0	1	0	0	5	19	0	0	11	44	8	10	0	14	0	40	0	182	0	13	3	2	0	0	0	0	1	3	0	0	1	0	34	37	1	0	56	169	0	35	0	1	2	7	2	2	160	0	52	3
0	0	39	20	7	36	0	0	0	0	0	0	0	3	11	0	3	0	33	0	5	1	1	0	0	0	8	0	0	2	126	0	0	0	16	2	3	0	17	0	8	0	3	0	6	1	1	0	0	0	0	0	0	0	0	0	0	2	2	0	0	33	77	0	1	0	0	1	2	1	0	9	52	0	0
0	0	1	0	0	0	1	0	0	0	0	0	0	1	0	0	0	8	2	269	67	0	69	0	0	0	0	0	0	1	0	539	0	0	5	1	12	0	0	0	0	0	0	0	484	38	0	0	0	0	0	184	0	33	0	3	0	182	104	0	0	0	0	0	0	0	0	37	74	0	1	0	3	0	0
