0	0	0	0	0	0	0	0	0	0	0	0	0	0	0	0	0	0	0	0	0	0	0	0	0	0	0	0	0	0	0	0	0	0	0	0	0	0	0	0	0	0	0	0	0	0	0	0	0	0	0	0	0	0	0	0	0	0	0	0	0	0	0	0	0	0	0	0	0	0	0	0	0	0	0
0	0	0	0	0	0	0	0	2	0	0	0	0	108	0	40	0	15	0	7	3	2	73	0	126	122	1	0	0	48	0	5	0	17	67	103	0	0	0	0	43	1	0	0	0	60	0	0	0	0	0	1	218	0	0	198	19	0	2	0	0	0	0	0	0	0	0	100	0	0	1	80	0	0	0
0	0	0	0	0	15	0	2	5	0	0	0	0	3	5	0	0	0	2	1	3	0	0	0	0	0	0	0	0	2	0	0	0	2	4	3	0	0	0	0	6	0	1	0	2	0	0	3	3	0	0	0	0	1	0	2	0	1	1	2	0	2	7	0	2	0	0	0	0	0	2	5	0	1	0
0	0	0	0	6	8	0	0	0	0	175	14	0	1	113	32	4	1	26	3	3	3	0	0	0	0	0	214	0	0	0	1	0	3	1	0	2	0	0	0	0	159	45	0	155	0	4	43	71	0	0	0	0	2	0	0	0	198	0	12	0	60	111	0	23	0	120	0	0	0	167	1	15	5	10
0	0	0	6	0	0	0	0	0	0	9	0	0	0	0	1	0	0	1	0	0	0	0	0	0	0	0	72	0	0	0	0	0	0	0	0	0	0	0	0	16	36	0	0	0	0	0	0	0	0	0	0	0	0	0	0	0	0	0	0	0	0	0	0	0	0	1	0	0	0	0	3	0	0	0
0	0	15	8	0	0	0	3	0	0	10	116	0	143	32	0	84	1	2	0	1	0	0	0	0	0	1	0	0	0	0	1	0	7	230	1	0	0	0	0	11	0	243	0	0	0	5	0	1	0	0	0	1	0	0	2	0	18	17	2	0	5	563	0	185	0	0	0	0	0	7	10	81	344	5
0	0	0	0	0	0	0	0	0	0	0	0	0	0	0	0	0	0	0	0	0	0	0	0	0	0	0	0	0	0	0	0	0	0	0	0	0	0	0	0	0	0	0	0	0	0	0	0	0	0	0	0	0	0	0	0	0	0	0	0	0	0	0	0	0	0	0	0	0	0	0	0	0	0	0
0	0	2	0	0	3	0	0	0	0	0	35	0	0	0	1	0	0	21	0	1	0	0	0	4	0	0	0	0	0	0	0	0	0	1	1	0	0	0	0	0	130	0	0	0	16	0	0	0	0	0	0	2	0	0	2	1	0	2	0	0	0	3	0	0	0	0	0	0	0	0	0	0	13	0
0	2	5	0	0	0	0	0	0	0	0	0	0	326	0	0	0	10	0	0	132	35	0	0	0	1	59	0	0	26	0	0	0	13	10	36	0	0	0	0	33	0	0	0	0	0	0	0	0	0	0	0	76	0	0	0	0	1	19	22	0	0	0	0	0	0	0	0	0	0	1	2	0	1	0
0	0	0	0	0	0	0	0	0	0	0	0	0	0	0	0	0	0	0	0	0	0	0	0	0	0	0	0	0	0	0	0	0	0	0	0	0	0	0	0	0	0	0	0	0	0	0	0	0	0	0	0	0	0	0	0	0	0	0	0	0	0	0	0	0	0	0	0	0	0	0	0	0	0	0
0	0	0	175	9	10	0	0	0	0	0	3	0	0	2	114	2	0	2	0	1	0	0	0	0	0	0	2	0	0	0	155	0	20	0	0	0	0	0	0	2	11	118	0	159	2	0	0	135	0	0	1	0	167	0	0	0	165	1	0	0	5	43	0	0	0	62	0	0	0	42	0	0	1	0
0	0	0	14	0	116	0	35	0	0	3	0	0	0	66	0	1	0	2	0	2	0	0	0	0	0	0	0	0	0	0	7	0	1	0	0	0	0	0	0	1	19	7	0	0	0	0	0	0	0	0	0	0	0	0	0	0	0	0	0	0	8	139	0	3	0	0	0	0	0	0	0	0	86	0
0	0	0	0	0	0	0	0	0	0	0	0	0	0	0	0	0	0	0	0	0	0	0	0	0	0	0	0	0	0	0	0	0	0	0	0	0	0	0	0	0	0	0	0	0	0	0	0	0	0	0	0	0	0	0	0	0	0	0	0	0	0	0	0	0	0	0	0	0	0	0	0	0	0	0
0	108	3	1	0	143	0	0	326	0	0	0	0	0	6	0	45	48	2	133	21	68	5	0	4	1	4	0	0	57	0	1	0	146	403	116	0	0	0	0	403	15	3	0	1	0	4	2	0	0	0	0	6	0	0	8	6	28	38	19	0	1	6	0	25	0	0	0	0	0	3	295	83	4	10
0	0	5	113	0	32	0	0	0	0	2	66	0	6	0	0	3	0	6	0	4	2	0	0	0	0	0	3	0	0	0	26	0	46	0	1	0	0	0	0	0	24	50	0	7	0	0	137	60	0	0	0	0	0	0	0	25	26	9	2	0	276	892	0	127	0	1	0	0	0	2	0	17	38	0
0	40	0	32	1	0	0	1	0	0	114	0	0	0	0	0	20	0	0	6	3	0	0	0	0	0	0	0	0	0	0	0	0	0	0	0	0	0	0	0	1	0	20	0	18	0	0	0	0	0	0	0	0	28	0	0	0	38	1	3	0	0	0	0	0	0	1	1	0	0	10	0	0	0	0
0	0	0	4	0	84	0	0	0	0	2	1	0	45	3	20	0	2	0	0	1	2	0	0	0	1	0	0	0	0	0	0	0	0	7	0	0	0	0	0	0	2	0	0	0	18	0	0	0	0	0	0	1	0	0	5	0	4	6	0	0	0	118	0	0	0	0	0	0	0	0	0	0	34	0
0	15	0	1	0	1	0	0	10	0	0	0	0	48	0	0	2	0	1	90	90	217	105	0	3	2	168	0	0	204	0	2	0	75	100	157	0	0	0	0	306	13	0	0	0	175	11	0	0	0	0	0	215	0	0	107	1	23	20	11	0	0	0	0	0	0	0	290	0	0	10	179	3	0	61
0	0	2	26	1	2	0	21	0	0	2	2	0	2	6	0	0	1	0	0	4	0	1	0	0	1	0	1	0	0	0	7	0	30	8	1	0	0	0	0	0	4	11	0	49	27	6	8	42	0	392	6	0	28	0	7	0	56	11	1	0	32	68	0	0	0	1	2	0	0	9	5	12	11	2
0	7	1	3	0	0	0	0	0	0	0	0	0	133	0	6	0	90	0	0	114	59	0	0	14	1	84	0	0	187	0	0	0	5	1	66	0	0	0	0	37	2	0	0	0	37	0	0	0	0	0	0	102	29	0	0	2	75	31	136	0	0	1	0	0	0	0	0	0	0	25	2	0	0	0
0	3	3	3	0	1	0	1	132	0	1	2	0	21	4	3	1	90	4	114	0	29	0	0	0	0	14	0	0	83	0	0	0	98	34	106	0	0	0	0	177	8	2	0	0	0	2	1	0	0	0	0	72	1	0	26	0	29	15	22	0	2	38	0	0	0	0	0	0	0	3	116	79	0	17
0	2	0	3	0	0	0	0	35	0	0	0	0	68	2	0	2	217	0	59	29	0	8	0	6	4	192	0	0	39	0	0	0	77	130	59	0	0	0	0	143	18	0	0	0	131	1	1	0	0	1	0	79	0	0	24	28	7	3	0	0	3	12	0	0	0	0	0	0	0	0	85	3	0	14
0	73	0	0	0	0	0	0	0	0	0	0	0	5	0	0	0	105	1	0	0	8	0	0	0	0	11	0	0	27	0	0	0	0	8	35	0	0	0	0	2	0	0	0	0	83	0	0	0	0	0	0	127	0	0	90	0	0	1	4	0	0	0	0	0	0	0	16	0	0	0	0	0	0	0
0	0	0	0	0	0	0	0	0	0	0	0	0	0	0	0	0	0	0	0	0	0	0	0	0	0	0	0	0	0	0	0	0	0	0	0	0	0	0	0	0	0	0	0	0	0	0	0	0	0	0	0	0	0	0	0	0	0	0	0	0	0	0	0	0	0	0	0	0	0	0	0	0	0	0
0	126	0	0	0	0	0	4	0	0	0	0	0	4	0	0	0	3	0	14	0	6	0	0	0	797	3	0	0	27	0	71	0	0	6	38	0	0	0	0	2	2	0	0	0	373	0	0	2	0	0	8	67	554	0	514	588	5	0	0	0	0	4	0	0	0	0	8	0	0	4	6	0	0	2
0	122	0	0	0	0	0	0	1	0	0	0	0	1	0	0	1	2	1	1	0	4	0	0	797	0	2	0	0	2	0	4	0	0	1	13	0	0	0	0	3	1	0	0	0	119	0	0	0	0	0	6	22	38	0	140	171	4	1	0	0	0	2	0	0	0	0	1	0	0	2	1	0	0	0
0	1	0	0	0	1	0	0	59	0	0	0	0	4	0	0	0	168	0	84	14	192	11	0	3	2	0	0	0	34	0	1	0	173	52	101	0	0	0	0	343	8	0	0	0	104	3	0	0	0	0	0	369	2	0	76	15	4	11	4	0	0	1	0	0	0	1	39	0	0	3	11	33	0	1
0	0	0	214	72	0	0	0	0	0	2	0	0	0	3	0	0	0	1	0	0	0	0	0	0	0	0	0	0	0	0	0	0	2	0	0	0	0	0	0	0	286	1	0	1	0	1	1	155	0	0	0	0	0	0	0	0	1	2	1	0	1	1	0	0	0	90	0	0	0	0	0	1	0	0
0	0	0	0	0	0	0	0	0	0	0	0	0	0	0	0	0	0	0	0	0	0	0	0	0	0	0	0	0	0	0	0	0	0	0	0	0	0	0	0	0	0	0	0	0	0	0	0	0	0	0	0	0	0	0	0	0	0	0	0	0	0	0	0	0	0	0	0	0	0	0	0	0	0	0
0	48	2	0	0	0	0	0	26	0	0	0	0	57	0	0	0	204	0	187	83	39	27	0	27	2	34	0	0	0	0	0	0	46	26	384	0	0	0	0	199	0	6	0	0	99	6	0	0	0	0	0	157	1	0	13	0	12	76	282	0	0	0	0	0	0	0	102	0	0	3	58	28	0	11
0	0	0	0	0	0	0	0	0	0	0	0	0	0	0	0	0	0	0	0	0	0	0	0	0	0	0	0	0	0	0	0	0	0	0	0	0	0	0	0	0	0	0	0	0	0	0	0	0	0	0	0	0	0	0	0	0	0	0	0	0	0	0	0	0	0	0	0	0	0	0	0	0	0	0
0	5	0	1	0	1	0	0	0	0	155	7	0	1	26	0	0	2	7	0	0	0	0	0	71	4	1	0	0	0	0	0	0	1	0	1	0	0	0	0	0	0	0	0	55	23	0	34	15	0	0	458	0	321	0	156	1	144	0	21	0	14	20	0	0	0	0	103	0	0	27	0	0	2	42
0	0	0	0	0	0	0	0	0	0	0	0	0	0	0	0	0	0	0	0	0	0	0	0	0	0	0	0	0	0	0	0	0	0	0	0	0	0	0	0	0	0	0	0	0	0	0	0	0	0	0	0	0	0	0	0	0	0	0	0	0	0	0	0	0	0	0	0	0	0	0	0	0	0	0
0	17	2	3	0	7	0	0	13	0	20	1	0	146	46	0	0	75	30	5	98	77	0	0	0	0	173	2	0	46	0	1	0	0	13	55	0	0	0	0	72	8	0	0	1	19	1	0	0	0	0	0	79	0	0	6	2	6	17	6	0	0	210	0	0	0	0	0	0	0	2	6	1	52	3
0	67	4	1	0	230	0	1	10	0	0	0	0	403	0	0	7	100	8	1	34	130	8	0	6	1	52	0	0	26	0	0	0	13	0	12	0	0	0	0	124	2	1	0	16	11	0	0	0	0	0	0	47	14	0	13	0	10	54	1	0	0	16	0	6	0	0	35	0	0	2	86	65	368	7
0	103	3	0	0	1	0	1	36	0	0	0	0	116	1	0	0	157	1	66	106	59	35	0	38	13	101	0	0	384	0	1	0	55	12	0	0	0	0	0	168	2	0	0	1	78	1	0	0	0	0	0	247	0	0	19	27	16	74	216	0	0	14	0	1	0	0	77	0	0	6	69	2	2	6
0	0	0	2	0	0	0	0	0	0	0	0	0	0	0	0	0	0	0	0	0	0	0	0	0	0	0	0	0	0	0	0	0	0	0	0	0	0	0	0	0	0	0	0	0	1	0	0	0	0	0	0	0	0	0	0	0	0	3	0	0	0	1	0	0	0	0	0	0	0	0	0	0	0	0
0	0	0	0	0	0	0	0	0	0	0	0	0	0	0	0	0	0	0	0	0	0	0	0	0	0	0	0	0	0	0	0	0	0	0	0	0	0	0	0	0	0	0	0	0	0	0	0	0	0	0	0	0	0	0	0	0	0	0	0	0	0	0	0	0	0	0	0	0	0	0	0	0	0	0
0	0	0	0	0	0	0	0	0	0	0	0	0	0	0	0	0	0	0	0	0	0	0	0	0	0	0	0	0	0	0	0	0	0	0	0	0	0	0	0	0	0	0	0	0	0	0	0	0	0	0	0	0	0	0	0	0	0	0	0	0	0	0	0	0	0	0	0	0	0	0	0	0	0	0
0	0	0	0	0	0	0	0	0	0	0	0	0	0	0	0	0	0	0	0	0	0	0	0	0	0	0	0	0	0	0	0	0	0	0	0	0	0	0	0	0	0	0	0	0	0	0	0	0	0	0	0	0	0	0	0	0	0	0	0	0	0	0	0	0	0	0	0	0	0	0	0	0	0	0
0	43	6	0	16	11	0	0	33	0	2	1	0	403	0	1	0	306	0	37	177	143	2	0	2	3	343	0	0	199	0	0	0	72	124	168	0	0	0	0	0	2	2	0	0	65	17	0	0	0	0	0	263	0	0	3	0	2	23	21	0	0	0	0	0	0	0	0	0	0	4	44	0	0	0
0	1	0	159	36	0	0	130	0	0	11	19	0	15	24	0	2	13	4	2	8	18	0	0	2	1	8	286	0	0	0	0	0	8	2	2	0	0	0	0	2	0	2	0	160	3	0	5	118	0	0	3	0	7	0	3	8	2	0	0	0	3	47	0	0	0	126	0	0	0	0	2	0	23	2
0	0	1	45	0	243	0	0	0	0	118	7	0	3	50	20	0	0	11	0	2	0	0	0	0	0	0	1	0	6	0	0	0	0	1	0	0	0	0	0	2	2	0	0	0	0	0	0	0	0	0	0	0	0	0	0	0	6	39	362	0	0	147	0	0	0	0	0	0	0	1	0	0	23	0
0	0	0	0	0	0	0	0	0	0	0	0	0	0	0	0	0	0	0	0	0	0	0	0	0	0	0	0	0	0	0	0	0	0	0	0	0	0	0	0	0	0	0	0	0	0	0	0	0	0	0	0	0	0	0	0	0	0	5	0	0	0	0	0	0	0	0	0	0	0	0	0	0	0	0
0	0	2	155	0	0	0	0	0	0	159	0	0	1	7	18	0	0	49	0	0	0	0	0	0	0	0	1	0	0	0	55	0	1	16	1	0	0	0	0	0	160	0	0	0	5	0	0	0	0	0	20	0	47	0	0	0	33	45	78	0	0	31	0	0	0	0	0	0	0	9	0	0	13	0
0	60	0	0	0	0	0	16	0	0	2	0	0	0	0	0	18	175	27	37	0	131	83	0	373	119	104	0	0	99	0	23	0	19	11	78	1	0	0	0	65	3	0	0	5	0	0	0	17	0	0	22	21	187	0	293	5	228	26	0	0	27	33	0	0	0	0	65	0	0	5	0	2	1	25
0	0	0	4	0	5	0	0	0	0	0	0	0	4	0	0	0	11	6	0	2	1	0	0	0	0	3	1	0	6	0	0	0	1	0	1	0	0	0	0	17	0	0	0	0	0	0	0	0	0	0	0	1	0	0	4	0	3	11	12	0	0	2	0	0	0	0	0	0	0	0	0	0	3	0
0	0	3	43	0	0	0	0	0	0	0	0	0	2	137	0	0	0	8	0	1	1	0	0	0	0	0	1	0	0	0	34	0	0	0	0	0	0	0	0	0	5	0	0	0	0	0	0	0	0	0	0	0	0	0	0	0	1	3	138	0	0	14	0	0	0	0	0	0	0	0	0	0	0	0
0	0	3	71	0	1	0	0	0	0	135	0	0	0	60	0	0	0	42	0	0	0	0	0	2	0	0	155	0	0	0	15	0	0	0	0	0	0	0	0	0	118	0	0	0	17	0	0	0	0	0	0	0	14	0	11	0	145	10	0	0	0	85	0	0	0	0	0	0	0	9	0	0	3	0
0	0	0	0	0	0	0	0	0	0	0	0	0	0	0	0	0	0	0	0	0	0	0	0	0	0	0	0	0	0	0	0	0	0	0	0	0	0	0	0	0	0	0	0	0	0	0	0	0	0	0	0	0	0	0	0	0	0	0	0	0	0	0	0	0	0	0	0	0	0	0	0	0	0	0
0	0	0	0	0	0	0	0	0	0	0	0	0	0	0	0	0	0	392	0	0	1	0	0	0	0	0	0	0	0	0	0	0	0	0	0	0	0	0	0	0	0	0	0	0	0	0	0	0	0	0	0	0	0	0	0	0	0	0	0	0	0	0	0	0	0	0	0	0	0	0	0	0	0	0
0	1	0	0	0	0	0	0	0	0	1	0	0	0	0	0	0	0	6	0	0	0	0	0	8	6	0	0	0	0	0	458	0	0	0	0	0	0	0	0	0	3	0	0	20	22	0	0	0	0	0	0	0	50	0	3	0	13	0	0	0	0	0	0	0	0	0	9	0	0	62	0	0	0	0
0	218	0	0	0	1	0	2	76	0	0	0	0	6	0	0	1	215	0	102	72	79	127	0	67	22	369	0	0	157	0	0	0	79	47	247	0	0	0	0	263	0	0	0	0	21	1	0	0	0	0	0	0	0	0	219	191	8	10	0	0	1	0	0	0	0	0	42	0	0	2	29	28	1	0
0	0	1	2	0	0	0	0	0	0	167	0	0	0	0	28	0	0	28	29	1	0	0	0	554	38	2	0	0	1	0	321	0	0	14	0	0	0	0	0	0	7	0	0	47	187	0	0	14	0	0	50	0	0	0	186	3	242	77	0	0	0	0	0	0	0	0	8	0	0	149	0	0	0	35
0	0	0	0	0	0	0	0	0	0	0	0	0	0	0	0	0	0	0	0	0	0	0	0	0	0	0	0	0	0	0	0	0	0	0	0	0	0	0	0	0	0	0	0	0	0	0	0	0	0	0	0	0	0	0	0	0	0	0	0	0	0	0	0	0	0	0	0	0	0	0	0	0	0	0
0	198	2	0	0	2	0	2	0	0	0	0	0	8	0	0	5	107	7	0	26	24	90	0	514	140	76	0	0	13	0	156	0	6	13	19	0	0	0	0	3	3	0	0	0	293	4	0	11	0	0	3	219	186	0	0	246	22	10	6	0	0	1	0	0	0	0	12	0	0	1	4	0	6	0
0	19	0	0	0	0	0	1	0	0	0	0	0	6	25	0	0	1	0	2	0	28	0	0	588	171	15	0	0	0	0	1	0	2	0	27	0	0	0	0	0	8	0	0	0	5	0	0	0	0	0	0	191	3	0	246	0	169	0	0	0	0	18	0	0	0	0	0	0	0	236	0	0	0	0
0	0	1	198	0	18	0	0	1	0	165	0	0	28	26	38	4	23	56	75	29	7	0	0	5	4	4	1	0	12	0	144	0	6	10	16	0	0	0	0	2	2	6	0	33	228	3	1	145	0	0	13	8	242	0	22	169	0	80	94	0	3	49	0	0	0	1	6	0	0	189	12	2	9	34
0	2	1	0	0	17	0	2	19	0	1	0	0	38	9	1	6	20	11	31	15	3	1	0	0	1	11	2	0	76	0	0	0	17	54	74	3	0	0	0	23	0	39	5	45	26	11	3	10	0	0	0	10	77	0	10	0	80	0	197	0	6	102	0	14	0	0	68	0	0	2	42	0	6	118
0	0	2	12	0	2	0	0	22	0	0	0	0	19	2	3	0	11	1	136	22	0	4	0	0	0	4	1	0	282	0	21	0	6	1	216	0	0	0	0	21	0	362	0	78	0	12	138	0	0	0	0	0	0	0	6	0	94	197	0	0	0	1	0	0	0	0	346	0	0	248	44	6	1	0
0	0	0	0	0	0	0	0	0	0	0	0	0	0	0	0	0	0	0	0	0	0	0	0	0	0	0	0	0	0	0	0	0	0	0	0	0	0	0	0	0	0	0	0	0	0	0	0	0	0	0	0	0	0	0	0	0	0	0	0	0	0	0	0	0	0	0	0	0	0	0	0	0	0	0
0	0	2	60	0	5	0	0	0	0	5	8	0	1	276	0	0	0	32	0	2	3	0	0	0	0	0	1	0	0	0	14	0	0	0	0	0	0	0	0	0	3	0	0	0	27	0	0	0	0	0	0	1	0	0	0	0	3	6	0	0	0	309	0	0	0	0	0	0	0	0	0	0	7	0
0	0	7	111	0	563	0	3	0	0	43	139	0	6	892	0	118	0	68	1	38	12	0	0	4	2	1	1	0	0	0	20	0	210	16	14	1	0	0	0	0	47	147	0	31	33	2	14	85	0	0	0	0	0	0	1	18	49	102	1	0	309	0	0	29	0	2	0	0	0	9	16	16	124	13
0	0	0	0	0	0	0	0	0	0	0	0	0	0	0	0	0	0	0	0	0	0	0	0	0	0	0	0	0	0	0	0	0	0	0	0	0	0	0	0	0	0	0	0	0	0	0	0	0	0	0	0	0	0	0	0	0	0	0	0	0	0	0	0	0	0	0	0	0	0	0	0	0	0	0
0	0	2	23	0	185	0	0	0	0	0	3	0	25	127	0	0	0	0	0	0	0	0	0	0	0	0	0	0	0	0	0	0	0	6	1	0	0	0	0	0	0	0	0	0	0	0	0	0	0	0	0	0	0	0	0	0	0	14	0	0	0	29	0	0	0	0	0	0	0	0	0	0	87	0
0	0	0	0	0	0	0	0	0	0	0	0	0	0	0	0	0	0	0	0	0	0	0	0	0	0	0	0	0	0	0	0	0	0	0	0	0	0	0	0	0	0	0	0	0	0	0	0	0	0	0	0	0	0	0	0	0	0	0	0	0	0	0	0	0	0	0	0	0	0	0	0	0	0	0
0	0	0	120	1	0	0	0	0	0	62	0	0	0	1	1	0	0	1	0	0	0	0	0	0	0	1	90	0	0	0	0	0	0	0	0	0	0	0	0	0	126	0	0	0	0	0	0	0	0	0	0	0	0	0	0	0	1	0	0	0	0	2	0	0	0	0	0	0	0	0	0	0	2	0
0	100	0	0	0	0	0	0	0	0	0	0	0	0	0	1	0	290	2	0	0	0	16	0	8	1	39	0	0	102	0	103	0	0	35	77	0	0	0	0	0	0	0	0	0	65	0	0	0	0	0	9	42	8	0	12	0	6	68	346	0	0	0	0	0	0	0	0	0	0	0	0	0	1	0
0	0	0	0	0	0	0	0	0	0	0	0	0	0	0	0	0	0	0	0	0	0	0	0	0	0	0	0	0	0	0	0	0	0	0	0	0	0	0	0	0	0	0	0	0	0	0	0	0	0	0	0	0	0	0	0	0	0	0	0	0	0	0	0	0	0	0	0	0	0	0	0	0	0	0
0	0	0	0	0	0	0	0	0	0	0	0	0	0	0	0	0	0	0	0	0	0	0	0	0	0	0	0	0	0	0	0	0	0	0	0	0	0	0	0	0	0	0	0	0	0	0	0	0	0	0	0	0	0	0	0	0	0	0	0	0	0	0	0	0	0	0	0	0	0	0	0	0	0	0
0	1	2	167	0	7	0	0	1	0	42	0	0	3	2	10	0	10	9	25	3	0	0	0	4	2	3	0	0	3	0	27	0	2	2	6	0	0	0	0	4	0	1	0	9	5	0	0	9	0	0	62	2	149	0	1	236	189	2	248	0	0	9	0	0	0	0	0	0	0	0	2	4	1	1
0	80	5	1	3	10	0	0	2	0	0	0	0	295	0	0	0	179	5	2	116	85	0	0	6	1	11	0	0	58	0	0	0	6	86	69	0	0	0	0	44	2	0	0	0	0	0	0	0	0	0	0	29	0	0	4	0	12	42	44	0	0	16	0	0	0	0	0	0	0	2	0	0	0	0
0	0	0	15	0	81	0	0	0	0	0	0	0	83	17	0	0	3	12	0	79	3	0	0	0	0	33	1	0	28	0	0	0	1	65	2	0	0	0	0	0	0	0	0	0	2	0	0	0	0	0	0	28	0	0	0	0	2	0	6	0	0	16	0	0	0	0	0	0	0	4	0	0	15	0
0	0	1	5	0	344	0	13	1	0	1	86	0	4	38	0	34	0	11	0	0	0	0	0	0	0	0	0	0	0	0	2	0	52	368	2	0	0	0	0	0	23	23	0	13	1	3	0	3	0	0	0	1	0	0	6	0	9	6	1	0	7	124	0	87	0	2	1	0	0	1	0	15	0	0
0	0	0	10	0	5	0	0	0	0	0	0	0	10	0	0	0	61	2	0	17	14	0	0	2	0	1	0	0	11	0	42	0	3	7	6	0	0	0	0	0	2	0	0	0	25	0	0	0	0	0	0	0	35	0	0	0	34	118	0	0	0	13	0	0	0	0	0	0	0	1	0	0	0	0
