0	0	0	0	0	0	0	0	0	0	0	0	0	0	0	0	0	0	0	0	0	0	0	0	0	0	0	0	0	0	0	0	0	0	0	0	0	0	0	0	0	0	0	0	0	0	0	0	0	0	0	0	0	0	0	0	0	0	0	0	0	0	0	0	0	0	0	0	0	0	0	0	0	0	0
0	0	0	0	0	0	0	0	0	0	0	0	0	0	0	0	0	0	0	0	0	0	0	0	0	0	0	0	0	70	0	2	0	2	1	0	0	0	0	0	0	0	0	0	0	0	0	0	0	0	0	0	45	0	0	89	0	1	1	0	0	0	0	0	0	0	0	54	0	0	0	0	0	0	0
0	0	0	13	3	87	0	0	92	0	1	1	0	88	11	3	30	3	0	2	0	0	0	0	0	0	0	1	0	1	0	0	0	11	70	0	1	0	0	0	32	4	5	0	1	2	6	11	0	0	0	0	1	0	0	2	0	16	10	64	0	20	20	0	86	0	1	2	0	1	0	68	0	2	0
0	0	13	0	2	169	0	2	1	0	121	55	0	8	346	175	58	0	3	0	1	2	0	0	0	0	0	304	0	1	0	8	0	142	0	0	116	0	0	0	1	116	24	0	89	8	0	118	120	0	0	0	0	0	0	0	1	154	3	0	0	116	115	0	15	0	108	0	1	7	58	0	110	19	0
0	0	3	2	0	9	0	0	0	0	1	0	0	0	0	0	0	1	1	0	0	0	0	0	0	0	0	90	0	0	0	0	0	1	0	0	0	0	0	0	0	1	0	0	0	0	0	0	0	0	0	0	0	0	0	0	0	2	5	0	0	0	8	0	0	0	0	0	0	0	0	8	0	4	0
0	0	87	169	9	0	0	0	1	0	1	232	0	269	133	21	156	8	44	1	1	4	0	0	0	0	0	15	0	0	0	4	0	35	439	2	14	0	0	0	176	68	115	0	1	0	4	8	3	0	0	0	0	0	0	9	0	32	77	2	0	139	350	0	200	0	0	1	2	73	19	38	214	575	1
0	0	0	0	0	0	0	0	0	0	0	0	0	0	0	0	0	0	0	0	0	0	0	0	0	0	0	0	0	0	0	0	0	0	0	0	0	0	0	0	0	0	0	0	0	0	0	0	0	0	0	0	0	0	0	0	0	0	0	0	0	0	0	0	0	0	0	0	0	0	0	0	0	0	0
0	0	0	2	0	0	0	0	0	0	0	0	0	0	0	0	0	6	7	0	0	9	0	0	0	0	5	0	0	0	0	0	0	1	0	0	0	0	0	0	1	71	0	0	0	1	0	0	0	0	0	0	3	0	0	0	0	0	33	0	0	0	0	0	0	0	0	0	0	0	0	0	0	3	0
0	0	92	1	0	1	0	0	0	0	0	2	0	210	0	0	0	8	1	0	1	33	1	0	2	0	24	0	0	45	0	0	0	8	76	0	0	0	0	0	190	0	0	0	0	0	0	0	0	0	0	0	2	0	0	1	0	3	40	0	0	0	0	0	0	0	0	0	0	0	3	0	0	0	0
0	0	0	0	0	0	0	0	0	0	0	0	0	0	0	0	0	0	0	0	0	0	0	0	0	0	0	0	0	0	0	0	0	0	0	0	0	0	0	0	0	0	0	0	0	0	0	0	0	0	0	0	0	0	0	0	0	0	0	0	0	0	0	0	0	0	0	0	0	0	0	0	0	0	0
0	0	1	121	1	1	0	0	0	0	0	0	0	6	10	224	0	7	21	69	3	13	0	0	0	0	0	24	0	20	0	50	0	1	0	0	110	0	0	0	2	72	102	0	136	0	10	0	151	0	0	21	0	0	0	1	0	229	22	0	0	11	7	0	0	0	112	0	0	0	8	0	1	0	0
0	0	1	55	0	232	0	0	2	0	0	0	0	10	79	3	60	9	0	3	9	0	4	0	0	0	3	1	0	3	0	18	0	2	6	23	0	0	0	0	26	1	105	0	6	0	0	9	0	0	0	0	56	0	0	1	0	9	78	0	0	74	9	0	38	0	0	25	4	67	0	27	9	160	0
0	0	0	0	0	0	0	0	0	0	0	0	0	0	0	0	0	0	0	0	0	0	0	0	0	0	0	0	0	0	0	0	0	0	0	0	0	0	0	0	0	0	0	0	0	0	0	0	0	0	0	0	0	0	0	0	0	0	0	0	0	0	0	0	0	0	0	0	0	0	0	0	0	0	0
0	0	88	8	0	269	0	0	210	0	6	10	0	0	2	0	29	95	5	142	1	204	1	6	1	0	1	0	0	1	0	0	0	234	535	2	1	0	0	0	498	20	3	0	2	2	53	1	1	0	0	0	6	0	0	7	1	72	81	46	0	2	6	0	6	0	0	3	4	0	4	297	108	12	9
0	0	11	346	0	133	0	0	0	0	10	79	0	2	0	12	10	0	1	0	0	0	0	0	0	0	1	19	0	0	0	0	0	38	2	0	4	0	0	0	0	0	25	0	3	0	0	50	1	0	0	0	0	0	0	1	0	3	12	0	0	368	478	0	4	0	5	1	0	0	0	1	213	20	0
0	0	3	175	0	21	0	0	0	0	224	3	0	0	12	0	16	1	26	31	0	0	0	0	0	0	0	0	0	0	0	1	0	7	0	0	237	0	0	0	1	62	136	0	245	0	11	2	233	0	0	0	0	0	0	0	0	106	23	0	0	6	21	0	1	0	124	0	0	2	61	0	15	2	0
0	0	30	58	0	156	0	0	0	0	0	60	0	29	10	16	0	0	3	0	2	4	0	0	0	0	5	1	0	0	0	14	0	4	119	1	0	0	0	0	20	0	0	0	0	13	0	0	0	0	0	0	7	0	0	6	0	3	8	2	0	1	136	0	0	0	0	0	0	0	0	0	0	125	0
0	0	3	0	1	8	0	6	8	0	7	9	0	95	0	1	0	0	7	175	1	376	52	0	0	0	196	0	0	45	0	3	0	135	128	29	1	0	0	0	321	5	0	0	4	5	25	0	0	0	0	1	294	3	0	115	6	11	44	1	0	0	0	0	0	0	0	80	39	0	23	63	8	1	8
0	0	0	3	1	44	0	7	1	0	21	0	0	5	1	26	3	7	0	0	0	0	0	0	0	0	2	0	0	0	0	0	0	19	0	0	8	0	0	0	0	8	2	0	28	0	0	0	27	0	270	4	0	0	0	0	0	3	10	0	0	0	0	0	0	0	0	0	8	0	0	0	0	40	0
0	0	2	0	0	1	0	0	0	0	69	3	0	142	0	31	0	175	0	0	18	154	4	0	0	0	259	0	0	188	0	9	0	10	28	1	0	0	0	0	194	0	14	0	0	0	0	0	0	0	0	26	118	0	0	10	38	61	37	0	0	0	0	0	0	0	0	0	0	0	6	1	0	1	0
0	0	0	1	0	1	0	0	1	0	3	9	0	1	0	0	2	1	0	18	0	0	2	0	0	0	1	0	0	6	0	0	0	2	0	5	4	0	0	0	16	1	0	0	0	0	0	0	0	0	0	0	0	0	0	1	0	63	1	0	0	7	0	0	0	0	2	0	0	0	0	27	0	1	0
0	0	0	2	0	4	0	9	33	0	13	0	0	204	0	0	4	376	0	154	0	0	10	0	7	0	408	0	0	13	0	1	0	154	197	16	1	0	0	0	486	0	1	0	1	11	0	0	0	0	0	1	243	1	0	76	0	3	21	1	0	4	5	0	0	0	1	1	31	0	4	6	0	3	1
0	0	0	0	0	0	0	0	1	0	0	4	0	1	0	0	0	52	0	4	2	10	0	5	292	28	85	0	0	79	0	84	0	0	10	10	0	0	0	0	6	0	0	0	0	10	0	0	0	0	0	29	61	0	0	170	7	0	47	0	0	0	0	0	0	0	0	19	8	0	0	1	1	1	5
0	0	0	0	0	0	0	0	0	0	0	0	0	6	0	0	0	0	0	0	0	0	5	0	30	16	0	0	0	0	0	0	0	0	2	0	0	0	0	0	0	0	0	0	0	0	0	0	0	0	0	0	0	0	0	1	8	1	4	0	0	0	0	0	0	0	0	0	0	0	1	0	0	1	0
0	0	0	0	0	0	0	0	2	0	0	0	0	1	0	0	0	0	0	0	0	7	292	30	0	914	11	0	0	31	0	2	0	16	0	66	0	0	0	0	7	0	0	0	0	0	0	0	0	0	0	49	6	0	0	198	386	65	6	0	0	0	0	0	0	0	0	6	20	0	0	4	0	0	0
0	0	0	0	0	0	0	0	0	0	0	0	0	0	0	0	0	0	0	0	0	0	28	16	914	0	2	0	0	2	0	0	0	0	0	0	0	0	0	0	0	0	0	0	0	0	0	0	0	0	0	3	0	0	0	0	26	0	0	0	0	0	0	0	0	0	0	0	10	0	0	0	0	0	0
0	0	0	0	0	0	0	5	24	0	0	3	0	1	1	0	5	196	2	259	1	408	85	0	11	2	0	0	0	90	0	6	0	204	30	108	0	0	0	0	286	0	0	0	1	5	11	0	0	0	0	0	396	1	0	131	11	18	30	0	0	0	0	0	0	0	0	120	31	0	1	45	1	1	5
0	0	1	304	90	15	0	0	0	0	24	1	0	0	19	0	1	0	0	0	0	0	0	0	0	0	0	0	0	0	0	2	0	7	1	0	360	0	0	0	0	362	1	0	9	0	1	2	104	0	0	0	0	0	0	0	0	1	0	0	0	17	21	0	2	0	229	0	0	1	3	0	10	1	0
0	0	0	0	0	0	0	0	0	0	0	0	0	0	0	0	0	0	0	0	0	0	0	0	0	0	0	0	0	0	0	0	0	0	0	0	0	0	0	0	0	0	0	0	0	0	0	0	0	0	0	0	0	0	0	0	0	0	0	0	0	0	0	0	0	0	0	0	0	0	0	0	0	0	0
0	70	1	1	0	0	0	0	45	0	20	3	0	1	0	0	0	45	0	188	6	13	79	0	31	2	90	0	0	0	0	2	0	100	40	169	0	0	0	0	358	0	5	0	0	0	27	0	0	0	0	0	190	2	0	35	44	26	436	58	0	0	0	0	0	0	0	170	8	0	14	155	8	0	1
0	0	0	0	0	0	0	0	0	0	0	0	0	0	0	0	0	0	0	0	0	0	0	0	0	0	0	0	0	0	0	0	0	0	0	0	0	0	0	0	0	0	0	0	0	0	0	0	0	0	0	0	0	0	0	0	0	0	0	0	0	0	0	0	0	0	0	0	0	0	0	0	0	0	0
0	2	0	8	0	4	0	0	0	0	50	18	0	0	0	1	14	3	0	9	0	1	84	0	2	0	6	2	0	2	0	0	0	1	11	2	3	0	0	0	1	0	25	0	173	0	0	45	9	0	0	390	10	12	0	106	0	135	36	1	0	1	0	0	27	0	0	141	0	10	0	1	1	2	118
0	0	0	0	0	0	0	0	0	0	0	0	0	0	0	0	0	0	0	0	0	0	0	0	0	0	0	0	0	0	0	0	0	0	0	0	0	0	0	0	0	0	0	0	0	0	0	0	0	0	0	0	0	0	0	0	0	0	0	0	0	0	0	0	0	0	0	0	0	0	0	0	0	0	0
0	2	11	142	1	35	0	1	8	0	1	2	0	234	38	7	4	135	19	10	2	154	0	0	16	0	204	7	0	100	0	1	0	0	15	9	1	0	0	0	145	0	1	0	0	16	3	1	0	0	0	0	88	0	0	2	4	8	53	2	0	1	98	0	0	0	0	1	0	0	5	12	3	20	0
0	1	70	0	0	439	0	0	76	0	0	6	0	535	2	0	119	128	0	28	0	197	10	2	0	0	30	1	0	40	0	11	0	15	0	16	0	0	0	0	294	0	0	0	1	0	92	0	0	0	0	10	75	0	0	34	0	29	281	3	0	0	0	0	0	0	0	18	0	0	11	198	85	498	0
0	0	0	0	0	2	0	0	0	0	0	23	0	2	0	0	1	29	0	1	5	16	10	0	66	0	108	0	0	169	0	2	0	9	16	0	0	0	0	0	27	0	1	0	0	2	0	0	0	0	0	0	32	0	0	12	0	12	213	0	0	1	4	0	0	0	0	0	2	0	7	3	0	0	0
0	0	1	116	0	14	0	0	0	0	110	0	0	1	4	237	0	1	8	0	4	1	0	0	0	0	0	360	0	0	0	3	0	1	0	0	0	0	0	0	0	81	10	0	0	0	0	0	0	0	0	0	1	0	0	0	0	39	17	0	0	0	2	0	0	0	0	0	0	0	0	0	0	28	0
0	0	0	0	0	0	0	0	0	0	0	0	0	0	0	0	0	0	0	0	0	0	0	0	0	0	0	0	0	0	0	0	0	0	0	0	0	0	0	0	0	0	0	0	0	0	0	0	0	0	0	0	0	0	0	0	0	0	0	0	0	0	0	0	0	0	0	0	0	0	0	0	0	0	0
0	0	0	0	0	0	0	0	0	0	0	0	0	0	0	0	0	0	0	0	0	0	0	0	0	0	0	0	0	0	0	0	0	0	0	0	0	0	0	0	0	0	0	0	0	0	0	0	0	0	0	0	0	0	0	0	0	0	0	0	0	0	0	0	0	0	0	0	0	0	0	0	0	0	0
0	0	0	0	0	0	0	0	0	0	0	0	0	0	0	0	0	0	0	0	0	0	0	0	0	0	0	0	0	0	0	0	0	0	0	0	0	0	0	0	0	0	0	0	0	0	0	0	0	0	0	0	0	0	0	0	0	0	0	0	0	0	0	0	0	0	0	0	0	0	0	0	0	0	0
0	0	32	1	0	176	0	1	190	0	2	26	0	498	0	1	20	321	0	194	16	486	6	0	7	0	286	0	0	358	0	1	0	145	294	27	0	0	0	0	0	0	1	0	0	0	13	0	0	0	0	0	133	1	0	37	2	73	159	9	0	0	0	0	0	0	0	0	0	0	18	217	47	4	2
0	0	4	116	1	68	0	71	0	0	72	1	0	20	0	62	0	5	8	0	1	0	0	0	0	0	0	362	0	0	0	0	0	0	0	0	81	0	0	0	0	0	11	0	57	1	0	0	82	0	0	0	0	0	0	0	0	1	41	0	0	0	1	0	0	0	0	0	0	0	0	0	0	16	0
0	0	5	24	0	115	0	0	0	0	102	105	0	3	25	136	0	0	2	14	0	1	0	0	0	0	0	1	0	5	0	25	0	1	0	1	10	0	0	0	1	11	0	0	81	0	25	1	12	0	0	0	0	0	0	0	0	59	60	0	1	0	7	0	0	0	4	1	0	0	0	6	4	22	0
0	0	0	0	0	0	0	0	0	0	0	0	0	0	0	0	0	0	0	0	0	0	0	0	0	0	0	0	0	0	0	0	0	0	0	0	0	0	0	0	0	0	0	0	0	0	0	0	0	0	0	0	0	0	0	0	0	0	0	0	0	0	0	0	0	0	0	0	0	0	0	0	0	0	0
0	0	1	89	0	1	0	0	0	0	136	6	0	2	3	245	0	4	28	0	0	1	0	0	0	0	1	9	0	0	0	173	0	0	1	0	0	0	0	0	0	57	81	0	0	2	0	0	0	0	0	46	0	0	0	0	0	173	252	0	0	0	0	0	0	0	0	0	0	2	8	0	0	18	0
0	0	2	8	0	0	0	1	0	0	0	0	0	2	0	0	13	5	0	0	0	11	10	0	0	0	5	0	0	0	0	0	0	16	0	2	0	0	0	0	0	1	0	0	2	0	0	0	0	0	0	0	0	0	0	58	2	29	12	0	0	13	16	0	0	0	0	12	0	0	11	0	1	1	3
0	0	6	0	0	4	0	0	0	0	10	0	0	53	0	11	0	25	0	0	0	0	0	0	0	0	11	1	0	27	0	0	0	3	92	0	0	0	0	0	13	0	25	0	0	0	0	0	0	0	0	0	0	0	0	0	0	1	100	0	0	0	4	0	0	0	0	0	0	0	8	1	0	3	0
0	0	11	118	0	8	0	0	0	0	0	9	0	1	50	2	0	0	0	0	0	0	0	0	0	0	0	2	0	0	0	45	0	1	0	0	0	0	0	0	0	0	1	0	0	0	0	0	0	0	0	0	0	0	0	0	0	1	0	0	0	0	2	0	0	0	0	0	0	0	0	0	0	11	0
0	0	0	120	0	3	0	0	0	0	151	0	0	1	1	233	0	0	27	0	0	0	0	0	0	0	0	104	0	0	0	9	0	0	0	0	0	0	0	0	0	82	12	0	0	0	0	0	0	0	0	3	0	0	0	0	0	206	2	0	0	0	4	0	0	0	0	0	0	0	17	0	0	3	0
0	0	0	0	0	0	0	0	0	0	0	0	0	0	0	0	0	0	0	0	0	0	0	0	0	0	0	0	0	0	0	0	0	0	0	0	0	0	0	0	0	0	0	0	0	0	0	0	0	0	0	0	0	0	0	0	0	0	0	0	0	0	0	0	0	0	0	0	0	0	0	0	0	0	0
0	0	0	0	0	0	0	0	0	0	0	0	0	0	0	0	0	0	270	0	0	0	0	0	0	0	0	0	0	0	0	0	0	0	0	0	0	0	0	0	0	0	0	0	0	0	0	0	0	0	0	0	0	0	0	0	0	0	0	0	0	0	0	0	0	0	0	0	0	0	0	0	0	0	0
0	0	0	0	0	0	0	0	0	0	21	0	0	0	0	0	0	1	4	26	0	1	29	0	49	3	0	0	0	0	0	390	0	0	10	0	0	0	0	0	0	0	0	0	46	0	0	0	3	0	0	0	2	5	0	8	0	21	6	0	0	3	0	0	0	0	0	43	0	0	1	0	0	0	25
0	45	1	0	0	0	0	3	2	0	0	56	0	6	0	0	7	294	0	118	0	243	61	0	6	0	396	0	0	190	0	10	0	88	75	32	1	0	0	0	133	0	0	0	0	0	0	0	0	0	0	2	0	4	0	158	4	52	227	0	0	0	0	0	0	0	0	375	29	0	2	322	6	0	1
0	0	0	0	0	0	0	0	0	0	0	0	0	0	0	0	0	3	0	0	0	1	0	0	0	0	1	0	0	2	0	12	0	0	0	0	0	0	0	0	1	0	0	0	0	0	0	0	0	0	0	5	4	0	0	0	0	1	0	0	0	0	0	0	0	0	0	0	0	0	0	0	0	0	0
0	0	0	0	0	0	0	0	0	0	0	0	0	0	0	0	0	0	0	0	0	0	0	0	0	0	0	0	0	0	0	0	0	0	0	0	0	0	0	0	0	0	0	0	0	0	0	0	0	0	0	0	0	0	0	0	0	0	0	0	0	0	0	0	0	0	0	0	0	0	0	0	0	0	0
0	89	2	0	0	9	0	0	1	0	1	1	0	7	1	0	6	115	0	10	1	76	170	1	198	0	131	0	0	35	0	106	0	2	34	12	0	0	0	0	37	0	0	0	0	58	0	0	0	0	0	8	158	0	0	0	324	2	24	0	0	0	1	0	0	0	0	82	2	0	7	3	0	0	0
0	0	0	1	0	0	0	0	0	0	0	0	0	1	0	0	0	6	0	38	0	0	7	8	386	26	11	0	0	44	0	0	0	4	0	0	0	0	0	0	2	0	0	0	0	2	0	0	0	0	0	0	4	0	0	324	0	307	0	0	0	0	0	0	0	0	0	0	4	0	71	1	0	1	0
0	1	16	154	2	32	0	0	3	0	229	9	0	72	3	106	3	11	3	61	63	3	0	1	65	0	18	1	0	26	0	135	0	8	29	12	39	0	0	0	73	1	59	0	173	29	1	1	206	0	0	21	52	1	0	2	307	0	88	9	0	2	35	0	1	0	26	5	0	6	93	12	4	8	48
0	1	10	3	5	77	0	33	40	0	22	78	0	81	12	23	8	44	10	37	1	21	47	4	6	0	30	0	0	436	0	36	0	53	281	213	17	0	0	0	159	41	60	0	252	12	100	0	2	0	0	6	227	0	0	24	0	88	0	104	0	50	22	0	1	0	2	329	11	42	17	306	52	23	127
0	0	64	0	0	2	0	0	0	0	0	0	0	46	0	0	2	1	0	0	0	1	0	0	0	0	0	0	0	58	0	1	0	2	3	0	0	0	0	0	9	0	0	0	0	0	0	0	0	0	0	0	0	0	0	0	0	9	104	0	0	0	2	0	0	0	0	2	0	0	0	4	2	0	0
0	0	0	0	0	0	0	0	0	0	0	0	0	0	0	0	0	0	0	0	0	0	0	0	0	0	0	0	0	0	0	0	0	0	0	0	0	0	0	0	0	0	1	0	0	0	0	0	0	0	0	0	0	0	0	0	0	0	0	0	0	0	0	0	0	0	0	0	0	0	0	0	0	0	0
0	0	20	116	0	139	0	0	0	0	11	74	0	2	368	6	1	0	0	0	7	4	0	0	0	0	0	17	0	0	0	1	0	1	0	1	0	0	0	0	0	0	0	0	0	13	0	0	0	0	0	3	0	0	0	0	0	2	50	0	0	0	160	0	0	0	0	0	0	0	0	0	0	6	0
0	0	20	115	8	350	0	0	0	0	7	9	0	6	478	21	136	0	0	0	0	5	0	0	0	0	0	21	0	0	0	0	0	98	0	4	2	0	0	0	0	1	7	0	0	16	4	2	4	0	0	0	0	0	0	1	0	35	22	2	0	160	0	0	8	0	0	0	0	6	14	0	61	140	0
0	0	0	0	0	0	0	0	0	0	0	0	0	0	0	0	0	0	0	0	0	0	0	0	0	0	0	0	0	0	0	0	0	0	0	0	0	0	0	0	0	0	0	0	0	0	0	0	0	0	0	0	0	0	0	0	0	0	0	0	0	0	0	0	0	0	0	0	0	0	0	0	0	0	0
0	0	86	15	0	200	0	0	0	0	0	38	0	6	4	1	0	0	0	0	0	0	0	0	0	0	0	2	0	0	0	27	0	0	0	0	0	0	0	0	0	0	0	0	0	0	0	0	0	0	0	0	0	0	0	0	0	1	1	0	0	0	8	0	0	0	0	0	0	0	0	0	0	120	0
0	0	0	0	0	0	0	0	0	0	0	0	0	0	0	0	0	0	0	0	0	0	0	0	0	0	0	0	0	0	0	0	0	0	0	0	0	0	0	0	0	0	0	0	0	0	0	0	0	0	0	0	0	0	0	0	0	0	0	0	0	0	0	0	0	0	0	0	0	0	0	0	0	0	0
0	0	1	108	0	0	0	0	0	0	112	0	0	0	5	124	0	0	0	0	2	1	0	0	0	0	0	229	0	0	0	0	0	0	0	0	0	0	0	0	0	0	4	0	0	0	0	0	0	0	0	0	0	0	0	0	0	26	2	0	0	0	0	0	0	0	0	0	0	0	0	0	0	0	0
0	54	2	0	0	1	0	0	0	0	0	25	0	3	1	0	0	80	0	0	0	1	19	0	6	0	120	0	0	170	0	141	0	1	18	0	0	0	0	0	0	0	1	0	0	12	0	0	0	0	0	43	375	0	0	82	0	5	329	2	0	0	0	0	0	0	0	0	0	0	7	1	0	0	0
0	0	0	1	0	2	0	0	0	0	0	4	0	4	0	0	0	39	8	0	0	31	8	0	20	10	31	0	0	8	0	0	0	0	0	2	0	0	0	0	0	0	0	0	0	0	0	0	0	0	0	0	29	0	0	2	4	0	11	0	0	0	0	0	0	0	0	0	0	0	0	0	0	1	0
0	0	1	7	0	73	0	0	0	0	0	67	0	0	0	2	0	0	0	0	0	0	0	0	0	0	0	1	0	0	0	10	0	0	0	0	0	0	0	0	0	0	0	0	2	0	0	0	0	0	0	0	0	0	0	0	0	6	42	0	0	0	6	0	0	0	0	0	0	0	0	1	4	62	0
0	0	0	58	0	19	0	0	3	0	8	0	0	4	0	61	0	23	0	6	0	4	0	1	0	0	1	3	0	14	0	0	0	5	11	7	0	0	0	0	18	0	0	0	8	11	8	0	17	0	0	1	2	0	0	7	71	93	17	0	0	0	14	0	0	0	0	7	0	0	0	12	0	1	4
0	0	68	0	8	38	0	0	0	0	0	27	0	297	1	0	0	63	0	1	27	6	1	0	4	0	45	0	0	155	0	1	0	12	198	3	0	0	0	0	217	0	6	0	0	0	1	0	0	0	0	0	322	0	0	3	1	12	306	4	0	0	0	0	0	0	0	1	0	1	12	0	0	0	0
0	0	0	110	0	214	0	0	0	0	1	9	0	108	213	15	0	8	0	0	0	0	1	0	0	0	1	10	0	8	0	1	0	3	85	0	0	0	0	0	47	0	4	0	0	1	0	0	0	0	0	0	6	0	0	0	0	4	52	2	0	0	61	0	0	0	0	0	0	4	0	0	0	38	0
0	0	2	19	4	575	0	3	0	0	0	160	0	12	20	2	125	1	40	1	1	3	1	1	0	0	1	1	0	0	0	2	0	20	498	0	28	0	0	0	4	16	22	0	18	1	3	11	3	0	0	0	0	0	0	0	1	8	23	0	0	6	140	0	120	0	0	0	1	62	1	0	38	0	0
0	0	0	0	0	1	0	0	0	0	0	0	0	9	0	0	0	8	0	0	0	1	5	0	0	0	5	0	0	1	0	118	0	0	0	0	0	0	0	0	2	0	0	0	0	3	0	0	0	0	0	25	1	0	0	0	0	48	127	0	0	0	0	0	0	0	0	0	0	0	4	0	0	0	0
