0	0	0	0	0	0	0	0	0	0	0	0	0	0	0	0	0	0	0	0	0	0	0	0	0	0	0	0	0	0	0	0	0	0	0	0	0	0	0	0	0	0	0	0	0	0	0	0	0	0	0	0	0	0	0	0	0	0	0	0	0	0	0	0	0	0	0	0	0	0	0	0	0	0	0
0	0	0	0	0	0	0	0	2	0	0	0	0	108	0	0	0	2	0	7	3	0	0	0	123	121	0	0	0	107	0	7	0	18	68	68	0	0	0	0	43	1	0	0	0	31	0	0	0	0	0	1	129	0	0	239	19	1	3	0	0	0	0	0	0	0	0	153	0	0	1	80	0	0	0
0	0	0	9	3	84	0	1	95	0	1	0	0	90	9	2	30	3	1	3	3	0	0	0	0	0	0	1	0	3	0	0	0	13	74	3	0	0	0	0	33	0	0	0	2	2	0	9	3	0	0	0	1	1	0	2	0	14	6	66	0	9	16	0	86	0	0	2	0	0	2	71	0	3	0
0	0	9	0	7	2	0	0	0	0	107	0	0	0	212	26	34	0	0	3	2	4	0	0	0	0	0	266	0	0	0	0	0	89	1	0	12	0	0	0	1	75	6	0	52	8	0	83	68	0	0	0	0	0	0	0	0	121	1	2	0	58	141	0	28	0	13	0	0	0	32	0	49	5	10
0	0	3	7	0	5	0	0	0	0	1	0	0	0	0	0	0	1	0	0	0	0	0	0	0	0	0	71	0	0	0	0	0	1	0	0	0	0	0	0	0	37	0	0	0	0	0	0	0	0	0	0	0	0	0	0	0	2	5	0	0	0	8	0	0	0	0	0	0	0	0	0	0	1	0
0	0	84	2	5	0	0	0	1	0	1	9	0	181	29	0	186	8	1	1	1	4	0	0	0	0	0	3	0	0	0	1	0	12	374	3	0	0	0	0	121	0	121	0	0	0	7	0	4	0	0	0	1	0	0	0	0	37	59	4	0	88	657	0	230	0	0	0	0	0	26	37	148	388	6
0	0	0	0	0	0	0	0	0	0	0	0	0	0	0	0	0	0	0	0	0	0	0	0	0	0	0	0	0	0	0	0	0	0	0	0	0	0	0	0	0	0	0	0	0	0	0	0	0	0	0	0	0	0	0	0	0	0	0	0	0	0	0	0	0	0	0	0	0	0	0	0	0	0	0
0	0	1	0	0	0	0	0	0	0	0	35	0	0	0	1	0	6	14	0	1	9	0	0	4	0	4	0	0	0	0	0	0	1	0	1	0	0	0	0	1	144	0	0	0	16	0	0	0	0	0	0	4	0	0	0	1	0	15	0	0	0	3	0	0	0	0	0	0	0	0	0	0	10	0
0	2	95	0	0	1	0	0	0	0	0	0	0	417	0	0	0	6	0	0	116	27	0	0	0	0	59	0	0	50	0	0	0	15	86	34	0	0	0	0	219	0	0	0	0	0	0	0	0	0	0	0	77	0	0	1	0	2	58	0	0	0	0	0	0	0	0	0	0	0	4	2	0	1	0
0	0	0	0	0	0	0	0	0	0	0	0	0	0	0	0	0	0	0	0	0	0	0	0	0	0	0	0	0	0	0	0	0	0	0	0	0	0	0	0	0	0	0	0	0	0	0	0	0	0	0	0	0	0	0	0	0	0	0	0	0	0	0	0	0	0	0	0	0	0	0	0	0	0	0
0	0	1	107	1	1	0	0	0	0	0	0	0	6	12	109	0	6	0	0	1	13	0	0	0	0	0	25	0	15	0	202	0	1	0	0	1	0	0	0	2	22	104	0	144	0	10	0	114	0	0	3	0	122	0	1	0	200	23	0	0	11	8	0	0	0	48	0	0	0	35	0	0	0	0
0	0	0	0	0	9	0	35	0	0	0	0	0	0	5	0	4	0	0	0	0	0	0	0	0	0	0	0	0	0	0	0	0	1	2	0	0	0	0	0	1	19	0	0	0	0	0	0	0	0	0	0	0	0	0	0	0	0	0	0	0	3	19	0	0	0	0	0	0	0	0	0	0	7	0
0	0	0	0	0	0	0	0	0	0	0	0	0	0	0	0	0	0	0	0	0	0	0	0	0	0	0	0	0	0	0	0	0	0	0	0	0	0	0	0	0	0	0	0	0	0	0	0	0	0	0	0	0	0	0	0	0	0	0	0	0	0	0	0	0	0	0	0	0	0	0	0	0	0	0
0	108	90	0	0	181	0	0	417	0	6	0	0	0	5	0	53	115	2	172	16	205	0	6	4	1	5	0	0	16	0	0	0	226	567	83	0	0	0	0	624	2	2	0	2	2	12	2	1	0	0	0	10	0	0	10	6	81	118	61	0	0	11	0	26	0	0	1	0	0	6	430	189	6	1
0	0	9	212	0	29	0	0	0	0	12	5	0	5	0	5	12	0	5	0	4	2	0	0	0	0	0	19	0	0	0	0	0	81	0	1	4	0	0	0	0	24	7	0	6	0	0	146	52	0	0	0	0	0	0	0	25	29	17	0	0	281	964	0	129	0	1	0	0	0	2	0	51	23	0
0	0	2	26	0	0	0	1	0	0	109	0	0	0	5	0	4	1	0	9	1	0	0	0	0	0	0	0	0	0	0	0	0	5	0	0	13	0	0	0	1	2	14	0	25	0	0	0	10	0	0	0	0	10	0	0	0	14	0	3	0	4	7	0	1	0	3	1	0	0	2	0	4	0	0
0	0	30	34	0	186	0	0	0	0	0	4	0	53	12	4	0	1	0	0	1	6	0	0	0	0	0	1	0	0	0	0	0	4	116	1	0	0	0	0	20	0	0	0	0	31	0	0	0	0	0	0	1	0	0	5	0	7	13	2	0	1	210	0	0	0	0	0	0	0	0	0	0	125	0
0	2	3	0	1	8	0	6	6	0	6	0	0	115	0	1	1	0	0	118	2	278	32	0	3	2	182	0	0	34	0	1	0	100	133	43	1	0	0	0	360	10	0	0	3	10	9	0	0	0	0	0	444	3	0	107	3	27	53	12	0	0	0	0	0	0	0	221	0	0	15	206	7	0	11
0	0	1	0	0	1	0	14	0	0	0	0	0	2	5	0	0	0	0	0	0	0	0	0	0	1	0	1	0	0	0	4	0	2	1	1	0	0	0	0	0	0	1	0	21	27	0	2	32	0	250	6	0	20	0	0	0	41	11	0	0	5	26	0	0	0	0	0	0	0	9	0	2	3	1
0	7	3	3	0	1	0	0	0	0	0	0	0	172	0	9	0	118	0	0	62	162	0	0	14	0	208	0	0	224	0	0	0	9	29	15	0	0	0	0	224	0	0	0	0	37	0	0	0	0	0	0	212	0	0	7	2	49	25	0	0	0	1	0	0	0	0	0	0	0	7	3	0	0	0
0	3	3	2	0	1	0	1	116	0	1	0	0	16	4	1	1	2	0	62	0	29	0	0	0	0	8	0	0	44	0	0	0	73	31	69	0	0	0	0	132	5	2	0	0	0	1	1	0	0	0	0	72	1	0	21	0	18	15	11	0	0	0	0	0	0	0	0	0	0	3	75	79	0	1
0	0	0	4	0	4	0	9	27	0	13	0	0	205	2	0	6	278	0	162	29	0	7	0	9	3	353	0	0	23	0	0	0	124	181	25	1	0	0	0	388	10	0	0	1	37	0	1	0	0	0	0	320	1	0	58	28	4	17	1	0	7	17	0	0	0	0	1	0	0	4	13	3	2	1
0	0	0	0	0	0	0	0	0	0	0	0	0	0	0	0	0	32	0	0	0	7	0	0	0	0	12	0	0	38	0	40	0	0	9	1	0	0	0	0	5	0	0	0	0	0	0	0	0	0	0	0	27	0	0	4	0	0	7	0	0	0	0	0	0	0	0	6	0	0	0	0	1	0	0
0	0	0	0	0	0	0	0	0	0	0	0	0	6	0	0	0	0	0	0	0	0	0	0	0	0	0	0	0	0	0	0	0	0	2	0	0	0	0	0	0	0	0	0	0	0	0	0	0	0	0	0	0	0	0	1	0	1	4	0	0	0	0	0	0	0	0	0	0	0	1	0	0	1	0
0	123	0	0	0	0	0	4	0	0	0	0	0	4	0	0	0	3	0	14	0	9	0	0	0	1313	3	0	0	24	0	69	0	0	5	37	0	0	0	0	3	0	0	0	0	373	0	0	2	0	0	8	24	540	0	514	544	5	1	0	0	0	4	0	0	0	0	8	0	0	4	6	0	0	2
0	121	0	0	0	0	0	0	0	0	0	0	0	1	0	0	0	2	1	0	0	3	0	0	1313	0	3	0	0	1	0	4	0	0	1	12	0	0	0	0	2	0	0	0	0	119	0	0	0	0	0	6	22	38	0	140	170	4	1	0	0	0	2	0	0	0	0	1	0	0	2	1	0	0	0
0	0	0	0	0	0	0	4	59	0	0	0	0	5	0	0	0	182	0	208	8	353	12	0	3	3	0	0	0	10	0	1	0	224	28	76	0	0	0	0	367	4	0	0	0	8	2	0	0	0	0	0	585	3	0	76	0	4	19	1	0	0	1	0	0	0	1	30	0	0	4	10	34	0	0
0	0	1	266	71	3	0	0	0	0	25	0	0	0	19	0	1	0	1	0	0	0	0	0	0	0	0	0	0	0	0	0	0	9	1	0	132	0	0	0	0	453	0	0	9	0	0	2	245	0	0	0	0	0	0	0	0	2	2	0	0	15	22	0	1	0	97	0	0	0	3	0	9	0	0
0	0	0	0	0	0	0	0	0	0	0	0	0	0	0	0	0	0	0	0	0	0	0	0	0	0	0	0	0	0	0	0	0	0	0	0	0	0	0	0	0	0	0	0	0	0	0	0	0	0	0	0	0	0	0	0	0	0	0	0	0	0	0	0	0	0	0	0	0	0	0	0	0	0	0
0	107	3	0	0	0	0	0	50	0	15	0	0	16	0	0	0	34	0	224	44	23	38	0	24	1	10	0	0	0	0	1	0	86	56	217	0	0	0	0	331	0	2	0	0	1	16	0	0	0	0	0	343	3	0	14	0	26	192	96	0	0	0	0	0	0	0	123	0	0	12	141	34	0	2
0	0	0	0	0	0	0	0	0	0	0	0	0	0	0	0	0	0	0	0	0	0	0	0	0	0	0	0	0	0	0	0	0	0	0	0	0	0	0	0	0	0	0	0	0	0	0	0	0	0	0	0	0	0	0	0	0	0	0	0	0	0	0	0	0	0	0	0	0	0	0	0	0	0	0
0	7	0	0	0	1	0	0	0	0	202	0	0	0	0	0	0	1	4	0	0	0	40	0	69	4	1	0	0	1	0	0	0	0	2	1	0	0	0	0	0	0	0	0	98	23	0	0	3	0	0	449	0	273	0	195	0	249	0	1	0	0	0	0	0	0	0	84	0	0	25	0	0	1	66
0	0	0	0	0	0	0	0	0	0	0	0	0	0	0	0	0	0	0	0	0	0	0	0	0	0	0	0	0	0	0	0	0	0	0	0	0	0	0	0	0	0	0	0	0	0	0	0	0	0	0	0	0	0	0	0	0	0	0	0	0	0	0	0	0	0	0	0	0	0	0	0	0	0	0
0	18	13	89	1	12	0	1	15	0	1	1	0	226	81	5	4	100	2	9	73	124	0	0	0	0	224	9	0	86	0	0	0	0	14	50	1	0	0	0	197	2	0	0	0	20	3	1	0	0	0	0	158	0	0	7	1	5	42	2	0	1	246	0	0	0	0	0	0	0	3	9	3	50	1
0	68	74	1	0	374	0	0	86	0	0	2	0	567	0	0	116	133	1	29	31	181	9	2	5	1	28	1	0	56	0	2	0	14	0	26	0	0	0	0	266	0	0	0	15	4	10	0	0	0	0	1	96	13	0	38	0	35	119	4	0	0	13	0	0	0	0	29	0	0	5	177	148	439	7
0	68	3	0	0	3	0	1	34	0	0	0	0	83	1	0	1	43	1	15	69	25	1	0	37	12	76	0	0	217	0	1	0	50	26	0	0	0	0	0	123	0	0	0	1	6	1	0	0	0	0	0	268	0	0	13	2	16	58	0	0	1	18	0	1	0	0	33	0	0	7	70	2	2	0
0	0	0	12	0	0	0	0	0	0	1	0	0	0	4	13	0	1	0	0	0	1	0	0	0	0	0	132	0	0	0	0	0	1	0	0	0	0	0	0	0	81	0	0	0	1	0	0	0	0	0	0	0	0	0	0	0	15	7	0	0	0	3	0	0	0	0	0	0	0	0	0	0	23	0
0	0	0	0	0	0	0	0	0	0	0	0	0	0	0	0	0	0	0	0	0	0	0	0	0	0	0	0	0	0	0	0	0	0	0	0	0	0	0	0	0	0	0	0	0	0	0	0	0	0	0	0	0	0	0	0	0	0	0	0	0	0	0	0	0	0	0	0	0	0	0	0	0	0	0
0	0	0	0	0	0	0	0	0	0	0	0	0	0	0	0	0	0	0	0	0	0	0	0	0	0	0	0	0	0	0	0	0	0	0	0	0	0	0	0	0	0	0	0	0	0	0	0	0	0	0	0	0	0	0	0	0	0	0	0	0	0	0	0	0	0	0	0	0	0	0	0	0	0	0
0	0	0	0	0	0	0	0	0	0	0	0	0	0	0	0	0	0	0	0	0	0	0	0	0	0	0	0	0	0	0	0	0	0	0	0	0	0	0	0	0	0	0	0	0	0	0	0	0	0	0	0	0	0	0	0	0	0	0	0	0	0	0	0	0	0	0	0	0	0	0	0	0	0	0
0	43	33	1	0	121	0	1	219	0	2	1	0	624	0	1	20	360	0	224	132	388	5	0	3	2	367	0	0	331	0	0	0	197	266	123	0	0	0	0	0	0	0	0	0	0	27	0	0	0	0	0	355	1	0	34	1	73	138	9	0	0	0	0	0	0	0	0	0	0	12	249	47	0	2
0	1	0	75	37	0	0	144	0	0	22	19	0	2	24	2	0	10	0	0	5	10	0	0	0	0	4	453	0	0	0	0	0	2	0	0	81	0	0	0	0	0	2	0	152	3	0	0	200	0	0	3	0	1	0	1	8	0	11	0	0	1	37	0	0	0	42	0	0	0	0	0	0	23	1
0	0	0	6	0	121	0	0	0	0	104	0	0	2	7	14	0	0	1	0	2	0	0	0	0	0	0	0	0	2	0	0	0	0	0	0	0	0	0	0	0	2	0	0	0	0	0	0	0	0	0	0	0	0	0	0	0	5	0	24	1	0	38	0	0	0	0	0	0	0	1	0	0	15	0
0	0	0	0	0	0	0	0	0	0	0	0	0	0	0	0	0	0	0	0	0	0	0	0	0	0	0	0	0	0	0	0	0	0	0	0	0	0	0	0	0	0	0	0	0	0	0	0	0	0	0	0	0	0	0	0	0	0	0	0	0	0	0	0	0	0	0	0	0	0	0	0	0	0	0
0	0	2	52	0	0	0	0	0	0	144	0	0	2	6	25	0	3	21	0	0	1	0	0	0	0	0	9	0	0	0	98	0	0	15	1	0	0	0	0	0	152	0	0	0	5	0	0	0	0	0	24	0	9	0	0	0	60	105	0	0	0	1	0	0	0	0	0	0	0	2	0	0	12	0
0	31	2	8	0	0	0	16	0	0	0	0	0	2	0	0	31	10	27	37	0	37	0	0	373	119	8	0	0	1	0	23	0	20	4	6	1	0	0	0	0	3	0	0	5	0	0	0	17	0	0	22	6	187	0	218	5	236	36	0	0	39	48	0	0	0	0	40	0	0	6	0	1	1	25
0	0	0	0	0	7	0	0	0	0	10	0	0	12	0	0	0	9	0	0	1	0	0	0	0	0	2	0	0	16	0	0	0	3	10	1	0	0	0	0	27	0	0	0	0	0	0	0	0	0	0	0	1	0	0	2	0	4	44	0	0	0	1	0	0	0	0	0	0	0	1	1	0	0	0
0	0	9	83	0	0	0	0	0	0	0	0	0	2	146	0	0	0	2	0	1	1	0	0	0	0	0	2	0	0	0	0	0	1	0	0	0	0	0	0	0	0	0	0	0	0	0	0	0	0	0	0	0	0	0	0	0	1	3	0	0	0	8	0	0	0	0	0	0	0	0	0	0	0	0
0	0	3	68	0	4	0	0	0	0	114	0	0	1	52	10	0	0	32	0	0	0	0	0	2	0	0	245	0	0	0	3	0	0	0	0	0	0	0	0	0	200	0	0	0	17	0	0	0	0	0	0	0	7	0	11	0	205	12	0	0	0	74	0	0	0	0	0	0	0	9	0	0	5	0
0	0	0	0	0	0	0	0	0	0	0	0	0	0	0	0	0	0	0	0	0	0	0	0	0	0	0	0	0	0	0	0	0	0	0	0	0	0	0	0	0	0	0	0	0	0	0	0	0	0	0	0	0	0	0	0	0	0	0	0	0	0	0	0	0	0	0	0	0	0	0	0	0	0	0
0	0	0	0	0	0	0	0	0	0	0	0	0	0	0	0	0	0	250	0	0	0	0	0	0	0	0	0	0	0	0	0	0	0	0	0	0	0	0	0	0	0	0	0	0	0	0	0	0	0	0	0	0	0	0	0	0	0	0	0	0	0	0	0	0	0	0	0	0	0	0	0	0	0	0
0	1	0	0	0	0	0	0	0	0	3	0	0	0	0	0	0	0	6	0	0	0	0	0	8	6	0	0	0	0	0	449	0	0	1	0	0	0	0	0	0	3	0	0	24	22	0	0	0	0	0	0	1	55	0	5	0	14	0	0	0	0	0	0	0	0	0	9	0	0	62	0	0	0	1
0	129	1	0	0	1	0	4	77	0	0	0	0	10	0	0	1	444	0	212	72	320	27	0	24	22	585	0	0	343	0	0	0	158	96	268	0	0	0	0	355	0	0	0	0	6	1	0	0	0	0	1	0	4	0	97	8	21	39	0	0	1	0	0	0	0	0	73	0	0	4	102	34	1	0
0	0	1	0	0	0	0	0	0	0	122	0	0	0	0	10	0	3	20	0	1	1	0	0	540	38	3	0	0	3	0	273	0	0	13	0	0	0	0	0	1	1	0	0	9	187	0	0	7	0	0	55	4	0	0	93	1	188	19	0	0	0	0	0	0	0	0	1	0	0	97	0	0	0	8
0	0	0	0	0	0	0	0	0	0	0	0	0	0	0	0	0	0	0	0	0	0	0	0	0	0	0	0	0	0	0	0	0	0	0	0	0	0	0	0	0	0	0	0	0	0	0	0	0	0	0	0	0	0	0	0	0	0	0	0	0	0	0	0	0	0	0	0	0	0	0	0	0	0	0
0	239	2	0	0	0	0	0	1	0	1	0	0	10	0	0	5	107	0	7	21	58	4	1	514	140	76	0	0	14	0	195	0	7	38	13	0	0	0	0	34	1	0	0	0	218	2	0	11	0	0	5	97	93	0	0	118	4	26	0	0	0	1	0	0	0	0	13	0	0	6	5	0	2	0
0	19	0	0	0	0	0	1	0	0	0	0	0	6	25	0	0	3	0	2	0	28	0	0	544	170	0	0	0	0	0	0	0	1	0	2	0	0	0	0	1	8	0	0	0	5	0	0	0	0	0	0	8	1	0	118	0	156	0	0	0	0	18	0	0	0	0	0	0	0	172	0	0	0	0
0	1	14	121	2	37	0	0	2	0	200	0	0	81	29	14	7	27	41	49	18	4	0	1	5	4	4	2	0	26	0	249	0	5	35	16	15	0	0	0	73	0	5	0	60	236	4	1	205	0	0	14	21	188	0	4	156	0	145	67	0	4	68	0	0	0	0	6	0	0	147	12	3	11	17
0	3	6	1	5	59	0	15	58	0	23	0	0	118	17	0	13	53	11	25	15	17	7	4	1	1	19	2	0	192	0	0	0	42	119	58	7	0	0	0	138	11	0	0	105	36	44	3	12	0	0	0	39	19	0	26	0	145	0	104	0	46	79	0	15	0	2	157	0	0	14	208	25	10	156
0	0	66	2	0	4	0	0	0	0	0	0	0	61	0	3	2	12	0	0	11	1	0	0	0	0	1	0	0	96	0	1	0	2	4	0	0	0	0	0	9	0	24	0	0	0	0	0	0	0	0	0	0	0	0	0	0	67	104	0	0	0	2	0	0	0	0	26	0	0	5	18	4	0	0
0	0	0	0	0	0	0	0	0	0	0	0	0	0	0	0	0	0	0	0	0	0	0	0	0	0	0	0	0	0	0	0	0	0	0	0	0	0	0	0	0	0	1	0	0	0	0	0	0	0	0	0	0	0	0	0	0	0	0	0	0	0	0	0	0	0	0	0	0	0	0	0	0	0	0
0	0	9	58	0	88	0	0	0	0	11	3	0	0	281	4	1	0	5	0	0	7	0	0	0	0	0	15	0	0	0	0	0	1	0	1	0	0	0	0	0	1	0	0	0	39	0	0	0	0	0	0	1	0	0	0	0	4	46	0	0	0	262	0	0	0	0	0	0	0	0	0	0	8	0
0	0	16	141	8	657	0	3	0	0	8	19	0	11	964	7	210	0	26	1	0	17	0	0	4	2	1	22	0	0	0	0	0	246	13	18	3	0	0	0	0	37	38	0	1	48	1	8	74	0	0	0	0	0	0	1	18	68	79	2	0	262	0	0	29	0	2	0	0	0	23	0	32	196	13
0	0	0	0	0	0	0	0	0	0	0	0	0	0	0	0	0	0	0	0	0	0	0	0	0	0	0	0	0	0	0	0	0	0	0	0	0	0	0	0	0	0	0	0	0	0	0	0	0	0	0	0	0	0	0	0	0	0	0	0	0	0	0	0	0	0	0	0	0	0	0	0	0	0	0
0	0	86	28	0	230	0	0	0	0	0	0	0	26	129	1	0	0	0	0	0	0	0	0	0	0	0	1	0	0	0	0	0	0	0	1	0	0	0	0	0	0	0	0	0	0	0	0	0	0	0	0	0	0	0	0	0	0	15	0	0	0	29	0	0	0	0	0	0	0	0	0	0	90	0
0	0	0	0	0	0	0	0	0	0	0	0	0	0	0	0	0	0	0	0	0	0	0	0	0	0	0	0	0	0	0	0	0	0	0	0	0	0	0	0	0	0	0	0	0	0	0	0	0	0	0	0	0	0	0	0	0	0	0	0	0	0	0	0	0	0	0	0	0	0	0	0	0	0	0
0	0	0	13	0	0	0	0	0	0	48	0	0	0	1	3	0	0	0	0	0	0	0	0	0	0	1	97	0	0	0	0	0	0	0	0	0	0	0	0	0	42	0	0	0	0	0	0	0	0	0	0	0	0	0	0	0	0	2	0	0	0	2	0	0	0	0	0	0	0	0	0	0	2	0
0	153	2	0	0	0	0	0	0	0	0	0	0	1	0	1	0	221	0	0	0	1	6	0	8	1	30	0	0	123	0	84	0	0	29	33	0	0	0	0	0	0	0	0	0	40	0	0	0	0	0	9	73	1	0	13	0	6	157	26	0	0	0	0	0	0	0	0	0	0	1	1	0	0	0
0	0	0	0	0	0	0	0	0	0	0	0	0	0	0	0	0	0	0	0	0	0	0	0	0	0	0	0	0	0	0	0	0	0	0	0	0	0	0	0	0	0	0	0	0	0	0	0	0	0	0	0	0	0	0	0	0	0	0	0	0	0	0	0	0	0	0	0	0	0	0	0	0	0	0
0	0	0	0	0	0	0	0	0	0	0	0	0	0	0	0	0	0	0	0	0	0	0	0	0	0	0	0	0	0	0	0	0	0	0	0	0	0	0	0	0	0	0	0	0	0	0	0	0	0	0	0	0	0	0	0	0	0	0	0	0	0	0	0	0	0	0	0	0	0	0	0	0	0	0
0	1	2	32	0	26	0	0	4	0	35	0	0	6	2	2	0	15	9	7	3	4	0	1	4	2	4	3	0	12	0	25	0	3	5	7	0	0	0	0	12	0	1	0	2	6	1	0	9	0	0	62	4	97	0	6	172	147	14	5	0	0	23	0	0	0	0	1	0	0	0	5	4	2	2
0	80	71	0	0	37	0	0	2	0	0	0	0	430	0	0	0	206	0	3	75	13	0	0	6	1	10	0	0	141	0	0	0	9	177	70	0	0	0	0	249	0	0	0	0	0	1	0	0	0	0	0	102	0	0	5	0	12	208	18	0	0	0	0	0	0	0	1	0	0	5	0	0	0	0
0	0	0	49	0	148	0	0	0	0	0	0	0	189	51	4	0	7	2	0	79	3	1	0	0	0	34	9	0	34	0	0	0	3	148	2	0	0	0	0	47	0	0	0	0	1	0	0	0	0	0	0	34	0	0	0	0	3	25	4	0	0	32	0	0	0	0	0	0	0	4	0	0	39	0
0	0	3	5	1	388	0	10	1	0	0	7	0	6	23	0	125	0	3	0	0	2	0	1	0	0	0	0	0	0	0	1	0	50	439	2	23	0	0	0	0	23	15	0	12	1	0	0	5	0	0	0	1	0	0	2	0	11	10	0	0	8	196	0	90	0	2	0	0	0	2	0	39	0	0
0	0	0	10	0	6	0	0	0	0	0	0	0	1	0	0	0	11	1	0	1	1	0	0	2	0	0	0	0	2	0	66	0	1	7	0	0	0	0	0	2	1	0	0	0	25	0	0	0	0	0	1	0	8	0	0	0	17	156	0	0	0	13	0	0	0	0	0	0	0	2	0	0	0	0
