0	0	0	0	0	0	0	0	0	0	0	0	0	0	0	0	0	0	0	0	0	0	0	0	0	0	0	0	0	0	0	0	0	0	0	0	0	0	0	0	0	0	0	0	0	0	0	0	0	0	0	0	0	0	0	0	0	0	0	0	0	0	0	0	0	0	0	0	0	0	0	0	0	0	0
0	0	0	0	0	0	0	0	0	0	0	0	0	0	0	0	0	3	0	6	3	2	126	0	114	1	106	0	0	5	0	31	0	0	0	48	0	0	0	16	2	0	0	2	0	8	0	0	0	0	0	0	0	2	0	64	1	0	41	8	0	0	0	0	0	0	0	3	4	0	0	0	0	0	0
0	0	0	0	0	3	0	0	2	0	0	0	0	3	0	0	0	0	0	0	0	0	2	0	0	0	0	0	1	6	0	0	0	5	2	4	0	0	0	0	0	1	0	2	0	1	0	0	0	0	1	0	0	0	0	2	0	0	0	5	0	0	1	0	0	0	0	0	0	0	0	0	0	0	0
0	0	0	0	0	0	0	0	0	14	266	0	0	0	5	18	0	0	2	0	7	0	0	0	0	0	0	0	0	0	7	0	0	0	0	0	0	0	0	0	0	2	0	0	0	0	0	0	23	0	0	0	0	0	0	0	0	0	0	0	0	0	0	0	0	0	1	0	0	1	7	0	0	0	4
0	0	0	0	0	0	0	0	0	0	18	0	0	0	0	0	0	0	0	0	0	0	0	0	0	0	1	0	0	0	541	0	0	0	0	0	0	0	0	0	0	5	0	0	8	0	0	0	5	0	0	0	0	0	0	0	0	0	0	0	0	0	0	0	0	0	16	0	0	0	0	0	0	0	1
0	0	3	0	0	0	0	0	0	12	0	2	0	205	0	0	0	0	0	0	13	0	0	0	0	0	0	0	0	0	0	0	0	0	491	0	0	0	0	0	0	0	0	0	0	0	52	0	1	0	0	9	0	0	0	0	0	0	17	0	0	0	0	0	0	0	0	0	0	2	3	0	0	0	3
0	0	0	0	0	0	0	0	0	0	509	0	0	0	0	0	0	0	1	2	60	0	0	0	0	0	0	0	0	0	0	208	0	0	12	0	0	0	0	0	0	0	0	0	0	0	26	0	3	0	0	100	0	0	0	0	0	0	79	0	0	0	0	0	0	0	0	0	0	0	7	0	0	0	239
0	0	0	0	0	0	0	0	0	0	0	0	0	0	0	0	0	0	0	0	0	0	0	0	0	0	0	0	0	0	0	0	0	0	0	0	0	0	0	0	0	0	0	0	0	0	0	0	0	0	0	0	0	0	0	0	0	0	0	0	0	0	0	0	0	0	0	0	0	0	0	0	0	0	0
0	0	2	0	0	0	0	0	0	25	0	0	0	434	0	0	0	0	0	0	12	0	0	0	0	0	36	0	0	0	0	0	0	17	202	2	0	0	0	0	0	0	0	1	0	0	5	0	0	0	0	0	0	0	0	0	3	0	26	12	1	0	0	0	0	0	0	0	0	0	0	2	0	0	1
0	0	0	14	0	12	0	0	25	0	0	0	0	33	1	0	0	5	2	33	66	5	6	15	0	0	6	0	41	10	3	0	0	23	48	7	0	0	0	0	0	3	28	34	3	0	0	0	0	0	0	0	0	0	0	4	31	8	68	126	0	1	11	0	7	0	0	4	0	47	0	43	0	0	0
0	0	0	266	18	0	509	0	0	0	0	0	0	2	0	73	0	0	21	180	110	0	0	0	0	0	0	0	0	0	0	1	0	6	0	1	155	0	0	0	0	77	225	31	275	0	0	0	29	0	8	25	0	486	0	0	0	347	24	1	0	2	7	0	0	0	386	0	0	3	194	0	0	0	0
0	0	0	0	0	2	0	0	0	0	0	0	0	0	1	0	0	0	0	0	0	0	0	0	0	0	0	0	0	0	0	0	0	0	0	0	0	0	0	0	0	0	0	0	0	0	0	0	0	0	0	0	0	0	0	0	0	0	0	0	0	0	2	0	0	0	0	0	0	4	0	0	0	0	0
0	0	0	0	0	0	0	0	0	0	0	0	0	0	0	0	0	0	0	0	0	0	0	0	0	0	0	0	0	0	0	0	0	0	0	0	0	0	0	0	0	0	0	0	0	0	0	0	0	0	0	0	0	0	0	0	0	0	0	0	0	0	0	0	0	0	0	0	0	0	0	0	0	0	0
0	0	3	0	0	205	0	0	434	33	2	0	0	0	0	0	1	65	0	103	15	45	2	33	0	0	3	0	313	24	0	0	0	240	847	25	0	0	0	96	114	3	0	320	0	6	235	0	0	0	0	0	0	0	0	3	5	40	115	42	1	0	7	0	0	0	0	1	1	0	0	217	0	0	4
0	0	0	5	0	0	0	0	0	1	0	1	0	0	0	0	0	0	0	0	0	0	0	0	0	0	0	0	70	0	0	0	0	0	0	1	0	0	0	0	0	1	0	0	119	0	0	0	0	0	0	0	0	0	0	0	0	0	5	0	0	120	145	0	0	0	0	0	0	0	0	1	0	0	0
0	0	0	18	0	0	0	0	0	0	73	0	0	0	0	0	0	0	0	3	2	0	0	0	0	0	0	0	0	0	0	0	0	0	0	0	31	0	0	0	0	0	42	19	48	0	0	0	0	0	0	0	0	10	0	0	0	26	0	0	0	0	0	0	0	0	13	0	0	0	0	0	0	0	2
0	0	0	0	0	0	0	0	0	0	0	0	0	1	0	0	0	0	0	0	0	0	0	0	0	0	0	0	0	0	0	0	0	0	1	0	0	0	0	0	0	0	0	0	0	0	1	0	0	0	0	0	0	0	0	0	0	0	0	0	0	0	0	0	0	0	0	0	0	0	0	0	0	0	0
0	3	0	0	0	0	0	0	0	5	0	0	0	65	0	0	0	0	0	2	9	0	0	0	0	0	337	0	0	0	0	40	0	7	17	0	0	0	0	29	0	0	0	0	0	0	1	0	0	0	0	0	0	0	0	0	0	0	54	2	0	0	0	0	0	0	2	0	0	0	0	0	0	0	17
0	0	0	2	0	0	1	0	0	2	21	0	0	0	0	0	0	0	0	0	0	0	0	0	0	0	0	0	2	0	0	2	0	0	5	1	0	0	0	0	0	4	2	0	1	0	0	0	0	0	10	0	0	1	0	0	0	0	0	0	0	2	4	0	0	0	2	0	0	2	0	0	0	0	0
0	6	0	0	0	0	2	0	0	33	180	0	0	103	0	3	0	2	0	0	32	0	6	2	0	2	27	0	4	6	0	48	0	23	99	6	0	0	0	9	0	2	0	12	4	4	5	0	0	0	0	0	0	2	0	2	4	6	186	64	0	0	0	0	0	0	0	2	2	0	5	2	0	0	192
0	3	0	7	0	13	60	0	12	66	110	0	0	15	0	2	0	9	0	32	0	1	5	14	0	2	10	0	18	37	0	6	0	18	27	7	0	0	0	0	0	6	35	43	8	13	17	0	15	0	0	18	0	57	0	55	2	96	31	33	0	0	3	0	0	0	7	3	1	23	140	92	0	0	0
0	2	0	0	0	0	0	0	0	5	0	0	0	45	0	0	0	0	0	0	1	0	0	0	0	0	348	0	0	0	0	4	0	12	39	0	0	0	0	49	0	0	0	0	0	0	31	0	0	0	0	8	0	0	0	0	2	0	20	0	0	0	0	0	0	0	0	0	0	0	0	0	0	0	7
0	126	2	0	0	0	0	0	0	6	0	0	0	2	0	0	0	0	0	6	5	0	0	0	2	0	166	0	0	0	0	66	0	6	1	1	0	0	0	7	0	0	0	0	0	0	1	0	0	0	0	0	0	0	0	0	2	0	26	0	0	0	0	0	0	0	0	0	0	0	0	0	0	0	35
0	0	0	0	0	0	0	0	0	15	0	0	0	33	0	0	0	0	0	2	14	0	0	0	0	0	13	0	0	0	0	0	0	0	1	2	0	0	0	0	0	0	0	2	0	0	0	0	0	0	0	0	0	0	0	0	0	0	13	64	0	0	0	0	0	0	0	0	0	0	0	0	0	0	0
0	114	0	0	0	0	0	0	0	0	0	0	0	0	0	0	0	0	0	0	0	0	2	0	0	0	2	0	0	10	0	0	0	0	2	0	0	0	0	0	0	0	0	0	0	0	0	0	0	0	0	0	0	0	0	52	51	0	0	0	0	0	2	0	0	0	0	0	22	0	0	0	0	0	0
0	1	0	0	0	0	0	0	0	0	0	0	0	0	0	0	0	0	0	2	2	0	0	0	0	0	0	0	0	0	0	0	0	0	0	0	0	0	0	0	0	0	0	0	0	0	0	0	0	0	0	0	0	0	0	0	1	0	0	0	0	0	0	0	0	0	0	0	0	0	0	0	0	0	0
0	106	0	0	1	0	0	0	36	6	0	0	0	3	0	0	0	337	0	27	10	348	166	13	2	0	0	0	0	29	1	44	0	180	15	29	1	0	0	128	91	34	0	34	2	84	9	0	0	0	0	4	0	90	0	138	0	24	31	6	0	1	0	0	0	0	2	60	1	0	0	31	0	0	0
0	0	0	0	0	0	0	0	0	0	0	0	0	0	0	0	0	0	0	0	0	0	0	0	0	0	0	0	0	0	0	0	0	0	0	0	0	0	0	0	0	0	0	0	0	0	0	0	0	0	0	0	0	0	0	0	0	0	0	0	0	0	0	0	0	0	0	0	0	0	0	0	0	0	0
0	0	1	0	0	0	0	0	0	41	0	0	0	313	70	0	0	0	2	4	18	0	0	0	0	0	0	0	0	1	0	0	0	9	218	0	0	0	0	0	0	0	0	0	4	0	10	0	0	0	0	0	0	0	0	0	1	0	38	52	0	0	0	0	0	0	3	0	0	0	5	0	0	0	16
0	5	6	0	0	0	0	0	0	10	0	0	0	24	0	0	0	0	0	6	37	0	0	0	10	0	29	0	1	0	1	12	0	38	40	11	0	0	0	12	0	0	2	8	0	0	18	0	0	0	0	0	0	0	0	2	3	0	279	108	0	0	0	0	0	0	0	1	0	0	0	6	0	0	10
0	0	0	7	541	0	0	0	0	3	0	0	0	0	0	0	0	0	0	0	0	0	0	0	0	0	1	0	0	1	0	22	0	0	0	0	228	0	0	0	0	354	0	0	0	5	0	0	0	0	0	0	0	0	0	18	0	1	0	0	0	0	0	0	0	0	647	0	0	0	0	0	0	0	0
0	31	0	0	0	0	208	0	0	0	1	0	0	0	0	0	0	40	2	48	6	4	66	0	0	0	44	0	0	12	22	0	0	24	2	4	0	0	0	0	0	8	0	24	48	184	0	0	0	0	0	106	0	142	0	100	0	34	43	0	0	2	2	0	0	0	14	116	14	0	4	33	0	0	79
0	0	0	0	0	0	0	0	0	0	0	0	0	0	0	0	0	0	0	0	0	0	0	0	0	0	0	0	0	0	0	0	0	0	0	0	0	0	0	0	0	0	0	0	0	0	0	0	0	0	0	0	0	0	0	0	0	0	0	0	0	0	0	0	0	0	0	0	0	0	0	0	0	0	0
0	0	5	0	0	0	0	0	17	23	6	0	0	240	0	0	0	7	0	23	18	12	6	0	0	0	180	0	9	38	0	24	0	0	170	8	0	0	0	24	1	2	1	12	0	0	30	0	0	0	0	0	0	24	0	29	18	19	110	17	1	0	8	0	0	0	0	1	3	2	0	29	0	0	47
0	0	2	0	0	491	12	0	202	48	0	0	0	847	0	0	1	17	5	99	27	39	1	1	2	0	15	0	218	40	0	2	0	170	0	3	0	2	0	9	2	9	2	62	1	32	472	0	0	0	0	40	0	2	0	154	0	39	347	2	0	1	1	0	0	0	1	7	33	1	0	451	0	0	4
0	48	4	0	0	0	0	0	2	7	1	0	0	25	1	0	0	0	1	6	7	0	1	2	0	0	29	0	0	11	0	4	0	8	3	0	0	0	0	10	1	0	0	5	0	0	1	0	0	0	0	0	0	0	0	1	2	1	222	74	1	0	1	0	0	0	0	0	0	0	0	2	0	0	2
0	0	0	0	0	0	0	0	0	0	155	0	0	0	0	31	0	0	0	0	0	0	0	0	0	0	1	0	0	0	228	0	0	0	0	0	0	0	0	0	0	6	0	0	0	0	0	0	1	0	0	0	0	0	0	0	0	0	0	0	0	0	0	0	0	0	5	0	0	0	2	0	0	0	1
0	0	0	0	0	0	0	0	0	0	0	0	0	0	0	0	0	0	0	0	0	0	0	0	0	0	0	0	0	0	0	0	0	0	2	0	0	0	0	0	0	0	0	0	1	0	0	0	0	0	0	0	0	0	0	0	0	0	0	0	0	0	7	0	0	0	0	0	0	0	0	0	0	0	0
0	0	0	0	0	0	0	0	0	0	0	0	0	0	0	0	0	0	0	0	0	0	0	0	0	0	0	0	0	0	0	0	0	0	0	0	0	0	0	0	0	0	0	0	0	0	0	0	0	0	0	0	0	0	0	0	0	0	0	0	0	0	0	0	0	0	0	0	0	0	0	0	0	0	0
0	16	0	0	0	0	0	0	0	0	0	0	0	96	0	0	0	29	0	9	0	49	7	0	0	0	128	0	0	12	0	0	0	24	9	10	0	0	0	0	31	0	0	1	0	11	0	0	0	0	0	0	0	0	0	23	0	0	0	0	0	0	0	0	0	0	1	0	0	0	0	0	0	0	0
0	2	0	0	0	0	0	0	0	0	0	0	0	114	0	0	0	0	0	0	0	0	0	0	0	0	91	0	0	0	0	0	0	1	2	1	0	0	0	31	0	0	0	0	0	0	1	0	0	0	0	0	0	0	0	0	0	0	0	0	0	0	0	0	0	0	0	0	0	0	0	0	0	0	0
0	0	1	2	5	0	0	0	0	3	77	0	0	3	1	0	0	0	4	2	6	0	0	0	0	0	34	0	0	0	354	8	0	2	9	0	6	0	0	0	0	0	0	0	10	0	12	0	40	0	3	0	0	0	0	0	2	0	38	0	0	0	5	0	0	0	10	0	0	0	0	0	4	0	32
0	0	0	0	0	0	0	0	0	28	225	0	0	0	0	42	0	0	2	0	35	0	0	0	0	0	0	0	0	2	0	0	0	1	2	0	0	0	0	0	0	0	0	3	0	0	0	0	14	0	0	0	0	0	0	0	0	0	184	94	0	0	0	0	0	0	1	0	0	2	7	0	0	0	10
0	2	2	0	0	0	0	0	1	34	31	0	0	320	0	19	0	0	0	12	43	0	0	2	0	0	34	0	0	8	0	24	0	12	62	5	0	0	0	1	0	0	3	0	2	1	18	0	0	0	0	0	0	0	0	0	1	2	353	172	2	0	0	0	0	0	1	4	0	1	0	6	0	0	45
0	0	0	0	8	0	0	0	0	3	275	0	0	0	119	48	0	0	1	4	8	0	0	0	0	0	2	0	4	0	0	48	0	0	1	0	0	1	0	0	0	10	0	2	0	0	0	0	8	0	0	5	0	0	0	0	0	0	36	26	0	2	8	0	0	0	8	0	0	1	3	0	0	0	188
0	8	1	0	0	0	0	0	0	0	0	0	0	6	0	0	0	0	0	4	13	0	0	0	0	0	84	0	0	0	5	184	0	0	32	0	0	0	0	11	0	0	0	1	0	0	10	0	0	0	0	22	0	0	0	0	0	0	23	0	0	0	0	0	0	0	0	0	0	0	0	0	0	0	3
0	0	0	0	0	52	26	0	5	0	0	0	0	235	0	0	1	1	0	5	17	31	1	0	0	0	9	0	10	18	0	0	0	30	472	1	0	0	0	0	1	12	0	18	0	10	0	0	0	0	0	0	0	17	0	55	0	10	87	0	0	0	0	0	0	0	0	18	0	0	0	90	0	0	0
0	0	0	0	0	0	0	0	0	0	0	0	0	0	0	0	0	0	0	0	0	0	0	0	0	0	0	0	0	0	0	0	0	0	0	0	0	0	0	0	0	0	0	0	0	0	0	0	0	0	0	0	0	0	0	0	0	0	0	0	0	0	0	0	0	0	0	0	0	0	0	0	0	0	0
0	0	0	23	5	1	3	0	0	0	29	0	0	0	0	0	0	0	0	0	15	0	0	0	0	0	0	0	0	0	0	0	0	0	0	0	1	0	0	0	0	40	14	0	8	0	0	0	0	0	0	0	0	3	0	0	0	22	0	0	0	0	0	0	0	0	34	0	0	1	28	0	0	0	0
0	0	0	0	0	0	0	0	0	0	0	0	0	0	0	0	0	0	0	0	0	0	0	0	0	0	0	0	0	0	0	0	0	0	0	0	0	0	0	0	0	0	0	0	0	0	0	0	0	0	0	0	0	0	0	0	0	0	0	0	0	0	0	0	0	0	0	0	0	0	0	0	0	0	0
0	0	1	0	0	0	0	0	0	0	8	0	0	0	0	0	0	0	10	0	0	0	0	0	0	0	0	0	0	0	0	0	0	0	0	0	0	0	0	0	0	3	0	0	0	0	0	0	0	0	0	0	0	0	0	0	0	0	0	0	0	0	0	0	0	0	0	0	0	0	0	0	1	0	0
0	0	0	0	0	9	100	0	0	0	25	0	0	0	0	0	0	0	0	0	18	8	0	0	0	0	4	0	0	0	0	106	0	0	40	0	0	0	0	0	0	0	0	0	5	22	0	0	0	0	0	0	0	97	0	12	0	65	9	0	0	0	0	0	0	0	0	1	0	0	44	0	0	0	2
0	0	0	0	0	0	0	0	0	0	0	0	0	0	0	0	0	0	0	0	0	0	0	0	0	0	0	0	0	0	0	0	0	0	0	0	0	0	0	0	0	0	0	0	0	0	0	0	0	0	0	0	0	0	0	0	0	0	0	0	0	0	0	0	0	0	0	0	0	0	0	0	0	0	0
0	2	0	0	0	0	0	0	0	0	486	0	0	0	0	10	0	0	1	2	57	0	0	0	0	0	90	0	0	0	0	142	0	24	2	0	0	0	0	0	0	0	0	0	0	0	17	0	3	0	0	97	0	0	0	0	0	0	53	0	0	0	0	0	0	0	0	0	0	0	7	0	0	0	273
0	0	0	0	0	0	0	0	0	0	0	0	0	0	0	0	0	0	0	0	0	0	0	0	0	0	0	0	0	0	0	0	0	0	0	0	0	0	0	0	0	0	0	0	0	0	0	0	0	0	0	0	0	0	0	0	0	0	0	0	0	0	0	0	0	0	0	0	0	0	0	0	0	0	0
0	64	2	0	0	0	0	0	0	4	0	0	0	3	0	0	0	0	0	2	55	0	0	0	52	0	138	0	0	2	18	100	0	29	154	1	0	0	0	23	0	0	0	0	0	0	55	0	0	0	0	12	0	0	0	0	2	0	70	4	0	0	0	0	0	0	0	0	0	0	1	4	0	0	7
0	1	0	0	0	0	0	0	3	31	0	0	0	5	0	0	0	0	0	4	2	2	2	0	51	1	0	0	1	3	0	0	0	18	0	2	0	0	0	0	0	2	0	1	0	0	0	0	0	0	0	0	0	0	0	2	0	7	4	28	0	0	0	0	0	0	0	0	2	0	5	1	0	2	7
0	0	0	0	0	0	0	0	0	8	347	0	0	40	0	26	0	0	0	6	96	0	0	0	0	0	24	0	0	0	1	34	0	19	39	1	0	0	0	0	0	0	0	2	0	0	10	0	22	0	0	65	0	0	0	0	7	0	74	28	2	0	0	0	0	0	1	0	0	0	7	0	0	0	56
0	41	0	0	0	17	79	0	26	68	24	0	0	115	5	0	0	54	0	186	31	20	26	13	0	0	31	0	38	279	0	43	0	110	347	222	0	0	0	0	0	38	184	353	36	23	87	0	0	0	0	9	0	53	0	70	4	74	0	254	2	11	19	0	0	0	12	302	12	29	0	188	0	0	327
0	8	5	0	0	0	0	0	12	126	1	0	0	42	0	0	0	2	0	64	33	0	0	64	0	0	6	0	52	108	0	0	0	17	2	74	0	0	0	0	0	0	94	172	26	0	0	0	0	0	0	0	0	0	0	4	28	28	254	0	3	0	0	0	0	0	0	66	0	0	56	47	0	0	7
0	0	0	0	0	0	0	0	1	0	0	0	0	1	0	0	0	0	0	0	0	0	0	0	0	0	0	0	0	0	0	0	0	1	0	1	0	0	0	0	0	0	0	2	0	0	0	0	0	0	0	0	0	0	0	0	0	2	2	3	0	0	0	0	0	0	0	0	0	0	0	1	0	0	0
0	0	0	0	0	0	0	0	0	1	2	0	0	0	120	0	0	0	2	0	0	0	0	0	0	0	1	0	0	0	0	2	0	0	1	0	0	0	0	0	0	0	0	0	2	0	0	0	0	0	0	0	0	0	0	0	0	0	11	0	0	0	0	0	0	0	0	0	0	0	0	0	0	0	16
0	0	1	0	0	0	0	0	0	11	7	2	0	7	145	0	0	0	4	0	3	0	0	0	2	0	0	0	0	0	0	2	0	8	1	1	0	7	0	0	0	5	0	0	8	0	0	0	0	0	0	0	0	0	0	0	0	0	19	0	0	0	0	0	0	0	2	0	0	1	4	0	1	0	27
0	0	0	0	0	0	0	0	0	0	0	0	0	0	0	0	0	0	0	0	0	0	0	0	0	0	0	0	0	0	0	0	0	0	0	0	0	0	0	0	0	0	0	0	0	0	0	0	0	0	0	0	0	0	0	0	0	0	0	0	0	0	0	0	0	0	0	0	0	0	0	0	0	0	0
0	0	0	0	0	0	0	0	0	7	0	0	0	0	0	0	0	0	0	0	0	0	0	0	0	0	0	0	0	0	0	0	0	0	0	0	0	0	0	0	0	0	0	0	0	0	0	0	0	0	0	0	0	0	0	0	0	0	0	0	0	0	0	0	0	0	0	0	0	0	0	0	0	0	1
0	0	0	0	0	0	0	0	0	0	0	0	0	0	0	0	0	0	0	0	0	0	0	0	0	0	0	0	0	0	0	0	0	0	0	0	0	0	0	0	0	0	0	0	0	0	0	0	0	0	0	0	0	0	0	0	0	0	0	0	0	0	0	0	0	0	0	0	0	0	0	0	0	0	0
0	0	0	1	16	0	0	0	0	0	386	0	0	0	0	13	0	2	2	0	7	0	0	0	0	0	2	0	3	0	647	14	0	0	1	0	5	0	0	1	0	10	1	1	8	0	0	0	34	0	0	0	0	0	0	0	0	1	12	0	0	0	2	0	0	0	0	0	0	0	0	1	0	0	11
0	3	0	0	0	0	0	0	0	4	0	0	0	1	0	0	0	0	0	2	3	0	0	0	0	0	60	0	0	1	0	116	0	1	7	0	0	0	0	0	0	0	0	4	0	0	18	0	0	0	0	1	0	0	0	0	0	0	302	66	0	0	0	0	0	0	0	0	0	0	0	2	0	0	10
0	4	0	0	0	0	0	0	0	0	0	0	0	1	0	0	0	0	0	2	1	0	0	0	22	0	1	0	0	0	0	14	0	3	33	0	0	0	0	0	0	0	0	0	0	0	0	0	0	0	0	0	0	0	0	0	2	0	12	0	0	0	0	0	0	0	0	0	0	0	0	0	0	0	52
0	0	0	1	0	2	0	0	0	47	3	4	0	0	0	0	0	0	2	0	23	0	0	0	0	0	0	0	0	0	0	0	0	2	1	0	0	0	0	0	0	0	2	1	1	0	0	0	1	0	0	0	0	0	0	0	0	0	29	0	0	0	1	0	0	0	0	0	0	0	7	1	0	0	10
0	0	0	7	0	3	7	0	0	0	194	0	0	0	0	0	0	0	0	5	140	0	0	0	0	0	0	0	5	0	0	4	0	0	0	0	2	0	0	0	0	0	7	0	3	0	0	0	28	0	0	44	0	7	0	1	5	7	0	56	0	0	4	0	0	0	0	0	0	7	0	3	0	0	0
0	0	0	0	0	0	0	0	2	43	0	0	0	217	1	0	0	0	0	2	92	0	0	0	0	0	31	0	0	6	0	33	0	29	451	2	0	0	0	0	0	0	0	6	0	0	90	0	0	0	0	0	0	0	0	4	1	0	188	47	1	0	0	0	0	0	1	2	0	1	3	0	0	0	3
0	0	0	0	0	0	0	0	0	0	0	0	0	0	0	0	0	0	0	0	0	0	0	0	0	0	0	0	0	0	0	0	0	0	0	0	0	0	0	0	0	4	0	0	0	0	0	0	0	0	1	0	0	0	0	0	0	0	0	0	0	0	1	0	0	0	0	0	0	0	0	0	0	0	0
0	0	0	0	0	0	0	0	0	0	0	0	0	0	0	0	0	0	0	0	0	0	0	0	0	0	0	0	0	0	0	0	0	0	0	0	0	0	0	0	0	0	0	0	0	0	0	0	0	0	0	0	0	0	0	0	2	0	0	0	0	0	0	0	0	0	0	0	0	0	0	0	0	0	0
0	0	0	4	1	3	239	0	1	0	0	0	0	4	0	2	0	17	0	192	0	7	35	0	0	0	0	0	16	10	0	79	0	47	4	2	1	0	0	0	0	32	10	45	188	3	0	0	0	0	0	2	0	273	0	7	7	56	327	7	0	16	27	0	1	0	11	10	52	10	0	3	0	0	0
