0	0	0	0	0	0	0	0	0	0	0	0	0	0	0	0	0	0	0	0	0	0	0	0	0	0	0	0	0	0	0	0	0	0	0	0	0	0	0	0	0	0	0	0	0	0	0	0	0	0	0	0	0	0	0	0	0	0	0	0	0	0	0	0	0	0	0	0	0	0	0	0	0	0	0
0	0	0	0	0	0	0	0	0	0	0	0	0	0	0	0	0	4	0	1	0	1	35	0	8	220	9	0	0	12	0	1	0	0	8	13	0	0	0	34	0	0	0	1	0	7	1	0	4	0	0	0	4	0	0	26	0	0	26	0	0	0	0	0	0	0	0	13	0	0	0	0	0	0	0
0	0	0	0	0	0	0	0	0	0	0	0	0	1	0	0	0	0	0	0	0	0	0	0	0	0	0	0	4	0	0	0	0	0	2	0	0	0	0	0	0	0	0	1	0	0	0	0	0	0	0	0	0	0	0	0	0	0	1	0	0	0	0	0	0	0	0	0	0	0	0	0	0	0	0
0	0	0	0	0	0	0	0	0	0	27	2	0	0	7	4	0	0	0	0	0	0	0	0	0	0	0	0	0	0	0	0	0	0	0	11	0	0	0	0	0	5	0	0	0	0	1	0	192	0	0	0	0	0	0	0	0	119	0	24	0	0	0	1	1	0	0	0	0	2	15	0	0	0	0
0	0	0	0	0	0	0	0	0	0	0	0	0	0	0	0	0	0	0	0	0	0	0	0	0	0	0	0	0	0	0	0	0	0	0	0	0	0	0	0	0	4	0	0	0	0	0	0	1	0	0	0	0	0	0	0	0	0	0	0	0	0	0	0	0	0	0	0	0	0	0	0	0	0	0
0	0	0	0	0	0	0	0	0	0	0	0	0	41	0	0	0	0	0	0	0	0	0	0	0	0	0	0	10	0	0	0	0	7	165	0	0	0	0	0	0	0	0	0	0	0	56	0	42	0	0	0	0	0	0	0	0	1	0	0	0	0	12	0	44	0	0	0	0	2	0	0	0	0	0
0	0	0	0	0	0	0	0	0	0	0	0	0	0	0	0	0	0	0	0	0	0	0	0	0	0	0	0	0	0	0	0	0	0	0	0	0	0	0	0	0	0	0	0	0	0	0	0	0	0	0	0	0	0	0	0	0	0	0	0	0	0	0	0	0	0	0	0	0	0	0	0	0	0	0
0	0	0	0	0	0	0	0	0	0	0	0	0	0	0	0	0	0	0	0	0	0	0	0	0	0	0	0	0	0	0	0	0	0	0	0	0	0	0	0	0	3	0	0	0	0	0	0	3	0	0	0	0	0	0	0	0	0	0	0	0	0	0	0	0	0	0	0	0	0	0	0	0	0	0
0	0	0	0	0	0	0	0	0	0	0	0	0	1	0	0	0	0	0	0	0	0	0	0	0	0	0	0	0	0	0	0	0	0	0	0	0	0	0	0	0	0	0	0	0	0	0	0	0	0	0	0	0	0	0	0	0	0	0	0	0	0	0	0	0	0	0	0	0	0	0	0	0	0	0
0	0	0	0	0	0	0	0	0	0	0	0	0	0	0	0	0	0	0	0	0	0	0	0	0	0	0	0	0	0	0	0	0	0	0	0	0	0	0	0	0	0	0	0	0	0	0	0	1	0	0	0	0	0	0	0	0	0	0	0	0	0	1	0	0	0	0	0	0	1	0	0	0	0	0
0	0	0	27	0	0	0	0	0	0	0	0	0	0	0	34	0	0	4	62	33	0	1	0	0	0	0	0	0	0	0	1	0	0	0	0	2	1	0	0	0	32	2	7	28	0	0	1	228	0	0	1	0	34	3	0	0	239	0	0	0	0	14	0	0	0	15	0	0	0	7	0	0	0	0
0	0	0	2	0	0	0	0	0	0	0	0	0	0	0	0	0	0	0	0	0	0	0	0	0	0	0	0	0	0	0	0	0	0	0	0	0	0	4	0	0	0	0	0	0	0	0	0	5	0	0	0	0	0	0	0	0	0	0	0	0	0	4	0	0	0	0	0	0	2	6	0	0	0	0
0	0	0	0	0	0	0	0	0	0	0	0	0	0	0	0	0	0	0	0	0	0	0	0	0	0	0	0	0	0	0	0	0	0	0	0	0	0	0	0	0	0	0	0	0	0	0	0	0	0	0	0	0	0	0	0	0	0	0	0	0	0	0	0	0	0	0	0	0	0	0	0	0	0	0
0	0	1	0	0	41	0	0	1	0	0	0	0	0	0	0	1	5	0	15	0	1	0	0	0	0	0	0	71	3	0	0	0	14	260	6	0	1	0	23	0	0	0	10	0	0	83	0	81	0	0	0	0	0	0	1	0	0	3	2	6	0	1	0	6	0	0	0	0	0	1	19	0	0	0
0	0	0	7	0	0	0	0	0	0	0	0	0	0	0	0	0	1	0	0	0	1	0	0	0	0	0	0	1	0	0	0	0	0	0	1	1	0	2	0	0	0	0	1	0	0	0	1	31	0	0	0	0	0	0	0	0	0	1	0	0	16	12	0	0	0	0	0	0	0	4	1	0	0	0
0	0	0	4	0	0	0	0	0	0	34	0	0	0	0	0	0	0	0	14	2	0	0	0	0	0	0	0	0	0	0	0	0	0	0	0	0	0	0	0	0	0	12	3	36	0	0	0	9	0	0	0	0	0	0	0	0	45	0	0	0	0	0	0	0	0	13	0	0	4	0	0	0	0	0
0	0	0	0	0	0	0	0	0	0	0	0	0	1	0	0	0	0	0	0	0	0	0	0	0	0	0	0	0	0	0	0	0	0	0	0	0	0	0	0	0	0	0	0	0	0	0	0	0	0	0	0	0	0	0	0	0	0	0	0	0	0	0	0	0	0	0	0	0	0	0	0	0	0	0
0	4	0	0	0	0	0	0	0	0	0	0	0	5	1	0	0	0	0	0	0	0	0	0	0	3	20	0	0	0	0	4	0	4	14	5	0	0	0	366	0	0	0	0	0	0	20	0	3	0	0	0	1	0	0	0	1	0	50	2	0	0	0	0	0	0	0	7	0	0	0	0	0	0	0
0	0	0	0	0	0	0	0	0	0	4	0	0	0	0	0	0	0	0	0	0	0	0	0	0	0	0	0	0	0	0	0	0	1	0	0	0	0	1	0	0	1	3	0	2	0	0	0	28	0	5	0	0	0	0	0	0	1	1	0	0	0	2	0	0	0	0	0	0	2	0	0	0	0	0
0	1	0	0	0	0	0	0	0	0	62	0	0	15	0	14	0	0	0	0	144	4	14	0	0	7	2	0	2	18	0	8	0	6	0	114	0	1	0	220	0	0	2	133	124	4	1	6	52	2	0	8	0	112	30	2	52	176	165	168	2	0	2	0	0	0	0	0	0	0	94	46	0	0	0
0	0	0	0	0	0	0	0	0	0	33	0	0	0	0	2	0	0	0	144	0	0	0	0	8	391	0	0	0	0	0	26	0	0	0	1	0	0	0	3	0	4	0	13	0	29	3	0	172	0	0	1	1	46	1	13	219	304	0	2	0	0	0	0	0	0	0	0	0	0	79	8	0	0	0
0	1	0	0	0	0	0	0	0	0	0	0	0	1	1	0	0	0	0	4	0	0	0	0	0	3	26	0	0	0	0	0	0	6	1	1	0	0	0	661	0	0	0	0	0	0	5	0	7	0	0	0	1	0	0	0	0	0	4	0	0	0	0	0	1	0	0	0	0	0	0	0	0	0	0
0	35	0	0	0	0	0	0	0	0	1	0	0	0	0	0	0	0	0	14	0	0	0	0	12	259	7	0	0	37	0	93	0	0	1	128	0	0	0	8	0	0	0	0	0	0	0	0	6	0	0	0	129	0	0	101	1	0	118	0	5	1	0	0	0	0	0	38	0	0	0	16	0	0	0
0	0	0	0	0	0	0	0	0	0	0	0	0	0	0	0	0	0	0	0	0	0	0	0	0	0	0	0	0	0	0	0	0	0	0	0	0	0	0	0	0	0	0	0	0	0	0	0	0	0	0	0	0	0	0	0	0	0	0	0	0	0	0	0	0	0	0	0	0	0	0	0	0	0	0
0	8	0	0	0	0	0	0	0	0	0	0	0	0	0	0	0	0	0	0	8	0	12	0	0	370	0	0	0	11	0	0	0	0	0	5	0	0	0	0	0	0	0	0	0	2	0	0	0	0	0	0	31	0	0	10	70	0	2	0	0	0	0	0	0	0	0	0	0	0	0	0	0	0	0
0	220	0	0	0	0	0	0	0	0	0	0	0	0	0	0	0	3	0	7	391	3	259	0	370	0	1	3	0	3	0	1	0	3	0	8	0	0	0	9	0	0	0	0	0	265	0	0	0	0	0	0	58	147	0	256	300	1	7	2	0	0	0	0	0	0	0	0	0	0	8	0	0	0	0
0	9	0	0	0	0	0	0	0	0	0	0	0	0	0	0	0	20	0	2	0	26	7	0	0	1	0	1	0	4	0	0	0	6	0	4	0	0	0	28	0	0	0	3	0	2	0	0	2	0	0	0	0	1	0	7	0	0	3	1	0	0	0	0	0	0	0	6	0	0	0	9	0	0	0
0	0	0	0	0	0	0	0	0	0	0	0	0	0	0	0	0	0	0	0	0	0	0	0	0	3	1	0	0	0	0	0	0	0	0	4	0	0	0	0	0	1	8	0	0	0	0	0	6	0	0	0	0	0	0	0	0	0	0	0	0	0	1	0	0	0	7	0	0	0	0	0	0	0	0
0	0	4	0	0	10	0	0	0	0	0	0	0	71	1	0	0	0	0	2	0	0	0	0	0	0	0	0	0	0	0	0	0	0	183	0	0	1	0	0	0	0	0	1	0	0	66	0	81	1	0	0	0	0	0	0	1	0	2	308	10	0	0	0	83	0	0	0	0	0	0	6	0	0	0
0	12	0	0	0	0	0	0	0	0	0	0	0	3	0	0	0	0	0	18	0	0	37	0	11	3	4	0	0	0	0	18	0	13	0	258	0	2	0	31	0	0	0	2	0	0	0	0	24	0	0	0	0	0	0	0	7	0	311	180	0	0	0	0	0	0	0	6	0	0	0	0	0	0	0
0	0	0	0	0	0	0	0	0	0	0	0	0	0	0	0	0	0	0	0	0	0	0	0	0	0	0	0	0	0	0	0	0	0	0	0	0	0	0	0	0	0	0	0	0	0	0	0	0	0	0	0	0	0	0	0	0	0	0	0	0	0	0	0	0	0	0	0	0	0	0	0	0	0	0
0	1	0	0	0	0	0	0	0	0	1	0	0	0	0	0	0	4	0	8	26	0	93	0	0	1	0	0	0	18	0	0	0	0	6	0	0	0	0	1	0	4	0	0	20	20	0	4	5	0	0	27	0	50	2	14	0	169	9	0	0	26	0	0	0	0	0	28	0	0	0	0	0	0	0
0	0	0	0	0	0	0	0	0	0	0	0	0	0	0	0	0	0	0	0	0	0	0	0	0	0	0	0	0	0	0	0	0	0	0	0	0	0	0	0	0	0	0	0	0	0	0	0	0	0	0	0	0	0	0	0	0	0	0	0	0	0	0	0	0	0	0	0	0	0	0	0	0	0	0
0	0	0	0	0	7	0	0	0	0	0	0	0	14	0	0	0	4	1	6	0	6	0	0	0	3	6	0	0	13	0	0	0	0	0	25	0	0	0	297	0	0	3	0	0	0	0	0	10	0	0	0	0	0	0	1	1	5	2	0	2	0	3	0	0	0	0	0	0	4	0	5	0	0	0
0	8	2	0	0	165	0	0	0	0	0	0	0	260	0	0	0	14	0	0	0	1	1	0	0	0	0	0	183	0	0	6	0	0	0	1	0	1	0	130	0	0	0	3	0	0	253	0	59	0	0	0	0	0	0	4	1	1	200	31	0	0	0	0	5	0	0	10	0	0	0	14	0	0	0
0	13	0	11	0	0	0	0	0	0	0	0	0	6	1	0	0	5	0	114	1	1	128	0	5	8	4	4	0	258	0	0	0	25	1	0	0	3	0	8	0	2	0	179	0	0	0	0	15	0	0	1	0	1	3	0	28	20	492	197	4	0	5	0	0	0	0	154	0	0	2	22	0	0	0
0	0	0	0	0	0	0	0	0	0	2	0	0	0	1	0	0	0	0	0	0	0	0	0	0	0	0	0	0	0	0	0	0	0	0	0	0	0	0	4	0	0	0	0	0	0	0	0	39	0	0	0	0	0	0	0	0	7	0	0	0	0	2	0	0	0	0	0	0	0	0	0	0	0	0
0	0	0	0	0	0	0	0	0	0	1	0	0	1	0	0	0	0	0	1	0	0	0	0	0	0	0	0	1	2	0	0	0	0	1	3	0	0	1	0	0	0	0	0	0	0	1	0	1	0	0	0	0	0	0	1	0	0	1	3	1	0	0	0	0	0	0	3	0	0	0	0	0	0	0
0	0	0	0	0	0	0	0	0	0	0	4	0	0	2	0	0	0	1	0	0	0	0	0	0	0	0	0	0	0	0	0	0	0	0	0	0	1	0	2	0	0	0	1	0	0	0	0	3	0	0	0	0	0	0	0	1	0	55	56	0	0	0	0	0	0	0	0	0	2	9	0	0	0	0
0	34	0	0	0	0	0	0	0	0	0	0	0	23	0	0	0	366	0	220	3	661	8	0	0	9	28	0	0	31	0	1	0	297	130	8	4	0	2	0	0	0	0	0	0	0	13	0	6	18	0	0	1	0	0	18	0	0	64	0	0	0	0	0	0	0	0	2	0	0	0	502	0	0	0
0	0	0	0	0	0	0	0	0	0	0	0	0	0	0	0	0	0	0	0	0	0	0	0	0	0	0	0	0	0	0	0	0	0	0	0	0	0	0	0	0	0	0	0	0	0	0	0	0	0	0	0	0	0	0	0	0	0	0	0	0	0	0	0	0	0	0	0	0	0	0	0	0	0	0
0	0	0	5	4	0	0	3	0	0	32	0	0	0	0	0	0	0	1	0	4	0	0	0	0	0	0	1	0	0	0	4	0	0	0	2	0	0	0	0	0	0	2	0	11	0	3	0	314	0	0	0	0	4	0	0	0	19	0	0	0	2	16	2	0	0	4	0	0	2	4	13	0	0	0
0	0	0	0	0	0	0	0	0	0	2	0	0	0	0	12	0	0	3	2	0	0	0	0	0	0	0	8	0	0	0	0	0	3	0	0	0	0	0	0	0	2	0	0	0	0	0	0	137	0	0	0	0	0	0	0	0	1	1	0	0	0	0	2	0	0	0	0	0	0	0	0	0	0	0
0	1	1	0	0	0	0	0	0	0	7	0	0	10	1	3	0	0	0	133	13	0	0	0	0	0	3	0	1	2	0	0	0	0	3	179	0	0	1	0	0	0	0	0	0	0	3	0	52	0	0	0	0	0	0	1	0	246	370	271	2	0	0	0	0	0	0	43	0	0	0	0	0	0	0
0	0	0	0	0	0	0	0	0	0	28	0	0	0	0	36	0	0	2	124	0	0	0	0	0	0	0	0	0	0	0	20	0	0	0	0	0	0	0	0	0	11	0	0	0	0	0	0	319	0	0	0	0	0	0	0	0	93	110	0	0	0	0	0	0	0	0	0	0	0	0	0	0	0	0
0	7	0	0	0	0	0	0	0	0	0	0	0	0	0	0	0	0	0	4	29	0	0	0	2	265	2	0	0	0	0	20	0	0	0	0	0	0	0	0	0	0	0	0	0	0	0	0	14	0	0	1	2	0	0	0	0	46	0	0	0	0	0	0	0	0	0	6	0	0	2	0	0	0	0
0	1	0	1	0	56	0	0	0	0	0	0	0	83	0	0	0	20	0	1	3	5	0	0	0	0	0	0	66	0	0	0	0	0	253	0	0	1	0	13	0	3	0	3	0	0	0	0	19	0	0	0	0	0	0	1	0	6	115	4	0	0	3	0	24	0	0	0	0	2	0	6	0	0	0
0	0	0	0	0	0	0	0	0	0	1	0	0	0	1	0	0	0	0	6	0	0	0	0	0	0	0	0	0	0	0	4	0	0	0	0	0	0	0	0	0	0	0	0	0	0	0	0	7	0	0	0	0	0	0	0	0	0	0	102	0	0	4	0	0	0	0	0	0	0	1	0	0	0	0
0	4	0	192	1	42	0	3	0	1	228	5	0	81	31	9	0	3	28	52	172	7	6	0	0	0	2	6	81	24	0	5	0	10	59	15	39	1	3	6	0	314	137	52	319	14	19	7	0	3	3	0	0	24	5	19	8	337	20	85	42	32	113	0	2	0	207	30	0	74	2	39	0	0	0
0	0	0	0	0	0	0	0	0	0	0	0	0	0	0	0	0	0	0	2	0	0	0	0	0	0	0	0	1	0	0	0	0	0	0	0	0	0	0	18	0	0	0	0	0	0	0	0	3	0	0	0	1	0	0	0	0	0	2	0	0	0	0	0	0	0	0	0	0	0	0	0	0	0	0
0	0	0	0	0	0	0	0	0	0	0	0	0	0	0	0	0	0	5	0	0	0	0	0	0	0	0	0	0	0	0	0	0	0	0	0	0	0	0	0	0	0	0	0	0	0	0	0	3	0	0	0	0	0	0	0	0	0	0	0	0	0	2	0	0	0	0	0	0	0	0	0	0	0	0
0	0	0	0	0	0	0	0	0	0	1	0	0	0	0	0	0	0	0	8	1	0	0	0	0	0	0	0	0	0	0	27	0	0	0	1	0	0	0	0	0	0	0	0	0	1	0	0	0	0	0	0	0	3	0	0	0	4	0	0	0	2	0	0	0	0	0	0	0	0	0	0	0	0	0
0	4	0	0	0	0	0	0	0	0	0	0	0	0	0	0	0	1	0	0	1	1	129	0	31	58	0	0	0	0	0	0	0	0	0	0	0	0	0	1	0	0	0	0	0	2	0	0	0	1	0	0	0	0	0	154	0	0	0	0	0	0	0	0	0	0	0	0	0	0	0	0	0	0	0
0	0	0	0	0	0	0	0	0	0	34	0	0	0	0	0	0	0	0	112	46	0	0	0	0	147	1	0	0	0	0	50	0	0	0	1	0	0	0	0	0	4	0	0	0	0	0	0	24	0	0	3	0	0	0	0	0	278	32	0	0	0	0	0	0	0	0	1	0	0	25	0	0	0	0
0	0	0	0	0	0	0	0	0	0	3	0	0	0	0	0	0	0	0	30	1	0	0	0	0	0	0	0	0	0	0	2	0	0	0	3	0	0	0	0	0	0	0	0	0	0	0	0	5	0	0	0	0	0	0	0	0	12	0	2	0	0	0	0	0	0	0	0	0	0	0	0	0	0	0
0	26	0	0	0	0	0	0	0	0	0	0	0	1	0	0	0	0	0	2	13	0	101	0	10	256	7	0	0	0	0	14	0	1	4	0	0	1	0	18	0	0	0	1	0	0	1	0	19	0	0	0	154	0	0	0	90	0	16	0	0	0	0	0	0	0	0	24	0	0	0	0	0	0	0
0	0	0	0	0	0	0	0	0	0	0	0	0	0	0	0	0	1	0	52	219	0	1	0	70	300	0	0	1	7	0	0	0	1	1	28	0	0	1	0	0	0	0	0	0	0	0	0	8	0	0	0	0	0	0	90	0	187	3	6	0	0	0	0	0	0	0	0	0	0	99	0	0	0	0
0	0	0	119	0	1	0	0	0	0	239	0	0	0	0	45	0	0	1	176	304	0	0	0	0	1	0	0	0	0	0	169	0	5	1	20	7	0	0	0	0	19	1	246	93	46	6	0	337	0	0	4	0	278	12	0	187	0	5	46	4	0	12	0	0	0	48	0	0	1	178	7	0	0	0
0	26	1	0	0	0	0	0	0	0	0	0	0	3	1	0	0	50	1	165	0	4	118	0	2	7	3	0	2	311	0	9	0	2	200	492	0	1	55	64	0	0	1	370	110	0	115	0	20	2	0	0	0	32	0	16	3	5	0	568	77	0	1	0	0	0	0	382	0	0	0	120	0	0	0
0	0	0	24	0	0	0	0	0	0	0	0	0	2	0	0	0	2	0	168	2	0	0	0	0	2	1	0	308	180	0	0	0	0	31	197	0	3	56	0	0	0	0	271	0	0	4	102	85	0	0	0	0	0	2	0	6	46	568	0	20	0	0	0	0	0	0	174	0	2	24	6	0	0	0
0	0	0	0	0	0	0	0	0	0	0	0	0	6	0	0	0	0	0	2	0	0	5	0	0	0	0	0	10	0	0	0	0	2	0	4	0	1	0	0	0	0	0	2	0	0	0	0	42	0	0	0	0	0	0	0	0	4	77	20	0	0	0	0	0	0	0	0	0	2	0	0	0	0	0
0	0	0	0	0	0	0	0	0	0	0	0	0	0	16	0	0	0	0	0	0	0	1	0	0	0	0	0	0	0	0	26	0	0	0	0	0	0	0	0	0	2	0	0	0	0	0	0	32	0	0	2	0	0	0	0	0	0	0	0	0	0	35	0	0	0	0	0	0	0	0	0	0	0	0
0	0	0	0	0	12	0	0	0	1	14	4	0	1	12	0	0	0	2	2	0	0	0	0	0	0	0	1	0	0	0	0	0	3	0	5	2	0	0	0	0	16	0	0	0	0	3	4	113	0	2	0	0	0	0	0	0	12	1	0	0	35	0	0	0	0	0	0	0	2	18	0	0	0	0
0	0	0	1	0	0	0	0	0	0	0	0	0	0	0	0	0	0	0	0	0	0	0	0	0	0	0	0	0	0	0	0	0	0	0	0	0	0	0	0	0	2	2	0	0	0	0	0	0	0	0	0	0	0	0	0	0	0	0	0	0	0	0	0	0	0	0	0	0	0	0	0	0	0	0
0	0	0	1	0	44	0	0	0	0	0	0	0	6	0	0	0	0	0	0	0	1	0	0	0	0	0	0	83	0	0	0	0	0	5	0	0	0	0	0	0	0	0	0	0	0	24	0	2	0	0	0	0	0	0	0	0	0	0	0	0	0	0	0	0	0	0	0	0	29	0	0	0	0	0
0	0	0	0	0	0	0	0	0	0	0	0	0	0	0	0	0	0	0	0	0	0	0	0	0	0	0	0	0	0	0	0	0	0	0	0	0	0	0	0	0	0	0	0	0	0	0	0	0	0	0	0	0	0	0	0	0	0	0	0	0	0	0	0	0	0	0	0	0	0	0	0	0	0	0
0	0	0	0	0	0	0	0	0	0	15	0	0	0	0	13	0	0	0	0	0	0	0	0	0	0	0	7	0	0	0	0	0	0	0	0	0	0	0	0	0	4	0	0	0	0	0	0	207	0	0	0	0	0	0	0	0	48	0	0	0	0	0	0	0	0	0	0	0	0	0	0	0	0	0
0	13	0	0	0	0	0	0	0	0	0	0	0	0	0	0	0	7	0	0	0	0	38	0	0	0	6	0	0	6	0	28	0	0	10	154	0	3	0	2	0	0	0	43	0	6	0	0	30	0	0	0	0	1	0	24	0	0	382	174	0	0	0	0	0	0	0	0	0	0	0	0	0	0	0
0	0	0	0	0	0	0	0	0	0	0	0	0	0	0	0	0	0	0	0	0	0	0	0	0	0	0	0	0	0	0	0	0	0	0	0	0	0	0	0	0	0	0	0	0	0	0	0	0	0	0	0	0	0	0	0	0	0	0	0	0	0	0	0	0	0	0	0	0	0	0	0	0	0	0
0	0	0	2	0	2	0	0	0	1	0	2	0	0	0	4	0	0	2	0	0	0	0	0	0	0	0	0	0	0	0	0	0	4	0	0	0	0	2	0	0	2	0	0	0	0	2	0	74	0	0	0	0	0	0	0	0	1	0	2	2	0	2	0	29	0	0	0	0	0	15	0	0	0	0
0	0	0	15	0	0	0	0	0	0	7	6	0	1	4	0	0	0	0	94	79	0	0	0	0	8	0	0	0	0	0	0	0	0	0	2	0	0	9	0	0	4	0	0	0	2	0	1	2	0	0	0	0	25	0	0	99	178	0	24	0	0	18	0	0	0	0	0	0	15	0	0	0	0	0
0	0	0	0	0	0	0	0	0	0	0	0	0	19	1	0	0	0	0	46	8	0	16	0	0	0	9	0	6	0	0	0	0	5	14	22	0	0	0	502	0	13	0	0	0	0	6	0	39	0	0	0	0	0	0	0	0	7	120	6	0	0	0	0	0	0	0	0	0	0	0	0	0	0	0
0	0	0	0	0	0	0	0	0	0	0	0	0	0	0	0	0	0	0	0	0	0	0	0	0	0	0	0	0	0	0	0	0	0	0	0	0	0	0	0	0	0	0	0	0	0	0	0	0	0	0	0	0	0	0	0	0	0	0	0	0	0	0	0	0	0	0	0	0	0	0	0	0	0	0
0	0	0	0	0	0	0	0	0	0	0	0	0	0	0	0	0	0	0	0	0	0	0	0	0	0	0	0	0	0	0	0	0	0	0	0	0	0	0	0	0	0	0	0	0	0	0	0	0	0	0	0	0	0	0	0	0	0	0	0	0	0	0	0	0	0	0	0	0	0	0	0	0	0	0
0	0	0	0	0	0	0	0	0	0	0	0	0	0	0	0	0	0	0	0	0	0	0	0	0	0	0	0	0	0	0	0	0	0	0	0	0	0	0	0	0	0	0	0	0	0	0	0	0	0	0	0	0	0	0	0	0	0	0	0	0	0	0	0	0	0	0	0	0	0	0	0	0	0	0
