0	0	0	0	0	0	0	0	0	0	0	0	0	0	0	0	0	0	0	0	0	0	0	0	0	0	0	0	0	0	0	0	0	0	0	0	0	0	0	0	0	0	0	0	0	0	0	0	0	0	0	0	0	0	0	0	0	0	0	0	0	0	0	0	0	0	0	0	0	0	0	0	0	0	0
0	0	0	0	0	0	0	0	0	0	0	0	0	0	0	0	0	3	0	3	0	3	44	0	18	19	3	0	0	3	0	15	0	2	0	3	0	0	0	0	3	0	0	0	0	5	0	0	0	0	0	0	1	0	0	10	0	0	2	0	0	1	0	0	0	0	0	4	39	0	0	0	0	0	0
0	0	0	14	3	16	0	0	10	0	1	0	0	14	20	0	0	19	1	0	5	1	3	0	0	0	0	0	0	2	1	14	0	4	23	5	0	0	16	0	29	0	36	0	46	0	19	0	0	0	1	0	0	0	0	3	1	11	3	40	0	2	61	0	4	0	1	3	31	0	15	9	0	19	15
0	0	14	0	0	0	0	0	0	2	270	0	0	1	89	1	0	0	1	0	7	1	0	0	0	0	0	0	0	0	0	0	1	0	0	0	0	0	0	0	0	0	0	0	0	2	0	0	0	0	0	0	0	0	0	0	0	62	0	10	0	0	0	0	0	0	16	0	0	0	0	0	14	14	4
0	0	3	0	0	0	0	0	0	2	1	0	0	0	2	0	0	0	0	0	0	0	0	0	0	0	0	0	0	0	0	0	6	0	0	0	0	0	0	0	0	0	0	0	0	0	0	0	0	0	0	0	0	0	0	0	0	0	0	0	0	0	0	0	0	0	3	0	0	0	0	0	3	1	0
0	0	16	0	0	0	0	0	0	0	0	4	0	156	4	0	0	0	1	0	4	0	0	0	0	0	0	0	0	0	0	0	2	0	1441	0	0	0	0	0	0	0	0	0	0	0	0	0	0	0	0	0	0	0	0	0	0	0	0	0	0	0	11	0	0	0	0	0	0	0	0	0	6	0	0
0	0	0	0	0	0	0	0	0	0	202	0	0	0	0	0	0	262	47	23	5	150	23	0	81	57	201	0	0	12	0	45	0	48	33	61	0	0	0	0	99	0	0	0	26	307	0	0	0	0	0	190	0	195	0	55	0	151	202	0	0	0	0	0	0	0	0	87	15	0	107	0	0	5	280
0	0	0	0	0	0	0	0	0	0	0	0	0	0	0	0	0	0	0	0	0	0	0	0	0	0	0	0	0	0	0	0	0	0	0	0	0	0	0	0	0	0	0	0	0	0	0	0	0	0	0	0	0	0	0	0	0	0	0	0	0	0	0	0	0	0	0	0	0	0	0	0	0	0	0
0	0	10	0	0	0	0	0	0	0	0	0	0	165	0	0	0	2	0	4	0	2	0	0	0	0	3	0	0	0	0	0	0	2	107	0	0	0	0	0	0	0	0	0	0	0	0	0	0	0	0	0	0	0	0	0	0	0	0	26	0	0	0	0	0	0	0	0	0	0	0	0	4	0	0
0	0	0	2	2	0	0	0	0	0	1	0	0	0	2	0	0	0	0	1	0	0	0	0	0	0	0	0	0	1	0	0	0	0	0	1	0	0	0	0	1	0	1	0	0	0	0	0	0	0	1	0	0	0	0	0	0	16	0	0	0	0	6	0	0	0	0	0	0	0	0	1	0	0	0
0	0	1	270	1	0	202	0	0	1	0	0	0	0	0	0	0	2	99	48	0	0	0	0	0	0	3	0	0	0	0	28	0	0	0	1	96	0	0	0	0	0	186	0	291	0	0	0	0	0	9	59	0	458	0	0	0	262	4	1	0	16	2	0	0	0	184	1	1	0	388	1	4	0	0
0	0	0	0	0	4	0	0	0	0	0	0	0	0	0	0	0	0	0	0	0	0	0	0	0	0	0	0	0	0	0	0	0	0	0	0	0	0	0	0	0	0	2	0	0	0	0	0	0	0	0	0	0	0	0	0	0	0	0	0	0	0	14	0	0	0	0	0	0	0	0	0	0	0	0
0	0	0	0	0	0	0	0	0	0	0	0	0	0	0	0	0	0	0	0	0	0	0	0	0	0	0	0	0	0	0	0	0	0	0	0	0	0	0	0	0	0	0	0	0	0	0	0	0	0	0	0	0	0	0	0	0	0	0	0	0	0	0	0	0	0	0	0	0	0	0	0	0	0	0
0	0	14	1	0	156	0	0	165	0	0	0	0	0	0	2	1	54	0	63	201	65	0	0	0	1	8	0	0	17	0	1	1	329	2606	14	0	0	1	0	486	0	1	0	0	2	99	0	0	0	21	0	0	0	0	10	1	36	1	15	0	0	2	0	0	0	7	2	1	0	52	196	15	0	0
0	0	20	89	2	4	0	0	0	2	0	0	0	0	0	1	0	0	0	2	0	1	0	0	0	0	0	0	0	0	0	52	8	2	1	2	1	0	96	0	1	0	29	0	21	2	1	0	0	0	0	0	0	0	0	0	1	18	0	7	0	107	488	0	2	0	0	0	0	0	1	0	58	34	0
0	0	0	1	0	0	0	0	0	0	0	0	0	2	1	0	0	0	0	16	0	0	0	0	15	16	0	0	0	0	0	0	0	0	0	0	0	0	0	0	0	0	0	0	17	0	0	0	0	0	0	0	0	0	0	0	0	0	0	0	0	0	0	0	0	0	0	0	10	0	2	0	0	0	0
0	0	0	0	0	0	0	0	0	0	0	0	0	1	0	0	0	0	0	0	0	0	0	0	0	0	0	0	0	0	0	0	0	0	8	0	0	0	0	0	0	0	0	0	0	0	0	0	0	0	0	0	0	0	0	0	0	0	0	0	0	0	0	0	0	0	0	0	0	0	0	0	0	0	0
0	3	19	0	0	0	262	0	2	0	2	0	0	54	0	0	0	0	0	155	0	626	62	0	23	0	416	0	0	33	0	0	0	212	106	35	0	0	17	0	336	0	0	0	0	3	13	0	0	0	0	0	41	1	0	35	11	9	130	41	0	0	1	0	0	5	0	59	71	0	2	47	53	0	18
0	0	1	1	0	1	47	0	0	0	99	0	0	0	0	0	0	0	0	0	0	0	0	0	0	0	0	0	0	0	0	5	0	0	0	1	3	0	14	0	0	0	2	0	55	0	29	0	0	0	310	1	0	39	0	0	0	3	0	0	0	2	12	0	0	0	1	0	0	0	1	1	1	0	4
0	3	0	0	0	0	23	0	4	1	48	0	0	63	2	16	0	155	0	0	50	177	2	4	0	0	151	0	0	31	0	0	0	28	65	14	0	0	6	0	16	0	0	0	2	4	0	0	0	0	0	0	3	4	0	2	16	104	2	148	0	0	0	0	0	0	1	2	4	0	4	12	0	0	274
0	0	5	7	0	4	5	0	0	0	0	0	0	201	0	0	0	0	0	50	0	0	45	0	0	28	1	0	0	20	0	11	0	16	256	55	1	0	0	0	128	0	2	0	1	16	3	0	0	0	0	2	0	25	0	13	28	43	107	115	0	0	0	0	0	0	5	121	5	0	79	142	13	1	0
0	3	1	1	0	0	150	0	2	0	0	0	0	65	1	0	0	626	0	177	0	0	24	0	3	0	504	0	0	41	0	0	0	433	227	47	0	0	2	0	431	0	0	0	7	13	17	0	0	0	0	0	17	0	0	37	18	10	131	8	0	1	1	0	0	0	0	13	42	0	9	164	4	0	2
0	44	3	0	0	0	23	0	0	0	0	0	0	0	0	0	0	62	0	2	45	24	0	0	0	84	99	0	0	0	0	0	0	1	109	0	0	0	0	0	0	0	0	0	0	156	0	0	0	0	0	2	238	0	0	0	0	0	0	8	0	0	0	0	0	0	0	0	0	0	0	0	3	0	78
0	0	0	0	0	0	0	0	0	0	0	0	0	0	0	0	0	0	0	4	0	0	0	0	0	0	0	0	0	0	0	0	0	0	0	0	0	0	0	0	0	0	0	0	0	0	0	0	0	0	0	0	3	0	0	0	17	0	0	0	0	0	0	0	0	0	0	0	0	0	0	0	0	0	0
0	18	0	0	0	0	81	0	0	0	0	0	0	0	0	15	0	23	0	0	0	3	0	0	0	613	1	0	0	0	0	0	0	0	1	0	0	0	0	0	0	0	0	0	0	62	0	0	0	0	0	0	362	0	0	0	8	13	0	0	0	0	0	0	0	0	0	0	0	0	0	0	0	0	0
0	19	0	0	0	0	57	0	0	0	0	0	0	1	0	16	0	0	0	0	28	0	84	0	613	0	0	0	0	0	0	0	0	1	5	2	0	0	0	0	0	0	0	0	2	44	0	0	0	0	0	0	0	23	0	65	96	0	0	0	0	0	0	0	0	0	0	0	90	0	1	0	0	1	0
0	3	0	0	0	0	201	0	3	0	3	0	0	8	0	0	0	416	0	151	1	504	99	0	1	0	0	0	0	50	0	1	0	307	40	40	0	0	1	0	197	0	0	0	0	1	5	0	0	0	0	0	33	5	0	100	1	8	138	1	0	0	0	0	0	0	0	108	53	0	2	133	3	0	2
0	0	0	0	0	0	0	0	0	0	0	0	0	0	0	0	0	0	0	0	0	0	0	0	0	0	0	0	0	0	22	0	0	0	0	0	0	0	0	0	0	0	0	0	0	0	0	0	0	0	0	0	0	0	0	0	0	0	0	0	0	0	0	0	0	0	0	0	0	0	0	0	0	0	0
0	0	0	0	0	0	0	0	0	0	0	0	0	0	0	0	0	0	0	0	0	0	0	0	0	0	0	0	0	0	0	0	0	0	0	0	0	0	0	0	0	0	0	0	0	0	0	0	0	0	0	0	0	0	0	0	0	0	0	0	0	0	0	0	0	0	0	0	0	0	0	0	0	0	0
0	3	2	0	0	0	12	0	0	1	0	0	0	17	0	0	0	33	0	31	20	41	0	0	0	0	50	0	0	0	0	0	0	21	44	8	0	0	1	0	15	0	0	0	0	5	0	0	0	0	0	0	16	0	0	0	0	18	7	220	0	0	0	0	0	0	0	2	3	0	1	2	2	0	0
0	0	1	0	0	0	0	0	0	0	0	0	0	0	0	0	0	0	0	0	0	0	0	0	0	0	0	22	0	0	0	0	6	0	0	0	0	0	0	0	0	0	0	0	0	0	0	0	0	0	0	0	0	0	0	0	0	0	0	0	0	0	0	0	0	0	61	0	0	0	0	0	1	0	0
0	15	14	0	0	0	45	0	0	0	28	0	0	1	52	0	0	0	5	0	11	0	0	0	0	0	1	0	0	0	0	0	0	0	7	0	0	0	0	0	0	0	0	0	0	49	0	0	0	0	0	72	0	0	0	0	0	61	0	2	0	0	2	0	0	0	0	0	0	0	0	0	14	0	68
0	0	0	1	6	2	0	0	0	0	0	0	0	1	8	0	0	0	0	0	0	0	0	0	0	0	0	0	0	0	6	0	0	0	1	0	0	0	0	0	0	0	0	0	14	0	0	0	0	0	0	0	0	0	0	0	0	0	0	0	0	6	0	0	0	0	0	0	0	0	6	0	14	0	0
0	2	4	0	0	0	48	0	2	0	0	0	0	329	2	0	0	212	0	28	16	433	1	0	0	1	307	0	0	21	0	0	0	0	62	17	0	0	6	0	38	0	0	0	0	2	3	0	0	0	0	0	1	0	0	1	1	3	9	12	0	1	7	0	0	0	0	1	4	0	1	15	1	0	2
0	0	23	0	0	1441	33	0	107	0	0	0	0	2606	1	0	8	106	0	65	256	227	109	0	1	5	40	0	0	44	0	7	1	62	0	33	0	0	1	0	1689	0	0	0	1	0	523	0	0	0	185	5	4	0	0	280	3	24	283	52	0	0	2	0	2	0	42	211	10	0	356	531	38	4	1
0	3	5	0	0	0	61	0	0	1	1	0	0	14	2	0	0	35	1	14	55	47	0	0	0	2	40	0	0	8	0	0	0	17	33	0	0	0	0	0	0	0	0	0	0	2	0	0	0	0	0	0	3	0	0	0	0	9	0	264	0	0	10	0	0	0	0	0	0	0	0	0	5	0	0
0	0	0	0	0	0	0	0	0	0	96	0	0	0	1	0	0	0	3	0	1	0	0	0	0	0	0	0	0	0	0	0	0	0	0	0	0	0	0	0	0	0	0	0	0	0	0	0	0	0	0	1	0	0	0	0	0	2	0	0	0	0	0	0	0	0	1	0	0	0	0	0	0	0	0
0	0	0	0	0	0	0	0	0	0	0	0	0	0	0	0	0	0	0	0	0	0	0	0	0	0	0	0	0	0	0	0	0	0	0	0	0	0	0	0	0	0	0	0	0	0	0	0	0	0	0	0	0	0	0	0	0	0	0	0	0	0	0	0	0	0	0	0	0	0	0	0	0	0	0
0	0	16	0	0	0	0	0	0	0	0	0	0	1	96	0	0	17	14	6	0	2	0	0	0	0	1	0	0	1	0	0	0	6	1	0	0	0	0	0	0	0	0	0	0	2	0	0	0	0	0	0	0	0	0	0	2	3	0	74	0	0	2	0	0	0	0	0	0	0	0	0	15	1	0
0	0	0	0	0	0	0	0	0	0	0	0	0	0	0	0	0	0	0	0	0	0	0	0	0	0	0	0	0	0	0	0	0	0	0	0	0	0	0	0	0	0	0	0	0	0	0	0	0	0	0	0	0	0	0	0	0	0	0	0	0	0	0	0	0	0	0	0	0	0	0	0	0	0	0
0	3	29	0	0	0	99	0	0	1	0	0	0	486	1	0	0	336	0	16	128	431	0	0	0	0	197	0	0	15	0	0	0	38	1689	0	0	0	0	0	0	0	0	0	0	6	0	0	0	0	0	0	18	0	0	0	0	4	0	54	0	0	0	0	0	0	1	0	0	0	4	0	15	0	1
0	0	0	0	0	0	0	0	0	0	0	0	0	0	0	0	0	0	0	0	0	0	0	0	0	0	0	0	0	0	0	0	0	0	0	0	0	0	0	0	0	0	0	0	0	0	0	0	0	0	0	0	0	0	0	0	0	0	0	0	0	0	0	0	0	0	0	0	0	0	0	0	0	0	0
0	0	36	0	0	0	0	0	0	1	186	2	0	1	29	0	0	0	2	0	2	0	0	0	0	0	0	0	0	0	0	0	0	0	0	0	0	0	0	0	0	0	0	0	0	0	0	0	0	0	0	0	0	0	0	0	0	13	0	148	0	0	1	0	0	0	0	0	0	0	0	0	36	1	0
0	0	0	0	0	0	0	0	0	0	0	0	0	0	0	0	0	0	0	0	0	0	0	0	0	0	0	0	0	0	0	0	0	0	0	0	0	0	0	0	0	0	0	0	0	0	0	0	0	0	0	0	0	0	0	0	0	0	0	0	0	0	0	0	0	0	0	0	0	0	0	0	0	0	0
0	0	46	0	0	0	26	0	0	0	291	0	0	0	21	17	0	0	55	2	1	7	0	0	0	2	0	0	0	0	0	0	14	0	1	0	0	0	0	0	0	0	0	0	0	0	0	0	0	0	0	3	0	0	0	0	0	64	0	0	0	0	6	0	0	0	2	0	0	0	1	0	46	35	191
0	5	0	2	0	0	307	0	0	0	0	0	0	2	2	0	0	3	0	4	16	13	156	0	62	44	1	0	0	5	0	49	0	2	0	2	0	0	2	0	6	0	0	0	0	0	3	0	0	0	0	170	22	206	0	181	9	78	1	0	0	0	2	0	0	0	0	14	14	0	2	4	0	0	49
0	0	19	0	0	0	0	0	0	0	0	0	0	99	1	0	0	13	29	0	3	17	0	0	0	0	5	0	0	0	0	0	0	3	523	0	0	0	0	0	0	0	0	0	0	3	0	0	0	0	0	0	0	0	0	0	0	0	0	0	0	0	8	0	0	0	0	0	0	0	0	0	8	0	0
0	0	0	0	0	0	0	0	0	0	0	0	0	0	0	0	0	0	0	0	0	0	0	0	0	0	0	0	0	0	0	0	0	0	0	0	0	0	0	0	0	0	0	0	0	0	0	0	0	0	0	0	0	0	0	0	0	0	0	0	0	0	0	0	0	0	0	0	0	0	0	0	0	0	0
0	0	0	0	0	0	0	0	0	0	0	0	0	0	0	0	0	0	0	0	0	0	0	0	0	0	0	0	0	0	0	0	0	0	0	0	0	0	0	0	0	0	0	0	0	0	0	0	0	0	0	0	0	0	0	0	0	0	0	0	0	0	0	0	0	0	0	0	0	0	0	0	0	0	0
0	0	0	0	0	0	0	0	0	0	0	0	0	0	0	0	0	0	0	0	0	0	0	0	0	0	0	0	0	0	0	0	0	0	0	0	0	0	0	0	0	0	0	0	0	0	0	0	0	0	0	0	0	0	0	0	0	0	0	0	0	0	0	0	0	0	0	0	0	0	0	0	0	0	0
0	0	1	0	0	0	0	0	0	1	9	0	0	21	0	0	0	0	310	0	0	0	0	0	0	0	0	0	0	0	0	0	0	0	185	0	0	0	0	0	0	0	0	0	0	0	0	0	0	0	0	0	0	0	0	0	0	0	0	0	0	0	0	0	0	0	0	0	0	0	0	0	1	0	0
0	0	0	0	0	0	190	0	0	0	59	0	0	0	0	0	0	0	1	0	2	0	2	0	0	0	0	0	0	0	0	72	0	0	5	0	1	0	0	0	0	0	0	0	3	170	0	0	0	0	0	0	1	119	0	6	0	35	0	0	0	0	0	0	0	0	0	0	0	0	22	0	0	0	186
0	1	0	0	0	0	0	0	0	0	0	0	0	0	0	0	0	41	0	3	0	17	238	3	362	0	33	0	0	16	0	0	0	1	4	3	0	0	0	0	18	0	0	0	0	22	0	0	0	0	0	1	0	0	0	209	5	1	0	1	0	0	0	0	0	0	0	14	137	0	0	1	0	0	1
0	0	0	0	0	0	195	0	0	0	458	0	0	0	0	0	0	1	39	4	25	0	0	0	0	23	5	0	0	0	0	0	0	0	0	0	0	0	0	0	0	0	0	0	0	206	0	0	0	0	0	119	0	0	0	0	0	227	0	0	0	0	0	0	0	0	0	0	0	0	2	0	0	0	547
0	0	0	0	0	0	0	0	0	0	0	0	0	0	0	0	0	0	0	0	0	0	0	0	0	0	0	0	0	0	0	0	0	0	0	0	0	0	0	0	0	0	0	0	0	0	0	0	0	0	0	0	0	0	0	0	0	0	0	0	0	0	0	0	0	0	0	0	0	0	0	0	0	0	0
0	10	3	0	0	0	55	0	0	0	0	0	0	10	0	0	0	35	0	2	13	37	0	0	0	65	100	0	0	0	0	0	0	1	280	0	0	0	0	0	0	0	0	0	0	181	0	0	0	0	0	6	209	0	0	0	26	0	0	4	0	0	0	0	0	0	0	0	0	0	0	0	3	0	2
0	0	1	0	0	0	0	0	0	0	0	0	0	1	1	0	0	11	0	16	28	18	0	17	8	96	1	0	0	0	0	0	0	1	3	0	0	0	2	0	0	0	0	0	0	9	0	0	0	0	0	0	5	0	0	26	0	60	0	0	0	0	1	0	0	0	0	0	1	0	9	0	1	0	0
0	0	11	62	0	0	151	0	0	16	262	0	0	36	18	0	0	9	3	104	43	10	0	0	13	0	8	0	0	18	0	61	0	3	24	9	2	0	3	0	4	0	13	0	64	78	0	0	0	0	0	35	1	227	0	0	60	0	11	71	0	0	16	0	0	0	1	7	1	0	230	9	12	0	104
0	2	3	0	0	0	202	0	0	0	4	0	0	1	0	0	0	130	0	2	107	131	0	0	0	0	138	0	0	7	0	0	0	9	283	0	0	0	0	0	0	0	0	0	0	1	0	0	0	0	0	0	0	0	0	0	0	11	0	228	0	0	4	0	0	0	1	0	0	0	3	0	3	0	126
0	0	40	10	0	0	0	0	26	0	1	0	0	15	7	0	0	41	0	148	115	8	8	0	0	0	1	0	0	220	0	2	0	12	52	264	0	0	74	0	54	0	148	0	0	0	0	0	0	0	0	0	1	0	0	4	0	71	228	0	0	22	2	0	0	0	0	376	20	0	226	26	64	6	24
0	0	0	0	0	0	0	0	0	0	0	0	0	0	0	0	0	0	0	0	0	0	0	0	0	0	0	0	0	0	0	0	0	0	0	0	0	0	0	0	0	0	0	0	0	0	0	0	0	0	0	0	0	0	0	0	0	0	0	0	0	0	0	0	0	0	0	0	0	0	0	0	0	0	0
0	1	2	0	0	0	0	0	0	0	16	0	0	0	107	0	0	0	2	0	0	1	0	0	0	0	0	0	0	0	0	0	6	1	0	0	0	0	0	0	0	0	0	0	0	0	0	0	0	0	0	0	0	0	0	0	0	0	0	22	0	0	11	0	0	0	0	0	0	0	0	0	2	7	0
0	0	61	0	0	11	0	0	0	6	2	14	0	2	488	0	0	1	12	0	0	1	0	0	0	0	0	0	0	0	0	2	0	7	2	10	0	0	2	0	0	0	1	0	6	2	8	0	0	0	0	0	0	0	0	0	1	16	4	2	0	11	0	0	0	0	0	0	0	0	0	0	66	3	0
0	0	0	0	0	0	0	0	0	0	0	0	0	0	0	0	0	0	0	0	0	0	0	0	0	0	0	0	0	0	0	0	0	0	0	0	0	0	0	0	0	0	0	0	0	0	0	0	0	0	0	0	0	0	0	0	0	0	0	0	0	0	0	0	0	0	0	0	0	0	0	0	0	0	0
0	0	4	0	0	0	0	0	0	0	0	0	0	0	2	0	0	0	0	0	0	0	0	0	0	0	0	0	0	0	0	0	0	0	2	0	0	0	0	0	0	0	0	0	0	0	0	0	0	0	0	0	0	0	0	0	0	0	0	0	0	0	0	0	0	0	0	0	0	0	0	0	4	0	0
0	0	0	0	0	0	0	0	0	0	0	0	0	0	0	0	0	5	0	0	0	0	0	0	0	0	0	0	0	0	0	0	0	0	0	0	0	0	0	0	0	0	0	0	0	0	0	0	0	0	0	0	0	0	0	0	0	0	0	0	0	0	0	0	0	0	0	0	0	0	0	0	0	0	0
0	0	1	16	3	0	0	0	0	0	184	0	0	7	0	0	0	0	1	1	5	0	0	0	0	0	0	0	0	0	61	0	0	0	42	0	1	0	0	0	1	0	0	0	2	0	0	0	0	0	0	0	0	0	0	0	0	1	1	0	0	0	0	0	0	0	0	0	0	0	0	1	1	0	1
0	4	3	0	0	0	87	0	0	0	1	0	0	2	0	0	0	59	0	2	121	13	0	0	0	0	108	0	0	2	0	0	0	1	211	0	0	0	0	0	0	0	0	0	0	14	0	0	0	0	0	0	14	0	0	0	0	7	0	376	0	0	0	0	0	0	0	0	0	0	0	0	3	0	83
0	39	31	0	0	0	15	0	0	0	1	0	0	1	0	10	0	71	0	4	5	42	0	0	0	90	53	0	0	3	0	0	0	4	10	0	0	0	0	0	0	0	0	0	0	14	0	0	0	0	0	0	137	0	0	0	1	1	0	20	0	0	0	0	0	0	0	0	0	0	0	0	31	0	261
0	0	0	0	0	0	0	0	0	0	0	0	0	0	0	0	0	0	0	0	0	0	0	0	0	0	0	0	0	0	0	0	0	0	0	0	0	0	0	0	0	0	0	0	0	0	0	0	0	0	0	0	0	0	0	0	0	0	0	0	0	0	0	0	0	0	0	0	0	0	0	0	0	0	0
0	0	15	0	0	0	107	0	0	0	388	0	0	52	1	2	0	2	1	4	79	9	0	0	0	1	2	0	0	1	0	0	6	1	356	0	0	0	0	0	4	0	0	0	1	2	0	0	0	0	0	22	0	2	0	0	9	230	3	226	0	0	0	0	0	0	0	0	0	0	0	4	14	2	8
0	0	9	0	0	0	0	0	0	1	1	0	0	196	0	0	0	47	1	12	142	164	0	0	0	0	133	0	0	2	0	0	0	15	531	0	0	0	0	0	0	0	0	0	0	4	0	0	0	0	0	0	1	0	0	0	0	9	0	26	0	0	0	0	0	0	1	0	0	0	4	0	9	0	0
0	0	0	14	3	6	0	0	4	0	4	0	0	15	58	0	0	53	1	0	13	4	3	0	0	0	3	0	0	2	1	14	14	1	38	5	0	0	15	0	15	0	36	0	46	0	8	0	0	0	1	0	0	0	0	3	1	12	3	64	0	2	66	0	4	0	1	3	31	0	14	9	0	50	35
0	0	19	14	1	0	5	0	0	0	0	0	0	0	34	0	0	0	0	0	1	0	0	0	0	1	0	0	0	0	0	0	0	0	4	0	0	0	1	0	0	0	1	0	35	0	0	0	0	0	0	0	0	0	0	0	0	0	0	6	0	7	3	0	0	0	0	0	0	0	2	0	50	0	0
0	0	15	4	0	0	280	0	0	0	0	0	0	0	0	0	0	18	4	274	0	2	78	0	0	0	2	0	0	0	0	68	0	2	1	0	0	0	0	0	1	0	0	0	191	49	0	0	0	0	0	186	1	547	0	2	0	104	126	24	0	0	0	0	0	0	1	83	261	0	8	0	35	0	0
