0	0	0	0	0	0	0	0	0	0	0	0	0	0	0	0	0	0	0	0	0	0	0	0	0	0	0	0	0	0	0	0	0	0	0	0	0	0	0	0	0	0	0	0	0	0	0	0	0	0	0	0	0	0	0	0	0	0	0	0	0	0	0	0	0	0	0	0	0	0	0	0	0	0	0
0	0	0	0	0	0	0	2	1	1	0	0	0	0	0	0	0	9	5	1	0	110	220	0	58	9	38	0	0	38	0	19	0	159	1	161	0	0	0	0	117	0	0	0	0	7	21	0	0	0	0	4	251	21	0	90	31	9	9	11	0	0	0	0	0	0	0	127	0	0	0	42	3	0	3
0	0	0	4	0	8	0	0	3	0	0	0	0	3	8	0	0	0	3	0	0	0	0	0	0	0	0	0	0	0	0	0	0	0	0	0	0	0	0	0	2	2	2	0	0	0	2	0	0	0	0	0	0	0	0	0	0	3	0	2	3	0	8	0	4	0	0	0	0	0	0	3	0	2	1
0	0	4	0	0	11	0	0	0	0	97	15	0	5	94	19	0	0	17	0	0	1	0	0	0	0	3	132	0	3	0	0	0	1	0	4	0	0	0	0	0	97	0	0	0	0	0	0	0	0	0	0	13	0	0	6	0	117	3	0	12	0	150	0	0	0	10	0	0	0	0	0	0	25	0
0	0	0	0	0	0	0	0	35	0	10	0	0	28	0	0	0	6	0	0	29	0	0	0	12	0	0	0	0	16	0	0	0	0	16	33	0	0	0	0	65	4	0	0	0	0	0	0	0	0	0	0	0	0	0	0	12	11	0	55	0	0	0	0	0	0	0	2	0	0	4	29	2	0	0
0	0	8	11	0	0	0	0	0	4	5	241	0	370	28	0	26	3	3	0	0	0	1	0	0	0	0	0	0	3	0	0	0	2	136	1	0	0	0	0	11	0	136	0	0	0	190	0	0	0	0	0	0	0	0	12	1	2	3	0	1	5	687	0	252	0	7	1	0	0	0	0	127	674	0
0	0	0	0	0	0	0	0	0	0	0	0	0	0	0	0	0	0	0	0	0	0	0	0	0	0	0	0	0	0	0	0	0	0	0	0	0	0	0	0	0	0	0	0	0	0	0	0	0	0	0	0	0	0	0	0	0	0	0	0	0	0	0	0	0	0	0	0	0	0	0	0	0	0	0
0	2	0	0	0	0	0	0	0	0	0	0	0	0	0	0	0	8	10	0	0	0	0	0	0	0	0	0	0	0	0	0	0	0	0	0	0	0	0	0	0	76	0	0	0	0	0	0	0	0	0	0	5	0	0	0	0	0	17	0	0	0	0	0	0	0	14	0	0	0	0	0	0	1	0
0	1	3	0	35	0	0	0	0	0	0	0	0	324	0	0	0	1	1	0	1	125	1	0	30	1	46	0	0	6	0	0	0	2	0	3	0	0	0	0	26	0	0	0	0	0	0	0	0	0	0	0	81	0	0	0	3	1	1	0	301	0	0	0	0	0	0	0	0	0	0	0	0	0	0
0	1	0	0	0	4	0	0	0	0	0	9	0	19	1	0	0	0	10	0	0	0	0	0	0	0	0	0	0	1	0	1	0	0	0	0	0	0	0	0	0	0	0	0	0	0	0	0	0	0	0	1	0	0	0	4	0	0	27	0	21	0	6	0	0	0	0	0	0	0	2	0	0	11	0
0	0	0	97	10	5	0	0	0	0	0	33	0	0	37	224	3	16	64	212	9	0	0	0	0	0	0	14	0	0	0	65	0	3	0	0	0	0	0	0	2	95	225	0	284	13	0	0	215	0	0	90	0	227	0	1	0	369	9	5	0	39	66	0	0	0	149	0	0	0	249	2	8	36	0
0	0	0	15	0	241	0	0	0	9	33	0	0	3	236	0	42	12	9	1	13	2	0	0	0	0	0	1	0	0	0	0	0	5	14	0	0	0	0	0	2	5	107	0	0	0	0	0	0	0	0	0	0	0	0	0	0	40	20	2	2	63	389	0	69	0	1	0	0	0	0	23	101	242	0
0	0	0	0	0	0	0	0	0	0	0	0	0	0	0	0	0	0	0	0	0	0	0	0	0	0	0	0	0	0	0	0	0	0	0	0	0	0	0	0	0	0	0	0	0	0	0	0	0	0	0	0	0	0	0	0	0	0	0	0	0	0	0	0	0	0	0	0	0	0	0	0	0	0	0
0	0	3	5	28	370	0	0	324	19	0	3	0	0	3	0	65	4	0	89	10	191	5	0	41	7	4	0	0	112	0	1	0	433	181	148	0	0	0	0	419	5	3	0	1	0	382	0	0	0	0	0	11	0	0	10	18	44	95	44	803	0	5	0	87	0	1	1	0	0	21	262	83	2	1
0	0	8	94	0	28	0	0	0	1	37	236	0	3	0	10	1	1	14	0	0	2	0	0	0	0	0	2	0	1	0	0	0	2	8	0	0	0	0	0	0	5	1	0	0	0	0	0	0	0	0	0	2	0	0	11	0	10	4	0	0	82	1244	0	2	0	7	0	0	0	1	1	83	34	0
0	0	0	19	0	0	0	0	0	0	224	0	0	0	10	0	26	0	25	141	0	1	0	0	0	0	0	0	0	0	0	0	0	2	0	0	0	0	0	0	0	15	169	0	181	0	6	0	171	0	0	0	1	12	0	0	0	82	8	2	0	0	1	0	0	0	25	0	0	0	90	5	0	0	2
0	0	0	0	0	26	0	0	0	0	3	42	0	65	1	26	0	0	2	0	1	1	0	0	0	0	4	0	0	6	0	1	0	0	2	0	0	0	0	0	1	0	0	0	0	0	0	0	0	0	0	16	7	0	0	0	1	0	5	0	3	0	49	0	0	0	0	0	0	0	0	0	0	48	0
0	9	0	0	6	3	0	8	1	0	16	12	0	4	1	0	0	0	46	0	10	3	11	0	4	1	12	0	0	4	0	2	0	16	13	3	0	0	0	0	19	8	0	0	6	0	0	0	0	0	0	0	51	0	0	13	2	1	4	2	0	40	58	0	1	0	0	11	0	0	1	8	2	3	1
0	5	3	17	0	3	0	10	1	10	64	9	0	0	14	25	2	46	0	3	1	1	3	0	0	0	0	1	0	0	0	1	0	16	0	0	0	0	0	0	3	38	22	0	64	0	0	0	14	0	452	15	13	20	0	3	0	7	22	1	0	16	99	0	0	0	2	0	0	0	6	0	17	11	3
0	1	0	0	0	0	0	0	0	0	212	1	0	89	0	141	0	0	3	0	64	110	0	0	6	2	35	0	0	28	0	76	0	6	0	0	0	0	0	0	73	0	0	0	0	24	0	0	0	0	0	54	80	13	0	0	4	211	335	4	70	0	0	0	0	0	0	0	0	0	6	0	0	1	0
0	0	0	0	29	0	0	0	1	0	9	13	0	10	0	0	1	10	1	64	0	3	0	0	4	0	8	0	0	4	0	1	0	1	1	10	0	0	0	0	18	4	0	0	0	1	0	0	16	0	7	5	1	45	0	9	90	161	0	15	8	0	1	0	0	0	2	0	0	0	66	177	1	17	0
0	110	0	1	0	0	0	0	125	0	0	2	0	191	2	1	1	3	1	110	3	0	17	0	14	13	428	0	0	155	0	1	0	302	128	164	0	0	0	0	372	52	1	0	1	0	27	0	0	0	0	3	726	81	0	67	30	19	226	1	0	0	1	0	0	0	0	1	0	0	0	45	3	28	7
0	220	0	0	0	1	0	0	1	0	0	0	0	5	0	0	0	11	3	0	0	17	0	0	575	56	92	0	0	13	0	59	0	0	2	11	0	0	0	0	14	0	0	0	0	93	0	0	0	0	0	18	207	2	0	121	7	0	99	1	86	0	1	0	0	0	0	11	0	0	2	5	0	0	6
0	0	0	0	0	0	0	0	0	0	0	0	0	0	0	0	0	0	0	0	0	0	0	0	0	0	0	0	0	0	0	0	0	0	0	0	0	0	0	0	0	0	0	0	0	0	0	0	0	0	0	0	0	0	0	0	0	0	0	0	0	0	0	0	0	0	0	0	0	0	0	0	0	0	0
0	58	0	0	12	0	0	0	30	0	0	0	0	41	0	0	0	4	0	6	4	14	575	0	0	1012	11	0	0	80	0	44	0	2	42	87	0	0	0	0	46	0	2	0	0	194	0	0	0	0	0	6	122	184	0	473	340	75	22	6	18	0	0	0	0	0	0	4	0	0	34	18	4	0	0
0	9	0	0	0	0	0	0	1	0	0	0	0	7	0	0	0	1	0	2	0	13	56	0	1012	0	8	0	0	7	0	68	0	4	0	3	0	0	0	0	1	0	0	0	0	21	0	0	0	0	0	1	18	6	0	47	68	35	9	0	7	0	1	0	0	0	0	0	0	0	0	0	0	0	0
0	38	0	3	0	0	0	0	46	0	0	0	0	4	0	0	4	12	0	35	8	428	92	0	11	8	0	0	0	100	0	0	0	296	18	147	0	0	0	0	212	10	0	0	0	0	24	0	0	0	0	5	564	99	0	127	16	19	122	4	24	0	24	0	0	0	1	101	0	0	3	123	1	0	3
0	0	0	132	0	0	0	0	0	0	14	1	0	0	2	0	0	0	1	0	0	0	0	0	0	0	0	0	0	0	0	0	0	0	0	0	0	0	0	0	0	177	2	0	3	0	0	0	110	0	0	0	0	0	0	1	0	0	0	2	0	1	5	0	0	0	260	0	0	0	1	0	2	1	0
0	0	0	0	0	0	0	0	0	0	0	0	0	0	0	0	0	0	0	0	0	0	0	0	0	0	0	0	0	0	0	0	0	0	0	0	0	0	0	0	0	0	0	0	0	0	0	0	0	0	0	0	0	0	0	0	0	0	0	0	0	0	0	0	0	0	0	0	0	0	0	0	0	0	0
0	38	0	3	16	3	0	0	6	1	0	0	0	112	1	0	6	4	0	28	4	155	13	0	80	7	100	0	0	0	0	2	0	59	0	89	0	0	0	0	148	0	0	0	0	4	5	0	0	0	0	0	458	2	0	15	31	10	447	62	483	0	2	0	0	0	0	60	0	0	4	36	0	2	2
0	0	0	0	0	0	0	0	0	0	0	0	0	0	0	0	0	0	0	0	0	0	0	0	0	0	0	0	0	0	0	0	0	0	0	0	0	0	0	0	0	0	0	0	0	0	0	0	0	0	0	0	0	0	0	0	0	0	0	0	0	0	0	0	0	0	0	0	0	0	0	0	0	0	0
0	19	0	0	0	0	0	0	0	1	65	0	0	1	0	0	1	2	1	76	1	1	59	0	44	68	0	0	0	2	0	0	0	1	1	2	0	0	0	0	1	0	0	0	102	77	0	0	1	0	0	320	10	252	0	114	0	284	23	0	0	2	1	0	0	0	0	85	0	0	88	2	1	0	121
0	0	0	0	0	0	0	0	0	0	0	0	0	0	0	0	0	0	0	0	0	0	0	0	0	0	0	0	0	0	0	0	0	0	0	0	0	0	0	0	0	0	0	0	0	0	0	0	0	0	0	0	0	0	0	0	0	0	0	0	0	0	0	0	0	0	0	0	0	0	0	0	0	0	0
0	159	0	1	0	2	0	0	2	0	3	5	0	433	2	2	0	16	16	6	1	302	0	0	2	4	296	0	0	59	0	1	0	0	1	15	0	0	0	0	86	1	3	0	1	0	6	0	0	0	0	0	334	2	0	2	3	7	123	4	247	4	87	0	0	0	1	3	0	0	3	5	2	10	3
0	1	0	0	16	136	0	0	0	0	0	14	0	181	8	0	2	13	0	0	1	128	2	0	42	0	18	0	0	0	0	1	0	1	0	1	0	0	0	0	13	0	0	0	0	0	0	0	0	0	0	0	23	2	0	1	2	3	79	0	98	0	19	0	0	0	0	0	0	0	0	2	0	156	0
0	161	0	4	33	1	0	0	3	0	0	0	0	148	0	0	0	3	0	0	10	164	11	0	87	3	147	0	0	89	0	2	0	15	1	0	0	0	0	0	103	2	1	0	0	0	5	0	0	0	0	2	373	0	0	8	8	5	306	1	199	0	1	0	0	0	2	1	0	0	4	6	1	1	0
0	0	0	0	0	0	0	0	0	0	0	0	0	0	0	0	0	0	0	0	0	0	0	0	0	0	0	0	0	0	0	0	0	0	0	0	0	0	0	0	0	0	0	0	0	0	0	0	0	0	0	0	0	0	0	0	0	0	0	0	0	0	0	0	0	0	0	0	0	0	0	0	0	0	0
0	0	0	0	0	0	0	0	0	0	0	0	0	0	0	0	0	0	0	0	0	0	0	0	0	0	0	0	0	0	0	0	0	0	0	0	0	0	0	0	0	0	0	0	0	0	0	0	0	0	0	0	0	0	0	0	0	0	0	0	0	0	0	0	0	0	0	0	0	0	0	0	0	0	0
0	0	0	0	0	0	0	0	0	0	0	0	0	0	0	0	0	0	0	0	0	0	0	0	0	0	0	0	0	0	0	0	0	0	0	0	0	0	0	0	0	0	0	0	0	0	0	0	0	0	0	0	0	0	0	0	0	0	0	0	0	0	0	0	0	0	0	0	0	0	0	0	0	0	0
0	0	0	0	0	0	0	0	0	0	0	0	0	0	0	0	0	0	0	0	0	0	0	0	0	0	0	0	0	0	0	0	0	0	0	0	0	0	0	0	0	0	0	0	0	0	0	0	0	0	0	0	0	0	0	0	0	0	0	0	0	0	0	0	0	0	0	0	0	0	0	0	0	0	0
0	117	2	0	65	11	0	0	26	0	2	2	0	419	0	0	1	19	3	73	18	372	14	0	46	1	212	0	0	148	0	1	0	86	13	103	0	0	0	0	0	6	0	0	0	0	1	0	0	0	0	0	364	4	0	16	12	14	181	0	342	1	2	0	0	0	1	0	0	0	4	10	2	1	0
0	0	2	97	4	0	0	76	0	0	95	5	0	5	5	15	0	8	38	0	4	52	0	0	0	0	10	177	0	0	0	0	0	1	0	2	0	0	0	0	6	0	7	0	166	0	0	0	162	0	0	0	10	0	0	1	8	6	1	1	1	0	53	0	1	0	169	0	0	0	0	0	2	31	2
0	0	2	0	0	136	0	0	0	0	225	107	0	3	1	169	0	0	22	0	0	1	0	0	2	0	0	2	0	0	0	0	0	3	0	1	0	0	0	0	0	7	0	0	0	0	0	0	0	0	0	0	1	0	0	1	0	23	276	0	23	0	314	0	0	0	1	0	0	0	0	0	0	34	0
0	0	0	0	0	0	0	0	0	0	0	0	0	0	0	0	0	0	0	0	0	0	0	0	0	0	0	0	0	0	0	0	0	0	0	0	0	0	0	0	0	0	0	0	0	0	0	0	0	0	0	0	0	0	0	0	0	0	0	0	0	0	0	0	0	0	0	0	0	0	0	0	0	0	0
0	0	0	0	0	0	0	0	0	0	284	0	0	1	0	181	0	6	64	0	0	1	0	0	0	0	0	3	0	0	0	102	0	1	0	0	0	0	0	0	0	166	0	0	0	0	0	0	0	0	0	61	0	11	0	3	0	97	170	0	0	0	0	0	0	0	13	0	0	0	0	0	0	2	0
0	7	0	0	0	0	0	0	0	0	13	0	0	0	0	0	0	0	0	24	1	0	93	0	194	21	0	0	0	4	0	77	0	0	0	0	0	0	0	0	0	0	0	0	0	0	0	0	0	0	0	4	1	96	0	20	2	9	25	0	0	0	0	0	0	0	0	15	0	0	67	3	0	0	18
0	21	2	0	0	190	0	0	0	0	0	0	0	382	0	6	0	0	0	0	0	27	0	0	0	0	24	0	0	5	0	0	0	6	0	5	0	0	0	0	1	0	0	0	0	0	0	0	0	0	0	0	48	0	0	3	0	0	145	0	194	0	0	0	0	0	0	0	0	0	0	0	0	188	0
0	0	0	0	0	0	0	0	0	0	0	0	0	0	0	0	0	0	0	0	0	0	0	0	0	0	0	0	0	0	0	0	0	0	0	0	0	0	0	0	0	0	0	0	0	0	0	0	0	0	0	0	0	0	0	0	0	0	0	0	0	0	0	0	0	0	0	0	0	0	0	0	0	0	0
0	0	0	0	0	0	0	0	0	0	215	0	0	0	0	171	0	0	14	0	16	0	0	0	0	0	0	110	0	0	0	1	0	0	0	0	0	0	0	0	0	162	0	0	0	0	0	0	0	0	0	13	0	6	0	0	0	207	0	0	0	0	0	0	0	0	47	0	0	0	2	0	0	0	0
0	0	0	0	0	0	0	0	0	0	0	0	0	0	0	0	0	0	0	0	0	0	0	0	0	0	0	0	0	0	0	0	0	0	0	0	0	0	0	0	0	0	0	0	0	0	0	0	0	0	0	0	0	0	0	0	0	0	0	0	0	0	0	0	0	0	0	0	0	0	0	0	0	0	0
0	0	0	0	0	0	0	0	0	0	0	0	0	0	0	0	0	0	452	0	7	0	0	0	0	0	0	0	0	0	0	0	0	0	0	0	0	0	0	0	0	0	0	0	0	0	0	0	0	0	0	0	0	0	0	0	0	0	0	0	0	0	0	0	0	0	0	0	0	0	0	0	0	16	0
0	4	0	0	0	0	0	0	0	1	90	0	0	0	0	0	16	0	15	54	5	3	18	0	6	1	5	0	0	0	0	320	0	0	0	2	0	0	0	0	0	0	0	0	61	4	0	0	13	0	0	0	6	63	0	12	0	26	26	0	0	0	0	0	0	0	0	50	0	0	49	0	0	0	27
0	251	0	13	0	0	0	5	81	0	0	0	0	11	2	1	7	51	13	80	1	726	207	0	122	18	564	0	0	458	0	10	0	334	23	373	0	0	0	0	364	10	1	0	0	1	48	0	0	0	0	6	0	118	0	197	46	39	240	0	0	0	2	0	0	0	0	95	0	0	9	37	8	0	14
0	21	0	0	0	0	0	0	0	0	227	0	0	0	0	12	0	0	20	13	45	81	2	0	184	6	99	0	0	2	0	252	0	2	2	0	0	0	0	0	4	0	0	0	11	96	0	0	6	0	0	63	118	0	0	9	4	187	166	0	3	0	1	0	0	0	0	1	0	0	14	0	1	0	5
0	0	0	0	0	0	0	0	0	0	0	0	0	0	0	0	0	0	0	0	0	0	0	0	0	0	0	0	0	0	0	0	0	0	0	0	0	0	0	0	0	0	0	0	0	0	0	0	0	0	0	0	0	0	0	0	0	0	0	0	0	0	0	0	0	0	0	0	0	0	0	0	0	0	0
0	90	0	6	0	12	0	0	0	4	1	0	0	10	11	0	0	13	3	0	9	67	121	0	473	47	127	1	0	15	0	114	0	2	1	8	0	0	0	0	16	1	1	0	3	20	3	0	0	0	0	12	197	9	0	0	156	2	53	5	41	0	13	0	0	0	0	21	0	0	2	0	1	4	7
0	31	0	0	12	1	0	0	3	0	0	0	0	18	0	0	1	2	0	4	90	30	7	0	340	68	16	0	0	31	0	0	0	3	2	8	0	0	0	0	12	8	0	0	0	2	0	0	0	0	0	0	46	4	0	156	0	134	6	0	44	1	1	0	0	0	0	0	0	0	138	2	1	0	0
0	9	3	117	11	2	0	0	1	0	369	40	0	44	10	82	0	1	7	211	161	19	0	0	75	35	19	0	0	10	0	284	0	7	3	5	0	0	0	0	14	6	23	0	97	9	0	0	207	0	0	26	39	187	0	2	134	0	83	14	44	0	26	0	0	0	28	0	0	0	192	4	8	12	49
0	9	0	3	0	3	0	17	1	27	9	20	0	95	4	8	5	4	22	335	0	226	99	0	22	9	122	0	0	447	0	23	0	123	79	306	0	0	0	0	181	1	276	0	170	25	145	0	0	0	0	26	240	166	0	53	6	83	0	293	634	0	32	0	0	0	0	311	0	0	12	135	19	12	220
0	11	2	0	55	0	0	0	0	0	5	2	0	44	0	2	0	2	1	4	15	1	1	0	6	0	4	2	0	62	0	0	0	4	0	1	0	0	0	0	0	1	0	0	0	0	0	0	0	0	0	0	0	0	0	5	0	14	293	0	624	0	2	0	0	0	0	4	0	0	8	4	0	27	0
0	0	3	12	0	1	0	0	301	21	0	2	0	803	0	0	3	0	0	70	8	0	86	0	18	7	24	0	0	483	0	0	0	247	98	199	0	0	0	0	342	1	23	0	0	0	194	0	0	0	0	0	0	3	0	41	44	44	634	624	0	0	0	0	65	0	0	153	0	0	28	308	95	0	0
0	0	0	0	0	5	0	0	0	0	39	63	0	0	82	0	0	40	16	0	0	0	0	0	0	0	0	1	0	0	0	2	0	4	0	0	0	0	0	0	1	0	0	0	0	0	0	0	0	0	0	0	0	0	0	0	1	0	0	0	0	0	47	0	0	0	0	0	0	0	0	0	0	33	0
0	0	8	150	0	687	0	0	0	6	66	389	0	5	1244	1	49	58	99	0	1	1	1	0	0	1	24	5	0	2	0	1	0	87	19	1	0	0	0	0	2	53	314	0	0	0	0	0	0	0	0	0	2	1	0	13	1	26	32	2	0	47	0	0	2	0	5	1	0	0	0	0	164	397	36
0	0	0	0	0	0	0	0	0	0	0	0	0	0	0	0	0	0	0	0	0	0	0	0	0	0	0	0	0	0	0	0	0	0	0	0	0	0	0	0	0	0	0	0	0	0	0	0	0	0	0	0	0	0	0	0	0	0	0	0	0	0	0	0	0	0	0	0	0	0	0	0	0	0	0
0	0	4	0	0	252	0	0	0	0	0	69	0	87	2	0	0	1	0	0	0	0	0	0	0	0	0	0	0	0	0	0	0	0	0	0	0	0	0	0	0	1	0	0	0	0	0	0	0	0	0	0	0	0	0	0	0	0	0	0	65	0	2	0	0	0	0	0	0	0	0	0	0	191	0
0	0	0	0	0	0	0	0	0	0	0	0	0	0	0	0	0	0	0	0	0	0	0	0	0	0	0	0	0	0	0	0	0	0	0	0	0	0	0	0	0	0	0	0	0	0	0	0	0	0	0	0	0	0	0	0	0	0	0	0	0	0	0	0	0	0	0	0	0	0	0	0	0	0	0
0	0	0	10	0	7	0	14	0	0	149	1	0	1	7	25	0	0	2	0	2	0	0	0	0	0	1	260	0	0	0	0	0	1	0	2	0	0	0	0	1	169	1	0	13	0	0	0	47	0	0	0	0	0	0	0	0	28	0	0	0	0	5	0	0	0	0	0	0	0	0	0	2	2	0
0	127	0	0	2	1	0	0	0	0	0	0	0	1	0	0	0	11	0	0	0	1	11	0	4	0	101	0	0	60	0	85	0	3	0	1	0	0	0	0	0	0	0	0	0	15	0	0	0	0	0	50	95	1	0	21	0	0	311	4	153	0	1	0	0	0	0	0	0	0	0	0	0	0	0
0	0	0	0	0	0	0	0	0	0	0	0	0	0	0	0	0	0	0	0	0	0	0	0	0	0	0	0	0	0	0	0	0	0	0	0	0	0	0	0	0	0	0	0	0	0	0	0	0	0	0	0	0	0	0	0	0	0	0	0	0	0	0	0	0	0	0	0	0	0	0	0	0	0	0
0	0	0	0	0	0	0	0	0	0	0	0	0	0	0	0	0	0	0	0	0	0	0	0	0	0	0	0	0	0	0	0	0	0	0	0	0	0	0	0	0	0	0	0	0	0	0	0	0	0	0	0	0	0	0	0	0	0	0	0	0	0	0	0	0	0	0	0	0	0	0	0	0	0	0
0	0	0	0	4	0	0	0	0	2	249	0	0	21	1	90	0	1	6	6	66	0	2	0	34	0	3	1	0	4	0	88	0	3	0	4	0	0	0	0	4	0	0	0	0	67	0	0	2	0	0	49	9	14	0	2	138	192	12	8	28	0	0	0	0	0	0	0	0	0	0	2	0	1	2
0	42	3	0	29	0	0	0	0	0	2	23	0	262	1	5	0	8	0	0	177	45	5	0	18	0	123	0	0	36	0	2	0	5	2	6	0	0	0	0	10	0	0	0	0	3	0	0	0	0	0	0	37	0	0	0	2	4	135	4	308	0	0	0	0	0	0	0	0	0	2	0	0	8	0
0	3	0	0	2	127	0	0	0	0	8	101	0	83	83	0	0	2	17	0	1	3	0	0	4	0	1	2	0	0	0	1	0	2	0	1	0	0	0	0	2	2	0	0	0	0	0	0	0	0	0	0	8	1	0	1	1	8	19	0	95	0	164	0	0	0	2	0	0	0	0	0	0	114	0
0	0	2	25	0	674	0	1	0	11	36	242	0	2	34	0	48	3	11	1	17	28	0	0	0	0	0	1	0	2	0	0	0	10	156	1	0	0	0	0	1	31	34	0	2	0	188	0	0	0	16	0	0	0	0	4	0	12	12	27	0	33	397	0	191	0	2	0	0	0	1	8	114	0	1
0	3	1	0	0	0	0	0	0	0	0	0	0	1	0	2	0	1	3	0	0	7	6	0	0	0	3	0	0	2	0	121	0	3	0	0	0	0	0	0	0	2	0	0	0	18	0	0	0	0	0	27	14	5	0	7	0	49	220	0	0	0	36	0	0	0	0	0	0	0	2	0	0	1	0
