0	0	0	0	0	0	0	0	0	0	0	0	0	0	0	0	0	0	0	0	0	0	0	0	0	0	0	0	0	0	0	0	0	0	0	0	0	0	0	0	0	0	0	0	0	0	0	0	0	0	0	0	0	0	0	0	0	0	0	0	0	0	0	0	0	0	0	0	0	0	0	0	0	0	0
0	0	0	0	0	0	0	0	0	0	0	0	0	0	0	0	0	3	0	6	3	2	18	0	51	0	101	0	0	5	0	35	0	0	0	5	0	0	0	16	2	0	0	2	0	5	0	0	0	0	0	0	0	1	0	16	1	0	41	8	0	0	0	0	0	0	0	3	3	0	0	0	0	0	0
0	0	0	0	0	3	0	0	2	1	0	0	0	0	0	0	0	0	0	0	0	0	2	0	0	0	0	0	2	6	0	0	0	5	3	4	0	0	0	0	0	1	0	1	0	1	0	0	0	0	3	0	0	0	0	2	0	1	3	5	0	1	3	0	0	0	0	0	0	0	0	0	0	0	0
0	0	0	0	0	0	0	0	0	15	262	0	0	0	5	18	0	0	0	0	11	0	0	0	0	0	2	0	0	0	14	0	0	0	0	0	0	0	0	0	0	14	0	0	0	0	0	0	20	0	0	0	0	0	0	0	1	0	0	0	0	0	0	0	0	0	93	0	0	1	7	0	0	0	5
0	0	0	0	0	0	0	0	0	1	21	0	0	0	0	0	0	0	0	0	1	0	0	0	0	0	1	0	0	0	456	0	0	0	0	0	0	0	0	0	0	19	0	0	8	0	0	0	1	0	0	0	0	0	0	0	0	0	0	0	0	0	0	0	0	0	136	1	0	0	1	0	0	0	0
0	0	3	0	0	0	0	0	0	18	0	0	0	147	0	0	0	0	0	0	14	0	0	0	0	0	1	0	0	0	0	0	0	17	99	0	0	0	0	5	0	0	0	0	0	0	6	0	1	0	0	9	0	0	0	0	0	0	17	0	0	0	0	0	0	0	0	0	0	6	5	0	0	0	5
0	0	0	0	0	0	0	0	0	7	387	0	0	0	0	0	0	0	0	2	69	0	0	0	0	0	0	0	0	0	0	187	0	0	0	0	0	0	0	0	0	0	0	1	2	0	0	0	1	0	3	100	0	3	0	0	0	3	4	0	0	0	0	0	0	0	0	0	0	0	7	0	3	0	83
0	0	0	0	0	0	0	0	0	0	0	0	0	0	0	0	0	0	0	0	0	0	0	0	0	0	0	0	0	0	0	0	0	0	0	0	0	0	0	0	0	0	0	0	0	0	0	0	0	0	0	0	0	0	0	0	0	0	0	0	0	0	0	0	0	0	0	0	0	0	0	0	0	0	0
0	0	2	0	0	0	0	0	0	31	0	0	0	249	0	0	0	0	0	0	11	0	0	0	0	0	4	0	0	0	0	0	0	10	14	2	0	0	0	0	0	0	0	1	0	0	0	0	0	0	0	0	0	0	0	0	2	0	22	6	1	0	0	0	0	0	0	0	0	0	0	0	0	0	1
0	0	1	15	1	18	7	0	31	0	10	0	0	33	1	0	0	8	1	32	96	18	7	15	0	0	13	0	67	13	3	0	0	50	48	32	0	0	0	5	3	7	31	40	6	9	1	0	0	0	15	0	0	0	0	6	48	21	78	132	0	6	22	0	7	0	0	6	8	46	7	39	16	4	1
0	0	0	262	21	0	387	0	0	10	0	0	0	2	0	73	0	0	4	89	149	0	0	0	0	0	0	0	0	0	0	3	0	5	7	1	234	0	0	0	1	123	269	38	264	13	1	0	28	0	23	25	0	477	0	0	0	354	53	1	0	17	21	0	0	0	329	0	22	4	314	0	11	0	0
0	0	0	0	0	0	0	0	0	0	0	0	0	0	0	0	0	0	0	0	0	0	0	0	0	0	0	0	0	0	0	0	0	0	0	0	0	0	0	0	0	0	0	0	0	0	0	0	0	0	0	0	0	0	0	0	0	0	0	0	0	0	0	0	0	0	0	0	0	0	0	0	0	0	0
0	0	0	0	0	0	0	0	0	0	0	0	0	0	0	0	0	0	0	0	0	0	0	0	0	0	0	0	0	0	0	0	0	0	0	0	0	0	0	0	0	0	0	0	0	0	0	0	0	0	0	0	0	0	0	0	0	0	0	0	0	0	0	0	0	0	0	0	0	0	0	0	0	0	0
0	0	0	0	0	147	0	0	249	33	2	0	0	0	0	0	0	67	0	99	19	45	2	33	0	0	4	0	390	12	0	0	0	373	531	26	0	0	0	118	225	3	0	217	0	6	5	0	0	0	0	0	0	0	0	2	3	25	74	19	1	0	7	0	0	0	0	1	1	0	0	30	0	0	4
0	0	0	5	0	0	0	0	0	1	0	0	0	0	0	0	0	0	0	0	0	0	0	0	0	0	0	0	0	0	0	0	0	0	0	0	0	0	0	0	0	0	0	0	119	0	0	0	0	0	0	0	0	0	0	0	0	0	5	0	0	22	39	0	0	0	0	0	0	0	0	1	0	0	0
0	0	0	18	0	0	0	0	0	0	73	0	0	0	0	0	0	0	0	3	2	0	0	0	0	0	0	0	0	0	0	0	0	0	0	0	31	0	0	0	0	0	42	19	48	0	0	0	0	0	0	0	0	10	0	0	0	26	0	0	0	0	0	0	0	0	13	0	0	0	0	0	0	0	2
0	0	0	0	0	0	0	0	0	0	0	0	0	0	0	0	0	0	0	0	0	0	0	0	0	0	0	0	0	0	0	0	0	0	0	0	0	0	0	0	0	0	0	0	0	0	0	0	0	0	0	0	0	0	0	0	0	0	0	0	0	0	0	0	0	0	0	0	0	0	0	0	0	0	0
0	3	0	0	0	0	0	0	0	8	0	0	0	67	0	0	0	0	0	2	10	0	0	0	0	0	387	0	0	0	0	44	0	328	18	0	0	0	0	106	0	0	0	0	0	3	0	0	0	0	0	0	0	0	0	0	0	0	50	2	0	0	0	0	0	0	2	1	0	0	2	0	0	0	19
0	0	0	0	0	0	0	0	0	1	4	0	0	0	0	0	0	0	0	0	0	0	0	0	0	0	0	0	0	0	0	2	0	0	5	0	2	0	0	0	0	2	3	0	3	0	0	0	0	0	6	0	0	0	0	0	0	0	1	0	0	0	5	0	0	0	0	0	0	5	0	0	0	0	0
0	6	0	0	0	0	2	0	0	32	89	0	0	99	0	3	0	2	0	0	174	0	8	2	0	2	15	0	4	6	0	8	0	35	99	15	0	0	0	11	0	0	0	10	2	46	5	0	0	0	0	0	0	2	0	2	134	6	140	38	0	0	0	0	0	0	0	2	6	0	11	2	0	0	103
0	3	0	11	1	14	69	0	11	96	149	0	0	19	0	2	0	10	0	174	0	10	4	14	69	43	19	0	41	53	0	125	0	46	41	67	0	0	0	14	26	5	37	40	11	189	0	0	15	0	12	18	0	195	0	64	327	201	37	41	0	4	14	0	0	0	11	1	63	25	280	92	6	2	1
0	2	0	0	0	0	0	0	0	18	0	0	0	45	0	0	0	0	0	0	10	0	0	0	0	0	389	0	0	0	0	0	0	909	8	0	0	0	0	159	0	0	0	1	0	0	1	0	0	0	0	0	0	0	0	0	3	0	3	0	0	0	0	0	0	0	0	0	0	0	0	0	0	0	6
0	18	2	0	0	0	0	0	0	7	0	0	0	2	0	0	0	0	0	8	4	0	0	0	2	0	157	0	0	0	0	42	0	19	1	3	0	0	0	19	0	0	0	0	0	64	0	0	0	0	0	0	0	0	0	0	7	0	5	0	0	0	0	0	0	0	0	0	0	0	0	0	0	0	78
0	0	0	0	0	0	0	0	0	15	0	0	0	33	0	0	0	0	0	2	14	0	0	0	0	0	13	0	0	0	0	0	0	0	1	2	0	0	0	0	0	0	0	2	0	0	0	0	0	0	0	0	0	0	0	0	0	0	13	64	0	0	0	0	0	0	0	0	0	0	0	0	0	0	0
0	51	0	0	0	0	0	0	0	0	0	0	0	0	0	0	0	0	0	0	69	0	2	0	0	0	6	0	0	10	0	0	0	0	2	0	0	0	0	0	0	0	0	0	0	62	0	0	0	0	0	0	0	0	0	52	187	0	0	0	0	0	2	0	0	0	0	0	22	0	0	0	0	0	0
0	0	0	0	0	0	0	0	0	0	0	0	0	0	0	0	0	0	0	2	43	0	0	0	0	0	2	0	0	0	0	6	0	0	0	0	0	0	0	0	0	0	0	0	0	63	0	0	0	0	0	0	0	0	0	0	145	0	0	0	0	0	0	0	0	0	0	0	0	0	0	0	0	0	0
0	101	0	2	1	1	0	0	4	13	0	0	0	4	0	0	0	387	0	15	19	389	157	13	6	2	0	0	23	26	1	38	0	239	21	53	1	0	0	308	182	16	0	15	2	107	0	0	0	0	2	4	0	40	0	143	20	25	11	0	0	0	1	0	0	0	2	39	15	0	2	17	2	3	0
0	0	0	0	0	0	0	0	0	0	0	0	0	0	0	0	0	0	0	0	0	0	0	0	0	0	0	0	0	0	0	0	0	0	0	0	0	0	0	0	0	0	0	0	0	0	0	0	0	0	0	0	0	0	0	0	0	0	0	0	0	0	0	0	0	0	0	0	0	0	0	0	0	0	0
0	0	2	0	0	0	0	0	0	67	0	0	0	390	0	0	0	0	0	4	41	0	0	0	0	0	23	0	0	0	1	2	0	4	258	4	0	0	0	0	0	0	0	1	0	0	6	0	0	0	0	0	0	0	0	0	3	0	38	54	0	0	0	0	0	0	3	1	0	0	9	0	1	0	19
0	5	6	0	0	0	0	0	0	13	0	0	0	12	0	0	0	0	0	6	53	0	0	0	10	0	26	0	0	0	1	0	0	637	2	54	0	0	0	18	0	0	0	6	0	0	0	0	0	0	0	0	0	0	0	0	7	0	117	99	0	0	0	0	0	0	0	1	0	0	0	0	0	0	1
0	0	0	14	456	0	0	0	0	3	0	0	0	0	0	0	0	0	0	0	0	0	0	0	0	0	1	0	1	1	0	22	0	0	1	0	341	0	0	0	0	298	0	0	0	5	0	0	0	0	1	0	0	0	0	17	0	0	0	0	0	0	0	0	0	0	652	1	0	0	0	0	0	0	0
0	35	0	0	0	0	187	0	0	0	3	0	0	0	0	0	0	44	2	8	125	0	42	0	0	6	38	0	2	0	22	0	0	20	2	0	0	0	0	2	0	0	0	4	226	323	0	0	0	0	0	8	0	504	0	180	0	152	16	0	0	0	0	0	0	0	14	78	2	0	230	2	0	0	112
0	0	0	0	0	0	0	0	0	0	0	0	0	0	0	0	0	0	0	0	0	0	0	0	0	0	0	0	0	0	0	0	0	0	0	0	0	0	0	0	0	0	0	0	0	0	0	0	0	0	0	0	0	0	0	0	0	0	0	0	0	0	0	0	0	0	0	0	0	0	0	0	0	0	0
0	0	5	0	0	17	0	0	10	50	5	0	0	373	0	0	0	328	0	35	46	909	19	0	0	0	239	0	4	637	0	20	0	0	69	145	0	0	0	920	754	0	1	8	0	2	0	0	0	0	0	0	0	1	0	157	20	15	76	17	1	0	0	0	0	0	0	1	44	2	0	720	0	0	2
0	0	3	0	0	99	0	0	14	48	7	0	0	531	0	0	0	18	5	99	41	8	1	1	2	0	21	0	258	2	1	2	0	69	0	0	0	2	0	25	37	1	1	42	1	32	7	0	0	0	0	40	0	1	0	8	2	8	154	2	0	1	1	0	0	0	0	6	0	1	1	31	1	0	5
0	5	4	0	0	0	0	0	2	32	1	0	0	26	0	0	0	0	0	15	67	0	3	2	0	0	53	0	4	54	0	0	0	145	0	0	0	0	0	37	20	0	0	8	0	0	0	0	0	0	0	0	0	0	0	1	5	1	118	65	1	0	0	0	0	0	0	4	0	0	1	1	0	0	4
0	0	0	0	0	0	0	0	0	0	234	0	0	0	0	31	0	0	2	0	0	0	0	0	0	0	1	0	0	0	341	0	0	0	0	0	0	0	0	0	0	23	0	0	0	0	0	0	1	0	0	0	0	0	0	0	0	0	0	0	0	0	0	0	0	0	141	0	0	0	2	0	0	0	1
0	0	0	0	0	0	0	0	0	0	0	0	0	0	0	0	0	0	0	0	0	0	0	0	0	0	0	0	0	0	0	0	0	0	2	0	0	0	0	0	0	0	0	0	1	0	0	0	0	0	0	0	0	0	0	0	0	0	0	0	0	3	11	0	0	0	0	0	0	0	0	0	0	0	0
0	0	0	0	0	0	0	0	0	0	0	0	0	0	0	0	0	0	0	0	0	0	0	0	0	0	0	0	0	0	0	0	0	0	0	0	0	0	0	0	0	0	0	0	0	0	0	0	0	0	0	0	0	0	0	0	0	0	0	0	0	0	0	0	0	0	0	0	0	0	0	0	0	0	0
0	16	0	0	0	5	0	0	0	5	0	0	0	118	0	0	0	106	0	11	14	159	19	0	0	0	308	0	0	18	0	2	0	920	25	37	0	0	0	0	79	0	0	1	0	17	0	0	0	0	0	0	0	0	0	91	0	0	25	0	0	0	0	0	0	0	1	2	0	0	4	20	0	0	2
0	2	0	0	0	0	0	0	0	3	1	0	0	225	0	0	0	0	0	0	26	0	0	0	0	0	182	0	0	0	0	0	0	754	37	20	0	0	0	79	0	0	0	1	0	1	1	0	0	0	0	0	0	0	0	0	2	0	0	0	0	0	0	0	0	0	0	0	0	0	0	0	0	0	1
0	0	1	14	19	0	0	0	0	7	123	0	0	3	0	0	0	0	2	0	5	0	0	0	0	0	16	0	0	0	298	0	0	0	1	0	23	0	0	0	0	0	2	1	28	0	0	0	23	0	3	0	0	0	0	0	2	3	29	0	0	1	11	0	0	0	81	0	0	0	0	0	4	0	33
0	0	0	0	0	0	0	0	0	31	269	0	0	0	0	42	0	0	3	0	37	0	0	0	0	0	0	0	0	0	0	0	0	1	1	0	0	0	0	0	0	2	0	3	0	0	0	0	7	0	0	0	0	0	0	0	0	0	110	56	0	0	0	0	0	0	1	0	0	7	9	0	0	0	19
0	2	1	0	0	0	1	0	1	40	38	0	0	217	0	19	0	0	0	10	40	1	0	2	0	0	15	0	1	6	0	4	0	8	42	8	0	0	0	1	1	1	3	0	2	4	0	0	0	0	3	0	0	0	0	2	1	5	183	118	2	1	0	0	0	0	1	4	0	1	5	1	2	3	28
0	0	0	0	8	0	2	0	0	6	264	0	0	0	119	48	0	0	3	2	11	0	0	0	0	0	2	0	0	0	0	226	0	0	1	0	0	1	0	0	0	28	0	2	0	9	0	0	3	0	0	5	0	0	0	0	0	0	8	26	0	0	12	0	0	0	8	2	0	4	5	0	0	0	221
0	5	1	0	0	0	0	0	0	9	13	0	0	6	0	0	0	3	0	46	189	0	64	0	62	63	107	0	0	0	5	323	0	2	32	0	0	0	0	17	1	0	0	4	9	0	5	0	0	0	0	22	0	100	0	67	2	82	23	0	0	0	0	0	0	0	0	7	1	0	48	0	0	0	45
0	0	0	0	0	6	0	0	0	1	1	0	0	5	0	0	0	0	0	5	0	1	0	0	0	0	0	0	6	0	0	0	0	0	7	0	0	0	0	0	1	0	0	0	0	5	0	0	0	0	0	0	0	0	0	0	0	1	7	0	0	5	0	0	0	0	0	0	0	0	0	0	1	0	0
0	0	0	0	0	0	0	0	0	0	0	0	0	0	0	0	0	0	0	0	0	0	0	0	0	0	0	0	0	0	0	0	0	0	0	0	0	0	0	0	0	0	0	0	0	0	0	0	0	0	0	0	0	0	0	0	0	0	0	0	0	0	0	0	0	0	0	0	0	0	0	0	0	0	0
0	0	0	20	1	1	1	0	0	0	28	0	0	0	0	0	0	0	0	0	15	0	0	0	0	0	0	0	0	0	0	0	0	0	0	0	1	0	0	0	0	23	7	0	3	0	0	0	0	0	0	0	0	2	0	0	0	20	0	0	0	0	0	0	0	0	21	0	0	1	28	0	0	0	0
0	0	0	0	0	0	0	0	0	0	0	0	0	0	0	0	0	0	0	0	0	0	0	0	0	0	0	0	0	0	0	0	0	0	0	0	0	0	0	0	0	0	0	0	0	0	0	0	0	0	0	0	0	0	0	0	0	0	0	0	0	0	0	0	0	0	0	0	0	0	0	0	0	0	0
0	0	3	0	0	0	3	0	0	15	23	0	0	0	0	0	0	0	6	0	12	0	0	0	0	0	2	0	0	0	1	0	0	0	0	0	0	0	0	0	0	3	0	3	0	0	0	0	0	0	0	0	0	0	0	0	0	0	0	0	0	0	0	0	0	0	0	4	0	0	4	0	3	0	2
0	0	0	0	0	9	100	0	0	0	25	0	0	0	0	0	0	0	0	0	18	0	0	0	0	0	4	0	0	0	0	8	0	0	40	0	0	0	0	0	0	0	0	0	5	22	0	0	0	0	0	0	0	97	0	12	0	65	9	0	0	0	0	0	0	0	0	1	0	0	44	0	0	0	2
0	0	0	0	0	0	0	0	0	0	0	0	0	0	0	0	0	0	0	0	0	0	0	0	0	0	0	0	0	0	0	0	0	0	0	0	0	0	0	0	0	0	0	0	0	0	0	0	0	0	0	0	0	0	0	0	0	0	0	0	0	0	0	0	0	0	0	0	0	0	0	0	0	0	0
0	1	0	0	0	0	3	0	0	0	477	0	0	0	0	10	0	0	0	2	195	0	0	0	0	0	40	0	0	0	0	504	0	1	1	0	0	0	0	0	0	0	0	0	0	100	0	0	2	0	0	97	0	0	0	0	0	0	9	0	0	0	0	0	0	0	0	0	0	0	7	0	0	0	234
0	0	0	0	0	0	0	0	0	0	0	0	0	0	0	0	0	0	0	0	0	0	0	0	0	0	0	0	0	0	0	0	0	0	0	0	0	0	0	0	0	0	0	0	0	0	0	0	0	0	0	0	0	0	0	0	0	0	0	0	0	0	0	0	0	0	0	0	0	0	0	0	0	0	0
0	16	2	0	0	0	0	0	0	6	0	0	0	2	0	0	0	0	0	2	64	0	0	0	52	0	143	0	0	0	17	180	0	157	8	1	0	0	0	91	0	0	0	2	0	67	0	0	0	0	0	12	0	0	0	0	40	0	13	4	0	0	0	0	0	0	0	1	0	0	3	2	0	0	1
0	1	0	1	0	0	0	0	2	48	0	0	0	3	0	0	0	0	0	134	327	3	7	0	187	145	20	0	3	7	0	0	0	20	2	5	0	0	0	0	2	2	0	1	0	2	0	0	0	0	0	0	0	0	0	40	0	75	2	26	0	2	0	0	0	0	0	0	220	0	150	1	2	4	0
0	0	1	0	0	0	3	0	0	21	354	0	0	25	0	26	0	0	0	6	201	0	0	0	0	0	25	0	0	0	0	152	0	15	8	1	0	0	0	0	0	3	0	5	0	82	1	0	20	0	0	65	0	0	0	0	75	0	40	16	2	0	0	0	0	0	60	1	0	0	12	0	1	0	40
0	41	3	0	0	17	4	0	22	78	53	0	0	74	5	0	0	50	1	140	37	3	5	13	0	0	11	0	38	117	0	16	0	76	154	118	0	0	0	25	0	29	110	183	8	23	7	0	0	0	0	9	0	9	0	13	2	40	0	166	2	11	19	0	0	0	12	145	0	26	2	38	3	0	245
0	8	5	0	0	0	0	0	6	132	1	0	0	19	0	0	0	2	0	38	41	0	0	64	0	0	0	0	54	99	0	0	0	17	2	65	0	0	0	0	0	0	56	118	26	0	0	0	0	0	0	0	0	0	0	4	26	16	166	0	3	0	0	0	0	0	0	64	0	0	56	0	0	0	6
0	0	0	0	0	0	0	0	1	0	0	0	0	1	0	0	0	0	0	0	0	0	0	0	0	0	0	0	0	0	0	0	0	1	0	1	0	0	0	0	0	0	0	2	0	0	0	0	0	0	0	0	0	0	0	0	0	2	2	3	0	0	0	0	0	0	0	0	0	0	0	1	0	0	0
0	0	1	0	0	0	0	0	0	6	17	0	0	0	22	0	0	0	0	0	4	0	0	0	0	0	0	0	0	0	0	0	0	0	1	0	0	3	0	0	0	1	0	1	0	0	5	0	0	0	0	0	0	0	0	0	2	0	11	0	0	0	0	0	0	0	0	1	0	1	8	0	1	0	16
0	0	3	0	0	0	0	0	0	22	21	0	0	7	39	0	0	0	5	0	14	0	0	0	2	0	1	0	0	0	0	0	0	0	1	0	0	11	0	0	0	11	0	0	12	0	0	0	0	0	0	0	0	0	0	0	0	0	19	0	0	0	0	0	0	0	2	4	0	5	10	0	3	0	26
0	0	0	0	0	0	0	0	0	0	0	0	0	0	0	0	0	0	0	0	0	0	0	0	0	0	0	0	0	0	0	0	0	0	0	0	0	0	0	0	0	0	0	0	0	0	0	0	0	0	0	0	0	0	0	0	0	0	0	0	0	0	0	0	0	0	0	0	0	0	0	0	0	0	0
0	0	0	0	0	0	0	0	0	7	0	0	0	0	0	0	0	0	0	0	0	0	0	0	0	0	0	0	0	0	0	0	0	0	0	0	0	0	0	0	0	0	0	0	0	0	0	0	0	0	0	0	0	0	0	0	0	0	0	0	0	0	0	0	0	0	0	0	0	1	0	0	0	0	1
0	0	0	0	0	0	0	0	0	0	0	0	0	0	0	0	0	0	0	0	0	0	0	0	0	0	0	0	0	0	0	0	0	0	0	0	0	0	0	0	0	0	0	0	0	0	0	0	0	0	0	0	0	0	0	0	0	0	0	0	0	0	0	0	0	0	0	0	0	0	0	0	0	0	0
0	0	0	93	136	0	0	0	0	0	329	0	0	0	0	13	0	2	0	0	11	0	0	0	0	0	2	0	3	0	652	14	0	0	0	0	141	0	0	1	0	81	1	1	8	0	0	0	21	0	0	0	0	0	0	0	0	60	12	0	0	0	2	0	0	0	0	0	0	0	0	1	0	0	11
0	3	0	0	1	0	0	0	0	6	0	0	0	1	0	0	0	1	0	2	1	0	0	0	0	0	39	0	1	1	1	78	0	1	6	4	0	0	0	2	0	0	0	4	2	7	0	0	0	0	4	1	0	0	0	1	0	1	145	64	0	1	4	0	0	0	0	0	0	0	8	0	4	0	7
0	3	0	0	0	0	0	0	0	8	22	0	0	1	0	0	0	0	0	6	63	0	0	0	22	0	15	0	0	0	0	2	0	44	0	0	0	0	0	0	0	0	0	0	0	1	0	0	0	0	0	0	0	0	0	0	220	0	0	0	0	0	0	0	0	0	0	0	0	0	0	0	0	0	18
0	0	0	1	0	6	0	0	0	46	4	0	0	0	0	0	0	0	5	0	25	0	0	0	0	0	0	0	0	0	0	0	0	2	1	0	0	0	0	0	0	0	7	1	4	0	0	0	1	0	0	0	0	0	0	0	0	0	26	0	0	1	5	0	1	0	0	0	0	0	7	1	0	0	20
0	0	0	7	1	5	7	0	0	7	314	0	0	0	0	0	0	2	0	11	280	0	0	0	0	0	2	0	9	0	0	230	0	0	1	1	2	0	0	4	0	0	9	5	5	48	0	0	28	0	4	44	0	7	0	3	150	12	2	56	0	8	10	0	0	0	0	8	0	7	0	3	4	4	3
0	0	0	0	0	0	0	0	0	39	0	0	0	30	1	0	0	0	0	2	92	0	0	0	0	0	17	0	0	0	0	2	0	720	31	1	0	0	0	20	0	0	0	1	0	0	0	0	0	0	0	0	0	0	0	2	1	0	38	0	1	0	0	0	0	0	1	0	0	1	3	0	0	0	0
0	0	0	0	0	0	3	0	0	16	11	0	0	0	0	0	0	0	0	0	6	0	0	0	0	0	2	0	1	0	0	0	0	0	1	0	0	0	0	0	0	4	0	2	0	0	1	0	0	0	3	0	0	0	0	0	2	1	3	0	0	1	3	0	0	0	0	4	0	0	4	0	0	0	4
0	0	0	0	0	0	0	0	0	4	0	0	0	0	0	0	0	0	0	0	2	0	0	0	0	0	3	0	0	0	0	0	0	0	0	0	0	0	0	0	0	0	0	3	0	0	0	0	0	0	0	0	0	0	0	0	4	0	0	0	0	0	0	0	0	0	0	0	0	0	4	0	0	0	0
0	0	0	5	0	5	83	0	1	1	0	0	0	4	0	2	0	19	0	103	1	6	78	0	0	0	0	0	19	1	0	112	0	2	5	4	1	0	0	2	1	33	19	28	221	45	0	0	0	0	2	2	0	234	0	1	0	40	245	6	0	16	26	0	1	0	11	7	18	20	3	0	4	0	0
