0	0	0	0	0	0	0	0	0	0	0	0	0	0	0	0	0	0	0	0	0	0	0	0	0	0	0	0	0	0	0	0	0	0	0	0	0	0	0	0	0	0	0	0	0	0	0	0	0	0	0	0	0	0	0	0	0	0	0	0	0	0	0	0	0	0	0	0	0	0	0	0	0	0	0
0	0	0	0	0	0	0	0	0	0	0	0	0	0	0	0	0	0	0	0	0	0	31	0	10	0	2	0	0	0	0	2	0	0	0	0	0	0	0	0	0	0	0	0	0	0	0	0	0	0	0	0	0	0	0	0	0	0	2	0	0	0	0	0	0	0	0	0	0	0	0	0	0	0	0
0	0	0	0	0	296	0	0	261	0	0	0	0	317	0	70	135	0	0	54	8	0	0	14	0	0	0	0	0	0	0	0	0	0	0	0	1	0	1	3	169	6	0	103	0	0	0	0	0	0	0	0	0	0	0	3	0	6	0	0	29	0	0	0	0	0	0	0	0	1	7	0	0	0	0
0	0	0	0	0	0	0	0	0	0	13	0	0	1	4	47	1	0	0	0	0	0	0	0	0	0	0	5	0	0	0	0	0	0	0	0	0	0	0	0	0	5	0	0	2	0	0	0	474	0	0	0	0	0	0	0	0	121	0	2	0	0	0	0	0	0	1	0	0	0	0	0	0	0	0
0	0	0	0	0	0	0	0	0	0	0	0	0	0	0	41	0	0	0	0	0	0	0	0	0	0	0	4	0	0	0	0	0	0	0	0	0	0	0	0	0	6	0	0	0	0	0	0	215	0	0	0	0	0	0	0	0	0	0	0	0	0	0	0	0	0	1	0	0	0	0	0	0	0	0
0	0	296	0	0	0	0	0	0	0	0	0	0	12	0	78	78	0	1	0	0	0	0	0	0	0	0	0	0	0	0	0	0	0	0	0	0	0	0	0	0	0	0	0	0	0	0	0	0	0	2	0	0	0	0	0	0	0	0	0	0	0	0	0	1	0	0	0	0	0	0	0	0	0	0
0	0	0	0	0	0	0	0	0	0	0	0	0	0	0	0	0	0	0	0	0	0	0	0	0	0	0	0	0	0	0	0	0	0	0	0	0	0	0	0	0	0	0	0	0	0	0	0	0	0	0	0	0	0	0	0	0	0	0	0	0	0	0	0	0	0	0	0	0	0	0	0	0	0	0
0	0	0	0	0	0	0	0	0	0	0	0	0	0	0	10	0	0	0	0	0	0	0	0	0	0	0	0	0	0	0	0	0	0	0	0	0	0	0	0	0	2	0	0	16	0	0	0	0	0	0	0	0	0	0	0	0	0	0	0	0	0	0	0	0	0	0	0	0	0	0	0	0	0	0
0	0	261	0	0	0	0	0	0	0	0	0	0	107	1	3	3	0	1	0	0	123	0	0	0	0	0	1	9	0	0	0	0	0	0	0	0	0	0	0	0	0	0	0	0	0	0	0	0	0	0	0	1	0	9	0	1	0	0	0	0	0	0	0	0	0	0	0	0	0	0	5	0	0	0
0	0	0	0	0	0	0	0	0	0	0	0	0	0	0	0	0	0	0	0	0	0	0	0	0	0	0	0	0	0	0	0	0	0	0	0	0	0	0	0	0	0	0	0	0	0	0	0	0	0	0	0	0	0	0	0	0	0	0	0	0	0	0	0	0	0	0	0	0	0	0	0	0	0	0
0	0	0	13	0	0	0	0	0	0	0	0	0	0	1	151	0	0	4	11	12	1	0	0	0	0	0	1	0	0	0	9	0	0	0	0	3	0	1	1	0	55	1	0	33	0	0	2	662	0	2	1	0	61	2	0	3	218	14	0	0	1	0	0	0	0	32	0	0	2	0	0	0	0	0
0	0	0	0	0	0	0	0	0	0	0	0	0	0	0	0	0	0	0	0	0	0	0	0	0	0	0	0	0	0	0	0	0	0	0	0	0	0	0	0	0	0	0	0	0	0	0	0	0	0	0	0	0	0	0	0	0	0	0	0	0	0	0	0	0	0	0	0	0	0	0	0	0	0	0
0	0	0	0	0	0	0	0	0	0	0	0	0	0	0	0	0	0	0	0	0	0	0	0	0	0	0	0	0	0	0	0	0	0	0	0	0	0	0	0	0	0	0	0	0	0	0	0	0	0	0	0	0	0	0	0	0	0	0	0	0	0	0	0	0	0	0	0	0	0	0	0	0	0	0
0	0	317	1	0	12	0	0	107	0	0	0	0	0	3	9	9	9	7	17	2	58	0	4	0	0	0	0	30	0	0	0	0	0	0	1	0	0	0	26	132	8	0	1	0	3	21	4	0	0	0	0	1	2	0	0	1	15	2	0	0	5	0	0	3	0	0	0	0	63	12	2	0	0	0
0	0	0	4	0	0	0	0	1	0	1	0	0	3	0	1	0	0	1	1	0	0	0	0	0	0	0	2	0	0	0	0	0	0	0	0	2	0	2	0	1	3	0	0	1	0	3	4	0	0	5	0	0	0	0	0	0	0	2	2	0	11	1	0	2	0	0	1	0	1	0	0	0	0	0
0	0	70	47	41	78	0	10	3	0	151	0	0	9	1	0	0	0	0	58	0	0	0	5	0	0	0	3	0	0	0	0	0	0	0	0	14	0	2	0	0	1	5	9	111	0	0	1	490	0	16	0	0	0	0	0	0	172	1	2	4	5	0	1	0	0	35	0	0	25	1	0	0	0	0
0	0	135	1	0	78	0	0	3	0	0	0	0	9	0	0	0	0	0	2	0	0	0	5	0	0	0	0	0	0	0	0	0	0	0	0	3	0	2	0	0	0	1	9	5	0	0	1	0	0	16	0	0	0	0	0	0	3	0	1	4	5	0	1	1	0	0	0	0	24	1	0	0	0	0
0	0	0	0	0	0	0	0	0	0	0	0	0	9	0	0	0	0	0	2	0	243	2	0	0	0	35	0	0	0	0	2	0	2	0	1	0	0	0	3	0	0	0	0	0	0	0	0	0	0	0	0	7	0	0	0	0	0	0	0	0	0	0	0	1	0	0	2	0	0	0	0	0	0	0
0	0	0	0	0	1	0	0	1	0	4	0	0	7	1	0	0	0	0	0	0	0	0	0	0	0	0	2	0	0	0	0	0	0	0	0	1	0	3	0	4	4	0	0	5	0	2	0	7	0	386	0	0	0	0	0	0	7	0	2	2	4	0	0	0	0	0	0	0	10	2	0	0	0	0
0	0	54	0	0	0	0	0	0	0	11	0	0	17	1	58	2	2	0	0	2	50	1	2	0	0	0	0	0	6	0	0	0	1	0	36	0	0	0	0	4	0	0	6	2	0	0	0	55	0	0	0	4	2	1	0	0	110	50	86	2	0	0	0	0	0	0	6	0	0	2	1	0	0	0
0	0	8	0	0	0	0	0	0	0	12	0	0	2	0	0	0	0	0	2	0	1	0	0	12	0	0	0	1	0	0	2	0	0	0	1	0	0	0	0	0	0	0	0	0	0	0	0	20	0	0	0	1	0	4	0	3	160	0	0	0	0	0	0	0	0	0	0	0	0	6	1	0	0	0
0	0	0	0	0	0	0	0	123	0	1	0	0	58	0	0	0	243	0	50	1	0	3	0	0	1	25	0	0	3	0	2	0	2	0	23	0	0	0	256	226	1	0	0	0	0	0	0	0	0	1	0	8	0	0	0	0	5	1	0	0	0	0	0	0	0	0	1	0	1	1	71	0	0	0
0	31	0	0	0	0	0	0	0	0	0	0	0	0	0	0	0	2	0	1	0	3	0	0	101	93	5	0	0	25	0	85	0	0	0	59	0	0	1	1	3	0	0	3	0	7	0	0	0	0	0	12	1	0	0	85	0	2	7	1	0	0	0	0	0	0	0	82	0	0	1	0	0	0	0
0	0	14	0	0	0	0	0	0	0	0	0	0	4	0	5	5	0	0	2	0	0	0	0	12	0	0	1	0	0	0	0	0	0	0	1	0	0	0	0	0	0	0	0	0	0	0	0	0	0	0	1	0	0	1	0	2	1	8	50	0	0	0	0	0	0	3	0	0	0	0	0	0	0	0
0	10	0	0	0	0	0	0	0	0	0	0	0	0	0	0	0	0	0	0	12	0	101	12	0	6	0	0	0	0	0	0	0	0	0	0	0	0	0	0	0	0	0	0	0	4	0	0	0	0	0	0	0	8	2	10	12	0	0	0	0	0	0	0	0	0	0	0	0	0	0	0	0	0	0
0	0	0	0	0	0	0	0	0	0	0	0	0	0	0	0	0	0	0	0	0	1	93	0	6	0	0	0	0	0	0	0	0	0	0	1	0	0	0	0	0	0	0	0	0	0	0	0	0	0	0	0	0	0	0	0	0	1	0	0	0	0	0	0	0	0	0	0	0	0	0	0	0	0	0
0	2	0	0	0	0	0	0	0	0	0	0	0	0	0	0	0	35	0	0	0	25	5	0	0	0	0	0	0	0	0	0	0	0	0	3	0	0	0	34	34	0	0	0	0	1	0	0	0	0	0	0	1	0	0	3	0	2	0	4	0	0	0	0	0	0	0	1	0	1	1	9	0	5	0
0	0	0	5	4	0	0	0	1	0	1	0	0	0	2	3	0	0	2	0	0	0	0	1	0	0	0	0	0	1	0	0	0	0	0	0	1	0	0	0	1	9	7	0	1	0	0	0	147	0	1	0	0	0	0	0	0	0	0	2	1	0	0	3	0	0	12	0	0	0	0	0	0	0	0
0	0	0	0	0	0	0	0	9	0	0	0	0	30	0	0	0	0	0	0	1	0	0	0	0	0	0	0	0	0	0	0	0	0	0	0	0	0	0	0	5	0	0	0	0	4	0	0	0	0	1	0	0	0	0	0	0	0	0	0	0	2	0	0	13	0	0	0	0	8	1	0	0	0	0
0	0	0	0	0	0	0	0	0	0	0	0	0	0	0	0	0	0	0	6	0	3	25	0	0	0	0	1	0	0	0	0	0	1	0	86	0	0	0	0	0	0	0	0	0	0	0	0	0	0	0	0	5	0	2	0	0	3	106	120	0	0	0	0	0	0	1	21	0	0	0	1	0	0	0
0	0	0	0	0	0	0	0	0	0	0	0	0	0	0	0	0	0	0	0	0	0	0	0	0	0	0	0	0	0	0	0	0	0	0	0	0	0	0	0	0	0	0	0	0	0	0	0	0	0	0	0	0	0	0	0	0	0	0	0	0	0	0	0	0	0	0	0	0	0	0	0	0	0	0
0	2	0	0	0	0	0	0	0	0	9	0	0	0	0	0	0	2	0	0	2	2	85	0	0	0	0	0	0	0	0	0	0	0	0	0	0	0	0	0	0	0	0	0	2	6	1	0	2	0	0	77	0	8	0	6	0	130	7	0	0	0	0	0	0	0	0	25	0	0	0	0	0	0	0
0	0	0	0	0	0	0	0	0	0	0	0	0	0	0	0	0	0	0	0	0	0	0	0	0	0	0	0	0	0	0	0	0	0	0	0	0	0	0	0	0	0	0	0	0	0	0	0	0	0	0	0	0	0	0	0	0	0	0	0	0	0	0	0	0	0	0	0	0	0	0	0	0	0	0
0	0	0	0	0	0	0	0	0	0	0	0	0	0	0	0	0	2	0	1	0	2	0	0	0	0	0	0	0	1	0	0	0	0	0	1	0	0	1	2	2	0	0	0	0	0	0	0	0	0	0	0	0	0	0	0	0	0	0	0	0	0	0	0	4	0	0	0	0	0	0	1	0	0	0
0	0	0	0	0	0	0	0	0	0	0	0	0	0	0	0	0	0	0	0	0	0	0	0	0	0	0	0	0	0	0	0	0	0	0	0	0	0	0	0	0	0	0	0	0	0	0	0	0	0	0	0	0	0	0	0	0	0	0	0	0	0	0	0	0	0	0	0	0	0	0	0	0	0	0
0	0	0	0	0	0	0	0	0	0	0	0	0	1	0	0	0	1	0	36	1	23	59	1	0	1	3	0	0	86	0	0	0	1	0	0	0	0	26	7	68	0	0	1	2	0	0	0	0	0	0	0	5	2	1	1	7	19	78	7	4	0	0	0	0	0	0	63	0	0	1	1	0	0	0
0	0	1	0	0	0	0	0	0	0	3	0	0	0	2	14	3	0	1	0	0	0	0	0	0	0	0	1	0	0	0	0	0	0	0	0	0	0	0	0	0	4	0	0	10	0	0	0	121	0	0	0	0	0	0	0	0	2	0	0	0	0	0	2	0	0	2	0	0	0	0	0	0	0	0
0	0	0	0	0	0	0	0	0	0	0	0	0	0	0	0	0	0	0	0	0	0	0	0	0	0	0	0	0	0	0	0	0	0	0	0	0	0	0	0	0	0	0	0	0	0	0	0	0	0	0	0	0	0	0	0	0	0	0	0	0	0	0	0	0	0	0	0	0	0	0	0	0	0	0
0	0	1	0	0	0	0	0	0	0	1	0	0	0	2	2	2	0	3	0	0	0	1	0	0	0	0	0	0	0	0	0	0	1	0	26	0	0	0	0	0	0	0	0	2	0	0	0	1	0	1	0	0	0	1	0	0	2	88	12	0	0	0	0	0	0	0	0	0	0	0	0	0	0	0
0	0	3	0	0	0	0	0	0	0	1	0	0	26	0	0	0	3	0	0	0	256	1	0	0	0	34	0	0	0	0	0	0	2	0	7	0	0	0	0	2	0	0	0	0	0	4	0	0	0	0	0	6	0	0	0	0	1	0	0	0	0	0	0	0	0	0	0	0	0	0	4	0	0	0
0	0	169	0	0	0	0	0	0	0	0	0	0	132	1	0	0	0	4	4	0	226	3	0	0	0	34	1	5	0	0	0	0	2	0	68	0	0	0	2	0	0	0	0	0	0	13	0	0	0	0	0	9	0	1	0	0	3	2	32	0	0	0	0	0	0	0	0	0	0	1	2	0	0	0
0	0	6	5	6	0	0	2	0	0	55	0	0	8	3	1	0	0	4	0	0	1	0	0	0	0	0	9	0	0	0	0	0	0	0	0	4	0	0	0	0	0	8	0	17	0	0	1	419	0	9	0	0	0	0	0	0	7	1	0	0	1	0	1	0	0	17	0	0	1	0	0	0	0	0
0	0	0	0	0	0	0	0	0	0	1	0	0	0	0	5	1	0	0	0	0	0	0	0	0	0	0	7	0	0	0	0	0	0	0	0	0	0	0	0	0	8	0	0	1	0	0	0	82	0	0	0	0	0	0	0	0	0	0	0	0	1	0	6	0	0	2	0	0	0	0	0	0	0	0
0	0	103	0	0	0	0	0	0	0	0	0	0	1	0	9	9	0	0	6	0	0	3	0	0	0	0	0	0	0	0	0	0	0	0	1	0	0	0	0	0	0	0	0	0	0	0	0	0	0	0	0	0	0	0	0	0	65	0	0	0	0	0	0	0	0	0	14	0	0	0	0	0	0	0
0	0	0	2	0	0	0	16	0	0	33	0	0	0	1	111	5	0	5	2	0	0	0	0	0	0	0	1	0	0	0	2	0	0	0	2	10	0	2	0	0	17	1	0	0	0	0	0	346	0	18	1	0	4	0	0	0	67	81	0	0	2	0	1	0	0	7	9	0	2	0	0	0	0	0
0	0	0	0	0	0	0	0	0	0	0	0	0	3	0	0	0	0	0	0	0	0	7	0	4	0	1	0	4	0	0	6	0	0	0	0	0	0	0	0	0	0	0	0	0	0	0	0	0	0	0	1	0	0	0	0	0	42	0	0	0	0	0	0	0	0	0	1	0	0	0	0	0	0	0
0	0	0	0	0	0	0	0	0	0	0	0	0	21	3	0	0	0	2	0	0	0	0	0	0	0	0	0	0	0	0	1	0	0	0	0	0	0	0	4	13	0	0	0	0	0	0	0	0	0	0	0	0	0	0	0	0	0	0	0	0	0	0	0	0	0	0	2	0	13	0	0	0	0	0
0	0	0	0	0	0	0	0	0	0	2	0	0	4	4	1	1	0	0	0	0	0	0	0	0	0	0	0	0	0	0	0	0	0	0	0	0	0	0	0	0	1	0	0	0	0	0	0	0	0	3	0	0	0	0	0	0	0	0	158	0	0	0	0	0	0	0	0	0	0	0	0	0	0	0
0	0	0	474	215	0	0	0	0	0	662	0	0	0	0	490	0	0	7	55	20	0	0	0	0	0	0	147	0	0	0	2	0	0	0	0	121	0	1	0	0	419	82	0	346	0	0	0	0	0	0	0	0	204	4	0	18	374	0	0	0	0	0	4	0	0	529	0	0	0	1	0	0	0	0
0	0	0	0	0	0	0	0	0	0	0	0	0	0	0	0	0	0	0	0	0	0	0	0	0	0	0	0	0	0	0	0	0	0	0	0	0	0	0	0	0	0	0	0	0	0	0	0	0	0	0	0	0	0	0	0	0	0	0	0	0	0	0	0	0	0	0	0	0	0	0	0	0	0	0
0	0	0	0	0	2	0	0	0	0	2	0	0	0	5	16	16	0	386	0	0	1	0	0	0	0	0	1	1	0	0	0	0	0	0	0	0	0	1	0	0	9	0	0	18	0	0	3	0	0	0	0	0	0	0	0	0	1	0	0	0	4	1	0	0	0	0	0	0	26	0	0	0	0	0
0	0	0	0	0	0	0	0	0	0	1	0	0	0	0	0	0	0	0	0	0	0	12	1	0	0	0	0	0	0	0	77	0	0	0	0	0	0	0	0	0	0	0	0	1	1	0	0	0	0	0	0	0	2	0	2	0	26	2	0	0	1	0	0	0	0	0	1	0	0	0	0	0	0	0
0	0	0	0	0	0	0	0	1	0	0	0	0	1	0	0	0	7	0	4	1	8	1	0	0	0	1	0	0	5	0	0	0	0	0	5	0	0	0	6	9	0	0	0	0	0	0	0	0	0	0	0	0	1	0	2	0	1	1	3	0	0	0	0	0	0	0	2	0	0	0	0	0	1	0
0	0	0	0	0	0	0	0	0	0	61	0	0	2	0	0	0	0	0	2	0	0	0	0	8	0	0	0	0	0	0	8	0	0	0	2	0	0	0	0	0	0	0	0	4	0	0	0	204	0	0	2	1	0	0	0	0	142	13	0	0	0	0	0	0	0	0	0	0	0	0	0	0	0	0
0	0	0	0	0	0	0	0	9	0	2	0	0	0	0	0	0	0	0	1	4	0	0	1	2	0	0	0	0	2	0	0	0	0	0	1	0	0	1	0	1	0	0	0	0	0	0	0	4	0	0	0	0	0	0	0	13	0	0	0	6	0	0	0	0	0	0	0	0	0	0	8	0	0	0
0	0	3	0	0	0	0	0	0	0	0	0	0	0	0	0	0	0	0	0	0	0	85	0	10	0	3	0	0	0	0	6	0	0	0	1	0	0	0	0	0	0	0	0	0	0	0	0	0	0	0	2	2	0	0	0	0	1	1	0	0	0	0	0	0	0	0	4	0	0	0	0	0	0	0
0	0	0	0	0	0	0	0	1	0	3	0	0	1	0	0	0	0	0	0	3	0	0	2	12	0	0	0	0	0	0	0	0	0	0	7	0	0	0	0	0	0	0	0	0	0	0	0	18	0	0	0	0	0	13	0	0	112	0	0	1	0	0	0	0	0	0	0	0	0	6	4	0	0	0
0	0	6	121	0	0	0	0	0	0	218	0	0	15	0	172	3	0	7	110	160	5	2	1	0	1	2	0	0	3	0	130	0	0	0	19	2	0	2	1	3	7	0	65	67	42	0	0	374	0	1	26	1	142	0	1	112	0	5	15	1	2	0	0	1	0	12	5	0	1	70	1	0	0	0
0	2	0	0	0	0	0	0	0	0	14	0	0	2	2	1	0	0	0	50	0	1	7	8	0	0	0	0	0	106	0	7	0	0	0	78	0	0	88	0	2	1	0	0	81	0	0	0	0	0	0	2	1	13	0	1	0	5	0	278	7	0	0	0	15	0	0	145	0	0	0	0	0	0	0
0	0	0	2	0	0	0	0	0	0	0	0	0	0	2	2	1	0	2	86	0	0	1	50	0	0	4	2	0	120	0	0	0	0	0	7	0	0	12	0	32	0	0	0	0	0	0	158	0	0	0	0	3	0	0	0	0	15	278	0	74	0	0	0	0	0	0	163	0	2	4	0	0	0	0
0	0	29	0	0	0	0	0	0	0	0	0	0	0	0	4	4	0	2	2	0	0	0	0	0	0	0	1	0	0	0	0	0	0	0	4	0	0	0	0	0	0	0	0	0	0	0	0	0	0	0	0	0	0	6	0	1	1	7	74	0	0	0	0	0	0	0	0	0	0	0	1	0	0	0
0	0	0	0	0	0	0	0	0	0	1	0	0	5	11	5	5	0	4	0	0	0	0	0	0	0	0	0	2	0	0	0	0	0	0	0	0	0	0	0	0	1	1	0	2	0	0	0	0	0	4	1	0	0	0	0	0	2	0	0	0	0	0	0	0	0	0	0	0	0	0	0	0	0	0
0	0	0	0	0	0	0	0	0	0	0	0	0	0	1	0	0	0	0	0	0	0	0	0	0	0	0	0	0	0	0	0	0	0	0	0	0	0	0	0	0	0	0	0	0	0	0	0	0	0	1	0	0	0	0	0	0	0	0	0	0	0	0	0	0	0	0	0	0	0	0	0	0	0	0
0	0	0	0	0	0	0	0	0	0	0	0	0	0	0	1	1	0	0	0	0	0	0	0	0	0	0	3	0	0	0	0	0	0	0	0	2	0	0	0	0	1	6	0	1	0	0	0	4	0	0	0	0	0	0	0	0	0	0	0	0	0	0	0	0	0	4	0	0	0	0	0	0	0	0
0	0	0	0	0	1	0	0	0	0	0	0	0	3	2	0	1	1	0	0	0	0	0	0	0	0	0	0	13	0	0	0	0	4	0	0	0	0	0	0	0	0	0	0	0	0	0	0	0	0	0	0	0	0	0	0	0	1	15	0	0	0	0	0	0	0	0	0	0	1	0	0	0	0	0
0	0	0	0	0	0	0	0	0	0	0	0	0	0	0	0	0	0	0	0	0	0	0	0	0	0	0	0	0	0	0	0	0	0	0	0	0	0	0	0	0	0	0	0	0	0	0	0	0	0	0	0	0	0	0	0	0	0	0	0	0	0	0	0	0	0	0	0	0	0	0	0	0	0	0
0	0	0	1	1	0	0	0	0	0	32	0	0	0	0	35	0	0	0	0	0	0	0	3	0	0	0	12	0	1	0	0	0	0	0	0	2	0	0	0	0	17	2	0	7	0	0	0	529	0	0	0	0	0	0	0	0	12	0	0	0	0	0	4	0	0	0	0	0	0	0	0	0	0	0
0	0	0	0	0	0	0	0	0	0	0	0	0	0	1	0	0	2	0	6	0	1	82	0	0	0	1	0	0	21	0	25	0	0	0	63	0	0	0	0	0	0	0	14	9	1	2	0	0	0	0	1	2	0	0	4	0	5	145	163	0	0	0	0	0	0	0	0	0	1	1	0	0	0	0
0	0	0	0	0	0	0	0	0	0	0	0	0	0	0	0	0	0	0	0	0	0	0	0	0	0	0	0	0	0	0	0	0	0	0	0	0	0	0	0	0	0	0	0	0	0	0	0	0	0	0	0	0	0	0	0	0	0	0	0	0	0	0	0	0	0	0	0	0	0	0	0	0	0	0
0	0	1	0	0	0	0	0	0	0	2	0	0	63	1	25	24	0	10	0	0	1	0	0	0	0	1	0	8	0	0	0	0	0	0	0	0	0	0	0	0	1	0	0	2	0	13	0	0	0	26	0	0	0	0	0	0	1	0	2	0	0	0	0	1	0	0	1	0	0	0	0	0	0	0
0	0	7	0	0	0	0	0	0	0	0	0	0	12	0	1	1	0	2	2	6	1	1	0	0	0	1	0	1	0	0	0	0	0	0	1	0	0	0	0	1	0	0	0	0	0	0	0	1	0	0	0	0	0	0	0	6	70	0	4	0	0	0	0	0	0	0	1	0	0	0	0	0	0	0
0	0	0	0	0	0	0	0	5	0	0	0	0	2	0	0	0	0	0	1	1	71	0	0	0	0	9	0	0	1	0	0	0	1	0	1	0	0	0	4	2	0	0	0	0	0	0	0	0	0	0	0	0	0	8	0	4	1	0	0	1	0	0	0	0	0	0	0	0	0	0	0	0	0	0
0	0	0	0	0	0	0	0	0	0	0	0	0	0	0	0	0	0	0	0	0	0	0	0	0	0	0	0	0	0	0	0	0	0	0	0	0	0	0	0	0	0	0	0	0	0	0	0	0	0	0	0	0	0	0	0	0	0	0	0	0	0	0	0	0	0	0	0	0	0	0	0	0	0	0
0	0	0	0	0	0	0	0	0	0	0	0	0	0	0	0	0	0	0	0	0	0	0	0	0	0	5	0	0	0	0	0	0	0	0	0	0	0	0	0	0	0	0	0	0	0	0	0	0	0	0	0	1	0	0	0	0	0	0	0	0	0	0	0	0	0	0	0	0	0	0	0	0	0	0
0	0	0	0	0	0	0	0	0	0	0	0	0	0	0	0	0	0	0	0	0	0	0	0	0	0	0	0	0	0	0	0	0	0	0	0	0	0	0	0	0	0	0	0	0	0	0	0	0	0	0	0	0	0	0	0	0	0	0	0	0	0	0	0	0	0	0	0	0	0	0	0	0	0	0
