0	0	0	0	0	0	0	0	0	0	0	0	0	0	0	0	0	0	0	0	0	0	0	0	0	0	0	0	0	0	0	0	0	0	0	0	0	0	0	0	0	0	0	0	0	0	0	0	0	0	0	0	0	0	0	0	0	0	0	0	0	0	0	0	0	0	0	0	0	0	0	0	0	0	0
0	0	0	0	0	0	0	0	0	0	0	0	0	0	0	0	0	6	0	9	0	9	130	0	0	79	3	0	0	1	0	0	0	2	7	1	0	0	1	0	0	0	0	0	0	30	0	0	0	0	0	0	0	2	0	68	0	0	0	0	0	5	0	0	0	0	0	77	79	0	1	0	0	0	5
0	0	0	53	0	171	0	0	22	0	1	0	0	75	5	0	13	2	4	3	8	0	1	0	0	1	0	0	0	9	0	0	0	36	77	8	10	0	15	0	66	0	167	0	13	0	0	0	0	0	0	0	0	1	0	1	7	21	34	2	0	38	152	0	34	0	1	2	8	0	10	35	0	35	1
0	0	53	0	0	0	0	0	0	0	317	0	0	2	148	16	0	0	18	0	2	4	0	0	0	0	7	0	0	0	1	0	0	0	1	0	0	0	0	0	0	0	0	0	8	0	0	0	28	0	0	0	13	0	0	0	0	168	7	0	0	0	0	0	0	0	0	0	0	0	4	0	53	19	0
0	0	0	0	0	0	0	0	0	0	0	0	0	0	0	0	0	1	2	0	0	0	0	0	0	0	0	0	0	0	572	0	0	0	0	0	0	0	0	0	0	0	0	0	0	0	0	0	5	0	0	0	0	0	0	0	0	0	0	0	0	0	0	0	0	0	0	0	0	0	0	0	0	7	0
0	0	171	0	0	0	0	0	0	0	0	0	0	14	30	0	0	0	0	0	5	0	0	0	0	0	0	0	0	0	4	0	0	0	23	0	0	0	0	0	0	0	0	0	0	0	0	0	0	0	0	0	0	0	0	0	0	0	0	0	0	0	0	0	0	0	0	0	0	0	0	1	170	16	0
0	0	0	0	0	0	0	0	0	0	0	0	0	0	0	0	0	0	0	0	0	0	0	0	0	0	0	0	0	0	0	0	0	0	0	0	0	0	0	0	0	0	0	0	0	0	0	0	0	0	0	0	0	0	0	0	0	0	0	0	0	0	0	0	0	0	0	0	0	0	0	0	0	0	0
0	0	0	0	0	0	0	0	0	0	0	0	0	0	0	0	0	0	0	0	0	0	0	0	0	0	0	0	0	0	0	0	0	0	0	0	0	0	0	0	0	0	0	0	0	0	0	0	0	0	0	0	0	0	0	0	0	0	0	0	0	0	0	0	0	0	0	0	0	0	0	0	0	0	0
0	0	22	0	0	0	0	0	0	0	0	0	0	227	0	0	0	53	0	0	0	54	0	0	0	0	1	0	0	0	0	0	0	2	1	0	0	0	0	0	0	0	0	0	0	0	0	0	0	0	0	0	1	0	0	0	0	0	0	46	0	0	0	0	0	0	0	0	0	0	0	0	12	0	0
0	0	0	0	0	0	0	0	0	0	0	0	0	0	0	0	0	0	0	0	0	0	0	0	0	0	0	0	0	0	0	0	0	0	0	0	0	0	0	0	0	0	0	0	0	0	0	0	0	0	0	0	0	0	0	0	0	0	0	0	0	0	0	0	0	0	0	0	0	0	0	0	0	0	0
0	0	1	317	0	0	0	0	0	0	0	9	0	0	6	177	0	0	75	75	243	0	0	0	0	0	0	0	0	0	0	141	0	3	0	0	125	0	0	0	1	0	161	0	864	0	0	0	19	0	0	23	0	133	0	0	0	481	3	1	0	4	0	0	1	0	287	1	0	0	353	37	3	2	1
0	0	0	0	0	0	0	0	0	0	9	0	0	1	16	0	0	0	6	0	0	0	0	0	0	0	0	0	0	0	0	0	0	0	0	0	0	0	0	0	0	0	22	0	0	0	0	0	0	0	0	0	0	0	0	0	0	0	0	0	0	32	0	0	18	0	0	0	0	0	0	0	18	24	0
0	0	0	0	0	0	0	0	0	0	0	0	0	0	0	0	0	0	0	0	0	0	0	0	0	0	0	0	0	0	0	0	0	0	0	0	0	0	0	0	0	0	0	0	0	0	0	0	0	0	0	0	0	0	0	0	0	0	0	0	0	0	0	0	0	0	0	0	0	0	0	0	0	0	0
0	0	75	2	0	14	0	0	227	0	0	1	0	0	1	0	7	183	0	22	17	54	0	0	0	2	3	0	0	77	0	0	0	387	721	12	0	0	7	0	473	0	0	0	0	0	152	0	0	0	0	0	0	0	0	13	5	72	45	46	0	1	1	0	8	0	0	0	19	0	50	169	137	2	0
0	0	5	148	0	30	0	0	0	0	6	16	0	1	0	0	0	0	1	0	0	0	0	0	0	0	0	0	0	0	0	0	0	1	0	0	0	0	28	0	2	0	18	0	8	0	0	0	0	0	0	0	0	0	0	0	0	0	184	3	0	583	329	0	31	0	0	0	0	0	15	0	25	7	0
0	0	0	16	0	0	0	0	0	0	177	0	0	0	0	0	1	0	0	0	1	0	0	0	0	0	0	0	0	0	0	0	0	1	0	0	104	0	0	0	0	0	178	0	520	0	0	0	3	0	0	0	0	0	0	0	0	35	0	0	0	0	0	0	0	0	8	0	0	0	6	0	0	0	0
0	0	13	0	0	0	0	0	0	0	0	0	0	7	0	1	0	0	0	0	4	13	0	0	0	0	1	0	0	0	0	0	0	0	0	0	0	0	0	0	0	0	0	0	0	0	0	0	0	0	0	0	0	0	0	0	0	1	0	0	0	0	0	0	0	0	0	0	0	0	0	0	13	3	0
0	6	2	0	1	0	0	0	53	0	0	0	0	183	0	0	0	0	0	54	0	656	56	0	1	10	446	0	0	136	0	4	0	244	119	41	0	0	12	0	400	0	0	0	0	20	0	0	0	0	0	1	312	0	0	128	8	13	16	6	0	0	0	0	0	0	0	261	313	0	10	3	6	0	12
0	0	4	18	2	0	0	0	0	0	75	6	0	0	1	0	0	0	0	0	0	0	0	0	0	0	0	0	0	0	1	0	0	0	0	0	7	0	0	0	2	0	1	0	53	0	0	0	5	0	147	0	0	16	0	0	0	1	2	0	0	10	17	0	1	0	22	0	0	0	1	0	11	18	1
0	9	3	0	0	0	0	0	0	0	75	0	0	22	0	0	0	54	0	0	219	2	6	0	0	0	31	0	0	4	0	90	0	12	2	4	0	0	2	0	4	0	2	0	90	8	0	0	0	0	0	0	0	8	0	0	27	264	4	10	0	0	0	0	0	0	0	0	8	0	16	6	3	0	326
0	0	8	2	0	5	0	0	0	0	243	0	0	17	0	1	4	0	0	219	0	3	1	0	0	1	1	0	0	7	0	176	0	5	14	10	0	0	7	0	9	0	33	0	0	290	1	0	0	0	0	3	2	64	0	127	292	409	27	1	0	2	12	0	3	0	1	3	23	0	389	167	16	2	73
0	9	0	4	0	0	0	0	54	0	0	0	0	54	0	0	13	656	0	2	3	0	92	0	0	0	499	0	0	60	0	0	0	231	53	56	0	0	0	0	313	0	0	0	0	36	0	0	0	0	0	1	355	0	0	61	15	18	17	20	0	14	14	0	0	0	0	0	242	0	0	182	0	0	0
0	130	1	0	0	0	0	0	0	0	0	0	0	0	0	0	0	56	0	6	1	92	0	0	0	0	67	0	0	0	0	208	0	4	0	0	0	0	0	0	0	0	0	0	0	0	0	0	0	0	0	17	249	0	0	0	5	0	0	0	0	0	0	0	0	0	0	0	0	0	0	0	1	0	70
0	0	0	0	0	0	0	0	0	0	0	0	0	0	0	0	0	0	0	0	0	0	0	0	0	0	0	0	0	0	0	0	0	0	0	0	0	0	0	0	0	0	0	0	0	0	0	0	0	0	0	0	0	0	0	0	0	0	0	0	0	0	0	0	0	0	0	0	0	0	0	0	0	0	0
0	0	0	0	0	0	0	0	0	0	0	0	0	0	0	0	0	1	0	0	0	0	0	0	0	46	0	0	0	0	0	0	0	0	0	0	0	0	0	0	0	0	0	0	0	0	0	0	0	0	0	0	69	0	0	0	19	0	0	0	0	0	0	0	0	0	0	0	0	0	0	0	0	0	0
0	79	1	0	0	0	0	0	0	0	0	0	0	2	0	0	0	10	0	0	1	0	0	0	46	0	14	0	0	0	0	8	0	2	2	0	0	0	0	0	0	0	0	0	0	0	0	0	0	0	0	3	17	0	0	0	9	36	0	0	0	0	0	0	0	0	0	0	0	0	0	0	1	0	1
0	3	0	7	0	0	0	0	1	0	0	0	0	3	0	0	1	446	0	31	1	499	67	0	0	14	0	0	0	170	0	0	0	336	51	39	0	0	0	0	381	0	0	0	0	21	1	0	0	0	0	0	180	0	0	150	6	10	15	3	0	0	0	0	0	0	0	232	227	0	6	101	2	0	0
0	0	0	0	0	0	0	0	0	0	0	0	0	0	0	0	0	0	0	0	0	0	0	0	0	0	0	0	0	0	49	0	0	0	0	0	0	0	0	0	0	0	0	0	0	0	0	0	0	0	0	0	0	0	0	0	0	1	0	0	0	0	0	0	0	0	0	0	0	0	0	0	0	0	0
0	0	0	0	0	0	0	0	0	0	0	0	0	0	0	0	0	0	0	0	0	0	0	0	0	0	0	0	0	0	0	0	0	0	0	0	0	0	0	0	0	0	0	0	0	0	0	0	0	0	0	0	0	0	0	0	0	0	0	0	0	0	0	0	0	0	0	0	0	0	0	0	0	0	0
0	1	9	0	0	0	0	0	0	0	0	0	0	77	0	0	0	136	0	4	7	60	0	0	0	0	170	0	0	0	0	0	0	18	3	3	0	0	0	0	6	0	0	0	0	0	0	0	0	0	0	0	138	0	0	0	3	15	0	10	0	0	0	0	0	0	0	0	0	0	0	2	8	1	0
0	0	0	1	572	4	0	0	0	0	0	0	0	0	0	0	0	0	1	0	0	0	0	0	0	0	0	49	0	0	0	0	0	0	0	0	891	0	0	0	0	0	0	0	0	0	0	0	0	0	0	0	0	0	0	0	0	11	0	0	0	0	0	0	0	0	1160	0	0	0	0	0	0	71	0
0	0	0	0	0	0	0	0	0	0	141	0	0	0	0	0	0	4	0	90	176	0	208	0	0	8	0	0	0	0	0	0	0	0	4	0	0	0	0	0	2	0	0	0	270	226	76	0	0	0	0	298	1	0	0	154	0	234	68	0	0	0	0	0	0	0	0	96	2	0	56	0	0	0	375
0	0	0	0	0	0	0	0	0	0	0	0	0	0	0	0	0	0	0	0	0	0	0	0	0	0	0	0	0	0	0	0	0	0	0	0	0	0	0	0	0	0	0	0	0	0	0	0	0	0	0	0	0	0	0	0	0	0	0	0	0	0	0	0	0	0	0	0	0	0	0	0	0	0	0
0	2	36	0	0	0	0	0	2	0	3	0	0	387	1	1	0	244	0	12	5	231	4	0	0	2	336	0	0	18	0	0	0	0	6	16	0	0	16	0	16	0	4	0	2	1	0	0	7	0	0	0	92	0	0	1	6	13	1	4	0	5	0	0	0	0	0	4	11	0	1	189	14	0	2
0	7	77	1	0	23	0	0	1	0	0	0	0	721	0	0	0	119	0	2	14	53	0	0	0	2	51	0	0	3	0	4	0	6	0	0	0	0	1	0	17	0	1	0	3	2	284	0	0	0	0	0	19	0	0	92	0	18	134	1	0	0	0	0	0	0	0	17	18	0	2	99	42	0	2
0	1	8	0	0	0	0	0	0	0	0	0	0	12	0	0	0	41	0	4	10	56	0	0	0	0	39	0	0	3	0	0	0	16	0	0	0	0	0	0	0	0	0	0	0	0	0	0	0	0	0	0	171	0	0	0	3	5	2	10	0	0	0	0	0	0	0	0	0	0	0	0	8	0	0
0	0	10	0	0	0	0	0	0	0	125	0	0	0	0	104	0	0	7	0	0	0	0	0	0	0	0	0	0	0	891	0	0	0	0	0	0	0	0	0	0	0	0	0	112	0	0	0	16	0	0	0	0	0	0	0	0	2	0	0	0	0	0	0	0	0	0	0	0	0	0	0	10	1	0
0	0	0	0	0	0	0	0	0	0	0	0	0	0	0	0	0	0	0	0	0	0	0	0	0	0	0	0	0	0	0	0	0	0	0	0	0	0	0	0	0	0	0	0	0	0	0	0	0	0	0	0	0	0	0	0	0	0	0	0	0	0	0	0	0	0	0	0	0	0	0	0	0	0	0
0	1	15	0	0	0	0	0	0	0	0	0	0	7	28	0	0	12	0	2	7	0	0	0	0	0	0	0	0	0	0	0	0	16	1	0	0	0	0	0	0	0	0	0	4	0	0	0	0	0	0	0	0	0	0	0	5	4	35	60	0	0	0	0	0	0	0	0	0	0	1	72	15	1	0
0	0	0	0	0	0	0	0	0	0	0	0	0	0	0	0	0	0	0	0	0	0	0	0	0	0	0	0	0	0	0	0	0	0	0	0	0	0	0	0	0	0	0	0	0	0	0	0	0	0	0	0	0	0	0	0	0	0	0	0	0	0	0	0	0	0	0	0	0	0	0	0	0	0	0
0	0	66	0	0	0	0	0	0	0	1	0	0	473	2	0	0	400	2	4	9	313	0	0	0	0	381	0	0	6	0	2	0	16	17	0	0	0	0	0	0	0	0	0	0	0	0	0	0	0	0	0	193	0	0	0	4	5	0	2	0	0	0	0	0	0	0	0	0	0	0	246	42	7	0
0	0	0	0	0	0	0	0	0	0	0	0	0	0	0	0	0	0	0	0	0	0	0	0	0	0	0	0	0	0	0	0	0	0	0	0	0	0	0	0	0	0	0	0	0	0	0	0	0	0	0	0	0	0	0	0	0	0	0	0	0	0	0	0	0	0	0	0	0	0	0	0	0	0	0
0	0	167	0	0	0	0	0	0	0	161	22	0	0	18	178	0	0	1	2	33	0	0	0	0	0	0	0	0	0	0	0	0	4	1	0	0	0	0	0	0	0	0	0	322	0	0	0	3	0	0	0	0	0	0	0	0	28	40	222	0	0	0	0	0	0	0	0	0	0	2	0	167	3	0
0	0	0	0	0	0	0	0	0	0	0	0	0	0	0	0	0	0	0	0	0	0	0	0	0	0	0	0	0	0	0	0	0	0	0	0	0	0	0	0	0	0	0	0	0	0	0	0	0	0	0	0	0	0	0	0	0	0	0	0	0	0	0	0	0	0	0	0	0	0	0	0	0	0	0
0	0	13	8	0	0	0	0	0	0	864	0	0	0	8	520	0	0	53	90	0	0	0	0	0	0	0	0	0	0	0	270	0	2	3	0	112	0	4	0	0	0	322	0	0	0	0	0	32	0	0	41	0	428	0	0	0	220	1	4	0	0	0	0	0	0	48	4	0	0	92	0	13	0	521
0	30	0	0	0	0	0	0	0	0	0	0	0	0	0	0	0	20	0	8	290	36	0	0	0	0	21	0	0	0	0	226	0	1	2	0	0	0	0	0	0	0	0	0	0	0	0	0	0	0	0	27	0	0	0	0	0	108	0	0	0	0	0	0	0	0	0	0	0	0	0	0	0	0	53
0	0	0	0	0	0	0	0	0	0	0	0	0	152	0	0	0	0	0	0	1	0	0	0	0	0	1	0	0	0	0	76	0	0	284	0	0	0	0	0	0	0	0	0	0	0	0	0	0	0	0	1	0	0	0	0	0	0	0	0	0	0	0	0	0	0	0	0	0	0	0	0	0	1	0
0	0	0	0	0	0	0	0	0	0	0	0	0	0	0	0	0	0	0	0	0	0	0	0	0	0	0	0	0	0	0	0	0	0	0	0	0	0	0	0	0	0	0	0	0	0	0	0	0	0	0	0	0	0	0	0	0	0	0	0	0	0	0	0	0	0	0	0	0	0	0	0	0	0	0
0	0	0	28	5	0	0	0	0	0	19	0	0	0	0	3	0	0	5	0	0	0	0	0	0	0	0	0	0	0	0	0	0	7	0	0	16	0	0	0	0	0	3	0	32	0	0	0	0	0	0	0	0	0	0	0	0	18	0	0	0	2	4	0	2	0	31	0	0	0	12	0	3	0	0
0	0	0	0	0	0	0	0	0	0	0	0	0	0	0	0	0	0	0	0	0	0	0	0	0	0	0	0	0	0	0	0	0	0	0	0	0	0	0	0	0	0	0	0	0	0	0	0	0	0	0	0	0	0	0	0	0	0	0	0	0	0	0	0	0	0	0	0	0	0	0	0	0	0	0
0	0	0	0	0	0	0	0	0	0	0	0	0	0	0	0	0	0	147	0	0	0	0	0	0	0	0	0	0	0	0	0	0	0	0	0	0	0	0	0	0	0	0	0	0	0	0	0	0	0	0	0	0	0	0	0	0	0	0	0	0	0	0	0	0	0	0	0	0	0	0	0	0	0	0
0	0	0	0	0	0	0	0	0	0	23	0	0	0	0	0	0	1	0	0	3	1	17	0	0	3	0	0	0	0	0	298	0	0	0	0	0	0	0	0	0	0	0	0	41	27	1	0	0	0	0	0	0	0	0	16	0	0	0	0	0	0	0	0	0	0	0	18	0	0	1	0	1	0	125
0	0	0	13	0	0	0	0	1	0	0	0	0	0	0	0	0	312	0	0	2	355	249	0	69	17	180	0	0	138	0	1	0	92	19	171	0	0	0	0	193	0	0	0	0	0	0	0	0	0	0	0	0	0	0	125	62	0	93	0	0	0	0	0	0	0	0	213	196	0	0	50	3	0	0
0	2	1	0	0	0	0	0	0	0	133	0	0	0	0	0	0	0	16	8	64	0	0	0	0	0	0	0	0	0	0	0	0	0	0	0	0	0	0	0	0	0	0	0	428	0	0	0	0	0	0	0	0	0	0	0	0	172	0	0	0	0	0	0	0	0	0	0	0	0	6	0	1	0	234
0	0	0	0	0	0	0	0	0	0	0	0	0	0	0	0	0	0	0	0	0	0	0	0	0	0	0	0	0	0	0	0	0	0	0	0	0	0	0	0	0	0	0	0	0	0	0	0	0	0	0	0	0	0	0	0	0	0	0	0	0	0	0	0	0	0	0	0	0	0	0	0	0	0	0
0	68	1	0	0	0	0	0	0	0	0	0	0	13	0	0	0	128	0	0	127	61	0	0	0	0	150	0	0	0	0	154	0	1	92	0	0	0	0	0	0	0	0	0	0	0	0	0	0	0	0	16	125	0	0	0	43	8	0	0	0	0	0	0	0	0	0	0	0	0	0	0	1	0	3
0	0	7	0	0	0	0	0	0	0	0	0	0	5	0	0	0	8	0	27	292	15	5	0	19	9	6	0	0	3	0	0	0	6	0	3	0	0	5	0	4	0	0	0	0	0	0	0	0	0	0	0	62	0	0	43	0	179	1	0	0	0	0	0	0	0	0	0	15	0	39	7	7	0	0
0	0	21	168	0	0	0	0	0	0	481	0	0	72	0	35	1	13	1	264	409	18	0	0	0	36	10	1	0	15	11	234	0	13	18	5	2	0	4	0	5	0	28	0	220	108	0	0	18	0	0	0	0	172	0	8	179	0	0	35	0	1	7	0	0	0	44	13	1	0	294	9	30	2	158
0	0	34	7	0	0	0	0	0	0	3	0	0	45	184	0	0	16	2	4	27	17	0	0	0	0	15	0	0	0	0	68	0	1	134	2	0	0	35	0	0	0	40	0	1	0	0	0	0	0	0	0	93	0	0	0	1	0	0	0	0	129	0	0	0	0	0	2	0	0	8	0	38	10	18
0	0	2	0	0	0	0	0	46	0	1	0	0	46	3	0	0	6	0	10	1	20	0	0	0	0	3	0	0	10	0	0	0	4	1	10	0	0	60	0	2	0	222	0	4	0	0	0	0	0	0	0	0	0	0	0	0	35	0	0	0	0	0	0	0	0	0	258	0	0	146	0	6	0	7
0	0	0	0	0	0	0	0	0	0	0	0	0	0	0	0	0	0	0	0	0	0	0	0	0	0	0	0	0	0	0	0	0	0	0	0	0	0	0	0	0	0	0	0	0	0	0	0	0	0	0	0	0	0	0	0	0	0	0	0	0	0	0	0	0	0	0	0	0	0	0	0	0	0	0
0	5	38	0	0	0	0	0	0	0	4	32	0	1	583	0	0	0	10	0	2	14	0	0	0	0	0	0	0	0	0	0	0	5	0	0	0	0	0	0	0	0	0	0	0	0	0	0	2	0	0	0	0	0	0	0	0	1	129	0	0	0	0	0	0	0	0	0	0	0	0	0	38	30	1
0	0	152	0	0	0	0	0	0	0	0	0	0	1	329	0	0	0	17	0	12	14	0	0	0	0	0	0	0	0	0	0	0	0	0	0	0	0	0	0	0	0	0	0	0	0	0	0	4	0	0	0	0	0	0	0	0	7	0	0	0	0	0	0	0	0	0	0	0	0	0	0	152	56	0
0	0	0	0	0	0	0	0	0	0	0	0	0	0	0	0	0	0	0	0	0	0	0	0	0	0	0	0	0	0	0	0	0	0	0	0	0	0	0	0	0	0	0	0	0	0	0	0	0	0	0	0	0	0	0	0	0	0	0	0	0	0	0	0	0	0	0	0	0	0	0	0	0	0	0
0	0	34	0	0	0	0	0	0	0	1	18	0	8	31	0	0	0	1	0	3	0	0	0	0	0	0	0	0	0	0	0	0	0	0	0	0	0	0	0	0	0	0	0	0	0	0	0	2	0	0	0	0	0	0	0	0	0	0	0	0	0	0	0	0	0	0	0	0	0	0	0	34	1	0
0	0	0	0	0	0	0	0	0	0	0	0	0	0	0	0	0	0	0	0	0	0	0	0	0	0	0	0	0	0	0	0	0	0	0	0	0	0	0	0	0	0	0	0	0	0	0	0	0	0	0	0	0	0	0	0	0	0	0	0	0	0	0	0	0	0	0	0	0	0	0	0	0	0	0
0	0	1	0	0	0	0	0	0	0	287	0	0	0	0	8	0	0	22	0	1	0	0	0	0	0	0	0	0	0	1160	0	0	0	0	0	0	0	0	0	0	0	0	0	48	0	0	0	31	0	0	0	0	0	0	0	0	44	0	0	0	0	0	0	0	0	0	0	0	0	0	0	1	0	0
0	77	2	0	0	0	0	0	0	0	1	0	0	0	0	0	0	261	0	0	3	0	0	0	0	0	232	0	0	0	0	96	0	4	17	0	0	0	0	0	0	0	0	0	4	0	0	0	0	0	0	18	213	0	0	0	0	13	2	258	0	0	0	0	0	0	0	0	0	0	0	0	2	0	19
0	79	8	0	0	0	0	0	0	0	0	0	0	19	0	0	0	313	0	8	23	242	0	0	0	0	227	0	0	0	0	2	0	11	18	0	0	0	0	0	0	0	0	0	0	0	0	0	0	0	0	0	196	0	0	0	15	1	0	0	0	0	0	0	0	0	0	0	0	0	0	2	8	0	107
0	0	0	0	0	0	0	0	0	0	0	0	0	0	0	0	0	0	0	0	0	0	0	0	0	0	0	0	0	0	0	0	0	0	0	0	0	0	0	0	0	0	0	0	0	0	0	0	0	0	0	0	0	0	0	0	0	0	0	0	0	0	0	0	0	0	0	0	0	0	0	0	0	0	0
0	1	10	4	0	0	0	0	0	0	353	0	0	50	15	6	0	10	1	16	389	0	0	0	0	0	6	0	0	0	0	56	0	1	2	0	0	0	1	0	0	0	2	0	92	0	0	0	12	0	0	1	0	6	0	0	39	294	8	146	0	0	0	0	0	0	0	0	0	0	0	2	3	0	3
0	0	35	0	0	1	0	0	0	0	37	0	0	169	0	0	0	3	0	6	167	182	0	0	0	0	101	0	0	2	0	0	0	189	99	0	0	0	72	0	246	0	0	0	0	0	0	0	0	0	0	0	50	0	0	0	7	9	0	0	0	0	0	0	0	0	0	0	2	0	2	0	156	9	0
0	0	0	53	0	170	0	0	12	0	3	18	0	137	25	0	13	6	11	3	16	0	1	0	0	1	2	0	0	8	0	0	0	14	42	8	10	0	15	0	42	0	167	0	13	0	0	0	3	0	0	1	3	1	0	1	7	30	38	6	0	38	152	0	34	0	1	2	8	0	3	156	0	47	4
0	0	35	19	7	16	0	0	0	0	2	24	0	2	7	0	3	0	18	0	2	0	0	0	0	0	0	0	0	1	71	0	0	0	0	0	1	0	1	0	7	0	3	0	0	0	1	0	0	0	0	0	0	0	0	0	0	2	10	0	0	30	56	0	1	0	0	0	0	0	0	9	47	0	0
0	5	1	0	0	0	0	0	0	0	1	0	0	0	0	0	0	12	1	326	73	0	70	0	0	1	0	0	0	0	0	375	0	2	2	0	0	0	0	0	0	0	0	0	521	53	0	0	0	0	0	125	0	234	0	3	0	158	18	7	0	1	0	0	0	0	0	19	107	0	3	0	4	0	0
