0	0	0	0	0	0	0	0	0	0	0	0	0	0	0	0	0	0	0	0	0	0	0	0	0	0	0	0	0	0	0	0	0	0	0	0	0	0	0	0	0	0	0	0	0	0	0	0	0	0	0	0	0	0	0	0	0	0	0	0	0	0	0	0	0	0	0	0	0	0	0	0	0	0	0
0	0	0	0	0	0	0	0	0	0	0	0	0	0	0	0	0	0	0	1	0	19	81	0	2	5	35	0	0	7	0	15	0	34	1	64	0	0	0	0	7	0	0	0	0	7	0	0	0	0	0	4	62	0	0	77	27	6	4	11	0	0	0	0	0	0	0	22	0	0	0	5	0	0	0
0	0	0	4	0	3	0	0	3	0	0	0	0	3	8	0	0	0	3	0	0	0	0	0	0	0	0	0	0	0	0	0	0	0	0	0	0	0	0	0	2	2	1	0	0	0	2	0	0	0	0	0	0	0	0	0	0	2	0	2	3	0	8	0	4	0	0	0	0	0	0	3	0	2	1
0	0	4	0	0	11	0	0	0	0	43	15	0	5	114	0	0	0	11	0	0	3	0	0	0	0	3	100	0	3	0	0	0	1	0	4	0	0	0	0	0	67	0	0	0	0	0	0	0	0	0	0	13	0	0	2	0	89	3	0	12	0	159	0	0	0	10	0	0	0	0	0	0	22	0
0	0	0	0	0	0	0	0	0	0	0	0	0	0	0	0	0	0	0	0	0	0	0	0	0	0	0	0	0	0	0	0	0	0	0	0	0	0	0	0	9	0	0	0	0	0	0	0	0	0	0	0	0	0	0	0	1	0	0	0	0	0	0	0	0	0	0	0	0	0	0	10	0	0	0
0	0	3	11	0	0	0	0	0	2	0	204	0	302	26	0	15	0	0	0	0	0	0	0	0	0	0	0	0	2	0	0	0	2	38	1	0	0	0	0	2	0	61	0	0	0	190	0	0	0	0	0	0	0	0	0	1	0	2	0	1	0	438	0	170	0	5	1	0	0	0	0	105	431	0
0	0	0	0	0	0	0	0	0	0	0	0	0	0	0	0	0	0	0	0	0	0	0	0	0	0	0	0	0	0	0	0	0	0	0	0	0	0	0	0	0	0	0	0	0	0	0	0	0	0	0	0	0	0	0	0	0	0	0	0	0	0	0	0	0	0	0	0	0	0	0	0	0	0	0
0	0	0	0	0	0	0	0	0	0	0	0	0	0	0	0	0	0	7	0	0	0	0	0	0	0	0	0	0	0	0	0	0	0	0	0	0	0	0	0	0	70	0	0	0	0	0	0	0	0	0	0	0	0	0	0	0	0	18	0	0	0	0	0	0	0	13	0	0	0	0	0	0	1	0
0	0	3	0	0	0	0	0	0	0	0	0	0	179	0	0	0	0	1	0	0	34	1	0	8	1	22	0	0	0	0	0	0	1	0	0	0	0	0	0	3	0	0	0	0	0	0	0	0	0	0	0	60	0	0	0	2	0	1	0	176	0	0	0	0	0	0	0	0	0	0	0	0	0	0
0	0	0	0	0	2	0	0	0	0	0	9	0	18	1	0	0	0	4	0	0	0	0	0	0	0	0	0	0	1	0	1	0	0	0	0	0	0	0	0	0	0	0	0	0	0	0	0	0	0	0	1	0	0	0	0	0	0	26	0	20	0	4	0	0	0	0	0	0	0	2	0	0	7	0
0	0	0	43	0	0	0	0	0	0	0	1	0	0	4	38	1	0	27	127	9	0	0	0	0	0	0	1	0	0	0	48	0	2	0	0	0	0	0	0	0	44	163	0	175	13	0	0	106	0	0	90	0	152	0	0	0	229	9	5	0	0	5	0	0	0	66	0	0	0	140	0	4	0	0
0	0	0	15	0	204	0	0	0	9	1	0	0	2	159	0	7	0	4	1	11	2	0	0	0	0	0	0	0	0	0	0	0	5	3	0	0	0	0	0	0	5	107	0	0	0	0	0	0	0	0	0	0	0	0	0	0	30	14	2	2	0	289	0	64	0	1	0	0	0	0	23	98	198	0
0	0	0	0	0	0	0	0	0	0	0	0	0	0	0	0	0	0	0	0	0	0	0	0	0	0	0	0	0	0	0	0	0	0	0	0	0	0	0	0	0	0	0	0	0	0	0	0	0	0	0	0	0	0	0	0	0	0	0	0	0	0	0	0	0	0	0	0	0	0	0	0	0	0	0
0	0	3	5	0	302	0	0	179	18	0	2	0	0	4	0	62	0	0	93	0	161	2	0	13	7	6	0	0	106	0	1	0	411	72	126	0	0	0	0	353	1	6	0	2	0	315	0	2	0	0	0	7	0	0	4	4	44	123	56	817	0	3	0	75	0	1	1	0	0	17	126	81	2	1
0	0	8	114	0	26	0	0	0	1	4	159	0	4	0	10	0	0	4	0	0	5	1	0	0	0	0	1	0	1	0	0	0	1	0	0	0	0	0	0	0	5	4	0	0	0	0	0	0	0	0	0	2	0	0	1	0	9	1	3	0	1	898	0	1	0	7	0	0	0	1	1	76	11	0
0	0	0	0	0	0	0	0	0	0	38	0	0	0	10	0	26	0	3	8	0	1	0	0	0	0	0	0	0	0	0	0	0	2	0	0	0	0	0	0	0	0	27	0	32	0	0	0	27	0	0	0	0	3	0	0	0	1	2	0	0	0	0	0	0	0	6	0	0	0	10	0	0	0	0
0	0	0	0	0	15	0	0	0	0	1	7	0	62	0	26	0	0	0	0	0	0	0	0	0	0	0	0	0	0	0	0	0	0	0	0	0	0	0	0	0	0	0	0	0	0	0	0	0	0	0	16	1	0	0	0	1	0	2	0	0	0	29	0	0	0	0	0	0	0	0	0	0	13	0
0	0	0	0	0	0	0	0	0	0	0	0	0	0	0	0	0	0	0	0	0	0	0	0	0	0	0	0	0	0	0	0	0	0	0	0	0	0	0	0	0	0	0	0	0	0	0	0	0	0	0	0	0	0	0	0	0	0	0	0	0	0	0	0	0	0	0	0	0	0	0	0	0	0	0
0	0	3	11	0	0	0	7	1	4	27	4	0	0	4	3	0	0	0	2	0	0	0	0	0	0	0	0	0	0	0	2	0	9	0	0	0	0	0	0	0	36	19	0	42	0	0	0	9	0	314	15	0	13	0	0	0	4	4	3	0	0	68	0	0	0	1	0	0	0	2	0	9	1	2
0	1	0	0	0	0	0	0	0	0	127	1	0	93	0	8	0	0	2	0	57	119	0	0	0	1	40	0	0	72	0	52	0	11	0	1	0	0	0	0	105	0	0	0	0	18	0	0	0	0	0	54	93	0	0	2	0	139	301	0	111	0	0	0	0	0	0	0	0	0	3	0	0	1	0
0	0	0	0	0	0	0	0	0	0	9	11	0	0	0	0	0	0	0	57	0	3	0	0	0	0	0	0	0	0	0	1	0	1	0	0	0	0	0	0	0	0	0	0	0	1	0	0	15	0	0	5	0	43	0	9	88	146	0	1	8	0	1	0	0	0	1	0	0	0	55	130	0	1	0
0	19	0	3	0	0	0	0	34	0	0	2	0	161	5	1	0	0	0	119	3	0	30	0	12	13	507	0	0	139	0	1	0	352	22	121	0	0	0	0	307	41	1	0	1	0	11	0	0	0	0	3	580	93	0	79	22	22	262	1	11	0	4	0	0	0	0	7	0	0	0	43	3	27	7
0	81	0	0	0	0	0	0	1	0	0	0	0	2	1	0	0	0	0	0	0	30	0	0	312	13	89	0	0	119	0	66	0	3	1	2	0	0	0	0	29	0	0	0	0	70	0	0	0	0	0	18	300	0	0	199	1	1	172	0	190	0	1	0	0	0	0	1	0	0	0	1	0	0	0
0	0	0	0	0	0	0	0	0	0	0	0	0	0	0	0	0	0	0	0	0	0	0	0	0	0	0	0	0	0	0	0	0	0	0	0	0	0	0	0	0	0	0	0	0	0	0	0	0	0	0	0	0	0	0	0	0	0	0	0	0	0	0	0	0	0	0	0	0	0	0	0	0	0	0
0	2	0	0	0	0	0	0	8	0	0	0	0	13	0	0	0	0	0	0	0	12	312	0	0	1158	10	0	0	115	0	40	0	17	34	87	0	0	0	0	54	0	2	0	0	138	0	0	0	0	0	6	142	61	0	305	94	16	45	0	19	0	0	0	0	0	0	2	0	0	4	18	4	0	2
0	5	0	0	0	0	0	0	1	0	0	0	0	7	0	0	0	0	0	1	0	13	13	0	1158	0	9	0	0	42	0	68	0	6	0	4	0	0	0	0	16	0	0	0	0	14	0	0	0	0	0	1	29	5	0	9	10	28	31	0	13	0	1	0	0	0	0	0	0	0	0	0	0	0	0
0	35	0	3	0	0	0	0	22	0	0	0	0	6	0	0	0	0	0	40	0	507	89	0	10	9	0	0	0	87	0	1	0	332	2	125	0	0	0	0	162	0	1	0	0	0	9	0	0	0	0	5	546	112	0	147	1	18	108	2	38	0	56	0	0	0	1	92	0	0	3	98	1	0	4
0	0	0	100	0	0	0	0	0	0	1	0	0	0	1	0	0	0	0	0	0	0	0	0	0	0	0	0	0	0	0	0	0	0	0	0	0	0	0	0	0	75	2	0	1	0	0	0	31	0	0	0	0	0	0	1	0	0	0	2	0	0	2	0	0	0	165	0	0	0	1	0	1	0	0
0	0	0	0	0	0	0	0	0	0	0	0	0	0	0	0	0	0	0	0	0	0	0	0	0	0	0	0	0	0	0	0	0	0	0	0	0	0	0	0	0	0	0	0	0	0	0	0	0	0	0	0	0	0	0	0	0	0	0	0	0	0	0	0	0	0	0	0	0	0	0	0	0	0	0
0	7	0	3	0	2	0	0	0	1	0	0	0	106	1	0	0	0	0	72	0	139	119	0	115	42	87	0	0	0	0	2	0	198	0	297	0	0	0	0	293	0	1	0	0	4	1	0	0	0	0	0	497	10	0	33	2	7	631	109	412	0	2	0	0	0	0	219	0	0	4	3	0	2	0
0	0	0	0	0	0	0	0	0	0	0	0	0	0	0	0	0	0	0	0	0	0	0	0	0	0	0	0	0	0	0	0	0	0	0	0	0	0	0	0	0	0	0	0	0	0	0	0	0	0	0	0	0	0	0	0	0	0	0	0	0	0	0	0	0	0	0	0	0	0	0	0	0	0	0
0	15	0	0	0	0	0	0	0	1	48	0	0	1	0	0	0	0	2	52	1	1	66	0	40	68	1	0	0	2	0	0	0	1	0	2	0	0	0	0	0	0	0	0	83	77	0	0	2	0	0	305	8	272	0	130	0	282	23	0	0	0	1	0	0	0	0	82	0	0	68	2	1	0	148
0	0	0	0	0	0	0	0	0	0	0	0	0	0	0	0	0	0	0	0	0	0	0	0	0	0	0	0	0	0	0	0	0	0	0	0	0	0	0	0	0	0	0	0	0	0	0	0	0	0	0	0	0	0	0	0	0	0	0	0	0	0	0	0	0	0	0	0	0	0	0	0	0	0	0
0	34	0	1	0	2	0	0	1	0	2	5	0	411	1	2	0	0	9	11	1	352	3	0	17	6	332	0	0	198	0	1	0	0	1	31	0	0	0	0	238	1	3	0	0	0	4	0	0	0	0	0	271	1	0	13	3	4	159	5	247	0	108	0	0	0	1	5	0	0	3	4	2	2	3
0	1	0	0	0	38	0	0	0	0	0	3	0	72	0	0	0	0	0	0	0	22	1	0	34	0	2	0	0	0	0	0	0	1	0	0	0	0	0	0	0	0	0	0	0	0	0	0	0	0	0	0	1	0	0	0	0	0	43	0	55	0	5	0	0	0	0	0	0	0	0	0	0	35	0
0	64	0	4	0	1	0	0	0	0	0	0	0	126	0	0	0	0	0	1	0	121	2	0	87	4	125	0	0	297	0	2	0	31	0	0	0	0	0	0	158	0	0	0	0	0	2	0	0	0	0	2	320	1	0	10	4	6	386	2	289	0	2	0	0	0	0	2	0	0	0	2	1	1	0
0	0	0	0	0	0	0	0	0	0	0	0	0	0	0	0	0	0	0	0	0	0	0	0	0	0	0	0	0	0	0	0	0	0	0	0	0	0	0	0	0	0	0	0	0	0	0	0	0	0	0	0	0	0	0	0	0	0	0	0	0	0	0	0	0	0	0	0	0	0	0	0	0	0	0
0	0	0	0	0	0	0	0	0	0	0	0	0	0	0	0	0	0	0	0	0	0	0	0	0	0	0	0	0	0	0	0	0	0	0	0	0	0	0	0	0	0	0	0	0	0	0	0	0	0	0	0	0	0	0	0	0	0	0	0	0	0	0	0	0	0	0	0	0	0	0	0	0	0	0
0	0	0	0	0	0	0	0	0	0	0	0	0	0	0	0	0	0	0	0	0	0	0	0	0	0	0	0	0	0	0	0	0	0	0	0	0	0	0	0	0	0	0	0	0	0	0	0	0	0	0	0	0	0	0	0	0	0	0	0	0	0	0	0	0	0	0	0	0	0	0	0	0	0	0
0	0	0	0	0	0	0	0	0	0	0	0	0	0	0	0	0	0	0	0	0	0	0	0	0	0	0	0	0	0	0	0	0	0	0	0	0	0	0	0	0	0	0	0	0	0	0	0	0	0	0	0	0	0	0	0	0	0	0	0	0	0	0	0	0	0	0	0	0	0	0	0	0	0	0
0	7	2	0	9	2	0	0	3	0	0	0	0	353	0	0	0	0	0	105	0	307	29	0	54	16	162	0	0	293	0	0	0	238	0	158	0	0	0	0	0	1	0	0	0	0	1	0	0	0	0	0	209	4	0	24	0	22	270	2	358	0	0	0	0	0	0	0	0	0	0	5	2	1	0
0	0	2	67	0	0	0	70	0	0	44	5	0	1	5	0	0	0	36	0	0	41	0	0	0	0	0	75	0	0	0	0	0	1	0	0	0	0	0	0	1	0	7	0	77	0	0	0	72	0	0	0	0	0	0	0	5	6	1	0	1	0	51	0	1	0	77	0	0	0	0	0	2	30	1
0	0	1	0	0	61	0	0	0	0	163	107	0	6	4	27	0	0	19	0	0	1	0	0	2	0	1	2	0	1	0	0	0	3	0	0	0	0	0	0	0	7	0	0	0	0	0	0	0	0	0	0	1	0	0	0	0	18	290	0	38	0	248	0	0	0	1	0	0	0	0	0	0	34	0
0	0	0	0	0	0	0	0	0	0	0	0	0	0	0	0	0	0	0	0	0	0	0	0	0	0	0	0	0	0	0	0	0	0	0	0	0	0	0	0	0	0	0	0	0	0	0	0	0	0	0	0	0	0	0	0	0	0	0	0	0	0	0	0	0	0	0	0	0	0	0	0	0	0	0
0	0	0	0	0	0	0	0	0	0	175	0	0	2	0	32	0	0	42	0	0	1	0	0	0	0	0	1	0	0	0	83	0	0	0	0	0	0	0	0	0	77	0	0	0	0	0	0	0	0	0	61	0	0	0	2	0	97	163	0	0	0	0	0	0	0	10	0	0	0	0	0	0	1	0
0	7	0	0	0	0	0	0	0	0	13	0	0	0	0	0	0	0	0	18	1	0	70	0	138	14	0	0	0	4	0	77	0	0	0	0	0	0	0	0	0	0	0	0	0	0	0	0	0	0	0	4	1	88	0	19	2	8	24	0	0	0	0	0	0	0	0	15	0	0	62	3	0	0	18
0	0	2	0	0	190	0	0	0	0	0	0	0	315	0	0	0	0	0	0	0	11	0	0	0	0	9	0	0	1	0	0	0	4	0	2	0	0	0	0	1	0	0	0	0	0	0	0	0	0	0	0	10	0	0	3	0	0	67	0	115	0	0	0	0	0	0	0	0	0	0	0	0	188	0
0	0	0	0	0	0	0	0	0	0	0	0	0	0	0	0	0	0	0	0	0	0	0	0	0	0	0	0	0	0	0	0	0	0	0	0	0	0	0	0	0	0	0	0	0	0	0	0	0	0	0	0	0	0	0	0	0	0	0	0	0	0	0	0	0	0	0	0	0	0	0	0	0	0	0
0	0	0	0	0	0	0	0	0	0	106	0	0	2	0	27	0	0	9	0	15	0	0	0	0	0	0	31	0	0	0	2	0	0	0	0	0	0	0	0	0	72	0	0	0	0	0	0	0	0	0	13	0	0	0	0	0	140	0	0	0	0	0	0	0	0	33	0	0	0	0	0	0	0	0
0	0	0	0	0	0	0	0	0	0	0	0	0	0	0	0	0	0	0	0	0	0	0	0	0	0	0	0	0	0	0	0	0	0	0	0	0	0	0	0	0	0	0	0	0	0	0	0	0	0	0	0	0	0	0	0	0	0	0	0	0	0	0	0	0	0	0	0	0	0	0	0	0	0	0
0	0	0	0	0	0	0	0	0	0	0	0	0	0	0	0	0	0	314	0	0	0	0	0	0	0	0	0	0	0	0	0	0	0	0	0	0	0	0	0	0	0	0	0	0	0	0	0	0	0	0	0	0	0	0	0	0	0	0	0	0	0	0	0	0	0	0	0	0	0	0	0	0	1	0
0	4	0	0	0	0	0	0	0	1	90	0	0	0	0	0	16	0	15	54	5	3	18	0	6	1	5	0	0	0	0	305	0	0	0	2	0	0	0	0	0	0	0	0	61	4	0	0	13	0	0	0	6	63	0	12	0	26	26	0	0	0	0	0	0	0	0	50	0	0	49	0	0	0	27
0	62	0	13	0	0	0	0	60	0	0	0	0	7	2	0	1	0	0	93	0	580	300	0	142	29	546	0	0	497	0	8	0	271	1	320	0	0	0	0	209	0	1	0	0	1	10	0	0	0	0	6	0	128	0	233	6	33	268	0	0	0	0	0	0	0	0	92	0	0	8	15	3	0	12
0	0	0	0	0	0	0	0	0	0	152	0	0	0	0	3	0	0	13	0	43	93	0	0	61	5	112	0	0	10	0	272	0	1	0	1	0	0	0	0	4	0	0	0	0	88	0	0	0	0	0	63	128	0	0	7	4	153	134	0	4	0	0	0	0	0	0	0	0	0	3	0	0	0	0
0	0	0	0	0	0	0	0	0	0	0	0	0	0	0	0	0	0	0	0	0	0	0	0	0	0	0	0	0	0	0	0	0	0	0	0	0	0	0	0	0	0	0	0	0	0	0	0	0	0	0	0	0	0	0	0	0	0	0	0	0	0	0	0	0	0	0	0	0	0	0	0	0	0	0
0	77	0	2	0	0	0	0	0	0	0	0	0	4	1	0	0	0	0	2	9	79	199	0	305	9	147	1	0	33	0	130	0	13	0	10	0	0	0	0	24	0	0	0	2	19	3	0	0	0	0	12	233	7	0	0	150	2	76	5	43	0	0	0	0	0	0	21	0	0	2	0	0	0	7
0	27	0	0	1	1	0	0	2	0	0	0	0	4	0	0	1	0	0	0	88	22	1	0	94	10	1	0	0	2	0	0	0	3	0	4	0	0	0	0	0	5	0	0	0	2	0	0	0	0	0	0	6	4	0	150	0	79	1	0	5	0	1	0	0	0	0	0	0	0	134	2	1	0	0
0	6	2	89	0	0	0	0	0	0	229	30	0	44	9	1	0	0	4	139	146	22	1	0	16	28	18	0	0	7	0	282	0	4	0	6	0	0	0	0	22	6	18	0	97	8	0	0	140	0	0	26	33	153	0	2	79	0	94	6	53	0	32	0	0	0	4	3	0	0	124	2	3	11	49
0	4	0	3	0	2	0	18	1	26	9	14	0	123	1	2	2	0	4	301	0	262	172	0	45	31	108	0	0	631	0	23	0	159	43	386	0	0	0	0	270	1	290	0	163	24	67	0	0	0	0	26	268	134	0	76	1	94	0	343	741	0	33	0	0	0	0	360	0	0	11	29	18	11	235
0	11	2	0	0	0	0	0	0	0	5	2	0	56	3	0	0	0	3	0	1	1	0	0	0	0	2	2	0	109	0	0	0	5	0	2	0	0	0	0	2	0	0	0	0	0	0	0	0	0	0	0	0	0	0	5	0	6	343	0	733	0	2	0	0	0	0	0	0	0	0	0	0	27	0
0	0	3	12	0	1	0	0	176	20	0	2	0	817	0	0	0	0	0	111	8	11	190	0	19	13	38	0	0	412	0	0	0	247	55	289	0	0	0	0	358	1	38	0	0	0	115	0	0	0	0	0	0	4	0	43	5	53	741	733	0	0	0	0	62	0	0	149	0	0	24	181	94	0	0
0	0	0	0	0	0	0	0	0	0	0	0	0	0	1	0	0	0	0	0	0	0	0	0	0	0	0	0	0	0	0	0	0	0	0	0	0	0	0	0	0	0	0	0	0	0	0	0	0	0	0	0	0	0	0	0	0	0	0	0	0	0	1	0	0	0	0	0	0	0	0	0	0	0	0
0	0	8	159	0	438	0	0	0	4	5	289	0	3	898	0	29	0	68	0	1	4	1	0	0	1	56	2	0	2	0	1	0	108	5	2	0	0	0	0	0	51	248	0	0	0	0	0	0	0	0	0	0	0	0	0	1	32	33	2	0	1	0	0	3	0	5	1	0	0	0	0	151	223	32
0	0	0	0	0	0	0	0	0	0	0	0	0	0	0	0	0	0	0	0	0	0	0	0	0	0	0	0	0	0	0	0	0	0	0	0	0	0	0	0	0	0	0	0	0	0	0	0	0	0	0	0	0	0	0	0	0	0	0	0	0	0	0	0	0	0	0	0	0	0	0	0	0	0	0
0	0	4	0	0	170	0	0	0	0	0	64	0	75	1	0	0	0	0	0	0	0	0	0	0	0	0	0	0	0	0	0	0	0	0	0	0	0	0	0	0	1	0	0	0	0	0	0	0	0	0	0	0	0	0	0	0	0	0	0	62	0	3	0	0	0	0	0	0	0	0	0	0	120	0
0	0	0	0	0	0	0	0	0	0	0	0	0	0	0	0	0	0	0	0	0	0	0	0	0	0	0	0	0	0	0	0	0	0	0	0	0	0	0	0	0	0	0	0	0	0	0	0	0	0	0	0	0	0	0	0	0	0	0	0	0	0	0	0	0	0	0	0	0	0	0	0	0	0	0
0	0	0	10	0	5	0	13	0	0	66	1	0	1	7	6	0	0	1	0	1	0	0	0	0	0	1	165	0	0	0	0	0	1	0	0	0	0	0	0	0	77	1	0	10	0	0	0	33	0	0	0	0	0	0	0	0	4	0	0	0	0	5	0	0	0	0	0	0	0	0	0	1	2	0
0	22	0	0	0	1	0	0	0	0	0	0	0	1	0	0	0	0	0	0	0	7	1	0	2	0	92	0	0	219	0	82	0	5	0	2	0	0	0	0	0	0	0	0	0	15	0	0	0	0	0	50	92	0	0	21	0	3	360	0	149	0	1	0	0	0	0	0	0	0	0	0	0	0	0
0	0	0	0	0	0	0	0	0	0	0	0	0	0	0	0	0	0	0	0	0	0	0	0	0	0	0	0	0	0	0	0	0	0	0	0	0	0	0	0	0	0	0	0	0	0	0	0	0	0	0	0	0	0	0	0	0	0	0	0	0	0	0	0	0	0	0	0	0	0	0	0	0	0	0
0	0	0	0	0	0	0	0	0	0	0	0	0	0	0	0	0	0	0	0	0	0	0	0	0	0	0	0	0	0	0	0	0	0	0	0	0	0	0	0	0	0	0	0	0	0	0	0	0	0	0	0	0	0	0	0	0	0	0	0	0	0	0	0	0	0	0	0	0	0	0	0	0	0	0
0	0	0	0	0	0	0	0	0	2	140	0	0	17	1	10	0	0	2	3	55	0	0	0	4	0	3	1	0	4	0	68	0	3	0	0	0	0	0	0	0	0	0	0	0	62	0	0	0	0	0	49	8	3	0	2	134	124	11	0	24	0	0	0	0	0	0	0	0	0	0	2	0	1	0
0	5	3	0	10	0	0	0	0	0	0	23	0	126	1	0	0	0	0	0	130	43	1	0	18	0	98	0	0	3	0	2	0	4	0	2	0	0	0	0	5	0	0	0	0	3	0	0	0	0	0	0	15	0	0	0	2	2	29	0	181	0	0	0	0	0	0	0	0	0	2	0	0	0	0
0	0	0	0	0	105	0	0	0	0	4	98	0	81	76	0	0	0	9	0	0	3	0	0	4	0	1	1	0	0	0	1	0	2	0	1	0	0	0	0	2	2	0	0	0	0	0	0	0	0	0	0	3	0	0	0	1	3	18	0	94	0	151	0	0	0	1	0	0	0	0	0	0	110	0
0	0	2	22	0	431	0	1	0	7	0	198	0	2	11	0	13	0	1	1	1	27	0	0	0	0	0	0	0	2	0	0	0	2	35	1	0	0	0	0	1	30	34	0	1	0	188	0	0	0	1	0	0	0	0	0	0	11	11	27	0	0	223	0	120	0	2	0	0	0	1	0	110	0	1
0	0	1	0	0	0	0	0	0	0	0	0	0	1	0	0	0	0	2	0	0	7	0	0	2	0	4	0	0	0	0	148	0	3	0	0	0	0	0	0	0	1	0	0	0	18	0	0	0	0	0	27	12	0	0	7	0	49	235	0	0	0	32	0	0	0	0	0	0	0	0	0	0	1	0
