0	0	0	0	0	0	0	0	0	0	0	0	0	0	0	0	0	0	0	0	0	0	0	0	0	0	0	0	0	0	0	0	0	0	0	0	0	0	0	0	0	0	0	0	0	0	0	0	0	0	0	0	0	0	0	0	0	0	0	0	0	0	0	0	0	0	0	0	0	0	0	0	0	0	0
0	0	0	0	0	0	0	38	0	0	0	0	0	0	0	56	0	110	23	1	0	2	200	0	165	98	1	0	0	19	0	5	0	36	0	94	0	0	0	0	3	24	4	0	32	32	0	0	0	0	0	1	175	0	0	250	11	0	3	0	0	8	18	0	7	0	0	41	0	0	0	8	10	0	0
0	0	0	1	0	72	0	1	64	0	1	0	0	51	3	0	4	0	2	1	1	2	0	0	0	0	0	0	0	2	0	1	0	1	57	3	0	0	0	0	18	0	1	0	1	6	0	1	1	0	0	0	1	0	0	0	0	0	2	50	0	3	4	0	63	0	0	0	0	0	1	30	0	0	0
0	0	1	0	6	25	0	0	0	0	270	23	0	1	148	32	8	1	41	3	6	13	0	0	0	0	0	122	0	0	0	50	0	3	1	0	0	0	0	0	0	164	56	15	123	0	4	48	42	0	0	0	0	2	0	0	6	219	0	15	0	60	145	0	33	0	157	0	0	0	145	1	21	4	10
0	0	0	6	0	0	0	0	12	0	9	0	0	9	0	2	0	0	1	2	13	0	0	0	0	0	0	72	0	10	0	0	0	0	1	12	0	0	0	0	33	36	0	0	0	0	0	0	0	0	0	0	0	0	0	0	9	11	0	15	26	0	0	0	0	0	2	1	0	0	0	27	0	0	0
0	0	72	25	0	0	0	3	1	0	10	446	0	267	27	0	69	1	5	1	1	3	0	0	0	0	1	0	0	0	0	2	0	2	418	0	0	0	0	0	0	1	265	0	0	0	3	1	3	0	0	0	2	0	0	2	1	9	2	3	0	18	802	0	260	0	1	0	0	0	5	3	151	626	0
0	0	0	0	0	0	0	0	0	0	0	0	0	0	0	0	0	0	0	0	0	0	0	0	0	0	0	0	0	0	0	0	0	0	0	0	0	0	0	0	0	0	0	0	0	0	0	0	0	0	0	0	0	0	0	0	0	0	0	0	0	0	0	0	0	0	0	0	0	0	0	0	0	0	0
0	38	1	0	0	3	0	0	0	0	0	0	0	0	0	1	0	50	18	0	1	6	4	0	4	0	1	0	0	0	0	0	0	0	1	0	0	0	0	0	0	141	0	2	0	9	0	0	0	0	0	1	5	0	0	10	2	0	2	0	0	0	2	0	0	0	0	0	0	0	0	0	0	13	0
0	0	64	0	12	1	0	0	0	0	0	0	0	237	0	0	0	10	0	0	132	35	0	0	0	1	11	0	0	15	0	0	0	4	66	2	0	0	0	0	32	0	0	0	0	0	0	0	0	0	0	0	20	0	0	0	0	2	14	22	0	0	0	0	0	0	0	0	0	0	1	0	0	0	0
0	0	0	0	0	0	0	0	0	0	0	0	0	0	0	0	0	0	1	0	0	0	0	0	0	0	0	0	0	0	0	0	0	0	0	0	0	0	0	0	0	0	0	0	0	0	0	0	0	0	0	0	0	0	0	0	0	0	0	0	0	0	0	0	0	0	0	0	0	0	0	0	0	0	0
0	0	1	270	9	10	0	0	0	0	0	4	0	0	29	189	2	0	45	84	2	0	1	0	0	0	0	1	0	0	0	240	0	21	0	0	0	0	0	0	2	31	182	7	242	5	0	18	240	0	0	44	0	254	0	0	6	330	32	6	0	13	108	0	0	0	151	0	0	0	139	0	14	1	0
0	0	0	23	0	446	0	0	0	0	4	0	0	0	242	0	43	0	25	0	2	18	0	0	0	0	17	0	0	0	0	16	0	0	38	0	0	0	0	0	0	0	34	0	0	2	1	0	0	0	0	0	0	0	0	0	0	2	0	0	0	116	454	0	20	0	0	0	0	0	0	0	13	304	0
0	0	0	0	0	0	0	0	0	0	0	0	0	0	0	0	0	0	0	0	0	0	0	0	0	0	0	0	0	0	0	0	0	0	0	0	0	0	0	0	0	0	0	0	0	0	0	0	0	0	0	0	0	0	0	0	0	0	0	0	0	0	0	0	0	0	0	0	0	0	0	0	0	0	0
0	0	51	1	9	267	0	0	237	0	0	0	0	0	6	0	46	50	2	126	22	91	8	0	5	0	1	0	0	123	0	1	0	135	484	121	0	0	0	0	367	19	3	1	1	2	0	2	0	0	0	0	4	0	0	6	2	22	29	43	16	1	4	0	13	0	0	1	0	0	2	186	141	5	9
0	0	3	148	0	27	0	0	0	0	29	242	0	6	0	0	3	1	5	0	0	6	0	0	0	0	0	2	0	0	0	110	0	6	0	0	0	0	0	0	0	24	51	0	9	0	0	41	41	0	0	0	0	0	0	0	25	11	4	7	0	379	805	0	30	0	7	0	0	0	0	0	24	15	0
0	56	0	32	2	0	0	1	0	0	189	0	0	0	0	0	20	1	4	6	3	0	0	0	0	0	0	0	0	0	0	5	0	0	0	0	0	0	0	0	1	0	20	0	18	0	0	0	0	0	0	0	0	33	0	0	0	86	1	3	0	0	0	0	0	0	1	1	0	0	10	0	1	0	0
0	0	4	8	0	69	0	0	0	0	2	43	0	46	3	20	0	2	2	0	1	2	0	0	0	1	0	0	0	0	0	14	0	0	13	0	0	0	0	0	0	2	0	0	0	0	0	0	0	0	0	0	1	0	0	5	0	3	1	0	0	0	119	0	0	0	0	0	0	0	0	0	0	45	0
0	110	0	1	0	1	0	50	10	0	0	0	0	50	1	1	2	0	26	123	90	278	243	0	5	2	192	0	0	320	0	2	0	178	117	227	0	0	0	0	396	39	19	0	48	223	12	0	0	0	0	1	432	0	0	198	1	26	23	11	0	3	22	0	0	0	1	295	0	0	10	206	13	0	61
0	23	2	41	1	5	0	18	0	1	45	25	0	2	5	4	2	26	0	2	4	6	16	0	0	0	0	1	0	0	0	40	0	44	8	0	0	3	0	0	0	17	41	10	46	13	6	10	34	0	416	10	26	16	0	23	8	31	6	1	1	51	126	0	0	0	2	2	0	0	2	5	40	11	4
0	1	1	3	2	1	0	0	0	0	84	0	0	126	0	6	0	123	2	0	116	64	2	0	2	1	70	0	0	164	0	18	0	5	2	59	0	0	0	0	0	2	0	3	0	5	0	0	0	0	0	27	116	49	0	1	2	115	100	182	12	0	0	0	0	0	0	0	0	0	36	0	0	0	0
0	0	1	6	13	1	0	1	132	0	2	2	0	22	0	3	1	90	4	116	0	56	0	0	0	0	15	0	0	83	0	0	0	147	34	86	0	0	0	0	288	8	2	0	0	4	2	0	1	0	0	0	55	1	0	21	0	40	6	34	0	2	38	0	0	0	0	0	0	0	3	123	87	0	17
0	2	2	13	0	3	0	6	35	0	0	18	0	91	6	0	2	278	6	64	56	0	10	0	6	4	335	0	0	111	0	0	0	152	190	126	0	0	0	0	287	38	1	0	0	143	1	6	0	0	1	0	193	0	0	24	38	7	3	0	0	13	16	0	4	0	0	0	0	0	0	85	11	0	14
0	200	0	0	0	0	0	4	0	0	1	0	0	8	0	0	0	243	16	2	0	10	0	0	52	0	11	0	0	30	0	2	0	1	19	40	0	0	0	0	4	3	9	1	8	85	0	0	0	0	0	1	185	0	0	123	1	1	1	8	0	0	2	0	0	0	0	24	0	0	0	1	2	0	0
0	0	0	0	0	0	0	0	0	0	0	0	0	0	0	0	0	0	0	0	0	0	0	0	0	0	0	0	0	0	0	0	0	0	0	0	0	0	0	0	0	0	0	0	0	0	0	0	0	0	0	0	0	0	0	0	0	0	0	0	0	0	0	0	0	0	0	0	0	0	0	0	0	0	0
0	165	0	0	0	0	0	4	0	0	0	0	0	5	0	0	0	5	0	2	0	6	52	0	0	439	0	0	0	19	0	64	0	0	32	9	0	0	0	0	4	3	0	0	0	2	0	0	0	0	0	2	63	300	0	233	341	2	30	0	0	0	0	0	0	0	0	6	0	0	4	4	2	0	0
0	98	0	0	0	0	0	0	1	0	0	0	0	0	0	0	1	2	0	1	0	4	0	0	439	0	0	0	0	2	0	3	0	0	1	2	0	0	0	0	2	1	0	0	0	0	0	0	0	0	0	0	13	37	0	52	167	4	0	0	0	0	0	0	0	0	0	1	0	0	2	1	0	0	0
0	1	0	0	0	1	0	1	11	0	0	17	0	1	0	0	0	192	0	70	15	335	11	0	0	0	0	0	0	70	0	1	0	143	59	100	0	0	0	0	293	9	0	0	0	105	2	0	0	0	0	0	171	0	0	67	15	6	13	5	2	0	21	0	0	0	1	44	0	0	1	22	39	1	1
0	0	0	122	72	0	0	0	0	0	1	0	0	0	2	0	0	0	1	0	0	0	0	0	0	0	0	0	0	0	0	0	0	0	0	0	0	0	0	0	0	232	1	0	0	0	1	0	15	0	0	0	0	0	0	0	0	0	2	1	0	1	1	0	0	0	217	0	0	0	0	0	0	0	0
0	0	0	0	0	0	0	0	0	0	0	0	0	0	0	0	0	0	0	0	0	0	0	0	0	0	0	0	0	0	0	0	0	0	0	0	0	0	0	0	0	0	0	0	0	0	0	0	0	0	0	0	0	0	0	0	0	0	0	0	0	0	0	0	0	0	0	0	0	0	0	0	0	0	0
0	19	2	0	10	0	0	0	15	0	0	0	0	123	0	0	0	320	0	164	83	111	30	0	19	2	70	0	0	0	0	0	0	74	38	362	0	0	0	0	249	16	6	2	0	106	0	0	0	0	0	0	216	0	0	25	0	12	76	411	28	0	0	0	0	0	0	87	0	0	2	39	28	0	10
0	0	0	0	0	0	0	0	0	0	0	0	0	0	0	0	0	0	0	0	0	0	0	0	0	0	0	0	0	0	0	0	0	0	0	0	0	0	0	0	0	0	0	0	0	0	0	0	0	0	0	0	0	0	0	0	0	0	0	0	0	0	0	0	0	0	0	0	0	0	0	0	0	0	0
0	5	1	50	0	2	0	0	0	0	240	16	0	1	110	5	14	2	40	18	0	0	2	0	64	3	1	0	0	0	0	0	0	2	0	0	0	0	0	0	0	1	1	2	72	3	0	113	35	0	0	229	0	391	0	155	6	248	5	21	0	29	92	0	2	0	0	111	0	0	73	0	11	2	62
0	0	0	0	0	0	0	0	0	0	0	0	0	0	0	0	0	0	0	0	0	0	0	0	0	0	0	0	0	0	0	0	0	0	0	0	0	0	0	0	0	0	0	0	0	0	0	0	0	0	0	0	0	0	0	0	0	0	0	0	0	0	0	0	0	0	0	0	0	0	0	0	0	0	0
0	36	1	3	0	2	0	0	4	0	21	0	0	135	6	0	0	178	44	5	147	152	1	0	0	0	143	0	0	74	0	2	0	0	22	20	0	0	0	0	63	17	0	0	1	22	1	0	0	0	0	0	122	0	0	7	2	4	2	12	0	0	150	0	0	0	0	0	0	0	1	5	1	53	3
0	0	57	1	1	418	0	1	66	0	0	38	0	484	0	0	13	117	8	2	34	190	19	0	32	1	59	0	0	38	0	0	0	22	0	16	0	0	0	0	259	15	1	1	3	19	0	0	0	0	0	0	18	2	0	16	0	23	91	70	0	0	4	0	9	0	0	38	0	0	3	122	119	482	0
0	94	3	0	12	0	0	0	2	0	0	0	0	121	0	0	0	227	0	59	86	126	40	0	9	2	100	0	0	362	0	0	0	20	16	0	0	0	0	0	142	12	5	1	0	82	0	0	0	0	0	0	172	0	0	17	25	9	71	234	5	0	11	0	1	0	0	45	0	0	2	5	0	1	6
0	0	0	0	0	0	0	0	0	0	0	0	0	0	0	0	0	0	0	0	0	0	0	0	0	0	0	0	0	0	0	0	0	0	0	0	0	0	0	0	0	0	0	0	0	0	0	0	0	0	0	0	0	0	0	0	0	0	0	0	0	0	0	0	0	0	0	0	0	0	0	0	0	0	0
0	0	0	0	0	0	0	0	0	0	0	0	0	0	0	0	0	0	3	0	0	0	0	0	0	0	0	0	0	0	0	0	0	0	0	0	0	0	0	0	0	0	0	0	0	0	0	0	0	0	0	0	0	0	0	0	0	0	0	0	0	0	0	0	0	0	0	0	0	0	0	0	3	0	0
0	0	0	0	0	0	0	0	0	0	0	0	0	0	0	0	0	0	0	0	0	0	0	0	0	0	0	0	0	0	0	0	0	0	0	0	0	0	0	0	0	0	0	0	0	0	0	0	0	0	0	0	0	0	0	0	0	0	0	0	0	0	0	0	0	0	0	0	0	0	0	0	0	0	0
0	0	0	0	0	0	0	0	0	0	0	0	0	0	0	0	0	0	0	0	0	0	0	0	0	0	0	0	0	0	0	0	0	0	0	0	0	0	0	0	0	0	0	0	0	0	0	0	0	0	0	0	0	0	0	0	0	0	0	0	0	0	0	0	0	0	0	0	0	0	0	0	0	0	0
0	3	18	0	33	0	0	0	32	0	2	0	0	367	0	1	0	396	0	0	288	287	4	0	4	2	293	0	0	249	0	0	0	63	259	142	0	0	0	0	0	11	4	0	0	80	2	0	0	0	0	0	231	0	0	2	0	6	16	56	0	0	1	0	0	0	0	0	0	0	2	54	12	0	0
0	24	0	164	36	1	0	141	0	0	31	0	0	19	24	0	2	39	17	2	8	38	3	0	3	1	9	232	0	16	0	1	0	17	15	12	0	0	0	0	11	0	2	0	188	8	0	5	137	0	0	3	14	7	0	8	12	2	0	8	0	4	58	0	0	0	211	1	0	0	0	2	1	23	1
0	4	1	56	0	265	0	0	0	0	182	34	0	3	51	20	0	19	41	0	2	1	9	0	0	0	0	1	0	6	0	1	0	0	1	5	0	0	0	0	4	2	0	3	0	0	0	0	0	0	0	0	1	0	0	0	0	8	107	482	0	0	186	0	0	0	0	0	0	0	1	0	0	27	0
0	0	0	15	0	0	0	2	0	0	7	0	0	1	0	0	0	0	10	3	0	0	1	0	0	0	0	0	0	2	0	2	0	0	1	1	0	0	0	0	0	0	3	0	0	0	0	0	7	0	0	0	0	0	0	4	11	1	13	5	0	0	6	0	0	0	0	1	0	0	0	0	12	0	1
0	32	1	123	0	0	0	0	0	0	242	0	0	1	9	18	0	48	46	0	0	0	8	0	0	0	0	0	0	0	0	72	0	1	3	0	0	0	0	0	0	188	0	0	0	0	0	0	0	0	0	19	12	70	0	1	0	14	46	78	0	0	31	0	0	0	5	0	0	0	9	0	0	11	0
0	32	6	0	0	0	0	9	0	0	5	2	0	2	0	0	0	223	13	5	4	143	85	0	2	0	105	0	0	106	0	3	0	22	19	82	0	0	0	0	80	8	0	0	0	0	2	0	10	0	0	0	57	22	0	91	16	6	62	0	0	30	19	0	0	0	0	46	0	0	2	18	1	1	11
0	0	0	4	0	3	0	0	0	0	0	1	0	0	0	0	0	12	6	0	2	1	0	0	0	0	2	1	0	0	0	0	0	1	0	0	0	0	0	0	2	0	0	0	0	2	0	0	0	0	0	0	1	0	0	4	0	0	0	12	2	0	2	0	0	0	0	0	0	0	0	0	0	3	0
0	0	1	48	0	1	0	0	0	0	18	0	0	2	41	0	0	0	10	0	0	6	0	0	0	0	0	0	0	0	0	113	0	0	0	0	0	0	0	0	0	5	0	0	0	0	0	0	0	0	0	0	0	0	0	0	0	1	1	142	0	0	13	0	0	0	0	0	0	0	0	0	0	0	0
0	0	1	42	0	3	0	0	0	0	240	0	0	0	41	0	0	0	34	0	1	0	0	0	0	0	0	15	0	0	0	35	0	0	0	0	0	0	0	0	0	137	0	7	0	10	0	0	0	0	0	2	0	28	0	11	5	125	6	0	0	0	78	0	0	0	56	0	0	0	14	0	0	2	0
0	0	0	0	0	0	0	0	0	0	0	0	0	0	0	0	0	0	0	0	0	0	0	0	0	0	0	0	0	0	0	0	0	0	0	0	0	0	0	0	0	0	0	0	0	0	0	0	0	0	0	0	0	0	0	0	0	0	0	0	0	0	0	0	0	0	0	0	0	0	0	0	0	0	0
0	0	0	0	0	0	0	0	0	0	0	0	0	0	0	0	0	0	416	0	0	1	0	0	0	0	0	0	0	0	0	0	0	0	0	0	0	0	0	0	0	0	0	0	0	0	0	0	0	0	0	0	0	0	0	0	0	0	0	0	0	0	0	0	0	0	0	0	0	0	0	0	0	0	0
0	1	0	0	0	0	0	1	0	0	44	0	0	0	0	0	0	1	10	27	0	0	1	0	2	0	0	0	0	0	0	229	0	0	0	0	0	0	0	0	0	3	0	0	19	0	0	0	2	0	0	0	3	81	0	6	0	85	20	0	0	0	0	0	0	0	1	16	0	0	83	12	0	0	39
0	175	1	0	0	2	0	5	20	0	0	0	0	4	0	0	1	432	26	116	55	193	185	0	63	13	171	0	0	216	0	0	0	122	18	172	0	0	0	0	231	14	1	0	12	57	1	0	0	0	0	3	0	0	0	244	193	6	7	0	0	1	16	0	0	0	0	33	0	0	2	28	51	0	0
0	0	0	2	0	0	0	0	0	0	254	0	0	0	0	33	0	0	16	49	1	0	0	0	300	37	0	0	0	0	0	391	0	0	2	0	0	0	0	0	0	7	0	0	70	22	0	0	28	0	0	81	0	0	0	107	3	215	77	1	0	0	0	0	0	0	0	9	0	0	147	0	0	0	63
0	0	0	0	0	0	0	0	0	0	0	0	0	0	0	0	0	0	0	0	0	0	0	0	0	0	0	0	0	0	0	0	0	0	0	0	0	0	0	0	0	0	0	0	0	0	0	0	0	0	0	0	0	0	0	0	0	0	0	0	0	0	0	0	0	0	0	0	0	0	0	0	0	0	0
0	250	0	0	0	2	0	10	0	0	0	0	0	6	0	0	5	198	23	1	21	24	123	0	233	52	67	0	0	25	0	155	0	7	16	17	0	0	0	0	2	8	0	4	1	91	4	0	11	0	0	6	244	107	0	0	190	20	6	6	0	2	15	0	0	0	0	13	0	0	1	2	2	5	1
0	11	0	6	9	1	0	2	0	0	6	0	0	2	25	0	0	1	8	2	0	38	1	0	341	167	15	0	0	0	0	6	0	2	0	25	0	0	0	0	0	12	0	11	0	16	0	0	5	0	0	0	193	3	0	190	0	134	0	0	0	0	20	0	0	0	0	1	0	0	231	0	4	0	1
0	0	0	219	11	9	0	0	2	0	330	2	0	22	11	86	3	26	31	115	40	7	1	0	2	4	6	0	0	12	0	248	0	4	23	9	0	0	0	0	6	2	8	1	14	6	0	1	125	0	0	85	6	215	0	20	134	0	13	167	0	2	36	0	0	0	3	9	0	0	177	9	3	7	77
0	3	2	0	0	2	0	2	14	0	32	0	0	29	4	1	1	23	6	100	6	3	1	0	30	0	13	2	0	76	0	5	0	2	91	71	0	0	0	0	16	0	107	13	46	62	0	1	6	0	0	20	7	77	0	6	0	13	0	315	9	5	72	0	2	0	0	135	0	0	0	90	1	0	105
0	0	50	15	15	3	0	0	22	0	6	0	0	43	7	3	0	11	1	182	34	0	8	0	0	0	5	1	0	411	0	21	0	12	70	234	0	0	0	0	56	8	482	5	78	0	12	142	0	0	0	0	0	1	0	6	0	167	315	0	98	0	1	0	0	0	0	556	0	0	324	46	10	1	0
0	0	0	0	26	0	0	0	0	0	0	0	0	16	0	0	0	0	1	12	0	0	0	0	0	0	2	0	0	28	0	0	0	0	0	5	0	0	0	0	0	0	0	0	0	0	2	0	0	0	0	0	0	0	0	0	0	0	9	98	0	0	1	0	0	0	0	10	0	0	0	0	0	0	0
0	8	3	60	0	18	0	0	0	0	13	116	0	1	379	0	0	3	51	0	2	13	0	0	0	0	0	1	0	0	0	29	0	0	0	0	0	0	0	0	0	4	0	0	0	30	0	0	0	0	0	0	1	0	0	2	0	2	5	0	0	0	378	0	0	0	0	0	0	0	0	0	0	7	0
0	18	4	145	0	802	0	2	0	0	108	454	0	4	805	0	119	22	126	0	38	16	2	0	0	0	21	1	0	0	0	92	0	150	4	11	0	0	0	0	1	58	186	6	31	19	2	13	78	0	0	0	16	0	0	15	20	36	72	1	1	378	0	0	27	0	2	0	0	0	8	16	39	111	1
0	0	0	0	0	0	0	0	0	0	0	0	0	0	0	0	0	0	0	0	0	0	0	0	0	0	0	0	0	0	0	0	0	0	0	0	0	0	0	0	0	0	0	0	0	0	0	0	0	0	0	0	0	0	0	0	0	0	0	0	0	0	0	0	0	0	0	0	0	0	0	0	0	0	0
0	7	63	33	0	260	0	0	0	0	0	20	0	13	30	0	0	0	0	0	0	4	0	0	0	0	0	0	0	0	0	2	0	0	9	1	0	0	0	0	0	0	0	0	0	0	0	0	0	0	0	0	0	0	0	0	0	0	2	0	0	0	27	0	0	0	0	0	0	0	0	0	0	141	0
0	0	0	0	0	0	0	0	0	0	0	0	0	0	0	0	0	0	0	0	0	0	0	0	0	0	0	0	0	0	0	0	0	0	0	0	0	0	0	0	0	0	0	0	0	0	0	0	0	0	0	0	0	0	0	0	0	0	0	0	0	0	0	0	0	0	0	0	0	0	0	0	0	0	0
0	0	0	157	2	1	0	0	0	0	151	0	0	0	7	1	0	1	2	0	0	0	0	0	0	0	1	217	0	0	0	0	0	0	0	0	0	0	0	0	0	211	0	0	5	0	0	0	56	0	0	1	0	0	0	0	0	3	0	0	0	0	2	0	0	0	0	0	0	0	0	0	2	3	0
0	41	0	0	1	0	0	0	0	0	0	0	0	1	0	1	0	295	2	0	0	0	24	0	6	1	44	0	0	87	0	111	0	0	38	45	0	0	0	0	0	1	0	1	0	46	0	0	0	0	0	16	33	9	0	13	1	9	135	556	10	0	0	0	0	0	0	0	0	0	0	0	0	1	0
0	0	0	0	0	0	0	0	0	0	0	0	0	0	0	0	0	0	0	0	0	0	0	0	0	0	0	0	0	0	0	0	0	0	0	0	0	0	0	0	0	0	0	0	0	0	0	0	0	0	0	0	0	0	0	0	0	0	0	0	0	0	0	0	0	0	0	0	0	0	0	0	0	0	0
0	0	0	0	0	0	0	0	0	0	0	0	0	0	0	0	0	0	0	0	0	0	0	0	0	0	0	0	0	0	0	0	0	0	0	0	0	0	0	0	0	0	0	0	0	0	0	0	0	0	0	0	0	0	0	0	0	0	0	0	0	0	0	0	0	0	0	0	0	0	0	0	0	0	0
0	0	1	145	0	5	0	0	1	0	139	0	0	2	0	10	0	10	2	36	3	0	0	0	4	2	1	0	0	2	0	73	0	1	3	2	0	0	0	0	2	0	1	0	9	2	0	0	14	0	0	83	2	147	0	1	231	177	0	324	0	0	8	0	0	0	0	0	0	0	0	3	3	1	1
0	8	30	1	27	3	0	0	0	0	0	0	0	186	0	0	0	206	5	0	123	85	1	0	4	1	22	0	0	39	0	0	0	5	122	5	0	0	0	0	54	2	0	0	0	18	0	0	0	0	0	12	28	0	0	2	0	9	90	46	0	0	16	0	0	0	0	0	0	0	3	0	0	0	0
0	10	0	21	0	151	0	0	0	0	14	13	0	141	24	1	0	13	40	0	87	11	2	0	2	0	39	0	0	28	0	11	0	1	119	0	0	3	0	0	12	1	0	12	0	1	0	0	0	0	0	0	51	0	0	2	4	3	1	10	0	0	39	0	0	0	2	0	0	0	3	0	0	27	0
0	0	0	4	0	626	0	13	0	0	1	304	0	5	15	0	45	0	11	0	0	0	0	0	0	0	1	0	0	0	0	2	0	53	482	1	0	0	0	0	0	23	27	0	11	1	3	0	2	0	0	0	0	0	0	5	0	7	0	1	0	7	111	0	141	0	3	1	0	0	1	0	27	0	0
0	0	0	10	0	0	0	0	0	0	0	0	0	9	0	0	0	61	4	0	17	14	0	0	0	0	1	0	0	10	0	62	0	3	0	6	0	0	0	0	0	1	0	1	0	11	0	0	0	0	0	39	0	63	0	1	1	77	105	0	0	0	1	0	0	0	0	0	0	0	1	0	0	0	0
