0	0	0	0	0	0	0	0	0	0	0	0	0	0	0	0	0	0	0	0	0	0	0	0	0	0	0	0	0	0	0	0	0	0	0	0	0	0	0	0	0	0	0	0	0	0	0	0	0	0	0	0	0	0	0	0	0	0	0	0	0	0	0	0	0	0	0	0	0	0	0	0	0	0	0
0	0	14	0	0	0	0	0	0	0	0	0	0	0	0	0	6	0	0	0	0	6	13	0	0	0	3	0	0	0	0	0	0	4	6	76	5	0	0	0	14	1	0	0	0	83	1	0	0	0	0	0	32	13	0	130	0	1	1	0	0	0	0	0	0	0	0	45	170	0	0	3	0	0	11
0	14	0	0	0	199	0	4	0	0	0	3	0	310	0	0	95	55	0	0	3	35	105	0	0	0	35	0	0	0	0	0	0	117	140	21	0	0	0	0	298	9	0	0	0	18	150	0	0	0	0	0	6	61	0	33	0	7	11	33	0	4	12	0	0	0	0	0	55	0	0	96	112	252	21
0	0	0	0	0	12	0	0	6	0	250	0	0	23	21	51	0	1	1	0	11	2	0	0	0	0	9	199	0	46	0	0	0	32	1	25	44	0	0	0	27	78	11	0	70	0	2	16	74	0	0	0	12	0	0	11	0	121	0	11	0	7	9	0	11	0	30	0	2	0	74	15	8	20	0
0	0	0	0	0	0	0	0	0	0	0	0	0	0	0	0	0	0	0	0	0	0	0	0	0	0	0	5	0	0	0	0	0	1	0	0	0	0	0	0	0	1	0	0	0	0	0	0	0	0	0	0	0	0	0	1	0	0	0	0	0	0	0	0	0	0	0	0	0	0	0	0	0	0	1
0	0	199	12	0	0	0	0	1	0	30	39	0	197	80	0	21	13	2	0	0	4	0	18	0	0	3	7	0	0	0	0	0	9	72	1	2	0	0	0	17	4	17	0	1	1	2	8	0	0	0	0	0	1	0	1	0	11	23	0	0	7	598	0	93	0	0	0	0	126	0	10	27	480	0
0	0	0	0	0	0	0	0	0	0	0	0	0	0	0	0	0	0	0	0	0	0	0	0	0	0	0	0	0	0	0	0	0	0	0	0	0	0	0	0	0	0	0	0	0	0	0	0	0	0	0	0	0	0	0	0	0	0	0	0	0	0	0	0	0	0	0	0	0	0	0	0	0	0	0
0	0	4	0	0	0	0	0	0	0	1	0	0	0	0	0	0	23	30	0	0	9	0	0	10	1	3	5	0	0	0	0	0	0	0	1	0	0	0	0	1	50	0	0	33	6	0	0	0	0	0	0	63	10	0	0	0	2	12	0	0	0	3	0	0	0	0	0	0	0	0	0	0	2	0
0	0	0	6	0	1	0	0	0	0	0	0	0	246	0	0	0	19	0	0	0	4	0	0	12	1	2	7	0	19	0	2	0	9	0	0	0	0	0	0	8	3	0	0	0	2	0	0	0	0	0	0	2	0	0	0	2	0	10	2	0	0	1	0	0	0	0	0	0	0	0	0	0	0	0
0	0	0	0	0	0	0	0	0	0	0	0	0	0	0	0	0	0	0	0	0	0	0	0	0	0	0	0	0	0	0	0	0	0	0	0	0	0	0	0	0	0	0	0	0	0	0	0	0	0	0	0	0	0	0	0	0	0	0	0	0	0	0	0	0	0	0	0	0	0	0	0	0	0	0
0	0	0	250	0	30	0	1	0	0	0	0	0	0	14	189	4	0	1	62	1	0	0	23	2	0	0	5	0	0	0	35	0	3	0	4	188	0	0	0	1	142	77	0	335	4	4	0	269	0	0	5	0	26	0	0	0	286	0	0	0	6	67	0	0	0	61	1	0	9	405	0	17	0	0
0	0	3	0	0	39	0	0	0	0	0	0	0	1	138	0	7	0	21	0	0	2	0	0	0	0	0	4	0	0	0	0	0	0	11	1	11	0	0	0	0	11	39	0	6	0	0	1	5	0	0	0	1	0	0	0	0	23	5	0	0	1	275	0	0	0	0	0	0	54	0	0	20	262	0
0	0	0	0	0	0	0	0	0	0	0	0	0	0	0	0	0	0	0	0	0	0	0	0	0	0	0	0	0	0	0	0	0	0	0	0	0	0	0	0	0	0	0	0	0	0	0	0	0	0	0	0	0	0	0	0	0	0	0	0	0	0	0	0	0	0	0	0	0	0	0	0	0	0	0
0	0	310	23	0	197	0	0	246	0	0	1	0	0	3	0	47	155	3	0	1	114	74	8	1	0	15	1	0	9	0	0	0	296	300	95	1	0	0	0	500	16	9	0	2	0	214	0	0	0	0	0	0	6	0	3	3	13	18	104	0	1	7	0	19	0	1	6	17	6	3	370	177	34	1
0	0	0	21	0	80	0	0	0	0	14	138	0	3	0	0	27	2	6	0	0	0	0	10	0	0	0	57	0	0	0	0	0	6	0	1	25	0	0	0	0	31	185	0	36	1	0	200	2	0	0	0	0	0	0	0	26	51	6	0	0	127	839	0	93	0	1	0	0	133	0	0	105	36	0
0	0	0	51	0	0	0	0	0	0	189	0	0	0	0	0	0	0	0	88	0	0	0	1	0	0	0	0	0	0	0	0	0	0	0	3	109	0	0	0	0	8	138	0	193	0	0	0	159	0	0	0	0	2	0	0	0	131	0	0	0	0	1	0	0	0	81	0	0	4	0	1	2	9	0
0	6	95	0	0	21	0	0	0	0	4	7	0	47	27	0	0	9	0	0	0	0	0	0	0	0	5	5	0	0	0	0	0	2	1	2	0	0	0	0	0	2	0	0	0	12	0	0	0	0	0	0	0	11	0	1	0	3	5	2	0	0	154	0	0	0	0	0	0	5	0	0	0	155	0
0	0	55	1	0	13	0	23	19	0	0	0	0	155	2	0	9	0	0	7	1	553	201	2	55	17	338	1	0	0	0	3	0	297	59	84	0	0	0	0	471	24	0	0	0	35	1	0	0	0	0	0	371	227	0	145	1	32	120	1	0	0	0	0	0	0	0	20	139	1	0	33	10	0	2
0	0	0	1	0	2	0	30	0	0	1	21	0	3	6	0	0	0	0	0	0	2	0	21	0	0	0	4	0	0	0	0	0	2	0	0	19	0	0	0	1	104	8	0	50	1	0	10	18	0	396	0	19	106	0	0	0	23	5	0	0	55	143	0	0	0	0	2	2	77	1	1	33	10	3
0	0	0	0	0	0	0	0	0	0	62	0	0	0	0	88	0	7	0	0	0	0	0	0	0	0	1	0	0	19	0	14	0	0	0	0	0	0	0	0	0	0	0	0	0	8	0	0	0	0	0	5	0	1	0	0	0	4	0	48	0	0	0	0	0	0	0	0	0	0	0	0	0	0	0
0	0	3	11	0	0	0	0	0	0	1	0	0	1	0	0	0	1	0	0	0	2	0	0	0	0	5	0	0	24	0	3	0	4	0	0	0	0	0	0	2	0	0	0	0	0	0	0	0	0	0	0	0	2	0	0	5	0	0	0	0	0	5	0	0	0	0	0	0	0	5	0	1	3	0
0	6	35	2	0	4	0	9	4	0	0	2	0	114	0	0	0	553	2	0	2	0	19	2	7	1	372	3	0	0	0	0	0	147	88	60	0	0	0	0	186	22	0	0	0	19	0	0	0	0	0	0	204	156	0	30	0	31	126	0	0	0	1	0	0	0	0	0	53	0	0	55	0	4	0
0	13	105	0	0	0	0	0	0	0	0	0	0	74	0	0	0	201	0	0	0	19	0	0	34	3	194	3	0	44	0	22	0	5	3	3	0	0	0	0	9	4	0	0	0	87	10	0	0	0	0	5	125	151	0	121	14	4	84	34	0	9	1	0	0	0	0	21	3	0	0	0	3	1	1
0	0	0	0	0	18	0	0	0	0	23	0	0	8	10	1	0	2	21	0	0	2	0	0	36	0	0	2	0	4	0	0	0	0	0	1	0	0	0	0	0	21	0	0	0	1	0	0	0	0	0	0	12	0	0	26	61	4	4	0	0	0	34	0	0	0	0	0	0	0	2	0	0	0	0
0	0	0	0	0	0	0	10	12	0	2	0	0	1	0	0	0	55	0	0	0	7	34	36	0	678	2	14	0	2	0	8	0	10	20	6	0	0	0	0	52	0	0	0	0	61	2	0	0	0	0	0	2	14	0	137	131	13	0	2	0	2	0	0	0	0	0	8	64	0	3	46	6	1	4
0	0	0	0	0	0	0	1	1	0	0	0	0	0	0	0	0	17	0	0	0	1	3	0	678	0	9	4	0	1	0	1	0	0	3	3	0	0	0	0	1	0	0	0	0	10	1	0	0	0	0	0	3	0	0	1	4	1	0	0	0	0	1	0	0	0	0	1	2	0	0	1	0	1	0
0	3	35	9	0	3	0	3	2	0	0	0	0	15	0	0	5	338	0	1	5	372	194	0	2	9	0	1	0	12	0	2	0	268	51	82	0	0	0	1	362	24	1	0	2	13	68	1	0	0	0	0	300	249	0	168	1	47	57	10	0	1	0	0	0	0	1	170	172	1	0	62	13	1	1
0	0	0	199	5	7	0	5	7	0	5	4	0	1	57	0	5	1	4	0	0	3	3	2	14	4	1	0	0	2	0	0	0	4	3	8	227	0	0	0	15	340	7	0	2	1	0	21	42	0	0	0	4	3	0	6	0	12	8	0	0	3	23	0	1	0	76	6	6	19	1	12	7	6	1
0	0	0	0	0	0	0	0	0	0	0	0	0	0	0	0	0	0	0	0	0	0	0	0	0	0	0	0	0	0	0	0	0	0	0	0	0	0	0	0	0	0	0	0	0	0	0	0	0	0	0	0	0	0	0	0	0	0	0	0	0	0	0	0	0	0	0	0	0	0	0	0	0	0	0
0	0	0	46	0	0	0	0	19	0	0	0	0	9	0	0	0	0	0	19	24	0	44	4	2	1	12	2	0	0	0	0	0	106	4	208	0	0	0	0	146	14	1	0	0	1	26	0	0	0	0	0	30	0	0	9	2	11	48	0	0	0	0	0	0	0	0	145	58	0	0	39	5	0	0
0	0	0	0	0	0	0	0	0	0	0	0	0	0	0	0	0	0	0	0	0	0	0	0	0	0	0	0	0	0	0	0	0	0	0	0	0	0	0	0	0	0	0	0	0	0	0	0	0	0	0	0	0	0	0	0	0	0	0	0	0	0	0	0	0	0	0	0	0	0	0	0	0	0	0
0	0	0	0	0	0	0	0	2	0	35	0	0	0	0	0	0	3	0	14	3	0	22	0	8	1	2	0	0	0	0	0	0	0	7	0	0	0	0	0	0	0	0	0	26	82	15	0	0	0	0	132	1	44	0	50	0	16	0	0	0	0	0	0	0	0	0	58	2	0	58	2	4	0	38
0	0	0	0	0	0	0	0	0	0	0	0	0	0	0	0	0	0	0	0	0	0	0	0	0	0	0	0	0	0	0	0	0	0	0	0	0	0	0	0	0	0	0	0	0	0	0	0	0	0	0	0	0	0	0	0	0	0	0	0	0	0	0	0	0	0	0	0	0	0	0	0	0	0	0
0	4	117	32	1	9	0	0	9	0	3	0	0	296	6	0	2	297	2	0	4	147	5	0	10	0	268	4	0	106	0	0	0	0	9	37	1	0	0	0	109	14	0	0	0	5	2	0	0	0	0	0	115	145	0	40	6	4	32	6	0	0	60	0	0	0	0	4	21	19	0	56	9	1	0
0	6	140	1	0	72	0	0	0	0	0	11	0	300	0	0	1	59	0	0	0	88	3	0	20	3	51	3	0	4	0	7	0	9	0	6	0	0	0	0	12	4	0	0	0	14	0	0	0	0	0	0	8	19	0	13	0	2	48	42	0	0	0	0	0	0	0	0	5	0	0	5	0	325	0
0	76	21	25	0	1	0	1	0	0	4	1	0	95	1	3	2	84	0	0	0	60	3	1	6	3	82	8	0	208	0	0	0	37	6	0	1	0	0	0	23	17	2	0	0	5	9	0	0	0	0	0	106	91	0	25	0	14	114	117	0	0	36	0	0	0	0	5	11	1	0	1	0	2	0
0	5	0	44	0	2	0	0	0	0	188	11	0	1	25	109	0	0	19	0	0	0	0	0	0	0	0	227	0	0	0	0	0	1	0	1	0	0	0	0	0	51	3	0	4	0	0	0	0	0	0	0	6	5	0	0	0	2	1	2	0	0	8	0	0	0	0	0	0	2	1	0	0	34	0
0	0	0	0	0	0	0	0	0	0	0	0	0	0	0	0	0	0	0	0	0	0	0	0	0	0	0	0	0	0	0	0	0	0	0	0	0	0	0	0	0	0	0	0	0	0	0	0	0	0	0	0	0	0	0	0	0	0	0	0	0	0	0	0	0	0	0	0	0	0	0	0	0	0	0
0	0	0	0	0	0	0	0	0	0	0	0	0	0	0	0	0	0	0	0	0	0	0	0	0	0	0	0	0	0	0	0	0	0	0	0	0	0	0	0	0	0	0	0	0	0	0	0	0	0	0	0	0	0	0	0	0	0	0	0	0	0	0	0	0	0	0	0	0	0	0	0	0	0	0
0	0	0	0	0	0	0	0	0	0	0	0	0	0	0	0	0	0	0	0	0	0	0	0	0	0	1	0	0	0	0	0	0	0	0	0	0	0	0	0	0	0	0	0	0	0	0	0	0	0	0	0	0	0	0	0	0	0	0	0	0	0	0	0	0	0	0	0	0	0	0	0	0	0	0
0	14	298	27	0	17	0	1	8	0	1	0	0	500	0	0	0	471	1	0	2	186	9	0	52	1	362	15	0	146	0	0	0	109	12	23	0	0	0	0	0	15	0	0	0	19	6	0	0	0	0	0	146	205	0	22	3	2	53	74	0	0	1	0	0	0	0	0	1	0	0	10	7	2	0
0	1	9	78	1	4	0	50	3	0	142	11	0	16	31	8	2	24	104	0	0	22	4	21	0	0	24	340	0	14	0	0	0	14	4	17	51	0	0	0	15	0	1	0	110	11	2	1	110	0	0	0	54	34	0	15	0	33	11	0	0	25	161	0	0	0	0	0	6	44	0	3	23	16	3
0	0	0	11	0	17	0	0	0	0	77	39	0	9	185	138	0	0	8	0	0	0	0	0	0	0	1	7	0	1	0	0	0	0	0	2	3	0	0	0	0	1	0	0	22	0	0	4	1	0	0	0	1	1	0	0	0	15	39	143	0	0	171	0	0	0	0	0	0	37	3	0	0	44	0
0	0	0	0	0	0	0	0	0	0	0	0	0	0	0	0	0	0	0	0	0	0	0	0	0	0	0	0	0	0	0	0	0	0	0	0	0	0	0	0	0	0	0	0	0	0	0	0	0	0	0	0	0	0	0	0	0	0	0	0	0	0	0	0	0	0	0	0	0	0	0	0	0	0	0
0	0	0	70	0	1	0	33	0	0	335	6	0	2	36	193	0	0	50	0	0	0	0	0	0	0	2	2	0	0	0	26	0	0	0	0	4	0	0	0	0	110	22	0	0	12	0	1	30	0	0	1	56	9	0	1	0	48	36	1	0	0	94	0	0	0	0	1	0	41	0	0	0	21	1
0	83	18	0	0	1	0	6	2	0	4	0	0	0	1	0	12	35	1	8	0	19	87	1	61	10	13	1	0	1	0	82	0	5	14	5	0	0	0	0	19	11	0	0	12	0	0	0	0	0	0	10	3	64	0	169	3	160	11	0	0	0	3	0	0	0	0	109	29	1	101	17	8	0	31
0	1	150	2	0	2	0	0	0	0	4	0	0	214	0	0	0	1	0	0	0	0	10	0	2	1	68	0	0	26	0	15	0	2	0	9	0	0	0	0	6	2	0	0	0	0	0	0	0	0	0	0	15	22	0	11	1	7	97	296	0	0	1	0	0	0	0	0	0	0	3	0	0	0	0
0	0	0	16	0	8	0	0	0	0	0	1	0	0	200	0	0	0	10	0	0	0	0	0	0	0	1	21	0	0	0	0	0	0	0	0	0	0	0	0	0	1	4	0	1	0	0	0	0	0	0	0	0	0	0	1	2	5	20	232	0	0	6	0	0	0	0	0	0	14	58	0	0	2	0
0	0	0	74	0	0	0	0	0	0	269	5	0	0	2	159	0	0	18	0	0	0	0	0	0	0	0	42	0	0	0	0	0	0	0	0	0	0	0	0	0	110	1	0	30	0	0	0	0	0	0	0	3	4	0	0	0	64	10	0	0	0	25	0	0	0	0	0	0	0	107	0	0	2	0
0	0	0	0	0	0	0	0	0	0	0	0	0	0	0	0	0	0	0	0	0	0	0	0	0	0	0	0	0	0	0	0	0	0	0	0	0	0	0	0	0	0	0	0	0	0	0	0	0	0	0	0	0	0	0	0	0	0	0	0	0	0	0	0	0	0	0	0	0	0	0	0	0	0	0
0	0	0	0	0	0	0	0	0	0	0	0	0	0	0	0	0	0	396	0	0	0	0	0	0	0	0	0	0	0	0	0	0	0	0	0	0	0	0	0	0	0	0	0	0	0	0	0	0	0	0	0	0	0	0	0	0	0	0	0	0	0	0	0	0	0	0	0	0	0	0	0	0	0	0
0	0	0	0	0	0	0	0	0	0	5	0	0	0	0	0	0	0	0	5	0	0	5	0	0	0	0	0	0	0	0	132	0	0	0	0	0	0	0	0	0	0	0	0	1	10	0	0	0	0	0	0	0	6	0	0	0	7	0	0	0	0	0	0	0	0	0	4	0	0	0	0	0	0	2
0	32	6	12	0	0	0	63	2	0	0	1	0	0	0	0	0	371	19	0	0	204	125	12	2	3	300	4	0	30	0	1	0	115	8	106	6	0	0	0	146	54	1	0	56	3	15	0	3	0	0	0	0	210	0	89	2	41	43	0	0	1	10	0	0	0	0	17	53	0	0	3	19	1	9
0	13	61	0	0	1	0	10	0	0	26	0	0	6	0	2	11	227	106	1	2	156	151	0	14	0	249	3	0	0	0	44	0	145	19	91	5	0	0	0	205	34	1	0	9	64	22	0	4	0	0	6	210	0	0	67	1	20	15	0	0	1	11	0	0	0	0	7	25	7	10	37	19	4	4
0	0	0	0	0	0	0	0	0	0	0	0	0	0	0	0	0	0	0	0	0	0	0	0	0	0	0	0	0	0	0	0	0	0	0	0	0	0	0	0	0	0	0	0	0	0	0	0	0	0	0	0	0	0	0	0	0	0	0	0	0	0	0	0	0	0	0	0	0	0	0	0	0	0	0
0	130	33	11	1	1	0	0	0	0	0	0	0	3	0	0	1	145	0	0	0	30	121	26	137	1	168	6	0	9	0	50	0	40	13	25	0	0	0	0	22	15	0	0	1	169	11	1	0	0	0	0	89	67	0	0	304	21	21	9	0	1	4	0	0	0	0	27	110	0	0	2	3	4	1
0	0	0	0	0	0	0	0	2	0	0	0	0	3	26	0	0	1	0	0	5	0	14	61	131	4	1	0	0	2	0	0	0	6	0	0	0	0	0	0	3	0	0	0	0	3	1	2	0	0	0	0	2	1	0	304	0	66	0	24	0	1	0	0	0	0	0	0	11	0	413	3	1	0	0
0	1	7	121	0	11	0	2	0	0	286	23	0	13	51	131	3	32	23	4	0	31	4	4	13	1	47	12	0	11	0	16	0	4	2	14	2	0	0	0	2	33	15	0	48	160	7	5	64	0	0	7	41	20	0	21	66	0	34	47	0	0	112	0	0	0	0	7	0	3	152	5	11	14	9
0	1	11	0	0	23	0	12	10	0	0	5	0	18	6	0	5	120	5	0	0	126	84	4	0	0	57	8	0	48	0	0	0	32	48	114	1	0	0	0	53	11	39	0	36	11	97	20	10	0	0	0	43	15	0	21	0	34	0	275	0	0	35	0	0	0	0	93	62	24	2	27	14	0	17
0	0	33	11	0	0	0	0	2	0	0	0	0	104	0	0	2	1	0	48	0	0	34	0	2	0	10	0	0	0	0	0	0	6	42	117	2	0	0	0	74	0	143	0	1	0	296	232	0	0	0	0	0	0	0	9	24	47	275	0	0	0	1	0	0	0	0	362	0	16	499	50	40	0	0
0	0	0	0	0	0	0	0	0	0	0	0	0	0	0	0	0	0	0	0	0	0	0	0	0	0	0	0	0	0	0	0	0	0	0	0	0	0	0	0	0	0	0	0	0	0	0	0	0	0	0	0	0	0	0	0	0	0	0	0	0	0	0	0	0	0	0	0	0	0	0	0	0	0	0
0	0	4	7	0	7	0	0	0	0	6	1	0	1	127	0	0	0	55	0	0	0	9	0	2	0	1	3	0	0	0	0	0	0	0	0	0	0	0	0	0	25	0	0	0	0	0	0	0	0	0	0	1	1	0	1	1	0	0	0	0	0	220	0	0	0	0	0	0	19	0	0	0	143	0
0	0	12	9	0	598	0	3	1	0	67	275	0	7	839	1	154	0	143	0	5	1	1	34	0	1	0	23	0	0	0	0	0	60	0	36	8	0	0	0	1	161	171	0	94	3	1	6	25	0	0	0	10	11	0	4	0	112	35	1	0	220	0	0	0	0	3	0	0	255	0	3	191	431	60
0	0	0	0	0	0	0	0	0	0	0	0	0	0	0	0	0	0	0	0	0	0	0	0	0	0	0	0	0	0	0	0	0	0	0	0	0	0	0	0	0	0	0	0	0	0	0	0	0	0	0	0	0	0	0	0	0	0	0	0	0	0	0	0	0	0	0	0	0	0	0	0	0	0	0
0	0	0	11	0	93	0	0	0	0	0	0	0	19	93	0	0	0	0	0	0	0	0	0	0	0	0	1	0	0	0	0	0	0	0	0	0	0	0	0	0	0	0	0	0	0	0	0	0	0	0	0	0	0	0	0	0	0	0	0	0	0	0	0	0	0	0	0	0	0	0	0	0	102	0
0	0	0	0	0	0	0	0	0	0	0	0	0	0	0	0	0	0	0	0	0	0	0	0	0	0	0	0	0	0	0	0	0	0	0	0	0	0	0	0	0	0	0	0	0	0	0	0	0	0	0	0	0	0	0	0	0	0	0	0	0	0	0	0	0	0	0	0	0	0	0	0	0	0	0
0	0	0	30	0	0	0	0	0	0	61	0	0	1	1	81	0	0	0	0	0	0	0	0	0	0	1	76	0	0	0	0	0	0	0	0	0	0	0	0	0	0	0	0	0	0	0	0	0	0	0	0	0	0	0	0	0	0	0	0	0	0	3	0	0	0	0	0	0	0	0	0	0	1	0
0	45	0	0	0	0	0	0	0	0	1	0	0	6	0	0	0	20	2	0	0	0	21	0	8	1	170	6	0	145	0	58	0	4	0	5	0	0	0	0	0	0	0	0	1	109	0	0	0	0	0	4	17	7	0	27	0	7	93	362	0	0	0	0	0	0	0	0	0	4	0	0	0	3	0
0	170	55	2	0	0	0	0	0	0	0	0	0	17	0	0	0	139	2	0	0	53	3	0	64	2	172	6	0	58	0	2	0	21	5	11	0	0	0	0	1	6	0	0	0	29	0	0	0	0	0	0	53	25	0	110	11	0	62	0	0	0	0	0	0	0	0	0	0	0	0	0	0	3	0
0	0	0	0	0	126	0	0	0	0	9	54	0	6	133	4	5	1	77	0	0	0	0	0	0	0	1	19	0	0	0	0	0	19	0	1	2	0	0	0	0	44	37	0	41	1	0	14	0	0	0	0	0	7	0	0	0	3	24	16	0	19	255	0	0	0	0	4	0	0	0	0	2	148	0
0	0	0	74	0	0	0	0	0	0	405	0	0	3	0	0	0	0	1	0	5	0	0	2	3	0	0	1	0	0	0	58	0	0	0	0	1	0	0	0	0	0	3	0	0	101	3	58	107	0	0	0	0	10	0	0	413	152	2	499	0	0	0	0	0	0	0	0	0	0	0	0	2	0	37
0	3	96	15	0	10	0	0	0	0	0	0	0	370	0	1	0	33	1	0	0	55	0	0	46	1	62	12	0	39	0	2	0	56	5	1	0	0	0	0	10	3	0	0	0	17	0	0	0	0	0	0	3	37	0	2	3	5	27	50	0	0	3	0	0	0	0	0	0	0	0	0	1	1	0
0	0	112	8	0	27	0	0	0	0	17	20	0	177	105	2	0	10	33	0	1	0	3	0	6	0	13	7	0	5	0	4	0	9	0	0	0	0	0	0	7	23	0	0	0	8	0	0	0	0	0	0	19	19	0	3	1	11	14	40	0	0	191	0	0	0	0	0	0	2	2	1	0	111	0
0	0	252	20	0	480	0	2	0	0	0	262	0	34	36	9	155	0	10	0	3	4	1	0	1	1	1	6	0	0	0	0	0	1	325	2	34	0	0	0	2	16	44	0	21	0	0	2	2	0	0	0	1	4	0	4	0	14	0	0	0	143	431	0	102	0	1	3	3	148	0	1	111	0	0
0	11	21	0	1	0	0	0	0	0	0	0	0	1	0	0	0	2	3	0	0	0	1	0	4	0	1	1	0	0	0	38	0	0	0	0	0	0	0	0	0	3	0	0	1	31	0	0	0	0	0	2	9	4	0	1	0	9	17	0	0	0	60	0	0	0	0	0	0	0	37	0	0	0	0
