0	0	0	0	0	0	0	0	0	0	0	0	0	0	0	0	0	0	0	0	0	0	0	0	0	0	0	0	0	0	0	0	0	0	0	0	0	0	0	0	0	0	0	0	0	0	0	0	0	0	0	0	0	0	0	0	0	0	0	0	0	0	0	0	0	0	0	0	0	0	0	0	0	0	0
0	0	0	0	0	0	7	0	0	0	0	0	0	0	0	0	0	9	0	6	2	2	18	0	4	0	5	0	0	0	0	0	0	3	3	6	0	0	0	1	0	0	0	0	0	1	12	0	0	0	0	0	3	5	0	14	10	0	5	0	0	0	0	0	0	0	0	21	20	0	0	2	0	4	1
0	0	0	18	1	33	0	0	45	1	5	0	0	663	3	3	0	27	15	13	99	0	1	0	0	1	0	4	0	0	0	7	905	14	186	31	3	0	0	0	37	0	0	0	47	11	33	12	3	0	0	0	0	0	0	5	8	15	14	15	1	41	22	0	0	0	2	0	1	1	9	11	28	4	1
0	0	18	0	0	0	0	0	0	0	127	0	0	4	128	0	0	9	55	2	1	3	0	0	0	0	7	14	0	0	0	5	0	0	0	0	0	0	0	0	0	0	0	0	42	0	0	0	10	0	0	0	0	0	0	0	0	77	0	0	0	0	15	0	0	0	1	0	0	4	0	0	18	12	2
0	0	1	0	0	0	0	0	0	0	0	0	0	0	0	0	0	2	0	0	0	0	0	0	0	0	0	7	0	0	0	0	0	0	0	0	0	0	0	0	0	0	0	0	0	0	0	0	0	0	0	0	0	0	0	0	0	0	0	0	0	0	0	0	0	0	2	0	0	0	0	0	1	0	1
0	0	33	0	0	0	0	0	0	0	0	0	0	141	6	0	0	1	0	0	2	1	0	0	0	0	1	10	0	0	0	0	589	0	86	0	0	0	0	0	0	0	0	0	58	0	0	0	11	0	0	0	1	0	0	0	0	0	0	0	0	0	152	0	0	0	0	0	0	12	0	0	33	49	0
0	7	0	0	0	0	0	0	0	0	64	0	0	0	0	0	0	115	7	129	165	51	6	0	0	3	156	0	0	0	0	288	0	92	45	75	0	0	0	11	30	0	0	12	876	1	0	0	3	0	0	64	0	397	0	17	0	203	15	0	0	0	0	0	0	0	0	21	20	0	16	38	1	1	335
0	0	0	0	0	0	0	0	0	0	0	0	0	0	0	0	0	0	0	0	0	0	0	0	0	0	0	0	0	0	0	0	0	0	0	0	0	0	0	0	0	0	0	0	0	0	0	0	0	0	0	0	0	0	0	0	0	0	0	0	0	0	0	0	0	0	0	0	0	0	0	0	0	0	0
0	0	45	0	0	0	0	0	0	0	23	0	0	410	0	0	0	231	0	18	122	240	0	0	0	0	38	0	0	0	0	4	206	87	5	0	0	0	0	0	0	0	0	0	0	0	0	0	2	0	0	5	0	0	0	0	0	1	0	144	3	0	0	0	0	0	0	0	0	0	1	2	45	0	0
0	0	1	0	0	0	0	0	0	0	3	0	0	0	1	0	0	0	1	0	0	0	0	0	0	0	1	0	0	0	0	0	0	0	0	9	0	0	0	0	0	0	0	0	0	0	0	0	0	0	0	0	0	0	0	0	0	0	4	0	0	0	0	0	0	0	0	0	0	0	0	0	1	0	0
0	0	5	127	0	0	64	0	23	3	0	0	0	19	17	79	0	9	8	77	138	9	6	0	0	0	6	9	0	0	0	36	0	79	23	77	98	0	0	0	86	0	0	0	306	0	23	1	41	0	0	20	89	11	0	21	0	240	22	2	0	19	16	0	0	0	136	0	0	0	83	57	7	0	1
0	0	0	0	0	0	0	0	0	0	0	0	0	0	0	0	0	0	0	0	0	0	0	0	0	0	0	0	0	0	0	0	0	0	0	0	0	0	0	0	0	0	0	0	0	0	0	0	0	0	0	0	0	0	0	0	0	0	0	0	0	0	9	0	0	0	0	0	0	6	0	0	0	0	0
0	0	0	0	0	0	0	0	0	0	0	0	0	0	0	0	0	0	0	0	0	0	0	0	0	0	0	0	0	0	0	0	0	0	0	0	0	0	0	0	0	0	0	0	0	0	0	0	0	0	0	0	0	0	0	0	0	0	0	0	0	0	0	0	0	0	0	0	0	0	0	0	0	0	0
0	0	663	4	0	141	0	0	410	0	19	0	0	0	0	0	1	162	0	116	122	53	1	2	0	1	68	0	0	0	0	43	257	258	382	97	1	0	0	0	629	0	0	0	0	4	384	1	2	0	0	29	0	3	0	43	21	42	58	11	0	1	1	0	1	0	0	4	36	2	27	270	131	0	0
0	0	3	128	0	6	0	0	0	1	17	0	0	0	0	0	0	0	6	0	0	2	0	0	0	0	0	1	0	0	0	0	46	2	0	0	22	0	0	0	1	0	0	0	226	0	4	22	0	0	0	0	0	0	0	0	18	18	0	0	0	225	283	0	0	0	9	0	0	1	1	0	17	4	1
0	0	3	0	0	0	0	0	0	0	79	0	0	0	0	0	0	1	0	0	0	0	0	0	0	0	0	0	0	0	0	0	1	0	0	0	0	0	0	0	0	0	0	0	0	0	0	0	0	0	0	0	0	0	0	0	0	45	0	2	0	0	2	0	0	0	0	0	0	0	0	0	3	0	0
0	0	0	0	0	0	0	0	0	0	0	0	0	1	0	0	0	0	0	0	0	0	0	0	0	0	0	0	0	0	0	0	4	0	0	0	0	0	0	0	0	0	0	0	0	0	0	0	0	0	0	0	0	0	0	0	0	0	0	0	0	0	0	0	0	0	0	0	0	0	0	0	0	0	0
0	9	27	9	2	1	115	0	231	0	9	0	0	162	0	1	0	0	4	392	37	898	9	0	2	0	484	1	0	0	0	64	0	304	102	91	0	0	0	16	513	0	0	5	7	20	20	3	0	0	5	47	348	152	0	114	3	10	87	1	0	5	4	0	0	0	1	67	136	0	2	6	72	0	69
0	0	15	55	0	0	7	0	0	1	8	0	0	0	6	0	0	4	0	0	7	0	0	0	0	0	0	0	0	0	0	0	0	3	1	2	10	0	0	0	0	0	0	0	251	2	5	12	0	0	240	0	0	0	0	0	0	26	42	0	0	40	18	0	0	0	0	0	0	3	0	0	50	70	3
0	6	13	2	0	0	129	0	18	0	77	0	0	116	0	0	0	392	0	0	60	371	0	0	0	0	305	0	0	0	0	1	1	163	21	26	0	0	0	0	30	0	0	0	0	0	0	0	0	0	0	5	212	6	0	0	4	17	12	0	1	0	1	0	0	0	0	2	18	0	8	10	13	0	82
0	2	99	1	0	2	165	0	122	0	138	0	0	122	0	0	0	37	7	60	0	42	19	1	199	63	23	0	0	0	0	30	6	90	39	64	0	0	0	0	124	0	0	0	5	29	13	1	14	0	0	3	0	61	0	115	148	351	52	43	0	4	6	0	0	0	0	6	18	1	13	117	28	1	16
0	2	0	3	0	1	51	0	240	0	9	0	0	53	2	0	0	898	0	371	42	0	3	0	9	1	408	0	0	0	0	7	0	515	246	124	0	0	0	14	614	0	0	0	0	24	21	2	0	0	0	0	97	75	0	14	46	17	103	2	0	0	0	0	0	0	0	1	65	0	7	221	9	0	96
0	18	1	0	0	0	6	0	0	0	6	0	0	1	0	0	0	9	0	0	19	3	0	0	116	0	82	0	0	0	0	44	0	1	1	0	0	0	0	0	0	0	0	0	0	0	0	0	0	0	0	1	49	0	0	0	0	0	0	0	0	0	0	0	0	0	0	0	0	0	0	0	1	0	48
0	0	0	0	0	0	0	0	0	0	0	0	0	2	0	0	0	0	0	0	1	0	0	0	0	0	1	0	0	0	0	0	0	0	0	0	0	0	0	0	0	0	0	0	0	0	0	0	0	0	0	0	0	0	0	0	0	0	0	0	0	0	0	0	0	0	0	0	0	0	0	0	0	0	0
0	4	0	0	0	0	0	0	0	0	0	0	0	0	0	0	0	2	0	0	199	9	116	0	0	605	3	0	0	0	0	0	0	2	4	38	2	0	0	0	0	0	0	0	0	60	0	0	0	0	0	0	5	0	0	258	286	0	12	2	0	0	0	0	0	0	0	0	334	0	0	0	2	0	1
0	0	1	0	0	0	3	0	0	0	0	0	0	1	0	0	0	0	0	0	63	1	0	0	605	0	0	0	0	0	0	0	0	1	0	0	0	0	0	0	1	0	0	0	0	3	0	0	0	0	0	0	0	0	0	22	33	2	0	0	0	0	0	0	0	0	0	0	23	0	0	0	0	0	0
0	5	0	7	0	1	156	0	38	1	6	0	0	68	0	0	0	484	0	305	23	408	82	1	3	0	0	0	0	0	0	36	0	247	142	71	0	0	0	3	296	0	0	0	4	13	12	1	0	0	0	25	174	145	0	125	17	12	79	2	1	0	0	0	0	0	0	147	102	0	7	134	19	0	9
0	0	4	14	7	10	0	0	0	0	9	0	0	0	1	0	0	1	0	0	0	0	0	0	0	0	0	0	0	0	0	0	0	0	25	0	120	0	0	0	0	0	0	0	0	0	0	0	0	0	0	0	0	0	0	24	19	0	0	0	0	1	0	0	0	0	112	0	0	0	0	0	23	0	0
0	0	0	0	0	0	0	0	0	0	0	0	0	0	0	0	0	0	0	0	0	0	0	0	0	0	0	0	0	0	0	0	0	0	0	0	0	0	0	0	0	0	0	0	0	0	0	0	0	0	0	0	0	0	0	0	0	0	0	0	0	0	0	0	0	0	0	0	0	0	0	0	0	0	0
0	0	0	0	0	0	0	0	0	0	0	0	0	0	0	0	0	0	0	0	0	0	0	0	0	0	0	0	0	0	0	0	0	0	0	0	0	0	0	0	0	0	0	0	0	0	0	0	0	0	0	0	0	0	0	0	0	0	0	0	0	0	0	0	0	0	0	0	0	0	0	0	0	0	0
0	0	0	0	0	0	0	0	0	0	0	0	0	0	0	0	0	0	0	0	0	0	0	0	0	0	0	0	0	0	0	0	0	0	0	0	0	0	0	0	0	0	0	0	0	0	0	0	0	0	0	0	0	0	0	0	0	0	0	0	0	0	0	0	0	0	0	0	0	0	0	0	0	0	0
0	0	7	5	0	0	288	0	4	0	36	0	0	43	0	0	0	64	0	1	30	7	44	0	0	0	36	0	0	0	0	0	0	1	58	1	0	0	0	0	2	0	0	0	66	170	36	0	0	0	0	185	12	54	0	107	0	189	21	0	0	5	2	0	0	0	0	58	27	0	37	0	30	0	220
0	0	905	0	0	589	0	0	206	0	0	0	0	257	46	1	4	0	0	1	6	0	0	0	0	0	0	0	0	0	0	0	0	3	87	0	0	0	0	0	133	0	0	0	349	0	384	83	0	0	0	0	0	0	0	0	0	0	7	2	0	0	99	0	3	0	0	0	0	172	0	0	324	0	0
0	3	14	0	0	0	92	0	87	0	79	0	0	258	2	0	0	304	3	163	90	515	1	0	2	1	247	0	0	0	0	1	3	0	30	63	0	0	0	0	137	0	0	0	6	1	1	0	1	0	0	4	35	0	0	1	18	12	21	2	0	0	7	0	0	0	0	0	10	2	9	45	17	0	92
0	3	186	0	0	86	45	0	5	0	23	0	0	382	0	0	0	102	1	21	39	246	1	0	4	0	142	25	0	0	0	58	87	30	0	17	0	0	0	0	75	0	0	0	8	12	165	0	2	0	0	0	73	14	0	40	0	8	139	39	0	0	0	0	0	0	0	52	30	0	3	9	125	0	6
0	6	31	0	0	0	75	0	0	9	77	0	0	97	0	0	0	91	2	26	64	124	0	0	38	0	71	0	0	0	0	1	0	63	17	0	0	0	0	0	0	0	0	0	0	0	0	0	0	0	0	2	108	0	0	0	0	5	0	52	0	0	13	0	0	0	0	0	0	0	4	0	31	1	52
0	0	3	0	0	0	0	0	0	0	98	0	0	1	22	0	0	0	10	0	0	0	0	0	2	0	0	120	0	0	0	0	0	0	0	0	0	0	0	0	0	0	0	0	872	0	0	0	28	0	0	0	0	0	0	0	0	2	0	0	0	0	16	0	0	0	65	0	0	0	0	0	3	18	16
0	0	0	0	0	0	0	0	0	0	0	0	0	0	0	0	0	0	0	0	0	0	0	0	0	0	0	0	0	0	0	0	0	0	0	0	0	0	0	0	0	0	0	0	0	0	0	0	0	0	0	0	0	0	0	0	0	0	0	0	0	0	0	0	0	0	0	0	0	0	0	0	0	0	0
0	0	0	0	0	0	0	0	0	0	0	0	0	0	0	0	0	0	0	0	0	0	0	0	0	0	0	0	0	0	0	0	0	0	0	0	0	0	0	0	0	0	0	0	0	0	0	0	0	0	0	0	0	0	0	0	0	0	0	0	0	0	0	0	0	0	0	0	0	0	0	0	0	0	0
0	1	0	0	0	0	11	0	0	0	0	0	0	0	0	0	0	16	0	0	0	14	0	0	0	0	3	0	0	0	0	0	0	0	0	0	0	0	0	0	0	0	0	0	0	0	0	0	0	0	0	0	0	0	0	0	0	0	0	0	0	0	0	0	0	0	0	0	0	0	0	0	0	0	0
0	0	37	0	0	0	30	0	0	0	86	0	0	629	1	0	0	513	0	30	124	614	0	0	0	1	296	0	0	0	0	2	133	137	75	0	0	0	0	0	0	0	0	4	14	0	0	0	3	0	0	2	78	0	0	0	0	4	0	4	0	0	0	0	0	0	0	0	0	0	8	2	37	0	54
0	0	0	0	0	0	0	0	0	0	0	0	0	0	0	0	0	0	0	0	0	0	0	0	0	0	0	0	0	0	0	0	0	0	0	0	0	0	0	0	0	0	0	0	0	0	0	0	0	0	0	0	0	0	0	0	0	0	0	0	0	0	0	0	0	0	0	0	0	0	0	0	0	0	0
0	0	0	0	0	0	0	0	0	0	0	0	0	0	0	0	0	0	0	0	0	0	0	0	0	0	0	0	0	0	0	0	0	0	0	0	0	0	0	0	0	0	0	0	0	0	0	0	0	0	0	0	0	0	0	0	0	0	0	0	0	0	0	0	0	0	0	0	0	0	0	0	0	0	0
0	0	0	0	0	0	12	0	0	0	0	0	0	0	0	0	0	5	0	0	0	0	0	0	0	0	0	0	0	0	0	0	0	0	0	0	0	0	0	0	4	0	0	0	0	12	0	0	0	0	0	0	0	0	0	3	0	0	2	2	0	0	0	0	0	0	0	0	8	0	27	0	0	0	0
0	0	47	42	0	58	876	0	0	0	306	0	0	0	226	0	0	7	251	0	5	0	0	0	0	0	4	0	0	0	0	66	349	6	8	0	872	0	0	0	14	0	0	0	0	0	4	0	4	0	0	0	0	0	0	0	0	687	102	0	0	1928	200	0	0	0	138	2	62	0	10	0	47	50	1022
0	1	11	0	0	0	1	0	0	0	0	0	0	4	0	0	0	20	2	0	29	24	0	0	60	3	13	0	0	0	0	170	0	1	12	0	0	0	0	0	0	0	0	12	0	0	0	0	0	0	0	0	22	0	0	0	0	31	0	0	0	0	1	0	0	0	0	0	0	0	0	0	11	1	5
0	12	33	0	0	0	0	0	0	0	23	0	0	384	4	0	0	20	5	0	13	21	0	0	0	0	12	0	0	0	0	36	384	1	165	0	0	0	0	0	0	0	0	0	4	0	0	0	0	0	0	0	1	0	0	0	0	7	0	0	0	0	19	0	2	0	0	0	0	0	0	2	33	2	3
0	0	12	0	0	0	0	0	0	0	1	0	0	1	22	0	0	3	12	0	1	2	0	0	0	0	1	0	0	0	0	0	83	0	0	0	0	0	0	0	0	0	0	0	0	0	0	0	0	0	0	0	0	0	0	0	0	0	0	106	0	0	3	0	0	0	0	0	0	0	0	0	12	15	1
0	0	3	10	0	11	3	0	2	0	41	0	0	2	0	0	0	0	0	0	14	0	0	0	0	0	0	0	0	0	0	0	0	1	2	0	28	0	0	0	3	0	0	0	4	0	0	0	0	0	0	0	0	0	0	0	0	15	0	0	0	0	0	0	0	0	12	0	0	0	0	0	0	0	0
0	0	0	0	0	0	0	0	0	0	0	0	0	0	0	0	0	0	0	0	0	0	0	0	0	0	0	0	0	0	0	0	0	0	0	0	0	0	0	0	0	0	0	0	0	0	0	0	0	0	0	0	0	0	0	0	0	0	0	0	0	0	0	0	0	0	0	0	0	0	0	0	0	0	0
0	0	0	0	0	0	0	0	0	0	0	0	0	0	0	0	0	5	240	0	0	0	0	0	0	0	0	0	0	0	0	0	0	0	0	0	0	0	0	0	0	0	0	0	0	0	0	0	0	0	0	0	0	0	0	0	0	0	0	0	0	0	0	0	0	0	0	0	0	0	0	0	0	0	0
0	0	0	0	0	0	64	0	5	0	20	0	0	29	0	0	0	47	0	5	3	0	1	0	0	0	25	0	0	0	0	185	0	4	0	2	0	0	0	0	2	0	0	0	0	0	0	0	0	0	0	0	31	2	0	16	0	9	0	0	0	0	0	0	0	0	0	0	9	0	0	0	11	0	45
0	3	0	0	0	1	0	0	0	0	89	0	0	0	0	0	0	348	0	212	0	97	49	0	5	0	174	0	0	0	0	12	0	35	73	108	0	0	0	0	78	0	0	0	0	22	1	0	0	0	0	31	0	21	0	110	3	0	6	0	0	0	0	0	0	0	0	11	12	0	0	0	1	0	3
0	5	0	0	0	0	397	0	0	0	11	0	0	3	0	0	0	152	0	6	61	75	0	0	0	0	145	0	0	0	0	54	0	0	14	0	0	0	0	0	0	0	0	0	0	0	0	0	0	0	0	2	21	0	0	0	0	84	0	2	0	0	0	0	0	0	0	0	0	0	1	0	0	0	49
0	0	0	0	0	0	0	0	0	0	0	0	0	0	0	0	0	0	0	0	0	0	0	0	0	0	0	0	0	0	0	0	0	0	0	0	0	0	0	0	0	0	0	0	0	0	0	0	0	0	0	0	0	0	0	0	0	0	0	0	0	0	0	0	0	0	0	0	0	0	0	0	0	0	0
0	14	5	0	0	0	17	0	0	0	21	0	0	43	0	0	0	114	0	0	115	14	0	0	258	22	125	24	0	0	0	107	0	1	40	0	0	0	0	0	0	0	0	3	0	0	0	0	0	0	0	16	110	0	0	0	0	1	0	2	0	0	0	0	0	0	0	0	0	0	0	0	5	4	2
0	10	8	0	0	0	0	0	0	0	0	0	0	21	18	0	0	3	0	4	148	46	0	0	286	33	17	19	0	0	0	0	0	18	0	0	0	0	0	0	0	0	0	0	0	0	0	0	0	0	0	0	3	0	0	0	0	23	0	12	2	0	0	0	0	0	0	0	0	0	7	2	8	0	10
0	0	15	77	0	0	203	0	1	0	240	0	0	42	18	45	0	10	26	17	351	17	0	0	0	2	12	0	0	0	0	189	0	12	8	5	2	0	0	0	4	0	0	0	687	31	7	0	15	0	0	9	0	84	0	1	23	0	6	14	0	2	2	0	0	0	0	0	0	0	5	6	17	2	196
0	5	14	0	0	0	15	0	0	4	22	0	0	58	0	0	0	87	42	12	52	103	0	0	12	0	79	0	0	0	0	21	7	21	139	0	0	0	0	0	0	0	0	2	102	0	0	0	0	0	0	0	6	0	0	0	0	6	0	250	0	0	2	0	0	0	0	0	0	1	2	0	14	5	251
0	0	15	0	0	0	0	0	144	0	2	0	0	11	0	2	0	1	0	0	43	2	0	0	2	0	2	0	0	0	0	0	2	2	39	52	0	0	0	0	4	0	0	2	0	0	0	106	0	0	0	0	0	2	0	2	12	14	250	0	5	0	0	0	0	0	0	264	40	0	12	20	17	32	1
0	0	1	0	0	0	0	0	3	0	0	0	0	0	0	0	0	0	0	1	0	0	0	0	0	0	1	0	0	0	0	0	0	0	0	0	0	0	0	0	0	0	0	0	0	0	0	0	0	0	0	0	0	0	0	0	2	0	0	5	0	0	0	0	0	0	0	0	0	0	3	2	2	0	0
0	0	41	0	0	0	0	0	0	0	19	0	0	1	225	0	0	5	40	0	4	0	0	0	0	0	0	1	0	0	0	5	0	0	0	0	0	0	0	0	0	0	0	0	1928	0	0	0	0	0	0	0	0	0	0	0	0	2	0	0	0	0	142	0	0	0	0	0	0	0	0	1	41	42	1
0	0	22	15	0	152	0	0	0	0	16	9	0	1	283	2	0	4	18	1	6	0	0	0	0	0	0	0	0	0	0	2	99	7	0	13	16	0	0	0	0	0	0	0	200	1	19	3	0	0	0	0	0	0	0	0	0	2	2	0	0	142	0	0	0	0	0	0	0	48	0	1	82	0	19
0	0	0	0	0	0	0	0	0	0	0	0	0	0	0	0	0	0	0	0	0	0	0	0	0	0	0	0	0	0	0	0	0	0	0	0	0	0	0	0	0	0	0	0	0	0	0	0	0	0	0	0	0	0	0	0	0	0	0	0	0	0	0	0	0	0	0	0	0	0	0	0	0	0	0
0	0	0	0	0	0	0	0	0	0	0	0	0	1	0	0	0	0	0	0	0	0	0	0	0	0	0	0	0	0	0	0	3	0	0	0	0	0	0	0	0	0	0	0	0	0	2	0	0	0	0	0	0	0	0	0	0	0	0	0	0	0	0	0	0	0	0	0	0	4	0	0	0	7	0
0	0	0	0	0	0	0	0	0	0	0	0	0	0	0	0	0	0	0	0	0	0	0	0	0	0	0	0	0	0	0	0	0	0	0	0	0	0	0	0	0	0	0	0	0	0	0	0	0	0	0	0	0	0	0	0	0	0	0	0	0	0	0	0	0	0	0	0	0	0	0	0	0	0	0
0	0	2	1	2	0	0	0	0	0	136	0	0	0	9	0	0	1	0	0	0	0	0	0	0	0	0	112	0	0	0	0	0	0	0	0	65	0	0	0	0	0	0	0	138	0	0	0	12	0	0	0	0	0	0	0	0	0	0	0	0	0	0	0	0	0	0	0	0	0	0	0	2	0	0
0	21	0	0	0	0	21	0	0	0	0	0	0	4	0	0	0	67	0	2	6	1	0	0	0	0	147	0	0	0	0	58	0	0	52	0	0	0	0	0	0	0	0	0	2	0	0	0	0	0	0	0	11	0	0	0	0	0	0	264	0	0	0	0	0	0	0	0	0	0	2	0	0	0	30
0	20	1	0	0	0	20	0	0	0	0	0	0	36	0	0	0	136	0	18	18	65	0	0	334	23	102	0	0	0	0	27	0	10	30	0	0	0	0	0	0	0	0	8	62	0	0	0	0	0	0	9	12	0	0	0	0	0	0	40	0	0	0	0	0	0	0	0	0	0	0	0	1	1	213
0	0	1	4	0	12	0	0	0	0	0	6	0	2	1	0	0	0	3	0	1	0	0	0	0	0	0	0	0	0	0	0	172	2	0	0	0	0	0	0	0	0	0	0	0	0	0	0	0	0	0	0	0	0	0	0	0	0	1	0	0	0	48	0	4	0	0	0	0	0	0	2	1	18	0
0	0	9	0	0	0	16	0	1	0	83	0	0	27	1	0	0	2	0	8	13	7	0	0	0	0	7	0	0	0	0	37	0	9	3	4	0	0	0	0	8	0	0	27	10	0	0	0	0	0	0	0	0	1	0	0	7	5	2	12	3	0	0	0	0	0	0	2	0	0	0	11	3	0	29
0	2	11	0	0	0	38	0	2	0	57	0	0	270	0	0	0	6	0	10	117	221	0	0	0	0	134	0	0	0	0	0	0	45	9	0	0	0	0	0	2	0	0	0	0	0	2	0	0	0	0	0	0	0	0	0	2	6	0	20	2	1	1	0	0	0	0	0	0	2	11	0	12	0	0
0	0	28	18	1	33	1	0	45	1	7	0	0	131	17	3	0	72	50	13	28	9	1	0	2	0	19	23	0	0	0	30	324	17	125	31	3	0	0	0	37	0	0	0	47	11	33	12	0	0	0	11	1	0	0	5	8	17	14	17	2	41	82	0	0	0	2	0	1	1	3	12	0	26	12
0	4	4	12	0	49	1	0	0	0	0	0	0	0	4	0	0	0	70	0	1	0	0	0	0	0	0	0	0	0	0	0	0	0	0	1	18	0	0	0	0	0	0	0	50	1	2	15	0	0	0	0	0	0	0	4	0	2	5	32	0	42	0	0	7	0	0	0	1	18	0	0	26	0	1
0	1	1	2	1	0	335	0	0	0	1	0	0	0	1	0	0	69	3	82	16	96	48	0	1	0	9	0	0	0	0	220	0	92	6	52	16	0	0	0	54	0	0	0	1022	5	3	1	0	0	0	45	3	49	0	2	10	196	251	1	0	1	19	0	0	0	0	30	213	0	29	0	12	1	0
