0	0	0	0	0	0	0	0	0	0	0	0	0	0	0	0	0	0	0	0	0	0	0	0	0	0	0	0	0	0	0	0	0	0	0	0	0	0	0	0	0	0	0	0	0	0	0	0	0	0	0	0	0	0	0	0	0	0	0	0	0	0	0	0	0	0	0	0	0	0	0	0	0	0	0
0	0	0	0	0	0	16	0	1	4	0	0	0	0	0	0	0	27	0	3	0	23	4	0	14	1	1	0	0	0	0	0	0	2	16	3	0	0	0	1	7	0	0	0	0	1	0	0	0	0	0	0	14	11	0	13	0	0	0	0	0	0	0	0	0	0	0	6	10	0	0	0	0	0	1
0	0	0	11	0	41	3	0	11	3	13	0	0	30	5	0	0	0	0	0	2	1	0	0	0	0	0	0	0	1	0	0	984	2	37	3	0	0	0	1	22	0	0	0	17	0	10	7	1	0	0	0	7	0	0	0	1	5	3	0	0	34	21	0	2	0	0	0	1	0	6	2	0	2	0
0	0	11	0	0	0	0	0	0	0	166	0	0	0	175	90	0	1	0	0	1	7	0	0	0	0	0	0	0	0	0	0	51	0	5	0	0	0	0	0	0	0	0	0	0	0	0	0	3	0	0	0	0	0	0	0	0	76	0	0	0	0	91	0	0	0	41	0	0	0	12	0	11	15	0
0	0	0	0	0	0	0	0	0	0	0	0	0	0	0	0	0	0	0	0	0	1	0	0	0	0	1	0	0	0	0	0	0	0	0	0	0	0	0	0	0	0	0	0	0	0	0	0	0	0	0	0	0	0	0	0	0	0	0	0	0	0	1	0	0	0	35	0	0	0	0	0	0	16	0
0	0	41	0	0	0	1	0	0	0	0	0	0	86	86	0	0	6	0	2	0	0	0	0	0	0	0	0	0	0	0	0	2274	1	257	0	0	0	0	0	0	0	0	0	0	0	0	0	1	0	0	0	0	0	0	0	0	0	0	0	0	0	223	0	0	0	0	0	0	1	1	0	41	34	0
0	16	3	0	0	1	0	0	0	0	1	0	0	0	0	0	0	513	0	21	12	313	66	0	2	1	215	0	0	42	0	2	0	154	324	63	0	0	0	164	99	0	0	7	2	30	5	0	0	0	0	0	660	76	0	91	30	21	27	0	0	1	5	0	0	0	6	107	44	0	0	5	5	4	3
0	0	0	0	0	0	0	0	0	0	0	0	0	0	0	0	0	0	0	0	0	0	0	0	0	0	0	0	0	0	0	0	0	0	0	0	0	0	0	0	0	0	0	0	0	0	0	0	0	0	0	0	0	0	0	0	0	0	0	0	0	0	0	0	0	0	0	0	0	0	0	0	0	0	0
0	1	11	0	0	0	0	0	0	1	0	0	0	200	0	0	0	2	0	2	0	14	0	0	0	0	0	0	0	0	0	0	2151	0	851	0	0	0	0	0	0	0	0	0	0	0	0	0	0	0	0	0	0	0	0	0	0	0	0	0	0	0	0	0	0	0	0	0	0	0	0	0	7	0	0
0	4	3	0	0	0	0	0	1	0	2	0	0	5	8	0	0	2	0	1	0	0	0	0	0	0	0	0	0	0	0	0	7	2	1	0	0	0	0	0	4	0	0	0	0	0	0	1	0	0	2	0	0	0	0	0	0	3	0	0	0	4	10	0	1	0	0	0	1	0	0	0	7	0	0
0	0	13	166	0	0	1	0	0	2	0	0	0	0	5	0	0	0	0	126	173	0	0	0	0	0	0	0	0	0	0	8	1	2	0	0	84	0	0	0	0	0	0	0	40	0	7	9	0	0	1	0	0	182	0	0	0	225	34	0	0	37	78	0	0	0	171	0	0	0	203	0	32	0	0
0	0	0	0	0	0	0	0	0	0	0	0	0	0	0	0	0	0	0	0	10	0	0	0	0	0	0	0	0	0	0	0	0	0	0	0	0	0	0	0	0	0	0	0	6	0	0	0	0	0	0	0	0	0	0	0	0	0	0	0	0	0	6	0	0	0	0	0	0	0	0	0	0	0	0
0	0	0	0	0	0	0	0	0	0	0	0	0	0	0	0	0	0	0	0	0	0	0	0	0	0	0	0	0	0	0	0	0	0	0	0	0	0	0	0	0	0	0	0	0	0	0	0	0	0	0	0	0	0	0	0	0	0	0	0	0	0	0	0	0	0	0	0	0	0	0	0	0	0	0
0	0	30	0	0	86	0	0	200	5	0	0	0	0	0	0	0	5	0	4	4	37	0	0	0	0	0	0	0	0	0	0	2708	166	1160	12	0	0	0	45	402	0	0	0	1	0	208	0	0	0	0	0	3	0	0	0	5	88	14	3	0	0	0	0	0	0	0	0	0	0	1	76	7	0	34
0	0	5	175	0	86	0	0	0	8	5	0	0	0	0	0	0	0	0	0	5	14	0	0	0	0	0	0	0	1	0	20	2254	1	5	0	3	0	0	0	2	0	0	1	263	0	3	89	8	0	9	0	0	0	0	0	27	20	4	10	0	249	656	0	116	0	9	1	0	0	8	1	15	10	0
0	0	0	90	0	0	0	0	0	0	0	0	0	0	0	0	0	0	0	150	0	19	0	0	0	0	0	0	0	0	0	0	0	0	0	0	33	0	0	0	0	0	0	0	96	0	0	0	68	0	0	0	0	4	0	0	0	0	0	0	0	0	0	0	0	0	80	0	26	0	0	0	0	0	0
0	0	0	0	0	0	0	0	0	0	0	0	0	0	0	0	0	0	0	0	0	0	0	0	0	0	0	0	0	0	0	0	6	0	0	0	0	0	0	0	0	0	0	0	0	0	0	0	0	0	0	0	0	0	0	0	0	0	0	0	0	0	0	0	0	0	0	0	0	0	0	0	0	0	0
0	27	0	1	0	6	513	0	2	2	0	0	0	5	0	0	0	0	0	8	25	406	33	0	13	1	196	0	0	4	0	3	0	105	222	25	0	0	0	152	275	0	0	0	47	17	16	0	0	0	0	0	427	48	0	110	5	25	19	0	0	23	87	0	0	0	1	78	63	0	0	0	2	3	8
0	0	0	0	0	0	0	0	0	0	0	0	0	0	0	0	0	0	0	0	0	0	0	0	0	0	0	0	0	0	0	0	0	0	0	0	0	0	0	0	0	0	0	0	0	0	0	0	0	0	0	0	0	0	0	0	0	0	0	0	0	0	0	0	0	0	0	0	0	0	0	0	0	0	0
0	3	0	0	0	2	21	0	2	1	126	0	0	4	0	150	0	8	0	0	392	32	84	0	10	2	0	0	0	6	0	24	2	10	84	2	0	0	0	2	2	0	0	0	154	2	0	0	0	0	0	0	1	188	0	0	2	124	132	24	0	0	0	0	0	0	0	12	172	0	17	2	0	1	145
0	0	2	1	0	0	12	0	0	0	173	10	0	4	5	0	0	25	0	392	0	6	1	0	104	187	0	0	0	2	0	27	8	27	90	4	0	0	0	1	16	0	0	0	31	86	31	1	0	0	0	2	2	297	0	229	298	305	30	0	0	0	16	0	0	0	30	3	134	1	240	1	6	0	0
0	23	1	7	1	0	313	0	14	0	0	0	0	37	14	19	0	406	0	32	6	0	42	0	3	1	319	0	0	10	1	1	0	291	737	47	0	0	0	125	362	0	0	0	10	14	6	7	0	0	0	0	252	24	0	47	9	11	17	0	0	7	2	0	2	0	0	8	30	0	0	0	3	0	0
0	4	0	0	0	0	66	0	0	0	0	0	0	0	0	0	0	33	0	84	1	42	0	0	174	19	29	0	0	5	0	0	0	3	209	0	0	0	0	0	0	0	0	6	0	0	0	0	0	0	0	0	67	0	0	0	0	0	0	0	0	0	0	0	0	0	0	0	0	0	0	0	0	0	29
0	0	0	0	0	0	0	0	0	0	0	0	0	0	0	0	0	0	0	0	0	0	0	0	0	0	0	0	0	0	0	0	0	0	0	0	0	0	0	0	0	0	0	0	0	0	0	0	0	0	0	0	0	0	0	0	0	0	0	0	0	0	0	0	0	0	0	0	0	0	0	0	0	0	0
0	14	0	0	0	0	2	0	0	0	0	0	0	0	0	0	0	13	0	10	104	3	174	0	0	319	2	0	0	0	0	0	0	15	2	24	0	0	0	4	2	0	0	0	0	34	2	0	0	0	0	0	1	0	0	265	278	2	0	0	0	0	0	0	0	0	0	0	235	0	0	0	0	0	4
0	1	0	0	0	0	1	0	0	0	0	0	0	0	0	0	0	1	0	2	187	1	19	0	319	0	0	0	0	0	0	1	0	1	2	0	0	0	0	0	0	0	0	0	0	8	0	0	0	0	0	0	1	19	0	30	41	2	0	0	0	0	0	0	0	0	0	0	38	0	0	0	0	0	0
0	1	0	0	1	0	215	0	0	0	0	0	0	0	0	0	0	196	0	0	0	319	29	0	2	0	0	0	0	14	0	0	0	176	33	37	0	0	0	79	158	0	0	0	0	12	0	0	0	0	0	0	254	3	0	33	14	3	29	0	0	0	0	0	0	0	0	23	9	0	0	10	0	0	0
0	0	0	0	0	0	0	0	0	0	0	0	0	0	0	0	0	0	0	0	0	0	0	0	0	0	0	0	0	0	0	0	0	0	0	0	0	0	0	0	0	0	0	0	0	0	0	0	0	0	0	0	0	0	0	0	0	0	0	0	0	0	0	0	0	0	0	0	0	0	0	0	0	0	0
0	0	0	0	0	0	0	0	0	0	0	0	0	0	0	0	0	0	0	0	0	0	0	0	0	0	0	0	0	0	0	0	0	0	0	0	0	0	0	0	0	0	0	0	0	0	0	0	0	0	0	0	0	0	0	0	0	0	0	0	0	0	0	0	0	0	0	0	0	0	0	0	0	0	0
0	0	1	0	0	0	42	0	0	0	0	0	0	0	1	0	0	4	0	6	2	10	5	0	0	0	14	0	0	0	0	0	0	10	147	9	0	0	0	0	5	0	0	0	0	4	0	0	0	0	0	0	83	0	0	1	1	0	6	18	0	0	0	0	0	0	0	9	5	0	0	0	1	0	0
0	0	0	0	0	0	0	0	0	0	0	0	0	0	0	0	0	0	0	0	0	1	0	0	0	0	0	0	0	0	0	0	0	0	0	0	0	0	0	0	0	0	0	0	0	0	0	0	0	0	0	0	0	0	0	0	0	0	0	0	0	0	0	0	0	0	190	0	0	0	0	0	0	3	0
0	0	0	0	0	0	2	0	0	0	8	0	0	0	20	0	0	3	0	24	27	1	0	0	0	1	0	0	0	0	0	0	80	0	47	0	0	0	0	0	0	0	0	0	0	0	0	0	0	0	0	39	5	0	0	0	0	23	0	0	0	0	2	0	0	0	0	0	0	0	1	0	0	0	52
0	0	984	51	0	2274	0	0	2151	7	1	0	0	2708	2254	0	6	0	0	2	8	0	0	0	0	0	0	0	0	0	0	80	0	13	857	0	0	0	0	0	2712	0	0	1	305	1	1316	52	0	0	0	0	0	0	0	0	2	100	49	0	0	3	766	0	3222	0	1	0	0	542	5	2	69	18	1
0	2	2	0	0	1	154	0	0	2	2	0	0	166	1	0	0	105	0	10	27	291	3	0	15	1	176	0	0	10	0	0	13	0	168	1	0	0	0	20	22	0	0	12	4	0	3	0	0	0	0	0	184	0	0	2	3	2	0	0	1	0	5	0	0	0	1	0	4	1	0	0	2	0	0
0	16	37	5	0	257	324	0	851	1	0	0	0	1160	5	0	0	222	0	84	90	737	209	0	2	2	33	0	0	147	0	47	857	168	0	120	0	0	0	37	1334	0	0	4	13	1	1414	0	0	0	0	0	514	69	0	51	13	284	1339	22	0	2	3	0	0	0	0	912	83	3	28	432	11	1	155
0	3	3	0	0	0	63	0	0	0	0	0	0	12	0	0	0	25	0	2	4	47	0	0	24	0	37	0	0	9	0	0	0	1	120	0	0	0	0	10	0	0	0	0	0	0	0	0	0	0	0	0	142	0	0	0	0	1	0	8	1	0	0	0	0	0	0	0	0	0	0	0	3	0	0
0	0	0	0	0	0	0	0	0	0	84	0	0	0	3	33	0	0	0	0	0	0	0	0	0	0	0	0	0	0	0	0	0	0	0	0	0	0	0	0	0	0	0	0	0	0	0	0	0	0	0	0	0	0	0	0	0	0	0	0	0	0	5	0	0	0	189	0	0	0	0	0	0	30	2
0	0	0	0	0	0	0	0	0	0	0	0	0	0	0	0	0	0	0	0	0	0	0	0	0	0	0	0	0	0	0	0	0	0	0	0	0	0	0	0	0	0	0	0	0	0	0	0	0	0	0	0	0	0	0	0	0	0	0	0	0	0	0	0	0	0	0	0	0	0	0	0	0	0	0
0	0	0	0	0	0	0	0	0	0	0	0	0	0	0	0	0	0	0	0	0	0	0	0	0	0	0	0	0	0	0	0	0	0	0	0	0	0	0	0	0	0	0	0	0	0	0	0	0	0	0	0	0	0	0	0	0	0	0	0	0	0	0	0	0	0	0	0	0	0	0	0	0	0	0
0	1	1	0	0	0	164	0	0	0	0	0	0	45	0	0	0	152	0	2	1	125	0	0	4	0	79	0	0	0	0	0	0	20	37	10	0	0	0	0	15	0	0	0	0	4	0	1	0	0	0	0	85	0	0	0	0	0	0	0	0	0	0	0	0	0	0	0	0	0	0	0	1	0	0
0	7	22	0	0	0	99	0	0	4	0	0	0	402	2	0	0	275	0	2	16	362	0	0	2	0	158	0	0	5	0	0	2712	22	1334	0	0	0	0	15	0	0	0	12	0	0	0	0	0	0	0	0	154	0	0	0	0	0	0	0	2	0	0	0	0	0	0	0	0	0	0	0	13	1	23
0	0	0	0	0	0	0	0	0	0	0	0	0	0	0	0	0	0	0	0	0	0	0	0	0	0	0	0	0	0	0	0	0	0	0	0	0	0	0	0	0	0	0	0	0	0	0	0	0	0	0	0	0	0	0	0	0	0	0	0	0	0	0	0	0	0	0	0	0	0	0	0	0	0	0
0	0	0	0	0	0	0	0	0	0	0	0	0	0	0	0	0	0	0	0	0	0	0	0	0	0	0	0	0	0	0	0	0	0	0	0	0	0	0	0	0	0	0	0	0	0	0	0	0	0	0	0	0	0	0	0	0	0	0	0	0	0	0	0	0	0	0	0	0	0	0	0	0	0	0
0	0	0	0	0	0	7	0	0	0	0	0	0	0	1	0	0	0	0	0	0	0	6	0	0	0	0	0	0	0	0	0	1	12	4	0	0	0	0	0	12	0	0	0	1	0	0	0	0	0	0	0	12	0	0	0	0	1	0	0	0	0	1	0	0	0	0	1	0	0	0	0	4	0	0
0	0	17	0	0	0	2	0	0	0	40	6	0	1	263	96	0	47	0	154	31	10	0	0	0	0	0	0	0	0	0	0	305	4	13	0	0	0	0	0	0	0	0	1	0	0	0	0	5	0	0	0	0	0	0	0	0	5	0	0	0	0	408	0	0	0	1	0	0	3	3	0	17	15	0
0	1	0	0	0	0	30	0	0	0	0	0	0	0	0	0	0	17	0	2	86	14	0	0	34	8	12	0	0	4	0	0	1	0	1	0	0	0	0	4	0	0	0	0	0	0	0	0	0	0	0	0	48	0	0	0	0	3	0	0	0	0	0	0	0	0	0	0	0	0	0	0	0	2	0
0	0	10	0	0	0	5	0	0	0	7	0	0	208	3	0	0	16	0	0	31	6	0	0	2	0	0	0	0	0	0	0	1316	3	1414	0	0	0	0	0	0	0	0	0	0	0	0	0	0	0	0	0	23	0	0	0	0	0	0	0	0	0	32	0	0	0	0	0	0	0	2	0	5	25	0
0	0	7	0	0	0	0	0	0	1	9	0	0	0	89	0	0	0	0	0	1	7	0	0	0	0	0	0	0	0	0	0	52	0	0	0	0	0	0	1	0	0	0	0	0	0	0	0	0	0	0	0	0	0	0	0	0	0	0	0	0	0	8	0	0	0	0	0	0	0	0	0	7	0	0
0	0	1	3	0	1	0	0	0	0	0	0	0	0	8	68	0	0	0	0	0	0	0	0	0	0	0	0	0	0	0	0	0	0	0	0	0	0	0	0	0	0	0	0	5	0	0	0	0	0	0	0	0	0	0	0	0	0	0	0	0	2	5	0	0	0	1	0	0	1	0	0	4	0	0
0	0	0	0	0	0	0	0	0	0	0	0	0	0	0	0	0	0	0	0	0	0	0	0	0	0	0	0	0	0	0	0	0	0	0	0	0	0	0	0	0	0	0	0	0	0	0	0	0	0	0	0	0	0	0	0	0	0	0	0	0	0	0	0	0	0	0	0	0	0	0	0	0	0	0
0	0	0	0	0	0	0	0	0	2	1	0	0	0	9	0	0	0	0	0	0	0	0	0	0	0	0	0	0	0	0	0	0	0	0	0	0	0	0	0	0	0	0	0	0	0	0	0	0	0	0	0	0	0	0	0	0	0	0	0	0	0	0	0	0	0	0	0	0	0	0	0	0	0	0
0	0	0	0	0	0	0	0	0	0	0	0	0	0	0	0	0	0	0	0	2	0	0	0	0	0	0	0	0	0	0	39	0	0	0	0	0	0	0	0	0	0	0	0	0	0	0	0	0	0	0	0	0	0	0	0	0	0	0	0	0	0	0	0	0	0	0	0	0	0	0	0	0	0	0
0	14	7	0	0	0	660	0	0	0	0	0	0	3	0	0	0	427	0	1	2	252	67	0	1	1	254	0	0	83	0	5	0	184	514	142	0	0	0	85	154	0	0	12	0	48	23	0	0	0	0	0	0	13	0	37	2	10	37	0	0	0	0	0	0	0	0	121	15	0	0	9	6	0	0
0	11	0	0	0	0	76	0	0	0	182	0	0	0	0	4	0	48	0	188	297	24	0	0	0	19	3	0	0	0	0	0	0	0	69	0	0	0	0	0	0	0	0	0	0	0	0	0	0	0	0	0	13	0	0	0	0	104	0	0	0	0	0	0	0	0	0	0	0	0	10	0	0	0	162
0	0	0	0	0	0	0	0	0	0	0	0	0	0	0	0	0	0	0	0	0	0	0	0	0	0	0	0	0	0	0	0	0	0	0	0	0	0	0	0	0	0	0	0	0	0	0	0	0	0	0	0	0	0	0	0	0	0	0	0	0	0	0	0	0	0	0	0	0	0	0	0	0	0	0
0	13	0	0	0	0	91	0	0	0	0	0	0	0	0	0	0	110	0	0	229	47	0	0	265	30	33	0	0	1	0	0	0	2	51	0	0	0	0	0	0	0	0	0	0	0	0	0	0	0	0	0	37	0	0	0	3	0	0	0	0	0	0	0	0	0	0	0	0	0	0	0	0	1	2
0	0	1	0	0	0	30	0	0	0	0	0	0	5	27	0	0	5	0	2	298	9	0	0	278	41	14	0	0	1	0	0	2	3	13	0	0	0	0	0	0	0	0	0	0	0	0	0	0	0	0	0	2	0	0	3	0	49	0	0	0	0	0	0	0	0	0	0	0	0	14	0	1	0	1
0	0	5	76	0	0	21	0	0	3	225	0	0	88	20	0	0	25	0	124	305	11	0	0	2	2	3	0	0	0	0	23	100	2	284	1	0	0	0	0	0	0	0	1	5	3	0	0	0	0	0	0	10	104	0	0	49	0	1	14	0	0	67	0	0	0	17	0	0	4	121	0	5	19	31
0	0	3	0	0	0	27	0	0	0	34	0	0	14	4	0	0	19	0	132	30	17	0	0	0	0	29	0	0	6	0	0	49	0	1339	0	0	0	0	0	0	0	0	0	0	0	0	0	0	0	0	0	37	0	0	0	0	1	0	8	0	0	36	0	0	0	2	0	0	0	0	0	3	9	87
0	0	0	0	0	0	0	0	0	0	0	0	0	3	10	0	0	0	0	24	0	0	0	0	0	0	0	0	0	18	0	0	0	0	22	8	0	0	0	0	0	0	0	0	0	0	0	0	0	0	0	0	0	0	0	0	0	14	8	0	0	0	0	0	0	0	0	22	0	0	2	16	0	0	0
0	0	0	0	0	0	0	0	0	0	0	0	0	0	0	0	0	0	0	0	0	0	0	0	0	0	0	0	0	0	0	0	0	1	0	1	0	0	0	0	2	0	0	0	0	0	0	0	0	0	0	0	0	0	0	0	0	0	0	0	0	0	0	0	0	0	0	0	0	0	0	0	0	0	0
0	0	34	0	0	0	1	0	0	4	37	0	0	0	249	0	0	23	0	0	0	7	0	0	0	0	0	0	0	0	0	0	3	0	2	0	0	0	0	0	0	0	0	0	0	0	0	0	2	0	0	0	0	0	0	0	0	0	0	0	0	0	196	0	0	0	6	0	0	0	1	0	34	4	0
0	0	21	91	1	223	5	0	0	10	78	6	0	0	656	0	0	87	0	0	16	2	0	0	0	0	0	0	0	0	0	2	766	5	3	0	5	0	0	0	0	0	0	1	408	0	32	8	5	0	0	0	0	0	0	0	0	67	36	0	0	196	0	0	21	0	3	0	34	67	27	0	54	60	0
0	0	0	0	0	0	0	0	0	0	0	0	0	0	0	0	0	0	0	0	0	0	0	0	0	0	0	0	0	0	0	0	0	0	0	0	0	0	0	0	0	0	0	0	0	0	0	0	0	0	0	0	0	0	0	0	0	0	0	0	0	0	0	0	0	0	0	0	0	0	0	0	0	0	0
0	0	2	0	0	0	0	0	0	1	0	0	0	0	116	0	0	0	0	0	0	2	0	0	0	0	0	0	0	0	0	0	3222	0	0	0	0	0	0	0	0	0	0	0	0	0	0	0	0	0	0	0	0	0	0	0	0	0	0	0	0	0	21	0	0	0	0	0	0	0	0	0	0	0	0
0	0	0	0	0	0	0	0	0	0	0	0	0	0	0	0	0	0	0	0	0	0	0	0	0	0	0	0	0	0	0	0	0	0	0	0	0	0	0	0	0	0	0	0	0	0	0	0	0	0	0	0	0	0	0	0	0	0	0	0	0	0	0	0	0	0	0	0	0	0	0	0	0	0	0
0	0	0	41	35	0	6	0	0	0	171	0	0	0	9	80	0	1	0	0	30	0	0	0	0	0	0	0	0	0	190	0	1	1	0	0	189	0	0	0	0	0	0	0	1	0	0	0	1	0	0	0	0	0	0	0	0	17	2	0	0	6	3	0	0	0	0	0	0	0	0	0	0	1	0
0	6	0	0	0	0	107	0	0	0	0	0	0	0	1	0	0	78	0	12	3	8	0	0	0	0	23	0	0	9	0	0	0	0	912	0	0	0	0	0	0	0	0	1	0	0	0	0	0	0	0	0	121	0	0	0	0	0	0	22	0	0	0	0	0	0	0	0	0	0	0	0	0	0	14
0	10	1	0	0	0	44	0	0	1	0	0	0	0	0	26	0	63	0	172	134	30	0	0	235	38	9	0	0	5	0	0	0	4	83	0	0	0	0	0	0	0	0	0	0	0	0	0	0	0	0	0	15	0	0	0	0	0	0	0	0	0	34	0	0	0	0	0	0	0	0	0	1	0	99
0	0	0	0	0	1	0	0	0	0	0	0	0	0	0	0	0	0	0	0	1	0	0	0	0	0	0	0	0	0	0	0	542	1	3	0	0	0	0	0	0	0	0	0	3	0	0	0	1	0	0	0	0	0	0	0	0	4	0	0	0	0	67	0	0	0	0	0	0	0	1	0	3	11	0
0	0	6	12	0	1	0	0	0	0	203	0	0	1	8	0	0	0	0	17	240	0	0	0	0	0	0	0	0	0	0	1	5	0	28	0	0	0	0	0	0	0	0	0	3	0	2	0	0	0	0	0	0	10	0	0	14	121	0	2	0	1	27	0	0	0	0	0	0	1	0	0	6	0	1
0	0	2	0	0	0	5	0	0	0	0	0	0	76	1	0	0	0	0	2	1	0	0	0	0	0	10	0	0	0	0	0	2	0	432	0	0	0	0	0	0	0	0	0	0	0	0	0	0	0	0	0	9	0	0	0	0	0	0	16	0	0	0	0	0	0	0	0	0	0	0	0	0	1	0
0	0	0	11	0	41	5	0	7	7	32	0	0	7	15	0	0	2	0	0	6	3	0	0	0	0	0	0	0	1	0	0	69	2	11	3	0	0	0	1	13	0	0	4	17	0	5	7	4	0	0	0	6	0	0	0	1	5	3	0	0	34	54	0	0	0	0	0	1	3	6	0	0	17	0
0	0	2	15	16	34	4	0	0	0	0	0	0	0	10	0	0	3	0	1	0	0	0	0	0	0	0	0	0	0	3	0	18	0	1	0	30	0	0	0	1	0	0	0	15	2	25	0	0	0	0	0	0	0	0	1	0	19	9	0	0	4	60	0	0	0	1	0	0	11	0	1	17	0	0
0	1	0	0	0	0	3	0	0	0	0	0	0	34	0	0	0	8	0	145	0	0	29	0	4	0	0	0	0	0	0	52	1	0	155	0	2	0	0	0	23	0	0	0	0	0	0	0	0	0	0	0	0	162	0	2	1	31	87	0	0	0	0	0	0	0	0	14	99	0	1	0	0	0	0
