0	0	0	0	0	0	0	0	0	0	0	0	0	0	0	0	0	0	0	0	0	0	0	0	0	0	0	0	0	0	0	0	0	0	0	0	0	0	0	0	0	0	0	0	0	0	0	0	0	0	0	0	0	0	0	0	0	0	0	0	0	0	0	0	0	0	0	0	0	0	0	0	0	0	0
0	0	0	0	7	0	0	0	0	0	0	0	0	13	0	0	0	1	0	0	0	8	32	0	169	0	7	0	0	20	0	27	0	0	0	4	0	0	0	0	0	16	1	0	0	1	0	0	0	0	0	10	28	0	0	58	2	0	2	0	0	0	0	0	0	0	0	9	7	0	0	0	7	0	27
0	0	0	4	0	13	0	0	9	0	1	1	0	6	6	0	2	0	0	0	3	0	0	0	0	0	0	0	0	2	0	0	0	3	12	0	0	0	0	0	4	1	9	0	2	0	0	0	1	0	0	0	0	0	0	0	0	7	5	1	2	0	4	0	2	0	5	0	0	0	2	7	0	2	0
0	0	4	0	0	1	0	0	0	0	163	15	0	0	0	95	0	0	0	0	0	4	0	0	0	0	0	25	0	2	0	0	0	1	0	0	0	0	0	0	0	21	0	0	0	1	0	0	0	0	0	0	1	0	0	0	0	33	0	0	0	0	71	0	0	0	0	0	0	0	0	0	0	1	0
0	7	0	0	0	0	0	0	0	0	0	0	0	0	0	0	0	0	0	0	0	0	0	0	0	0	1	0	0	0	0	0	0	0	0	10	1	0	0	0	0	0	0	0	0	0	0	0	0	0	0	0	0	0	0	0	0	0	0	0	124	0	0	0	0	0	0	0	0	0	0	0	0	0	0
0	0	13	1	0	0	0	0	77	0	0	176	0	156	31	3	23	4	0	14	0	15	0	0	0	2	0	10	0	38	0	1	0	32	124	11	0	0	0	0	118	1	80	0	0	5	0	5	0	0	0	0	0	0	0	11	0	14	5	0	1	0	161	0	102	0	0	0	0	12	0	8	43	348	1
0	0	0	0	0	0	0	0	0	0	0	0	0	0	0	13	0	158	0	0	1	134	42	0	4	0	130	0	0	37	0	1	0	1	0	0	0	0	0	0	0	0	0	0	0	13	0	0	0	0	0	0	192	0	0	1	0	0	0	0	0	0	0	0	0	0	0	0	0	0	0	0	0	1	0
0	0	0	0	0	0	0	0	0	0	0	1	0	53	0	12	0	1	0	0	0	0	0	0	0	0	0	0	0	0	0	0	0	0	0	1	0	0	0	0	0	12	0	0	0	0	0	0	0	0	0	0	0	0	0	0	0	0	0	0	0	0	0	0	0	0	0	0	0	0	0	0	0	0	0
0	0	9	0	0	77	0	0	0	0	0	1	0	372	0	4	0	109	0	0	98	272	2	0	0	0	34	0	0	56	0	0	0	14	0	1	0	0	0	0	153	1	0	0	0	2	0	0	0	0	0	1	21	0	0	0	0	4	0	8	129	0	0	0	0	0	0	0	0	0	0	0	0	0	0
0	0	0	0	0	0	0	0	0	0	0	0	0	0	0	0	0	0	0	0	0	0	0	0	0	0	0	0	0	0	0	0	0	0	0	0	0	0	0	0	0	0	0	0	0	0	0	0	0	0	3	1	0	0	0	0	0	0	0	0	0	0	0	0	0	0	0	0	0	0	0	0	0	0	0
0	0	1	163	0	0	0	0	0	0	0	9	0	1	2	500	0	0	0	167	1	0	0	0	0	0	0	6	0	0	0	222	0	18	0	0	49	0	0	0	0	121	69	0	292	4	0	0	420	0	0	303	0	331	0	0	0	344	2	0	0	0	40	0	0	0	154	0	0	0	5	0	25	1	2
0	0	1	15	0	176	0	1	1	0	9	0	0	3	125	17	25	0	0	2	0	1	0	0	0	0	0	0	0	0	0	0	0	0	13	0	0	0	0	0	1	6	49	0	18	0	0	6	0	0	0	0	1	0	0	4	0	4	3	2	0	0	452	0	13	0	0	0	0	0	3	0	13	195	0
0	0	0	0	0	0	0	0	0	0	0	0	0	0	0	0	0	0	0	0	0	0	0	0	0	0	0	0	0	0	0	0	0	0	0	0	0	0	0	0	0	0	0	0	0	0	0	0	0	0	0	0	0	0	0	0	0	0	0	0	0	0	0	0	0	0	0	0	0	0	0	0	0	0	0
0	13	6	0	0	156	0	53	372	0	1	3	0	0	1	11	7	227	0	36	17	140	5	0	1	0	8	1	0	132	0	0	0	223	180	40	0	0	0	0	483	33	3	0	1	1	7	0	1	0	0	0	7	0	0	26	3	44	57	11	173	0	5	0	17	0	0	6	0	5	2	149	11	3	6
0	0	6	0	0	31	0	0	0	0	2	125	0	1	0	55	0	0	0	0	0	0	0	0	0	0	0	7	0	0	0	0	0	0	0	0	0	0	0	0	1	4	0	0	0	2	0	0	0	0	0	0	3	0	0	0	0	1	0	6	0	0	226	0	0	0	1	0	0	16	0	0	0	113	0
0	0	0	95	0	3	13	12	4	0	500	17	0	11	55	0	18	18	0	67	1	5	15	0	2	0	14	4	0	24	0	24	0	13	2	18	86	0	0	0	10	45	286	0	201	30	0	4	297	0	0	1	33	11	0	4	0	223	28	22	0	0	18	0	4	0	124	4	0	10	60	5	7	3	9
0	0	2	0	0	23	0	0	0	0	0	25	0	7	0	18	0	0	0	0	0	0	0	0	0	0	0	0	0	0	0	0	0	0	0	0	0	0	0	0	2	5	0	0	0	1	0	0	0	0	0	0	0	0	0	0	0	0	0	0	0	0	39	0	0	0	0	0	0	0	0	0	0	26	0
0	1	0	0	0	4	158	1	109	0	0	0	0	227	0	18	0	0	0	46	1	356	47	0	15	1	274	0	0	104	0	1	0	215	26	35	0	0	0	0	322	4	0	0	1	12	0	0	0	0	0	0	551	8	0	56	0	5	28	0	1	0	0	0	0	0	1	47	10	1	0	84	1	1	0
0	0	0	0	0	0	0	0	0	0	0	0	0	0	0	0	0	0	0	0	0	0	0	0	0	0	0	0	0	0	0	0	0	0	0	0	0	0	0	0	0	14	0	0	0	0	0	0	4	0	441	0	0	4	0	0	4	0	0	0	0	0	3	0	0	0	0	0	0	0	0	0	0	0	0
0	0	0	0	0	14	0	0	0	0	167	2	0	36	0	67	0	46	0	0	1	53	26	0	6	2	43	2	0	59	0	86	0	0	0	3	0	0	0	0	25	1	0	0	0	19	0	0	0	0	0	173	127	0	0	1	1	88	0	8	0	0	1	0	0	0	0	0	0	0	0	0	0	0	0
0	0	3	0	0	0	1	0	98	0	1	0	0	17	0	1	0	1	0	1	0	159	3	0	0	0	66	0	0	8	0	0	0	149	7	49	0	0	0	0	132	5	1	0	0	0	0	0	0	0	0	0	45	0	0	1	65	19	52	10	33	0	8	0	0	0	5	0	0	9	12	159	15	0	2
0	8	0	4	0	15	134	0	272	0	0	1	0	140	0	5	0	356	0	53	159	0	168	0	0	0	429	0	0	141	0	13	0	395	168	83	0	0	0	0	461	30	0	0	0	19	1	0	0	0	0	0	721	5	0	30	35	7	132	1	0	0	0	0	0	0	0	5	0	0	1	215	0	2	9
0	32	0	0	0	0	42	0	2	0	0	0	0	5	0	15	0	47	0	26	3	168	0	0	578	153	175	0	0	203	0	118	0	16	5	210	0	0	0	0	21	2	0	0	0	46	0	0	0	0	0	135	354	2	0	211	7	7	226	0	52	0	0	0	0	0	0	193	250	36	1	2	1	1	57
0	0	0	0	0	0	0	0	0	0	0	0	0	0	0	0	0	0	0	0	0	0	0	0	0	0	5	0	0	0	0	0	0	0	0	2	0	0	0	0	0	0	0	0	0	0	0	0	0	0	0	0	4	0	0	0	0	0	5	0	46	0	0	0	0	0	0	0	0	44	0	0	0	0	0
0	169	0	0	0	0	4	0	0	0	0	0	0	1	0	2	0	15	0	6	0	0	578	0	0	385	1	0	0	15	0	39	0	0	0	108	0	0	0	0	2	0	0	0	0	200	0	0	0	0	0	34	9	54	0	490	592	41	24	0	0	0	0	0	2	0	0	4	738	0	0	0	0	0	16
0	0	0	0	0	2	0	0	0	0	0	0	0	0	0	0	0	1	0	2	0	0	153	0	385	0	2	0	0	4	0	13	0	0	0	2	0	0	0	0	0	0	0	0	0	14	0	0	0	0	0	54	3	0	0	47	69	50	0	0	0	0	0	0	0	0	0	0	69	0	0	0	0	0	1
0	7	0	0	1	0	130	0	34	0	0	0	0	8	0	14	0	274	0	43	66	429	175	5	1	2	0	0	0	135	0	10	0	378	61	74	0	0	0	0	431	11	0	0	0	12	0	0	0	0	0	1	591	18	0	59	21	9	111	0	28	0	0	0	0	0	0	111	3	8	3	143	2	1	3
0	0	0	25	0	10	0	0	0	0	6	0	0	1	7	4	0	0	0	2	0	0	0	0	0	0	0	0	0	3	0	0	0	1	0	2	89	0	0	0	2	145	2	0	4	1	0	13	13	0	0	0	0	0	0	0	0	0	1	5	0	0	7	0	0	0	181	0	0	0	0	0	1	0	0
0	0	0	0	0	0	0	0	0	0	0	0	0	0	0	0	0	0	0	0	0	0	0	0	0	0	0	0	0	0	0	0	0	0	0	0	0	0	0	0	0	0	0	0	0	0	0	0	0	0	0	0	0	0	0	0	0	0	0	0	0	0	0	0	0	0	0	0	0	0	0	0	0	0	0
0	20	2	2	0	38	37	0	56	0	0	0	0	132	0	24	0	104	0	59	8	141	203	0	15	4	135	3	0	0	0	13	0	172	1	392	1	0	0	0	439	9	18	0	0	9	0	1	0	0	0	1	440	2	0	12	5	31	232	142	57	0	3	0	0	0	0	137	92	1	3	28	5	0	0
0	0	0	0	0	0	0	0	0	0	0	0	0	0	0	0	0	0	0	0	0	0	0	0	0	0	0	0	0	0	0	0	0	0	0	0	0	0	0	0	0	0	0	0	0	0	0	0	0	0	0	0	0	0	0	0	0	0	0	0	0	0	0	0	0	0	0	0	0	0	0	0	0	0	0
0	27	0	0	0	1	1	0	0	0	222	0	0	0	0	24	0	1	0	86	0	13	118	0	39	13	10	0	0	13	0	0	0	5	2	6	0	0	0	0	7	4	0	0	66	75	0	0	19	0	0	704	14	335	0	187	0	161	9	0	0	0	0	0	0	0	0	128	78	0	12	0	0	0	56
0	0	0	0	0	0	0	0	0	0	0	0	0	0	0	0	0	0	0	0	0	0	0	0	0	0	0	0	0	0	0	0	0	0	0	0	0	0	0	0	0	0	0	0	0	0	0	0	0	0	0	0	0	0	0	0	0	0	0	0	0	0	0	0	0	0	0	0	0	0	0	0	0	0	0
0	0	3	1	0	32	1	0	14	0	18	0	0	223	0	13	0	215	0	0	149	395	16	0	0	0	378	1	0	172	0	5	0	0	3	21	0	0	0	0	101	5	3	0	2	1	0	2	1	0	0	0	404	0	0	2	17	3	61	0	72	0	56	0	1	0	0	2	0	49	2	13	5	3	0
0	0	12	0	0	124	0	0	0	0	0	13	0	180	0	2	0	26	0	0	7	168	5	0	0	0	61	0	0	1	0	2	0	3	0	8	0	0	0	0	34	1	0	0	0	0	0	0	0	0	0	0	67	0	0	0	2	1	43	0	110	0	8	0	0	0	0	0	0	58	0	0	0	198	0
0	4	0	0	10	11	0	1	1	0	0	0	0	40	0	18	0	35	0	3	49	83	210	2	108	2	74	2	0	392	0	6	0	21	8	0	0	0	0	0	91	5	1	0	1	7	0	0	0	0	0	1	398	1	0	1	17	12	48	16	237	0	0	0	0	0	0	12	0	39	0	2	0	1	0
0	0	0	0	1	0	0	0	0	0	49	0	0	0	0	86	0	0	0	0	0	0	0	0	0	0	0	89	0	1	0	0	0	0	0	0	0	0	0	0	0	28	0	0	0	0	0	0	0	0	0	0	0	0	0	0	0	4	0	0	0	0	0	0	0	0	2	0	0	0	0	0	0	0	0
0	0	0	0	0	0	0	0	0	0	0	0	0	0	0	0	0	0	0	0	0	0	0	0	0	0	0	0	0	0	0	0	0	0	0	0	0	0	0	0	0	0	0	0	0	0	0	0	0	0	0	0	0	0	0	0	0	0	0	0	0	0	0	0	0	0	0	0	0	0	0	0	0	0	0
0	0	0	0	0	0	0	0	0	0	0	0	0	0	0	0	0	0	0	0	0	0	0	0	0	0	0	0	0	0	0	0	0	0	0	0	0	0	0	0	0	0	0	0	0	0	0	0	0	0	0	0	0	0	0	0	0	0	0	0	0	0	0	0	0	0	0	0	0	0	0	0	0	0	0
0	0	0	0	0	0	0	0	0	0	0	0	0	0	0	0	0	0	0	0	0	0	0	0	0	0	0	0	0	0	0	0	0	0	0	0	0	0	0	0	0	0	0	0	0	0	0	0	0	0	0	0	0	0	0	0	0	0	0	0	0	0	0	0	0	0	0	0	0	0	0	0	0	0	0
0	0	4	0	0	118	0	0	153	0	0	1	0	483	1	10	2	322	0	25	132	461	21	0	2	0	431	2	0	439	0	7	0	101	34	91	0	0	0	0	0	11	0	0	0	15	0	0	0	0	0	0	516	0	0	2	6	27	47	6	236	0	28	0	1	0	0	0	0	30	0	88	8	2	0
0	16	1	21	0	1	0	12	1	0	121	6	0	33	4	45	5	4	14	1	5	30	2	0	0	0	11	145	0	9	0	4	0	5	1	5	28	0	0	0	11	0	2	0	125	35	0	6	140	0	0	12	7	0	0	0	9	17	16	1	0	0	51	0	0	0	107	0	0	6	2	3	10	6	7
0	1	9	0	0	80	0	0	0	0	69	49	0	3	0	286	0	0	0	0	1	0	0	0	0	0	0	2	0	18	0	0	0	3	0	1	0	0	0	0	0	2	0	0	46	1	0	59	4	0	0	0	1	0	0	0	0	20	18	90	4	0	165	0	0	0	0	7	0	16	0	0	0	35	0
0	0	0	0	0	0	0	0	0	0	0	0	0	0	0	0	0	0	0	0	0	0	0	0	0	0	0	0	0	0	0	0	0	0	0	0	0	0	0	0	0	0	0	0	0	0	0	0	0	0	0	0	0	0	0	0	0	0	0	0	0	0	0	0	0	0	0	0	0	0	0	0	0	0	0
0	0	2	0	0	0	0	0	0	0	292	18	0	1	0	201	0	1	0	0	0	0	0	0	0	0	0	4	0	0	0	66	0	2	0	1	0	0	0	0	0	125	46	0	0	2	0	0	0	0	0	74	0	0	0	0	0	11	0	0	0	0	33	0	0	0	1	0	0	9	0	0	3	1	0
0	1	0	1	0	5	13	0	2	0	4	0	0	1	2	30	1	12	0	19	0	19	46	0	200	14	12	1	0	9	0	75	0	1	0	7	0	0	0	0	15	35	1	0	2	0	0	0	0	0	0	65	50	56	0	41	3	48	18	0	0	0	20	0	1	0	1	11	26	1	0	5	0	0	9
0	0	0	0	0	0	0	0	0	0	0	0	0	7	0	0	0	0	0	0	0	1	0	0	0	0	0	0	0	0	0	0	0	0	0	0	0	0	0	0	0	0	0	0	0	0	0	0	0	0	0	0	0	0	0	0	0	0	0	0	0	0	0	0	0	0	0	0	0	0	0	0	0	10	0
0	0	0	0	0	5	0	0	0	0	0	6	0	0	0	4	0	0	0	0	0	0	0	0	0	0	0	13	0	1	0	0	0	2	0	0	0	0	0	0	0	6	59	0	0	0	0	0	0	0	0	0	0	0	0	0	0	0	0	0	0	0	15	0	0	0	0	0	0	0	0	0	0	0	0
0	0	1	0	0	0	0	0	0	0	420	0	0	1	0	297	0	0	4	0	0	0	0	0	0	0	0	13	0	0	0	19	0	1	0	0	0	0	0	0	0	140	4	0	0	0	0	0	0	0	0	46	0	0	0	0	0	156	0	0	0	0	0	0	0	0	10	0	0	0	1	0	0	0	0
0	0	0	0	0	0	0	0	0	0	0	0	0	0	0	0	0	0	0	0	0	0	0	0	0	0	0	0	0	0	0	0	0	0	0	0	0	0	0	0	0	0	0	0	0	0	0	0	0	0	0	0	0	0	0	0	0	0	0	0	0	0	0	0	0	0	0	0	0	0	0	0	0	0	0
0	0	0	0	0	0	0	0	0	3	0	0	0	0	0	0	0	0	441	0	0	0	0	0	0	0	0	0	0	0	0	0	0	0	0	0	0	0	0	0	0	0	0	0	0	0	0	0	0	0	0	0	0	0	0	0	0	0	0	0	0	0	0	0	0	0	0	0	0	0	0	0	0	0	0
0	10	0	0	0	0	0	0	1	1	303	0	0	0	0	1	0	0	0	173	0	0	135	0	34	54	1	0	0	1	0	704	0	0	0	1	0	0	0	0	0	12	0	0	74	65	0	0	46	0	0	0	1	242	0	125	3	167	32	0	0	0	0	0	0	0	0	109	99	0	3	0	1	0	65
0	28	0	1	0	0	192	0	21	0	0	1	0	7	3	33	0	551	0	127	45	721	354	4	9	3	591	0	0	440	0	14	0	404	67	398	0	0	0	0	516	7	1	0	0	50	0	0	0	0	0	1	0	15	0	107	83	22	173	0	3	0	0	0	0	0	0	274	0	69	1	13	4	1	9
0	0	0	0	0	0	0	0	0	0	331	0	0	0	0	11	0	8	4	0	0	5	2	0	54	0	18	0	0	2	0	335	0	0	0	1	0	0	0	0	0	0	0	0	0	56	0	0	0	0	0	242	15	0	0	8	0	160	4	0	1	0	0	0	0	0	0	0	0	1	1	0	0	0	0
0	0	0	0	0	0	0	0	0	0	0	0	0	0	0	0	0	0	0	0	0	0	0	0	0	0	0	0	0	0	0	0	0	0	0	0	0	0	0	0	0	0	0	0	0	0	0	0	0	0	0	0	0	0	0	0	0	0	0	0	0	0	0	0	0	0	0	0	0	0	0	0	0	0	0
0	58	0	0	0	11	1	0	0	0	0	4	0	26	0	4	0	56	0	1	1	30	211	0	490	47	59	0	0	12	0	187	0	2	0	1	0	0	0	0	2	0	0	0	0	41	0	0	0	0	0	125	107	8	0	0	111	0	4	0	10	0	0	0	0	0	0	2	7	0	0	0	0	0	0
0	2	0	0	0	0	0	0	0	0	0	0	0	3	0	0	0	0	4	1	65	35	7	0	592	69	21	0	0	5	0	0	0	17	2	17	0	0	0	0	6	9	0	0	0	3	0	0	0	0	0	3	83	0	0	111	0	17	57	39	85	0	0	0	0	0	0	0	2	37	10	0	0	0	0
0	0	7	33	0	14	0	0	4	0	344	4	0	44	1	223	0	5	0	88	19	7	7	0	41	50	9	0	0	31	0	161	0	3	1	12	4	0	0	0	27	17	20	0	11	48	0	0	156	0	0	167	22	160	0	0	17	0	42	41	20	0	11	0	0	0	38	9	0	0	55	4	2	2	38
0	2	5	0	0	5	0	0	0	0	2	3	0	57	0	28	0	28	0	0	52	132	226	5	24	0	111	1	0	232	0	9	0	61	43	48	0	0	0	0	47	16	18	0	0	18	0	0	0	0	0	32	173	4	0	4	57	42	0	78	197	0	45	0	0	0	0	5	0	62	2	0	0	11	2
0	0	1	0	0	0	0	0	8	0	0	2	0	11	6	22	0	0	0	8	10	1	0	0	0	0	0	5	0	142	0	0	0	0	0	16	0	0	0	0	6	1	90	0	0	0	0	0	0	0	0	0	0	0	0	0	39	41	78	0	196	0	0	0	0	0	0	116	0	0	2	10	0	0	0
0	0	2	0	124	1	0	0	129	0	0	0	0	173	0	0	0	1	0	0	33	0	52	46	0	0	28	0	0	57	0	0	0	72	110	237	0	0	0	0	236	0	4	0	0	0	0	0	0	0	0	0	3	1	0	10	85	20	197	196	0	0	0	0	3	0	0	51	0	128	6	53	11	1	1
0	0	0	0	0	0	0	0	0	0	0	0	0	0	0	0	0	0	0	0	0	0	0	0	0	0	0	0	0	0	0	0	0	0	0	0	0	0	0	0	0	0	0	0	0	0	0	0	0	0	0	0	0	0	0	0	0	0	0	0	0	0	0	0	0	0	0	0	0	0	0	0	0	0	0
0	0	4	71	0	161	0	0	0	0	40	452	0	5	226	18	39	0	3	1	8	0	0	0	0	0	0	7	0	3	0	0	0	56	8	0	0	0	0	0	28	51	165	0	33	20	0	15	0	0	0	0	0	0	0	0	0	11	45	0	0	0	0	0	1	0	2	1	0	10	7	7	23	165	13
0	0	0	0	0	0	0	0	0	0	0	0	0	0	0	0	0	0	0	0	0	0	0	0	0	0	0	0	0	0	0	0	0	0	0	0	0	0	0	0	0	0	0	0	0	0	0	0	0	0	0	0	0	0	0	0	0	0	0	0	0	0	0	0	0	0	0	0	0	0	0	0	0	0	0
0	0	2	0	0	102	0	0	0	0	0	13	0	17	0	4	0	0	0	0	0	0	0	0	2	0	0	0	0	0	0	0	0	1	0	0	0	0	0	0	1	0	0	0	0	1	0	0	0	0	0	0	0	0	0	0	0	0	0	0	3	0	1	0	0	0	0	0	0	13	0	0	0	78	0
0	0	0	0	0	0	0	0	0	0	0	0	0	0	0	0	0	0	0	0	0	0	0	0	0	0	0	0	0	0	0	0	0	0	0	0	0	0	0	0	0	0	0	0	0	0	0	0	0	0	0	0	0	0	0	0	0	0	0	0	0	0	0	0	0	0	0	0	0	0	0	0	0	0	0
0	0	5	0	0	0	0	0	0	0	154	0	0	0	1	124	0	1	0	0	5	0	0	0	0	0	0	181	0	0	0	0	0	0	0	0	2	0	0	0	0	107	0	0	1	1	0	0	10	0	0	0	0	0	0	0	0	38	0	0	0	0	2	0	0	0	0	0	0	0	0	0	1	1	0
0	9	0	0	0	0	0	0	0	0	0	0	0	6	0	4	0	47	0	0	0	5	193	0	4	0	111	0	0	137	0	128	0	2	0	12	0	0	0	0	0	0	7	0	0	11	0	0	0	0	0	109	274	0	0	2	0	9	5	116	51	0	1	0	0	0	0	0	0	56	0	0	0	1	0
0	7	0	0	0	0	0	0	0	0	0	0	0	0	0	0	0	10	0	0	0	0	250	0	738	69	3	0	0	92	0	78	0	0	0	0	0	0	0	0	0	0	0	0	0	26	0	0	0	0	0	99	0	0	0	7	2	0	0	0	0	0	0	0	0	0	0	0	0	0	0	0	0	0	0
0	0	0	0	0	12	0	0	0	0	0	0	0	5	16	10	0	1	0	0	9	0	36	44	0	0	8	0	0	1	0	0	0	49	58	39	0	0	0	0	30	6	16	0	9	1	0	0	0	0	0	0	69	1	0	0	37	0	62	0	128	0	10	0	13	0	0	56	0	0	0	0	0	0	0
0	0	2	0	0	0	0	0	0	0	5	3	0	2	0	60	0	0	0	0	12	1	1	0	0	0	3	0	0	3	0	12	0	2	0	0	0	0	0	0	0	2	0	0	0	0	0	0	1	0	0	3	1	1	0	0	10	55	2	2	6	0	7	0	0	0	0	0	0	0	0	2	2	0	0
0	0	7	0	0	8	0	0	0	0	0	0	0	149	0	5	0	84	0	0	159	215	2	0	0	0	143	0	0	28	0	0	0	13	0	2	0	0	0	0	88	3	0	0	0	5	0	0	0	0	0	0	13	0	0	0	0	4	0	10	53	0	7	0	0	0	0	0	0	0	2	0	0	0	0
0	7	0	0	0	43	0	0	0	0	25	13	0	11	0	7	0	1	0	0	15	0	1	0	0	0	2	1	0	5	0	0	0	5	0	0	0	0	0	0	8	10	0	0	3	0	0	0	0	0	0	1	4	0	0	0	0	2	0	0	11	0	23	0	0	0	1	0	0	0	2	0	0	24	0
0	0	2	1	0	348	1	0	0	0	1	195	0	3	113	3	26	1	0	0	0	2	1	0	0	0	1	0	0	0	0	0	0	3	198	1	0	0	0	0	2	6	35	0	1	0	10	0	0	0	0	0	1	0	0	0	0	2	11	0	1	0	165	0	78	0	1	1	0	0	0	0	24	0	1
0	27	0	0	0	1	0	0	0	0	2	0	0	6	0	9	0	0	0	0	2	9	57	0	16	1	3	0	0	0	0	56	0	0	0	0	0	0	0	0	0	7	0	0	0	9	0	0	0	0	0	65	9	0	0	0	0	38	2	0	1	0	13	0	0	0	0	0	0	0	0	0	0	1	0
