0	0	0	0	0	0	0	0	0	0	0	0	0	0	0	0	0	0	0	0	0	0	0	0	0	0	0	0	0	0	0	0	0	0	0	0	0	0	0	0	0	0	0	0	0	0	0	0	0	0	0	0	0	0	0	0	0	0	0	0	0	0	0	0	0	0	0	0	0	0	0	0	0	0	0
0	0	0	0	1	1	20	16	0	0	8	0	0	24	0	1	10	16	0	29	1	34	223	0	222	70	6	0	0	25	0	5	0	26	5	177	0	0	0	0	31	23	1	0	0	2	0	0	0	0	5	5	67	74	0	193	51	1	43	1	0	0	0	0	0	0	0	121	265	0	1	0	8	0	76
0	0	0	0	0	14	0	1	10	0	6	4	0	4	2	0	2	0	1	0	0	0	2	1	0	0	0	0	0	0	0	2	0	6	2	0	0	0	0	0	7	1	4	0	2	0	1	2	0	0	0	0	0	0	0	0	0	1	0	5	7	0	4	0	4	0	0	3	2	4	5	2	0	2	2
0	0	0	0	0	1	0	0	5	0	165	15	0	0	72	130	0	0	8	0	0	6	0	0	0	0	0	55	0	2	0	41	0	1	0	0	0	0	0	0	1	78	0	0	0	1	0	0	0	0	0	0	1	0	0	1	0	85	0	8	5	0	134	0	0	0	0	0	0	16	4	0	0	7	0
0	1	0	0	0	0	0	0	0	0	0	0	0	0	0	0	0	0	0	0	0	0	0	0	0	0	0	0	0	0	0	0	0	0	0	0	1	0	0	0	0	0	0	0	0	0	0	0	0	0	0	0	0	0	0	0	0	0	0	0	0	0	1	0	0	0	1	0	0	0	0	23	0	0	1
0	1	14	1	0	0	0	0	27	0	4	320	0	154	12	1	20	1	5	5	1	4	0	0	0	2	7	10	0	17	0	20	0	11	79	4	0	0	0	0	45	1	48	0	0	8	0	5	0	0	0	0	0	0	0	12	0	6	1	0	31	0	355	0	99	0	0	0	0	21	4	3	30	480	0
0	20	0	0	0	0	0	0	0	0	0	0	0	1	0	3	0	303	0	0	9	212	41	0	8	0	238	0	0	58	0	2	0	1	0	5	0	0	0	0	7	0	0	0	0	44	0	0	0	0	0	0	396	0	0	3	0	1	0	0	0	0	0	0	0	0	0	0	0	0	0	0	0	1	0
0	16	1	0	0	0	0	0	38	0	6	1	0	0	2	69	0	7	3	0	0	0	0	0	0	0	0	0	0	0	0	0	0	0	0	1	0	0	0	0	0	98	0	0	118	74	0	0	0	0	0	0	0	0	0	0	0	0	0	0	0	0	0	0	0	0	0	0	0	0	0	0	0	0	0
0	0	10	5	0	27	0	38	0	0	15	0	0	228	12	1	0	118	43	6	4	139	0	0	0	0	24	0	0	14	0	8	0	39	0	1	3	0	0	0	36	1	0	0	8	20	0	1	0	0	0	0	6	0	0	16	2	16	0	6	231	0	8	0	0	0	0	1	1	31	14	1	22	1	0
0	0	0	0	0	0	0	0	0	0	0	0	0	0	0	0	0	0	0	0	0	0	0	0	0	0	0	0	0	0	0	0	0	0	0	0	0	0	0	0	0	0	0	0	0	0	0	0	0	0	1	1	0	0	0	0	0	0	0	0	0	0	0	0	0	0	0	0	0	0	0	0	0	0	0
0	8	6	165	0	4	0	6	15	0	0	9	0	0	18	541	16	0	56	116	6	0	0	0	0	0	0	6	0	0	0	266	0	27	4	0	55	0	0	0	0	187	151	0	307	4	0	2	336	0	5	348	0	248	0	0	4	322	17	0	0	0	59	0	0	0	100	4	0	13	8	117	30	6	0
0	0	4	15	0	320	0	1	0	0	9	0	0	2	193	12	19	0	0	0	26	1	0	2	0	0	1	0	0	0	0	6	0	34	78	0	0	0	0	0	2	6	189	0	16	0	0	14	0	0	0	0	0	0	0	0	0	3	2	2	0	0	623	0	15	0	0	0	0	5	0	30	78	489	0
0	0	0	0	0	0	0	0	0	0	0	0	0	0	0	0	0	0	0	0	0	0	0	0	0	0	0	0	0	0	0	0	0	0	0	0	0	0	0	0	0	0	0	0	0	0	0	0	0	0	0	0	0	0	0	0	0	0	0	0	0	0	0	0	0	0	0	0	0	0	0	0	0	0	0
0	24	4	0	0	154	1	0	228	0	0	2	0	0	4	4	16	213	0	112	24	206	0	5	4	0	2	1	0	52	0	1	0	200	287	46	0	0	0	0	649	40	5	0	1	5	75	0	0	0	0	0	4	0	0	39	0	39	10	62	413	0	2	0	18	0	0	2	1	0	8	89	77	9	15
0	0	2	72	0	12	0	2	12	0	18	193	0	4	0	43	0	0	1	1	1	1	1	12	0	0	0	8	0	0	0	95	0	1	0	1	3	0	0	0	2	12	87	0	1	3	0	42	2	0	0	0	3	0	0	0	22	12	0	51	9	0	559	0	0	0	1	0	0	28	10	0	9	15	0
0	1	0	130	0	1	3	69	1	0	541	12	0	4	43	0	18	3	36	62	3	2	3	0	0	0	4	4	0	14	0	23	0	6	3	5	284	0	0	0	5	78	465	0	660	23	0	5	424	0	0	0	5	2	0	1	0	299	10	0	1	0	11	0	4	0	123	2	0	2	73	50	8	2	9
0	10	2	0	0	20	0	0	0	0	16	19	0	16	0	18	0	1	0	0	0	0	0	0	0	0	1	0	0	0	0	0	0	0	0	10	0	0	0	0	1	0	0	0	0	2	0	0	0	0	0	0	0	0	0	7	0	0	0	0	0	0	95	0	0	0	0	0	0	0	0	0	0	110	0
0	16	0	0	0	1	303	7	118	0	0	0	0	213	0	3	1	0	0	70	4	427	48	1	13	1	342	0	0	23	0	2	0	180	83	33	0	0	0	0	341	2	5	0	7	33	0	0	0	0	0	3	704	50	0	148	2	7	31	1	40	0	1	0	1	0	1	86	7	0	4	43	9	3	0
0	0	1	8	0	5	0	3	43	0	56	0	0	0	1	36	0	0	0	0	0	0	0	1	0	0	0	2	0	0	0	62	0	14	1	0	16	0	0	0	0	11	17	0	48	14	4	18	30	0	476	25	0	6	0	0	0	4	0	0	0	0	40	0	0	0	0	0	0	24	12	0	17	18	6
0	29	0	0	0	5	0	0	6	0	116	0	0	112	1	62	0	70	0	0	73	162	34	0	56	2	120	2	0	150	0	93	0	6	0	141	0	0	0	0	274	3	0	0	0	23	0	0	0	0	0	177	397	2	0	3	3	63	0	0	352	0	2	0	0	0	0	0	0	0	0	0	0	0	0
0	1	0	0	0	1	9	0	4	0	6	26	0	24	1	3	0	4	0	73	0	151	24	2	21	4	82	0	0	10	0	1	0	39	19	34	0	0	0	0	264	1	1	0	0	16	0	0	17	0	0	0	23	54	0	16	50	21	16	9	73	0	0	0	0	0	0	3	51	0	2	80	4	1	9
0	34	0	6	0	4	212	0	139	0	0	1	0	206	1	2	0	427	0	162	151	0	67	1	8	1	446	0	0	36	0	1	0	233	148	94	1	0	0	0	599	13	0	0	0	45	8	3	0	0	0	0	623	68	0	47	10	4	24	9	17	0	1	0	0	0	0	10	1	0	0	100	2	0	10
0	223	2	0	0	0	41	0	0	0	0	0	0	0	1	3	0	48	0	34	24	67	0	0	630	244	54	0	0	131	0	147	0	13	37	212	0	0	0	0	53	0	0	0	0	76	0	0	0	0	0	190	198	42	0	306	31	9	126	0	23	0	0	0	0	0	0	178	283	0	4	2	2	0	118
0	0	1	0	0	0	0	0	0	0	0	2	0	5	12	0	0	1	1	0	2	1	0	0	114	0	1	0	0	7	0	0	0	0	0	0	0	0	0	0	10	0	0	0	0	0	0	0	0	0	0	0	5	0	0	1	0	2	0	2	120	0	3	0	0	0	0	0	0	0	0	0	0	6	0
0	222	0	0	0	0	8	0	0	0	0	0	0	4	0	0	0	13	0	56	21	8	630	114	0	752	4	0	0	62	0	152	0	12	24	157	0	0	0	0	11	0	0	0	0	108	0	0	0	0	0	30	21	32	0	518	628	16	30	0	2	0	0	0	2	0	0	6	978	0	2	253	0	4	150
0	70	0	0	0	2	0	0	0	0	0	0	0	0	0	0	0	1	0	2	4	1	244	0	752	0	2	0	0	4	0	13	0	0	0	2	0	0	0	0	0	0	0	0	1	14	0	0	0	0	0	54	3	0	0	111	72	78	0	0	0	0	0	0	0	0	0	0	73	0	0	4	0	0	3
0	6	0	0	0	7	238	0	24	0	0	1	0	2	0	4	1	342	0	120	82	446	54	1	4	2	0	0	0	23	0	0	0	250	22	59	0	0	0	0	440	1	1	0	0	10	0	0	0	0	0	1	410	111	0	96	23	4	29	3	3	0	20	0	0	0	0	32	10	0	2	29	6	1	2
0	0	0	55	0	10	0	0	0	0	6	0	0	1	8	4	0	0	2	2	0	0	0	0	0	0	0	0	0	3	0	8	0	1	0	2	89	0	0	0	2	307	2	0	4	1	0	7	8	0	0	0	0	0	0	0	0	0	1	5	0	0	7	0	0	0	111	0	0	0	0	0	2	1	0
0	0	0	0	0	0	0	0	0	0	0	0	0	0	0	0	0	0	0	0	0	0	0	0	0	0	0	0	0	0	0	0	0	0	0	0	0	0	0	0	0	0	0	0	0	0	0	0	0	0	0	0	0	0	0	0	0	0	0	0	0	0	0	0	0	0	0	0	0	0	0	0	0	0	0
0	25	0	2	0	17	58	0	14	0	0	0	0	52	0	14	0	23	0	150	10	36	131	7	62	4	23	3	0	0	0	1	0	113	15	340	1	0	0	0	354	6	2	0	0	9	4	1	0	0	0	0	295	1	0	17	59	16	173	131	231	0	3	0	0	0	0	160	197	1	0	10	3	6	0
0	0	0	0	0	0	0	0	0	0	0	0	0	0	0	0	0	0	0	0	0	0	0	0	0	0	0	0	0	0	0	0	0	0	0	0	0	0	0	0	0	0	0	0	0	0	0	0	0	0	0	0	0	0	0	0	0	0	0	0	0	0	0	0	0	0	0	0	0	0	0	0	0	0	0
0	5	2	41	0	20	2	0	8	0	266	6	0	1	95	23	0	2	62	93	1	1	147	0	152	13	0	8	0	1	0	0	0	5	8	2	1	0	0	0	3	2	3	0	165	155	0	101	37	0	0	638	2	466	0	148	0	285	5	1	1	0	112	0	1	0	0	132	96	51	21	22	21	6	79
0	0	0	0	0	0	0	0	0	0	0	0	0	0	0	0	0	0	0	0	0	0	0	0	0	0	0	0	0	0	0	0	0	0	0	0	0	0	0	0	0	0	0	0	0	0	0	0	0	0	0	0	0	0	0	0	0	0	0	0	0	0	0	0	0	0	0	0	0	0	0	0	0	0	0
0	26	6	1	0	11	1	0	39	0	27	34	0	200	1	6	0	180	14	6	39	233	13	0	12	0	250	1	0	113	0	5	0	0	1	29	0	0	0	0	106	2	3	0	2	35	0	2	0	0	0	0	249	0	0	1	0	4	1	0	11	0	124	0	2	0	0	0	0	15	7	3	8	24	0
0	5	2	0	0	79	0	0	0	0	4	78	0	287	0	3	0	83	1	0	19	148	37	0	24	0	22	0	0	15	0	8	0	1	0	2	0	0	0	0	142	1	0	0	0	11	0	0	0	0	0	0	47	0	0	5	0	3	0	0	221	0	12	0	0	0	0	0	0	0	0	0	0	281	0
0	177	0	0	0	4	5	1	1	0	0	0	0	46	1	5	10	33	0	141	34	94	212	0	157	2	59	2	0	340	0	2	0	29	2	0	0	0	0	0	287	2	3	0	0	10	0	0	0	0	0	0	347	45	0	23	5	15	40	84	283	0	1	0	0	0	0	35	73	0	6	2	0	5	1
0	0	0	0	1	0	0	0	3	0	55	0	0	0	3	284	0	0	16	0	0	1	0	0	0	0	0	89	0	1	0	1	0	0	0	0	0	0	0	0	0	64	0	0	202	0	0	0	0	0	0	0	0	0	0	0	0	6	0	0	0	0	0	0	0	0	22	0	0	1	0	0	0	2	0
0	0	0	0	0	0	0	0	0	0	0	0	0	0	0	0	0	0	0	0	0	0	0	0	0	0	0	0	0	0	0	0	0	0	0	0	0	0	0	0	0	0	0	0	0	0	0	0	0	0	0	0	0	0	0	0	0	0	0	0	0	0	0	0	0	0	0	0	0	0	0	0	0	0	0
0	0	0	0	0	0	0	0	0	0	0	0	0	0	0	0	0	0	0	0	0	0	0	0	0	0	0	0	0	0	0	0	0	0	0	0	0	0	0	0	0	0	0	0	0	0	0	0	0	0	0	0	0	0	0	0	0	0	0	0	0	0	0	0	0	0	0	0	0	0	0	0	0	0	0
0	0	0	0	0	0	0	0	0	0	0	0	0	0	0	0	0	0	0	0	0	0	0	0	0	0	0	0	0	0	0	0	0	0	0	0	0	0	0	0	0	0	0	0	0	0	0	0	0	0	0	0	0	0	0	0	0	0	0	0	0	0	0	0	0	0	0	0	0	0	0	0	0	0	0
0	31	7	1	0	45	7	0	36	0	0	2	0	649	2	5	1	341	0	274	264	599	53	10	11	0	440	2	0	354	0	3	0	106	142	287	0	0	0	0	0	1	0	0	0	42	11	0	0	0	0	0	490	19	0	56	2	24	18	3	709	0	0	0	0	0	0	0	0	0	5	4	7	1	4
0	23	1	78	0	1	0	98	1	0	187	6	0	40	12	78	0	2	11	3	1	13	0	0	0	0	1	307	0	6	0	2	0	2	1	2	64	0	0	0	1	0	1	0	187	54	0	17	147	0	0	0	0	0	0	0	16	3	3	1	0	0	25	0	0	0	33	0	0	0	0	1	7	0	7
0	1	4	0	0	48	0	0	0	0	151	189	0	5	87	465	0	5	17	0	1	0	0	0	0	0	1	2	0	2	0	3	0	3	0	3	0	0	0	0	0	1	0	0	46	9	0	59	4	0	0	0	1	0	0	0	0	14	15	80	4	0	414	0	0	0	0	7	0	9	1	0	0	32	0
0	0	0	0	0	0	0	0	0	0	0	0	0	0	0	0	0	0	0	0	0	0	0	0	0	0	0	0	0	0	0	0	0	0	0	0	0	0	0	0	0	0	0	0	0	0	0	0	0	0	0	0	0	0	0	0	0	0	0	0	0	0	0	0	0	0	0	0	0	0	0	0	0	0	0
0	0	2	0	0	0	0	118	8	0	307	16	0	1	1	660	0	7	48	0	0	0	0	0	0	1	0	4	0	0	0	165	0	2	0	0	202	0	0	0	0	187	46	0	0	64	0	0	264	0	0	100	0	24	0	1	0	48	0	0	0	0	25	0	0	0	3	0	0	7	1	0	7	22	0
0	2	0	1	0	8	44	74	20	0	4	0	0	5	3	23	2	33	14	23	16	45	76	0	108	14	10	1	0	9	0	155	0	35	11	10	0	0	0	0	42	54	9	0	64	0	13	0	0	0	0	84	92	54	0	56	10	20	25	3	25	0	49	0	1	0	0	59	41	1	0	10	14	1	9
0	0	1	0	0	0	0	0	0	0	0	0	0	75	0	0	0	0	4	0	0	8	0	0	0	0	0	0	0	4	0	0	0	0	0	0	0	0	0	0	11	0	0	0	0	13	0	0	0	0	0	0	1	0	0	0	0	0	0	0	11	0	3	0	0	0	0	0	0	0	0	0	0	101	0
0	0	2	0	0	5	0	0	1	0	2	14	0	0	42	5	0	0	18	0	0	3	0	0	0	0	0	7	0	1	0	101	0	2	0	0	0	0	0	0	0	17	59	0	0	0	0	0	0	0	0	0	0	0	0	4	0	3	0	4	0	0	61	0	0	0	0	0	0	16	4	0	0	3	0
0	0	0	0	0	0	0	0	0	0	336	0	0	0	2	424	0	0	30	0	17	0	0	0	0	0	0	8	0	0	0	37	0	0	0	0	0	0	0	0	0	147	4	0	264	0	0	0	0	0	0	47	0	0	0	0	0	138	0	0	0	0	1	0	0	0	25	0	0	2	2	0	0	2	0
0	0	0	0	0	0	0	0	0	0	0	0	0	0	0	0	0	0	0	0	0	0	0	0	0	0	0	0	0	0	0	0	0	0	0	0	0	0	0	0	0	0	0	0	0	0	0	0	0	0	0	0	0	0	0	0	0	0	0	0	0	0	0	0	0	0	0	0	0	0	0	0	0	0	0
0	5	0	0	0	0	0	0	0	1	5	0	0	0	0	0	0	0	476	0	0	0	0	0	0	0	0	0	0	0	0	0	0	0	0	0	0	0	0	0	0	0	0	0	0	0	0	0	0	0	0	0	0	0	0	0	0	0	0	0	0	0	0	0	0	0	0	0	0	0	0	0	0	0	0
0	5	0	0	0	0	0	0	0	1	348	0	0	0	0	0	0	3	25	177	0	0	190	0	30	54	1	0	0	0	0	638	0	0	0	0	0	0	0	0	0	0	0	0	100	84	0	0	47	0	0	0	0	284	0	152	2	239	34	0	0	0	0	0	0	0	0	124	106	0	0	31	3	0	108
0	67	0	1	0	0	396	0	6	0	0	0	0	4	3	5	0	704	0	397	23	623	198	5	21	3	410	0	0	295	0	2	0	249	47	347	0	0	0	0	490	0	1	0	0	92	1	0	0	0	0	0	0	143	0	180	4	12	65	0	2	0	0	0	0	0	0	185	2	0	4	8	8	1	14
0	74	0	0	0	0	0	0	0	0	248	0	0	0	0	2	0	50	6	2	54	68	42	0	32	0	111	0	0	1	0	466	0	0	0	45	0	0	0	0	19	0	0	0	24	54	0	0	0	0	0	284	143	0	0	2	0	106	0	0	1	0	0	0	0	0	0	0	0	0	0	0	0	0	0
0	0	0	0	0	0	0	0	0	0	0	0	0	0	0	0	0	0	0	0	0	0	0	0	0	0	0	0	0	0	0	0	0	0	0	0	0	0	0	0	0	0	0	0	0	0	0	0	0	0	0	0	0	0	0	0	0	0	0	0	0	0	0	0	0	0	0	0	0	0	0	0	0	0	0
0	193	0	1	0	12	3	0	16	0	0	0	0	39	0	1	7	148	0	3	16	47	306	1	518	111	96	0	0	17	0	148	0	1	5	23	0	0	0	0	56	0	0	0	1	56	0	4	0	0	0	152	180	2	0	0	75	0	2	0	58	0	0	0	0	0	0	6	96	0	0	79	0	4	0
0	51	0	0	0	0	0	0	2	0	4	0	0	0	22	0	0	2	0	3	50	10	31	0	628	72	23	0	0	59	0	0	0	0	0	5	0	0	0	0	2	16	0	0	0	10	0	0	0	0	0	2	4	0	0	75	0	75	0	2	96	0	0	0	0	0	0	0	13	0	0	32	0	0	0
0	1	1	85	0	6	1	0	16	0	322	3	0	39	12	299	0	7	4	63	21	4	9	2	16	78	4	0	0	16	0	285	0	4	3	15	6	0	0	0	24	3	14	0	48	20	0	3	138	0	0	239	12	106	0	0	75	0	15	10	57	0	57	0	0	0	36	3	6	3	47	105	0	1	47
0	43	0	0	0	1	0	0	0	0	17	2	0	10	0	10	0	31	0	0	16	24	126	0	30	0	29	1	0	173	0	5	0	1	0	40	0	0	0	0	18	3	15	0	0	25	0	0	0	0	0	34	65	0	0	2	0	15	0	4	175	0	70	0	0	0	0	0	0	1	0	0	0	5	0
0	1	5	8	0	0	0	0	6	0	0	2	0	62	51	0	0	1	0	0	9	9	0	2	0	0	3	5	0	131	0	1	0	0	0	84	0	0	0	0	3	1	80	0	0	3	0	4	0	0	0	0	0	0	0	0	2	10	4	0	667	0	37	0	0	0	0	46	4	0	3	4	4	1	0
0	0	7	5	0	31	0	0	231	0	0	0	0	413	9	1	0	40	0	352	73	17	23	120	2	0	3	0	0	231	0	1	0	11	221	283	0	0	0	0	709	0	4	0	0	25	11	0	0	0	0	0	2	1	0	58	96	57	175	667	0	0	0	0	14	0	0	63	126	0	19	59	100	0	1
0	0	0	0	0	0	0	0	0	0	0	0	0	0	0	0	0	0	0	0	0	0	0	0	0	0	0	0	0	0	0	0	0	0	0	0	0	0	0	0	0	0	0	0	0	0	0	0	0	0	0	0	0	0	0	0	0	0	0	0	0	0	0	0	0	0	0	0	0	0	0	0	0	0	0
0	0	4	134	1	355	0	0	8	0	59	623	0	2	559	11	95	1	40	2	0	1	0	3	0	0	20	7	0	3	0	112	0	124	12	1	0	0	0	0	0	25	414	0	25	49	3	61	1	0	0	0	0	0	0	0	0	57	70	37	0	0	0	0	3	0	1	1	0	29	3	4	79	389	15
0	0	0	0	0	0	0	0	0	0	0	0	0	0	0	0	0	0	0	0	0	0	0	0	0	0	0	0	0	0	0	0	0	0	0	0	0	0	0	0	0	0	0	0	0	0	0	0	0	0	0	0	0	0	0	0	0	0	0	0	0	0	0	0	0	0	0	0	0	0	0	0	0	0	0
0	0	4	0	0	99	0	0	0	0	0	15	0	18	0	4	0	1	0	0	0	0	0	0	2	0	0	0	0	0	0	1	0	2	0	0	0	0	0	0	0	0	0	0	0	1	0	0	0	0	0	0	0	0	0	0	0	0	0	0	14	0	3	0	0	0	0	0	0	4	0	0	0	140	0
0	0	0	0	0	0	0	0	0	0	0	0	0	0	0	0	0	0	0	0	0	0	0	0	0	0	0	0	0	0	0	0	0	0	0	0	0	0	0	0	0	0	0	0	0	0	0	0	0	0	0	0	0	0	0	0	0	0	0	0	0	0	0	0	0	0	0	0	0	0	0	0	0	0	0
0	0	0	0	1	0	0	0	0	0	100	0	0	0	1	123	0	1	0	0	0	0	0	0	0	0	0	111	0	0	0	0	0	0	0	0	22	0	0	0	0	33	0	0	3	0	0	0	25	0	0	0	0	0	0	0	0	36	0	0	0	0	1	0	0	0	0	0	0	0	0	0	0	1	0
0	121	3	0	0	0	0	0	1	0	4	0	0	2	0	2	0	86	0	0	3	10	178	0	6	0	32	0	0	160	0	132	0	0	0	35	0	0	0	0	0	0	7	0	0	59	0	0	0	0	0	124	185	0	0	6	0	3	0	46	63	0	1	0	0	0	0	0	0	0	0	0	0	0	0
0	265	2	0	0	0	0	0	1	0	0	0	0	1	0	0	0	7	0	0	51	1	283	0	978	73	10	0	0	197	0	96	0	0	0	73	0	0	0	0	0	0	0	0	0	41	0	0	0	0	0	106	2	0	0	96	13	6	0	4	126	0	0	0	0	0	0	0	0	0	0	0	0	0	0
0	0	4	16	0	21	0	0	31	0	13	5	0	0	28	2	0	0	24	0	0	0	0	0	0	0	0	0	0	1	0	51	0	15	0	0	1	0	0	0	0	0	9	0	7	1	0	16	2	0	0	0	0	0	0	0	0	3	1	0	0	0	29	0	4	0	0	0	0	0	17	0	7	22	0
0	1	5	4	0	4	0	0	14	0	8	0	0	8	10	73	0	4	12	0	2	0	4	0	2	0	2	0	0	0	0	21	0	7	0	6	0	0	0	0	5	0	1	0	1	0	0	4	2	0	0	0	4	0	0	0	0	47	0	3	19	0	3	0	0	0	0	0	0	17	0	0	4	3	0
0	0	2	0	23	3	0	0	1	0	117	30	0	89	0	50	0	43	0	0	80	100	2	0	253	4	29	0	0	10	0	22	0	3	0	2	0	0	0	0	4	1	0	0	0	10	0	0	0	0	0	31	8	0	0	79	32	105	0	4	59	0	4	0	0	0	0	0	0	0	0	0	0	1	0
0	8	0	0	0	30	0	0	22	0	30	78	0	77	9	8	0	9	17	0	4	2	2	0	0	0	6	2	0	3	0	21	0	8	0	0	0	0	0	0	7	7	0	0	7	14	0	0	0	0	0	3	8	0	0	0	0	0	0	4	100	0	79	0	0	0	0	0	0	7	4	0	0	99	0
0	0	2	7	0	480	1	0	1	0	6	489	0	9	15	2	110	3	18	0	1	0	0	6	4	0	1	1	0	6	0	6	0	24	281	5	2	0	0	0	1	0	32	0	22	1	101	3	2	0	0	0	1	0	0	4	0	1	5	1	0	0	389	0	140	0	1	0	0	22	3	1	99	0	1
0	76	2	0	1	0	0	0	0	0	0	0	0	15	0	9	0	0	6	0	9	10	118	0	150	3	2	0	0	0	0	79	0	0	0	1	0	0	0	0	4	7	0	0	0	9	0	0	0	0	0	108	14	0	0	0	0	47	0	0	1	0	15	0	0	0	0	0	0	0	0	0	0	1	0
