0	0	0	0	0	0	0	0	0	0	0	0	0	0	0	0	0	0	0	0	0	0	0	0	0	0	0	0	0	0	0	0	0	0	0	0	0	0	0	0	0	0	0	0	0	0	0	0	0	0	0	0	0	0	0	0	0	0	0	0	0	0	0	0	0	0	0	0	0	0	0	0	0	0	0
0	0	0	0	0	0	0	0	0	0	0	0	0	0	0	0	0	0	0	4	1	0	138	0	29	3	1	0	0	0	0	0	0	0	0	0	0	0	0	0	0	0	0	0	0	0	0	0	0	0	0	0	11	0	0	0	0	0	0	0	0	0	0	0	0	0	0	0	0	0	0	0	0	0	0
0	0	0	0	0	0	0	0	0	0	0	0	0	0	0	0	0	0	0	0	0	0	0	0	0	0	0	0	0	0	0	0	0	0	0	0	0	0	0	0	0	0	0	0	0	0	0	0	0	0	0	0	0	0	0	0	0	0	0	0	0	0	0	0	0	0	0	0	0	0	0	0	0	0	0
0	0	0	0	0	0	0	0	0	0	127	2	0	0	2	0	0	0	0	0	0	1	0	0	0	0	0	1	3	0	0	0	0	0	0	0	0	0	0	0	0	0	16	0	0	0	1	0	125	0	0	0	0	0	17	0	0	49	0	2	0	0	17	1	0	0	3	0	0	0	0	0	0	0	0
0	0	0	0	0	0	0	0	0	0	8	0	0	0	0	1	0	0	0	0	0	0	0	0	0	0	0	5	0	0	0	0	0	0	0	0	0	0	0	0	0	0	1	0	0	0	0	0	65	0	0	0	0	0	0	0	0	0	0	0	0	0	0	0	0	0	2	0	0	0	0	0	0	0	0
0	0	0	0	0	0	0	0	0	0	0	386	0	23	0	0	0	0	0	0	0	1	0	0	0	0	0	0	77	0	0	0	0	0	46	0	0	0	0	0	0	0	1	0	0	0	49	0	0	0	2	0	0	0	0	0	0	2	0	0	0	0	135	0	215	0	0	0	0	0	0	0	0	0	0
0	0	0	0	0	0	0	0	0	0	0	0	0	0	0	0	0	0	0	0	0	0	0	0	0	0	0	0	0	0	0	0	0	0	0	0	0	0	0	0	0	0	0	0	0	0	0	0	0	0	0	0	0	0	0	0	0	0	0	0	0	0	0	0	0	0	0	0	0	0	0	0	0	0	0
0	0	0	0	0	0	0	0	0	0	0	0	0	1	0	0	0	0	0	0	0	0	0	0	0	0	0	0	0	0	0	0	0	0	0	0	0	0	0	0	0	0	0	0	0	0	0	0	0	0	1	0	0	0	0	0	0	0	0	0	0	0	0	0	0	0	0	0	0	0	0	0	0	0	0
0	0	0	0	0	0	0	0	0	0	0	0	0	12	0	0	0	0	0	0	0	0	0	0	0	0	0	0	69	0	0	0	0	5	1	0	0	0	0	0	0	0	0	0	0	0	2	0	0	0	0	0	0	0	1	0	0	0	0	0	0	0	0	0	40	0	0	0	0	0	1	0	0	0	0
0	0	0	0	0	0	0	0	0	0	0	0	0	0	0	0	0	0	1	0	0	0	0	0	0	0	0	0	0	0	0	0	0	0	0	0	0	0	0	0	0	0	0	0	0	0	0	0	0	0	0	0	0	0	0	0	0	0	0	0	0	0	0	0	0	0	0	0	0	0	0	0	0	0	0
0	0	0	127	8	0	0	0	0	0	0	6	0	0	0	90	0	0	2	63	75	0	0	0	0	0	0	0	0	0	0	33	0	0	1	0	169	0	1	1	0	104	13	1	204	13	0	12	612	0	0	2	0	206	48	0	0	257	14	0	1	3	0	0	7	0	148	0	0	0	32	1	0	0	0
0	0	0	2	0	386	0	0	0	0	6	0	0	0	217	0	0	0	0	0	0	3	0	0	0	0	0	0	13	0	0	0	0	0	16	14	2	0	2	0	0	0	98	2	4	0	0	0	0	0	0	0	0	0	0	0	0	8	2	0	0	250	140	0	233	0	2	0	0	40	0	2	0	0	0
0	0	0	0	0	0	0	0	0	0	0	0	0	0	0	0	0	0	0	0	0	0	0	0	0	0	0	0	0	0	0	0	0	0	0	0	0	0	0	0	0	0	0	0	0	0	0	0	0	0	0	0	0	0	0	0	0	0	0	0	0	0	0	0	0	0	0	0	0	0	0	0	0	0	0
0	0	0	0	0	23	0	1	12	0	0	0	0	0	1	0	0	1	0	5	2	110	0	2	0	0	0	0	113	2	0	0	0	25	126	13	0	0	0	4	4	0	1	5	0	0	127	0	1	0	0	0	0	0	0	0	0	2	8	0	17	2	1	0	124	0	12	0	0	1	4	21	0	0	0
0	0	0	2	0	0	0	0	0	0	0	217	0	1	0	0	0	0	1	0	0	0	0	0	0	0	0	0	4	0	0	0	0	0	0	0	0	0	6	0	0	0	12	0	1	0	0	0	0	0	3	0	0	0	0	0	0	0	0	0	0	14	253	0	1	0	2	0	0	0	0	0	0	0	0
0	0	0	0	1	0	0	0	0	0	90	0	0	0	0	0	0	0	0	6	1	0	0	1	0	0	0	0	0	0	0	0	0	0	0	0	5	0	1	0	0	0	0	1	5	0	2	0	125	0	1	0	0	0	0	0	0	29	0	1	0	2	2	0	0	0	1	0	0	1	0	0	0	0	0
0	0	0	0	0	0	0	0	0	0	0	0	0	0	0	0	0	0	0	0	0	0	0	0	0	0	0	0	0	0	0	0	0	0	0	0	0	0	0	0	0	0	0	0	0	0	0	0	0	0	0	0	0	0	0	0	0	0	0	0	0	0	0	0	0	0	0	0	0	0	0	0	0	0	0
0	0	0	0	0	0	0	0	0	0	0	0	0	1	0	0	0	0	0	2	0	280	2	0	0	0	21	0	0	0	0	0	0	3	10	0	0	0	0	2	0	0	1	0	0	0	3	0	0	0	0	0	0	0	0	0	0	1	0	0	0	0	3	0	0	0	0	1	0	0	0	6	0	0	0
0	0	0	0	0	0	0	0	0	1	2	0	0	0	1	0	0	0	0	0	0	0	0	1	0	0	0	0	0	0	0	0	0	0	0	0	0	0	0	0	0	0	0	1	2	0	1	0	5	0	58	0	0	0	0	0	0	0	1	0	0	1	4	0	0	0	0	0	0	4	0	0	0	0	0
0	4	0	0	0	0	0	0	0	0	63	0	0	5	0	6	0	2	0	0	21	48	85	0	0	1	1	0	2	28	0	28	0	1	0	18	0	3	4	8	4	0	0	33	4	0	0	0	211	0	0	0	0	12	47	2	12	123	4	24	2	0	0	0	0	0	0	0	0	0	14	2	0	0	0
0	1	0	0	0	0	0	0	0	0	75	0	0	2	0	1	0	0	0	21	0	43	1	4	13	3	0	0	1	3	0	146	0	3	1	2	0	1	0	0	0	0	0	3	0	2	0	0	79	0	0	1	0	1	1	1	2	142	1	1	3	0	1	0	0	0	0	0	0	1	1	6	0	0	0
0	0	0	1	0	1	0	0	0	0	0	3	0	110	0	0	0	280	0	48	43	0	90	3	0	0	18	1	4	0	0	0	0	157	191	33	0	0	1	339	152	0	0	0	0	0	12	1	0	0	1	0	0	0	0	3	0	4	8	0	3	1	1	0	0	0	1	1	0	0	3	196	0	0	0
0	138	0	0	0	0	0	0	0	0	0	0	0	0	0	0	0	2	0	85	1	90	0	0	24	100	12	1	0	37	0	212	0	0	0	20	0	0	0	0	0	0	0	0	0	63	2	0	0	0	0	3	118	15	0	101	36	3	38	0	0	0	0	0	0	0	0	97	0	0	0	19	0	0	0
0	0	0	0	0	0	0	0	0	0	0	0	0	2	0	1	0	0	1	0	4	3	0	0	0	0	0	0	1	0	0	0	0	4	0	0	0	0	0	0	0	0	0	0	0	0	0	0	0	0	0	0	0	0	0	0	0	0	0	0	0	0	0	0	0	0	0	0	0	0	0	2	0	0	0
0	29	0	0	0	0	0	0	0	0	0	0	0	0	0	0	0	0	0	0	13	0	24	0	0	4	0	0	0	0	0	2	0	0	0	0	0	0	0	0	0	0	0	0	0	11	0	0	0	0	0	0	2	22	0	30	46	0	0	0	0	0	0	0	0	0	0	0	0	0	0	0	0	0	0
0	3	0	0	0	0	0	0	0	0	0	0	0	0	0	0	0	0	0	1	3	0	100	0	4	0	0	0	0	0	0	43	0	0	0	0	0	0	0	0	0	0	0	0	0	2	0	0	0	0	0	0	0	2	0	4	2	0	0	0	0	0	0	0	0	0	0	0	0	0	0	0	0	0	0
0	1	0	0	0	0	0	0	0	0	0	0	0	0	0	0	0	21	0	1	0	18	12	0	0	0	0	2	2	1	0	0	0	5	1	4	0	0	0	17	5	0	0	1	0	1	0	0	0	0	0	0	0	0	0	2	0	1	3	2	0	0	0	0	0	0	0	6	0	0	1	4	0	2	0
0	0	0	1	5	0	0	0	0	0	0	0	0	0	0	0	0	0	0	0	0	1	1	0	0	0	2	0	0	0	0	0	0	2	0	0	1	0	0	0	0	2	7	0	0	0	0	1	26	0	0	0	0	0	0	0	0	0	0	0	0	0	1	2	0	0	8	0	0	0	0	0	0	0	0
0	0	0	3	0	77	0	0	69	0	0	13	0	113	4	0	0	0	0	2	1	4	0	1	0	0	2	0	0	0	0	0	0	19	54	1	0	0	1	0	5	0	0	1	0	0	134	1	1	0	6	0	0	0	1	0	0	3	0	31	49	0	21	0	265	0	0	0	0	1	2	14	0	4	0
0	0	0	0	0	0	0	0	0	0	0	0	0	2	0	0	0	0	0	28	3	0	37	0	0	0	1	0	0	0	0	0	0	0	0	4	0	0	0	0	0	0	0	0	0	0	2	0	0	0	0	0	0	0	3	0	0	1	0	2	0	0	0	0	0	0	0	3	0	0	0	4	0	0	0
0	0	0	0	0	0	0	0	0	0	0	0	0	0	0	0	0	0	0	0	0	0	0	0	0	0	0	0	0	0	0	0	0	0	0	0	0	0	0	0	0	0	0	0	0	0	0	0	0	0	0	0	0	0	0	0	0	0	0	0	0	0	0	0	0	0	0	0	0	0	0	0	0	0	0
0	0	0	0	0	0	0	0	0	0	33	0	0	0	0	0	0	0	0	28	146	0	212	0	2	43	0	0	0	0	0	0	0	0	0	0	0	0	0	0	0	0	0	0	88	242	0	0	4	0	0	49	0	152	2	104	0	227	0	0	0	0	0	0	0	0	0	94	0	0	0	0	0	0	0
0	0	0	0	0	0	0	0	0	0	0	0	0	0	0	0	0	0	0	0	0	0	0	0	0	0	0	0	0	0	0	0	0	0	0	0	0	0	0	0	0	0	0	0	0	0	0	0	0	0	0	0	0	0	0	0	0	0	0	0	0	0	0	0	0	0	0	0	0	0	0	0	0	0	0
0	0	0	0	0	0	0	0	5	0	0	0	0	25	0	0	0	3	0	1	3	157	0	4	0	0	5	2	19	0	0	0	0	0	18	14	0	0	1	53	1	0	0	0	0	0	1	0	0	0	0	0	0	0	0	1	0	7	3	1	4	0	0	0	0	0	0	0	0	0	0	108	0	0	0
0	0	0	0	0	46	0	0	1	0	1	16	0	126	0	0	0	10	0	0	1	191	0	0	0	0	1	0	54	0	0	0	0	18	0	5	0	0	0	20	14	0	0	4	1	0	179	0	0	0	0	0	0	1	0	1	0	1	49	3	0	0	0	0	31	0	3	2	0	0	0	1	0	0	0
0	0	0	0	0	0	0	0	0	0	0	14	0	13	0	0	0	0	0	18	2	33	20	0	0	0	4	0	1	4	0	0	0	14	5	0	0	1	0	0	0	0	0	3	0	0	3	0	0	0	0	0	0	0	2	0	0	0	2	2	0	0	0	0	0	0	0	4	0	0	0	11	0	0	0
0	0	0	0	0	0	0	0	0	0	169	2	0	0	0	5	0	0	0	0	0	0	0	0	0	0	0	1	0	0	0	0	0	0	0	0	0	0	0	0	0	0	7	0	0	0	0	0	313	0	1	0	0	0	0	0	0	8	0	0	0	0	4	12	0	0	3	0	0	1	0	0	0	0	0
0	0	0	0	0	0	0	0	0	0	0	0	0	0	0	0	0	0	0	3	1	0	0	0	0	0	0	0	0	0	0	0	0	0	0	1	0	0	0	0	0	0	0	0	1	0	0	0	0	0	0	0	0	0	0	0	0	0	1	3	1	0	0	0	0	0	0	2	0	0	0	2	0	0	0
0	0	0	0	0	0	0	0	0	0	1	2	0	0	6	1	0	0	0	4	0	1	0	0	0	0	0	0	1	0	0	0	0	1	0	0	0	0	0	0	0	0	0	0	0	0	2	0	4	0	2	0	0	0	0	0	1	2	0	0	0	0	47	0	0	0	0	0	0	0	0	16	0	0	0
0	0	0	0	0	0	0	0	0	0	1	0	0	4	0	0	0	2	0	8	0	339	0	0	0	0	17	0	0	0	0	0	0	53	20	0	0	0	0	0	0	0	0	0	0	0	5	0	0	0	0	0	0	0	0	0	0	0	0	0	0	0	0	0	0	0	0	0	0	0	0	109	0	0	0
0	0	0	0	0	0	0	0	0	0	0	0	0	4	0	0	0	0	0	4	0	152	0	0	0	0	5	0	5	0	0	0	0	1	14	0	0	0	0	0	0	0	0	0	0	0	25	0	0	0	0	0	0	0	0	0	0	0	0	0	0	0	0	0	0	0	0	0	0	0	0	0	0	0	0
0	0	0	0	0	0	0	0	0	0	104	0	0	0	0	0	0	0	0	0	0	0	0	0	0	0	0	2	0	0	0	0	0	0	0	0	0	0	0	0	0	0	4	0	0	0	0	0	60	0	1	0	0	0	0	0	0	0	0	0	0	0	0	2	0	0	8	0	0	1	0	0	0	0	0
0	0	0	16	1	1	0	0	0	0	13	98	0	1	12	0	0	1	0	0	0	0	0	0	0	0	0	7	0	0	0	0	0	0	0	0	7	0	0	0	0	4	0	0	0	0	0	0	94	0	0	0	0	0	0	0	0	1	12	0	0	14	34	5	5	0	10	0	0	9	0	0	0	0	0
0	0	0	0	0	0	0	0	0	0	1	2	0	5	0	1	0	0	1	33	3	0	0	0	0	0	1	0	1	0	0	0	0	0	4	3	0	0	0	0	0	0	0	0	1	0	7	0	17	0	0	0	0	0	0	0	0	94	1	27	1	0	0	0	0	0	0	10	0	0	2	5	0	0	0
0	0	0	0	0	0	0	0	0	0	204	4	0	0	1	5	0	0	2	4	0	0	0	0	0	0	0	0	0	0	0	88	0	0	1	0	0	1	0	0	0	0	0	1	0	0	1	0	459	0	15	2	0	2	0	0	0	7	0	0	0	0	80	0	0	0	2	0	0	0	0	0	0	0	0
0	0	0	0	0	0	0	0	0	0	13	0	0	0	0	0	0	0	0	0	2	0	63	0	11	2	1	0	0	0	0	242	0	0	0	0	0	0	0	0	0	0	0	0	0	0	0	0	0	0	0	7	38	0	0	0	0	53	0	0	0	0	0	0	0	0	0	0	0	0	0	0	0	0	0
0	0	0	1	0	49	0	0	2	0	0	0	0	127	0	2	0	3	1	0	0	12	2	0	0	0	0	0	134	2	0	0	0	1	179	3	0	0	2	5	25	0	0	7	1	0	0	1	0	0	2	0	0	0	0	0	0	2	12	2	3	5	1	0	56	0	0	8	0	1	0	3	0	0	0
0	0	0	0	0	0	0	0	0	0	12	0	0	0	0	0	0	0	0	0	0	1	0	0	0	0	0	1	1	0	0	0	0	0	0	0	0	0	0	0	0	0	0	0	0	0	1	0	0	0	0	0	0	0	0	0	0	1	0	10	0	0	1	0	0	0	0	0	0	0	0	0	0	0	0
0	0	0	125	65	0	0	0	0	0	612	0	0	1	0	125	0	0	5	211	79	0	0	0	0	0	0	26	1	0	0	4	0	0	0	0	313	0	4	0	0	60	94	17	459	0	0	0	0	0	0	0	0	27	46	0	0	294	0	0	0	4	0	2	0	0	363	0	0	0	1	0	0	0	0
0	0	0	0	0	0	0	0	0	0	0	0	0	0	0	0	0	0	0	0	0	0	0	0	0	0	0	0	0	0	0	0	0	0	0	0	0	0	0	0	0	0	0	0	0	0	0	0	0	0	0	0	0	0	0	0	0	0	0	0	0	0	0	0	0	0	0	0	0	0	0	0	0	0	0
0	0	0	0	0	2	0	1	0	0	0	0	0	0	3	1	0	0	58	0	0	1	0	0	0	0	0	0	6	0	0	0	0	0	0	0	1	0	2	0	0	1	0	0	15	0	2	0	0	0	0	0	0	0	0	0	0	0	2	0	0	7	51	0	0	0	4	1	0	0	1	0	0	0	0
0	0	0	0	0	0	0	0	0	0	2	0	0	0	0	0	0	0	0	0	1	0	3	0	0	0	0	0	0	0	0	49	0	0	0	0	0	0	0	0	0	0	0	0	2	7	0	0	0	0	0	0	0	8	0	7	0	15	1	0	0	0	0	0	0	0	0	1	0	0	0	0	0	0	0
0	11	0	0	0	0	0	0	0	0	0	0	0	0	0	0	0	0	0	0	0	0	118	0	2	0	0	0	0	0	0	0	0	0	0	0	0	0	0	0	0	0	0	0	0	38	0	0	0	0	0	0	0	0	0	80	0	0	0	0	0	0	0	0	0	0	0	0	0	0	0	0	0	0	0
0	0	0	0	0	0	0	0	0	0	206	0	0	0	0	0	0	0	0	12	1	0	15	0	22	2	0	0	0	0	0	152	0	0	1	0	0	0	0	0	0	0	0	0	2	0	0	0	27	0	0	8	0	0	38	0	0	153	0	0	0	0	0	0	0	0	0	0	0	0	0	0	0	0	0
0	0	0	17	0	0	0	0	1	0	48	0	0	0	0	0	0	0	0	47	1	0	0	0	0	0	0	0	1	3	0	2	0	0	0	2	0	0	0	0	0	0	0	0	0	0	0	0	46	0	0	0	0	38	0	0	1	6	0	12	2	0	0	0	0	0	0	0	0	0	52	0	0	0	0
0	0	0	0	0	0	0	0	0	0	0	0	0	0	0	0	0	0	0	2	1	3	101	0	30	4	2	0	0	0	0	104	0	1	1	0	0	0	0	0	0	0	0	0	0	0	0	0	0	0	0	7	80	0	0	0	0	0	0	0	0	0	0	0	0	0	0	0	0	0	0	0	0	0	0
0	0	0	0	0	0	0	0	0	0	0	0	0	0	0	0	0	0	0	12	2	0	36	0	46	2	0	0	0	0	0	0	0	0	0	0	0	0	1	0	0	0	0	0	0	0	0	0	0	0	0	0	0	0	1	0	0	0	0	0	1	0	0	0	0	0	0	0	0	0	47	1	0	0	0
0	0	0	49	0	2	0	0	0	0	257	8	0	2	0	29	0	1	0	123	142	4	3	0	0	0	1	0	3	1	0	227	0	7	1	0	8	0	2	0	0	0	1	94	7	53	2	1	294	0	0	15	0	153	6	0	0	0	8	4	0	1	35	0	0	0	6	7	0	8	126	3	0	0	0
0	0	0	0	0	0	0	0	0	0	14	2	0	8	0	0	0	0	1	4	1	8	38	0	0	0	3	0	0	0	0	0	0	3	49	2	0	1	0	0	0	0	12	1	0	0	12	0	0	0	2	1	0	0	0	0	0	8	0	18	0	1	0	0	0	0	0	6	0	0	0	3	0	0	0
0	0	0	2	0	0	0	0	0	0	0	0	0	0	0	1	0	0	0	24	1	0	0	0	0	0	2	0	31	2	0	0	0	1	3	2	0	3	0	0	0	0	0	27	0	0	2	10	0	0	0	0	0	0	12	0	0	4	18	0	18	0	0	0	0	0	0	14	0	0	0	7	0	2	0
0	0	0	0	0	0	0	0	0	0	1	0	0	17	0	0	0	0	0	2	3	3	0	0	0	0	0	0	49	0	0	0	0	4	0	0	0	1	0	0	0	0	0	1	0	0	3	0	0	0	0	0	0	0	2	0	1	0	0	18	0	0	0	0	0	0	0	0	0	0	2	43	0	0	0
0	0	0	0	0	0	0	0	0	0	3	250	0	2	14	2	0	0	1	0	0	1	0	0	0	0	0	0	0	0	0	0	0	0	0	0	0	0	0	0	0	0	14	0	0	0	5	0	4	0	7	0	0	0	0	0	0	1	1	0	0	0	249	0	0	0	0	0	0	0	0	0	0	0	0
0	0	0	17	0	135	0	0	0	0	0	140	0	1	253	2	0	3	4	0	1	1	0	0	0	0	0	1	21	0	0	0	0	0	0	0	4	0	47	0	0	0	34	0	80	0	1	1	0	0	51	0	0	0	0	0	0	35	0	0	0	249	0	0	13	0	9	0	0	20	0	0	0	0	0
0	0	0	1	0	0	0	0	0	0	0	0	0	0	0	0	0	0	0	0	0	0	0	0	0	0	0	2	0	0	0	0	0	0	0	0	12	0	0	0	0	2	5	0	0	0	0	0	2	0	0	0	0	0	0	0	0	0	0	0	0	0	0	0	0	0	12	0	0	0	0	0	0	0	0
0	0	0	0	0	215	0	0	40	0	7	233	0	124	1	0	0	0	0	0	0	0	0	0	0	0	0	0	265	0	0	0	0	0	31	0	0	0	0	0	0	0	5	0	0	0	56	0	0	0	0	0	0	0	0	0	0	0	0	0	0	0	13	0	0	0	0	0	0	0	0	0	0	0	0
0	0	0	0	0	0	0	0	0	0	0	0	0	0	0	0	0	0	0	0	0	0	0	0	0	0	0	0	0	0	0	0	0	0	0	0	0	0	0	0	0	0	0	0	0	0	0	0	0	0	0	0	0	0	0	0	0	0	0	0	0	0	0	0	0	0	0	0	0	0	0	0	0	0	0
0	0	0	3	2	0	0	0	0	0	148	2	0	12	2	1	0	0	0	0	0	1	0	0	0	0	0	8	0	0	0	0	0	0	3	0	3	0	0	0	0	8	10	0	2	0	0	0	363	0	4	0	0	0	0	0	0	6	0	0	0	0	9	12	0	0	0	0	0	0	0	0	0	0	0
0	0	0	0	0	0	0	0	0	0	0	0	0	0	0	0	0	1	0	0	0	1	97	0	0	0	6	0	0	3	0	94	0	0	2	4	0	2	0	0	0	0	0	10	0	0	8	0	0	0	1	1	0	0	0	0	0	7	6	14	0	0	0	0	0	0	0	0	0	1	0	2	0	0	0
0	0	0	0	0	0	0	0	0	0	0	0	0	0	0	0	0	0	0	0	0	0	0	0	0	0	0	0	0	0	0	0	0	0	0	0	0	0	0	0	0	0	0	0	0	0	0	0	0	0	0	0	0	0	0	0	0	0	0	0	0	0	0	0	0	0	0	0	0	0	0	0	0	0	0
0	0	0	0	0	0	0	0	0	0	0	40	0	1	0	1	0	0	4	0	1	0	0	0	0	0	0	0	1	0	0	0	0	0	0	0	1	0	0	0	0	1	9	0	0	0	1	0	0	0	0	0	0	0	0	0	0	8	0	0	0	0	20	0	0	0	0	1	0	0	0	0	0	0	0
0	0	0	0	0	0	0	0	1	0	32	0	0	4	0	0	0	0	0	14	1	3	0	0	0	0	1	0	2	0	0	0	0	0	0	0	0	0	0	0	0	0	0	2	0	0	0	0	1	0	1	0	0	0	52	0	47	126	0	0	2	0	0	0	0	0	0	0	0	0	0	15	0	0	0
0	0	0	0	0	0	0	0	0	0	1	2	0	21	0	0	0	6	0	2	6	196	19	2	0	0	4	0	14	4	0	0	0	108	1	11	0	2	16	109	0	0	0	5	0	0	3	0	0	0	0	0	0	0	0	0	1	3	3	7	43	0	0	0	0	0	0	2	0	0	15	0	0	0	0
0	0	0	0	0	0	0	0	0	0	0	0	0	0	0	0	0	0	0	0	0	0	0	0	0	0	0	0	0	0	0	0	0	0	0	0	0	0	0	0	0	0	0	0	0	0	0	0	0	0	0	0	0	0	0	0	0	0	0	0	0	0	0	0	0	0	0	0	0	0	0	0	0	0	0
0	0	0	0	0	0	0	0	0	0	0	0	0	0	0	0	0	0	0	0	0	0	0	0	0	0	2	0	4	0	0	0	0	0	0	0	0	0	0	0	0	0	0	0	0	0	0	0	0	0	0	0	0	0	0	0	0	0	0	2	0	0	0	0	0	0	0	0	0	0	0	0	0	0	0
0	0	0	0	0	0	0	0	0	0	0	0	0	0	0	0	0	0	0	0	0	0	0	0	0	0	0	0	0	0	0	0	0	0	0	0	0	0	0	0	0	0	0	0	0	0	0	0	0	0	0	0	0	0	0	0	0	0	0	0	0	0	0	0	0	0	0	0	0	0	0	0	0	0	0
