0	0	0	0	0	0	0	0	0	0	0	0	0	0	0	0	0	0	0	0	0	0	0	0	0	0	0	0	0	0	0	0	0	0	0	0	0	0	0	0	0	0	0	0	0	0	0	0	0	0	0	0	0	0	0	0	0	0	0	0	0	0	0	0	0	0	0	0	0	0	0	0	0	0	0
0	0	0	0	0	0	0	0	0	0	12	0	0	0	0	0	0	1	0	1	1	0	123	0	87	1	16	0	0	2	0	12	0	0	0	45	0	0	0	0	0	0	0	0	0	7	0	0	0	0	1	0	0	3	0	52	0	0	42	2	0	0	0	0	0	0	0	1	3	0	0	0	0	0	0
0	0	0	0	0	0	0	0	2	0	0	0	0	3	0	0	0	0	0	0	0	0	2	0	0	0	0	0	0	6	0	0	0	5	0	4	0	0	0	0	0	0	0	2	0	0	0	0	0	0	0	0	0	0	0	2	0	0	0	5	0	0	0	0	0	0	0	0	0	0	0	0	0	0	0
0	0	0	0	0	0	0	0	0	8	243	0	0	5	8	1	0	0	2	0	2	0	0	0	0	0	3	0	0	0	4	0	0	0	5	0	0	0	0	0	0	0	0	0	0	0	2	0	23	0	0	0	0	0	0	0	0	0	4	0	0	0	0	0	0	0	8	0	0	1	2	0	0	0	0
0	0	0	0	0	0	0	0	0	0	4	0	0	0	0	0	0	0	0	0	0	0	0	0	0	0	1	0	0	0	382	0	0	0	0	0	0	0	0	0	0	0	0	0	8	0	0	0	5	0	0	0	0	0	0	0	0	0	0	0	0	0	0	0	0	0	14	0	0	0	0	0	0	0	1
0	0	0	0	0	0	0	0	0	5	0	4	0	216	64	0	0	0	0	0	3	0	0	0	0	0	0	0	0	0	0	0	0	5	880	0	0	0	0	0	0	0	0	0	0	0	110	0	1	0	0	9	0	0	0	0	0	0	5	0	0	0	0	0	0	0	0	0	0	1	0	0	0	0	3
0	0	0	0	0	0	0	0	0	0	482	0	0	0	0	9	0	0	1	5	177	0	0	0	42	0	0	0	0	0	0	440	0	0	12	0	0	0	0	0	0	0	0	0	0	0	26	0	6	0	0	93	0	0	0	0	0	0	141	0	0	0	0	0	0	0	0	0	0	0	2	0	0	0	279
0	0	0	0	0	0	0	0	0	0	0	0	0	0	0	0	0	0	0	0	0	0	0	0	0	0	0	0	0	0	0	0	0	0	0	0	0	0	0	0	0	0	0	0	0	0	0	0	0	0	0	0	0	0	0	0	0	0	0	0	0	0	0	0	0	0	0	0	0	0	0	0	0	0	0
0	0	2	0	0	0	0	0	0	22	0	0	0	429	0	0	0	0	0	2	29	0	0	0	0	0	38	0	0	0	0	0	0	17	209	1	0	0	0	0	0	0	0	0	0	0	14	0	0	0	0	0	0	0	0	0	2	0	33	6	1	0	0	0	0	0	0	0	0	0	0	2	0	0	0
0	0	0	8	0	5	0	0	22	0	0	0	0	33	1	0	0	5	1	31	37	5	6	14	0	0	6	0	31	10	3	0	0	14	32	6	0	0	0	0	0	2	14	27	1	0	0	0	0	0	1	0	0	0	0	3	0	8	53	51	0	0	10	0	7	0	0	4	0	29	0	26	0	0	0
0	12	0	243	4	0	482	0	0	0	0	0	0	2	0	30	0	0	21	123	172	1	0	0	0	0	0	0	0	0	0	24	0	1	0	2	88	0	0	0	0	53	195	22	284	3	0	0	35	0	13	23	0	344	0	0	0	318	14	0	0	0	5	0	0	0	310	0	0	3	88	0	0	0	0
0	0	0	0	0	4	0	0	0	0	0	0	0	0	1	0	0	0	0	0	0	0	0	0	0	0	0	0	0	0	0	0	0	0	0	0	0	0	2	0	0	0	0	0	0	0	0	0	0	0	0	0	0	0	0	0	0	0	0	0	0	0	4	0	0	0	0	0	0	4	0	0	0	0	0
0	0	0	0	0	0	0	0	0	0	0	0	0	0	0	0	0	0	0	0	0	0	0	0	0	0	0	0	0	0	0	0	0	0	0	0	0	0	0	0	0	0	0	0	0	0	0	0	0	0	0	0	0	0	0	0	0	0	0	0	0	0	0	0	0	0	0	0	0	0	0	0	0	0	0
0	0	3	5	0	216	0	0	429	33	2	0	0	0	1	0	1	38	0	121	18	37	3	7	0	0	1	0	289	160	0	2	0	308	1447	20	0	0	0	0	0	0	1	246	0	5	369	0	0	0	0	0	0	0	0	3	5	29	107	39	1	2	4	0	1	0	25	0	0	0	0	233	0	5	0
0	0	0	8	0	64	0	0	0	1	0	1	0	1	0	5	0	0	0	0	1	0	0	2	0	0	0	0	70	0	0	0	0	10	38	1	0	0	26	0	0	1	59	0	128	0	1	0	0	0	0	0	0	0	0	0	0	1	5	0	0	173	241	0	29	0	1	0	0	0	0	1	0	23	0
0	0	0	1	0	0	9	0	0	0	30	0	0	0	5	0	0	0	0	0	0	0	0	0	0	0	0	0	0	0	0	0	0	0	0	0	0	0	0	0	0	0	38	2	42	0	0	0	2	0	0	0	0	1	0	0	0	0	0	0	0	0	9	0	0	0	0	0	26	0	0	0	0	0	0
0	0	0	0	0	0	0	0	0	0	0	0	0	1	0	0	0	0	0	0	0	0	0	0	0	0	0	0	0	0	0	0	0	0	1	0	0	0	0	0	0	0	0	0	0	0	2	0	0	0	0	0	0	0	0	0	0	0	0	0	0	0	0	0	0	0	0	0	0	0	0	0	0	0	0
0	1	0	0	0	0	0	0	0	5	0	0	0	38	0	0	0	0	0	2	7	0	0	0	0	0	234	0	0	0	0	10	0	4	48	0	0	0	0	0	0	0	0	0	0	0	1	0	0	0	0	0	0	0	0	0	0	0	40	2	0	0	0	0	0	0	0	0	0	0	0	0	0	0	12
0	0	0	2	0	0	1	0	0	1	21	0	0	0	0	0	0	0	0	0	0	0	0	0	0	0	0	0	2	0	0	2	0	0	5	1	0	0	0	0	0	4	2	0	1	0	0	0	0	0	6	0	0	1	0	0	0	0	0	0	0	2	4	0	0	0	2	0	0	2	0	0	0	0	0
0	1	0	0	0	0	5	0	2	31	123	0	0	121	0	0	0	2	0	0	106	0	2	2	0	0	27	0	4	5	0	89	0	25	100	2	0	0	2	0	0	2	1	13	2	0	12	0	0	0	0	0	0	4	0	0	29	5	255	54	0	0	0	0	0	0	3	2	2	0	0	4	0	2	117
0	1	0	2	0	3	177	0	29	37	172	0	0	18	1	0	0	7	0	106	0	11	5	15	42	1	8	0	24	70	0	89	0	34	40	4	0	0	6	0	0	5	17	78	2	103	18	0	15	0	0	18	0	78	0	79	148	199	33	30	0	0	2	0	0	0	7	9	18	3	103	49	0	1	0
0	0	0	0	0	0	0	0	0	5	1	0	0	37	0	0	0	0	0	0	11	0	0	0	2	0	342	0	0	0	1	4	0	17	65	0	0	0	0	0	0	0	0	0	0	0	43	0	0	0	0	8	0	0	0	0	0	0	20	0	0	0	0	0	0	0	0	0	0	0	0	0	0	0	8
0	123	2	0	0	0	0	0	0	6	0	0	0	3	0	0	0	0	0	2	5	0	0	0	8	0	186	0	0	0	0	152	0	5	7	1	0	0	0	0	0	0	0	0	0	0	29	0	0	0	0	0	0	0	0	0	4	3	114	0	0	0	0	0	0	0	0	0	0	0	0	0	0	0	10
0	0	0	0	0	0	0	0	0	14	0	0	0	7	2	0	0	0	0	2	15	0	0	0	0	0	0	0	0	0	0	0	0	0	40	0	0	0	0	0	0	0	0	0	0	0	33	0	0	0	0	0	0	0	0	0	0	0	54	28	0	0	0	0	0	0	0	0	0	0	0	0	0	0	3
0	87	0	0	0	0	42	0	0	0	0	0	0	0	0	0	0	0	0	0	42	2	8	0	0	30	2	0	0	0	0	0	0	2	57	2	0	0	0	0	0	0	0	0	0	26	0	0	0	0	0	0	0	0	0	38	85	0	11	0	0	0	0	0	0	0	0	0	6	0	0	0	0	0	0
0	1	0	0	0	0	0	0	0	0	0	0	0	0	0	0	0	0	0	0	1	0	0	0	30	0	0	0	0	0	0	0	0	0	0	0	0	0	0	0	0	0	0	0	0	0	0	0	0	0	0	0	0	0	0	0	1	0	0	0	0	0	0	0	0	0	0	0	0	0	0	0	0	0	0
0	16	0	3	1	0	0	0	38	6	0	0	0	1	0	0	0	234	0	27	8	342	186	0	2	0	0	0	0	28	1	8	0	212	19	28	1	0	1	0	0	34	0	32	0	27	17	0	0	0	0	4	0	160	0	126	0	11	26	6	0	2	0	0	0	0	8	53	15	0	0	31	0	0	1
0	0	0	0	0	0	0	0	0	0	0	0	0	0	0	0	0	0	0	0	0	0	0	0	0	0	0	0	0	0	0	0	0	0	0	0	0	0	0	0	0	0	0	0	0	0	0	0	0	0	0	0	0	0	0	0	0	0	0	0	0	0	0	0	0	0	0	0	0	0	0	0	0	0	0
0	0	0	0	0	0	0	0	0	31	0	0	0	289	70	0	0	0	2	4	24	0	0	0	0	0	0	0	0	1	0	0	0	5	905	0	0	0	0	0	0	0	0	0	4	0	103	0	0	0	0	0	0	0	0	0	0	0	16	24	0	0	0	0	0	0	1	0	0	0	0	0	0	0	12
0	2	6	0	0	0	0	0	0	10	0	0	0	160	0	0	0	0	0	5	70	0	0	0	0	0	28	0	1	0	1	14	0	34	806	6	0	0	0	0	0	0	2	4	0	0	115	0	0	0	0	0	0	0	0	2	1	2	386	42	0	0	0	0	0	0	1	1	0	0	0	6	0	0	11
0	0	0	4	382	0	0	0	0	3	0	0	0	0	0	0	0	0	0	0	0	1	0	0	0	0	1	0	0	1	0	5	0	0	0	0	151	0	0	0	0	405	0	0	0	2	0	0	1	0	0	0	0	0	0	12	0	1	0	0	0	0	0	0	0	0	637	0	0	0	0	0	0	0	0
0	12	0	0	0	0	440	0	0	0	24	0	0	2	0	0	0	10	2	89	89	4	152	0	0	0	8	0	0	14	5	0	0	4	2	6	0	0	0	0	0	8	0	22	44	356	0	0	0	0	0	149	0	140	0	178	0	160	51	0	0	2	2	0	0	0	0	164	18	0	0	33	0	0	181
0	0	0	0	0	0	0	0	0	0	0	0	0	0	0	0	0	0	0	0	0	0	0	0	0	0	0	0	0	0	0	0	0	0	0	0	0	0	0	0	0	0	0	0	0	0	0	0	0	0	0	0	0	0	0	0	0	0	0	0	0	0	0	0	0	0	0	0	0	0	0	0	0	0	0
0	0	5	0	0	5	0	0	17	14	1	0	0	308	10	0	0	4	0	25	34	17	5	0	2	0	212	0	5	34	0	4	0	0	167	4	0	0	0	0	0	2	5	8	0	0	30	0	0	0	0	0	0	24	0	25	18	17	94	5	1	0	9	0	0	0	2	0	3	0	0	29	0	0	47
0	0	0	5	0	880	12	0	209	32	0	0	0	1447	38	0	1	48	5	100	40	65	7	40	57	0	19	0	905	806	0	2	0	167	0	5	0	0	58	0	0	9	12	192	48	131	1154	0	0	0	0	40	0	2	0	242	1	40	717	2	0	77	76	0	0	0	35	44	33	56	0	451	0	12	4
0	45	4	0	0	0	0	0	1	6	2	0	0	20	1	0	0	0	1	2	4	0	1	0	2	0	28	0	0	6	0	6	0	4	5	0	0	0	0	0	0	0	0	1	0	0	9	0	0	0	0	0	0	0	0	1	1	1	296	54	1	0	1	0	0	0	0	0	0	0	0	2	0	0	3
0	0	0	0	0	0	0	0	0	0	88	0	0	0	0	0	0	0	0	0	0	0	0	0	0	0	1	0	0	0	151	0	0	0	0	0	0	0	0	0	0	0	0	0	0	0	0	0	5	0	0	0	0	0	0	0	0	0	0	0	0	0	0	0	0	0	66	0	0	0	0	0	0	0	2
0	0	0	0	0	0	0	0	0	0	0	0	0	0	0	0	0	0	0	0	0	0	0	0	0	0	0	0	0	0	0	0	0	0	0	0	0	0	0	0	0	0	0	0	0	0	0	0	0	0	0	0	0	0	0	0	0	0	0	0	0	0	0	0	0	0	0	0	0	0	0	0	0	0	0
0	0	0	0	0	0	0	0	0	0	0	2	0	0	26	0	0	0	0	2	6	0	0	0	0	0	1	0	0	0	0	0	0	0	58	0	0	0	0	0	0	0	0	0	0	0	0	0	0	0	0	0	0	0	0	0	0	0	83	0	0	0	0	0	0	0	0	0	0	0	0	0	0	0	0
0	0	0	0	0	0	0	0	0	0	0	0	0	0	0	0	0	0	0	0	0	0	0	0	0	0	0	0	0	0	0	0	0	0	0	0	0	0	0	0	0	0	0	0	0	0	0	0	0	0	0	0	0	0	0	0	0	0	0	0	0	0	0	0	0	0	0	0	0	0	0	0	0	0	0
0	0	0	0	0	0	0	0	0	0	0	0	0	0	0	0	0	0	0	0	0	0	0	0	0	0	0	0	0	0	0	0	0	0	0	0	0	0	0	0	0	0	0	0	0	0	0	0	0	0	0	0	0	0	0	0	0	0	0	0	0	0	0	0	0	0	0	0	0	0	0	0	0	0	0
0	0	0	0	0	0	0	0	0	2	53	0	0	0	1	0	0	0	4	2	5	0	0	0	0	0	34	0	0	0	405	8	0	2	9	0	0	0	0	0	0	0	0	0	0	0	12	0	49	0	0	0	0	0	0	0	0	0	38	0	0	0	0	0	0	0	69	0	0	0	0	0	0	0	30
0	0	0	0	0	0	0	0	0	14	195	0	0	1	59	38	0	0	2	1	17	0	0	0	0	0	0	0	0	2	0	0	0	5	12	0	0	0	0	0	0	0	0	0	0	0	1	0	17	0	0	0	0	0	0	0	0	1	273	74	0	0	0	0	0	0	1	0	0	1	0	0	0	0	1
0	0	2	0	0	0	0	0	0	27	22	0	0	246	0	2	0	0	0	13	78	0	0	0	0	0	32	0	0	4	0	22	0	8	192	1	0	0	0	0	0	0	0	0	0	0	57	0	0	0	0	0	0	0	0	0	1	8	460	100	2	0	0	0	0	0	2	0	0	0	0	5	0	0	28
0	0	0	0	8	0	0	0	0	1	284	0	0	0	128	42	0	0	1	2	2	0	0	0	0	0	0	0	4	0	0	44	0	0	48	0	0	0	0	0	0	0	0	0	0	0	0	0	22	0	0	5	0	0	0	0	0	0	39	0	0	2	4	0	0	0	2	0	0	1	0	0	0	0	119
0	7	0	0	0	0	0	0	0	0	3	0	0	5	0	0	0	0	0	0	103	0	0	0	26	0	27	0	0	0	2	356	0	0	131	0	0	0	0	0	0	0	0	0	0	0	10	0	0	0	0	22	0	0	0	0	0	0	23	0	0	0	0	0	0	0	0	0	0	0	0	0	0	0	2
0	0	0	2	0	110	26	0	14	0	0	0	0	369	1	0	2	1	0	12	18	43	29	33	0	0	17	0	103	115	0	0	0	30	1154	9	0	0	0	0	0	12	1	57	0	10	0	0	0	0	0	0	0	54	0	61	0	19	187	0	0	10	15	0	0	0	15	56	0	0	0	90	0	10	1
0	0	0	0	0	0	0	0	0	0	0	0	0	0	0	0	0	0	0	0	0	0	0	0	0	0	0	0	0	0	0	0	0	0	0	0	0	0	0	0	0	0	0	0	0	0	0	0	0	0	0	0	0	0	0	0	0	0	0	0	0	0	0	0	0	0	0	0	0	0	0	0	0	0	0
0	0	0	23	5	1	6	0	0	0	35	0	0	0	0	2	0	0	0	0	15	0	0	0	0	0	0	0	0	0	1	0	0	0	0	0	5	0	0	0	0	49	17	0	22	0	0	0	0	0	0	0	0	6	0	0	0	22	0	0	0	0	0	0	0	0	39	0	0	1	28	0	0	0	0
0	0	0	0	0	0	0	0	0	0	0	0	0	0	0	0	0	0	0	0	0	0	0	0	0	0	0	0	0	0	0	0	0	0	0	0	0	0	0	0	0	0	0	0	0	0	0	0	0	0	0	0	0	0	0	0	0	0	0	0	0	0	0	0	0	0	0	0	0	0	0	0	0	0	0
0	1	0	0	0	0	0	0	0	1	13	0	0	0	0	0	0	0	6	0	0	0	0	0	0	0	0	0	0	0	0	0	0	0	0	0	0	0	0	0	0	0	0	0	0	0	0	0	0	0	0	0	0	0	0	0	0	0	0	0	0	0	0	0	0	0	0	0	0	0	0	0	0	0	0
0	0	0	0	0	9	93	0	0	0	23	0	0	0	0	0	0	0	0	0	18	8	0	0	0	0	4	0	0	0	0	149	0	0	40	0	0	0	0	0	0	0	0	0	5	22	0	0	0	0	0	0	0	90	0	12	0	65	9	0	0	0	0	0	0	0	0	1	0	0	40	0	0	0	2
0	0	0	0	0	0	0	0	0	0	0	0	0	0	0	0	0	0	0	0	0	0	0	0	0	0	0	0	0	0	0	0	0	0	0	0	0	0	0	0	0	0	0	0	0	0	0	0	0	0	0	0	0	0	0	0	0	0	0	0	0	0	0	0	0	0	0	0	0	0	0	0	0	0	0
0	3	0	0	0	0	0	0	0	0	344	0	0	0	0	1	0	0	1	4	78	0	0	0	0	0	160	0	0	0	0	140	0	24	2	0	0	0	0	0	0	0	0	0	0	0	54	0	6	0	0	90	0	0	0	0	0	0	55	0	0	0	0	0	0	0	0	0	0	0	2	0	0	0	170
0	0	0	0	0	0	0	0	0	0	0	0	0	0	0	0	0	0	0	0	0	0	0	0	0	0	0	0	0	0	0	0	0	0	0	0	0	0	0	0	0	0	0	0	0	0	0	0	0	0	0	0	0	0	0	0	0	0	0	0	0	0	0	0	0	0	0	0	0	0	0	0	0	0	0
0	52	2	0	0	0	0	0	0	3	0	0	0	3	0	0	0	0	0	0	79	0	0	0	38	0	126	0	0	2	12	178	0	25	242	1	0	0	0	0	0	0	0	0	0	0	61	0	0	0	0	12	0	0	0	0	67	0	63	0	0	0	0	0	0	0	0	0	0	0	1	4	0	0	7
0	0	0	0	0	0	0	0	2	0	0	0	0	5	0	0	0	0	0	29	148	0	4	0	85	1	0	0	0	1	0	0	0	18	1	1	0	0	0	0	0	0	0	1	0	0	0	0	0	0	0	0	0	0	0	67	0	30	3	3	0	0	0	0	0	0	0	0	8	0	0	1	0	0	7
0	0	0	0	0	0	0	0	0	8	318	0	0	29	1	0	0	0	0	5	199	0	3	0	0	0	11	0	0	2	1	160	0	17	40	1	0	0	0	0	0	0	1	8	0	0	19	0	22	0	0	65	0	0	0	0	30	0	81	24	2	0	4	0	0	0	0	2	0	0	2	0	0	0	43
0	42	0	4	0	5	141	0	33	53	14	0	0	107	5	0	0	40	0	255	33	20	114	54	11	0	26	0	16	386	0	51	0	94	717	296	0	0	83	0	0	38	273	460	39	23	187	0	0	0	0	9	0	55	0	63	3	81	0	218	2	16	30	0	0	0	18	398	103	14	0	202	0	3	349
0	2	5	0	0	0	0	0	6	51	0	0	0	39	0	0	0	2	0	54	30	0	0	28	0	0	6	0	24	42	0	0	0	5	2	54	0	0	0	0	0	0	74	100	0	0	0	0	0	0	0	0	0	0	0	0	3	24	218	0	3	0	0	0	0	0	0	20	0	0	36	47	0	0	1
0	0	0	0	0	0	0	0	1	0	0	0	0	1	0	0	0	0	0	0	0	0	0	0	0	0	0	0	0	0	0	0	0	1	0	1	0	0	0	0	0	0	0	2	0	0	0	0	0	0	0	0	0	0	0	0	0	2	2	3	0	0	0	0	0	0	0	0	0	0	0	1	0	0	0
0	0	0	0	0	0	0	0	0	0	0	0	0	2	173	0	0	0	2	0	0	0	0	0	0	0	2	0	0	0	0	2	0	0	77	0	0	0	0	0	0	0	0	0	2	0	10	0	0	0	0	0	0	0	0	0	0	0	16	0	0	0	0	0	0	0	0	0	0	0	0	0	0	0	17
0	0	0	0	0	0	0	0	0	10	5	4	0	4	241	9	0	0	4	0	2	0	0	0	0	0	0	0	0	0	0	2	0	9	76	1	0	0	0	0	0	0	0	0	4	0	15	0	0	0	0	0	0	0	0	0	0	4	30	0	0	0	0	0	0	0	0	0	0	0	0	0	0	0	29
0	0	0	0	0	0	0	0	0	0	0	0	0	0	0	0	0	0	0	0	0	0	0	0	0	0	0	0	0	0	0	0	0	0	0	0	0	0	0	0	0	0	0	0	0	0	0	0	0	0	0	0	0	0	0	0	0	0	0	0	0	0	0	0	0	0	0	0	0	0	0	0	0	0	0
0	0	0	0	0	0	0	0	0	7	0	0	0	1	29	0	0	0	0	0	0	0	0	0	0	0	0	0	0	0	0	0	0	0	0	0	0	0	0	0	0	0	0	0	0	0	0	0	0	0	0	0	0	0	0	0	0	0	0	0	0	0	0	0	0	0	0	0	0	0	0	0	0	0	1
0	0	0	0	0	0	0	0	0	0	0	0	0	0	0	0	0	0	0	0	0	0	0	0	0	0	0	0	0	0	0	0	0	0	0	0	0	0	0	0	0	0	0	0	0	0	0	0	0	0	0	0	0	0	0	0	0	0	0	0	0	0	0	0	0	0	0	0	0	0	0	0	0	0	0
0	0	0	8	14	0	0	0	0	0	310	0	0	25	1	0	0	0	2	3	7	0	0	0	0	0	8	0	1	1	637	0	0	2	35	0	66	0	0	0	0	69	1	2	2	0	15	0	39	0	0	0	0	0	0	0	0	0	18	0	0	0	0	0	0	0	0	0	0	0	0	1	0	0	12
0	1	0	0	0	0	0	0	0	4	0	0	0	0	0	0	0	0	0	2	9	0	0	0	0	0	53	0	0	1	0	164	0	0	44	0	0	0	0	0	0	0	0	0	0	0	56	0	0	0	0	1	0	0	0	0	0	2	398	20	0	0	0	0	0	0	0	0	0	0	0	2	0	0	8
0	3	0	0	0	0	0	0	0	0	0	0	0	0	0	26	0	0	0	2	18	0	0	0	6	0	15	0	0	0	0	18	0	3	33	0	0	0	0	0	0	0	0	0	0	0	0	0	0	0	0	0	0	0	0	0	8	0	103	0	0	0	0	0	0	0	0	0	0	0	0	0	0	0	101
0	0	0	1	0	1	0	0	0	29	3	4	0	0	0	0	0	0	2	0	3	0	0	0	0	0	0	0	0	0	0	0	0	0	56	0	0	0	0	0	0	0	1	0	1	0	0	0	1	0	0	0	0	0	0	0	0	0	14	0	0	0	0	0	0	0	0	0	0	0	0	1	0	0	0
0	0	0	2	0	0	2	0	0	0	88	0	0	0	0	0	0	0	0	0	103	0	0	0	0	0	0	0	0	0	0	0	0	0	0	0	0	0	0	0	0	0	0	0	0	0	0	0	28	0	0	40	0	2	0	1	0	2	0	36	0	0	0	0	0	0	0	0	0	0	0	3	0	0	0
0	0	0	0	0	0	0	0	2	26	0	0	0	233	1	0	0	0	0	4	49	0	0	0	0	0	31	0	0	6	0	33	0	29	451	2	0	0	0	0	0	0	0	5	0	0	90	0	0	0	0	0	0	0	0	4	1	0	202	47	1	0	0	0	0	0	1	2	0	1	3	0	0	0	3
0	0	0	0	0	0	0	0	0	0	0	0	0	0	0	0	0	0	0	0	0	0	0	0	0	0	0	0	0	0	0	0	0	0	0	0	0	0	0	0	0	0	0	0	0	0	0	0	0	0	0	0	0	0	0	0	0	0	0	0	0	0	0	0	0	0	0	0	0	0	0	0	0	0	0
0	0	0	0	0	0	0	0	0	0	0	0	0	5	23	0	0	0	0	2	1	0	0	0	0	0	0	0	0	0	0	0	0	0	12	0	0	0	0	0	0	0	0	0	0	0	10	0	0	0	0	0	0	0	0	0	0	0	3	0	0	0	0	0	0	0	0	0	0	0	0	0	0	0	1
0	0	0	0	1	3	279	0	0	0	0	0	0	0	0	0	0	12	0	117	0	8	10	3	0	0	1	0	12	11	0	181	0	47	4	3	2	0	0	0	0	30	1	28	119	2	1	0	0	0	0	2	0	170	0	7	7	43	349	1	0	17	29	0	1	0	12	8	101	0	0	3	0	1	0
