0	0	0	0	0	0	0	0	0	0	0	0	0	0	0	0	0	0	0	0	0	0	0	0	0	0	0	0	0	0	0	0	0	0	0	0	0	0	0	0	0	0	0	0	0	0	0	0	0	0	0	0	0	0	0	0	0	0	0	0	0	0	0	0	0	0	0	0	0	0	0	0	0	0	0
0	0	0	0	0	0	0	0	0	0	0	0	0	0	0	0	0	0	0	0	0	0	0	0	0	0	0	0	0	0	0	0	0	0	0	0	0	0	0	0	0	0	0	0	0	0	0	0	0	0	0	0	0	0	0	0	0	0	0	0	0	0	0	0	0	0	0	0	0	0	0	0	0	0	0
0	0	0	4	0	5	0	4	56	0	0	1	0	69	5	4	1	22	0	11	0	37	3	0	1	0	11	0	0	82	0	0	0	54	6	72	1	0	0	0	75	23	6	0	0	10	6	5	0	0	0	0	99	0	0	5	0	3	4	9	0	11	11	0	2	0	1	0	1	1	0	20	0	0	0
0	0	4	0	1	197	0	4	1	0	216	61	0	11	313	330	63	0	7	0	13	2	0	0	0	0	0	372	0	1	0	29	0	65	0	0	174	0	0	0	0	201	116	0	146	1	0	63	203	0	0	0	0	0	0	0	1	256	3	3	0	132	97	0	4	0	159	0	1	7	63	1	62	21	0
0	0	0	1	0	4	0	0	0	0	3	0	0	0	0	0	0	0	1	0	0	0	0	0	0	0	0	89	0	0	0	0	0	0	0	0	0	0	0	0	0	0	0	0	0	0	0	0	0	0	0	0	0	0	0	0	0	0	0	0	0	0	0	0	0	0	0	0	0	0	0	8	0	3	0
0	0	5	197	4	0	0	0	0	0	0	363	0	162	152	21	148	1	56	0	2	0	0	0	0	0	0	12	0	0	0	8	0	38	277	0	14	0	0	0	186	95	166	0	1	0	2	9	0	0	0	0	0	0	0	9	0	15	36	0	0	58	310	0	96	0	0	1	2	73	0	13	132	599	0
0	0	0	0	0	0	0	0	0	0	0	0	0	0	0	0	0	0	0	0	0	0	0	0	0	0	0	0	0	0	0	0	0	0	0	0	0	0	0	0	0	0	0	0	0	0	0	0	0	0	0	0	0	0	0	0	0	0	0	0	0	0	0	0	0	0	0	0	0	0	0	0	0	0	0
0	0	4	4	0	0	0	0	0	0	0	0	0	0	0	1	0	6	13	0	0	0	0	0	0	0	1	0	0	1	0	1	0	4	0	0	0	0	0	0	0	0	20	0	0	3	0	0	0	0	0	0	1	0	0	0	0	0	20	0	0	0	1	0	0	0	0	0	0	0	0	0	0	1	0
0	0	56	1	0	0	0	0	0	0	0	3	0	235	0	1	0	97	1	0	2	37	1	0	2	0	54	0	0	21	0	0	0	11	0	0	0	0	0	0	7	0	0	0	0	2	0	0	0	0	0	0	2	0	0	0	0	2	1	8	0	0	0	0	0	0	0	0	0	0	0	162	0	0	0
0	0	0	0	0	0	0	0	0	0	0	0	0	0	0	0	0	0	0	0	0	0	0	0	0	0	0	0	0	0	0	0	0	0	0	0	0	0	0	0	0	0	0	0	0	0	0	0	0	0	1	0	0	0	0	0	0	0	0	0	0	0	0	0	0	0	0	0	0	0	0	0	0	0	0
0	0	0	216	3	0	0	0	0	0	0	0	0	0	0	371	0	1	35	77	32	0	0	0	0	0	0	0	0	5	0	12	0	1	0	0	191	0	0	0	2	105	234	0	258	1	0	0	276	0	0	36	0	0	0	0	0	337	0	0	0	3	12	0	0	0	198	0	0	0	29	0	1	0	0
0	0	1	61	0	363	0	0	3	0	0	0	0	22	177	4	127	9	0	3	30	0	4	0	0	0	3	1	0	5	0	18	0	3	5	25	1	0	0	0	28	5	214	0	7	0	0	9	0	0	0	0	88	0	0	1	0	21	110	0	0	76	130	0	38	0	12	26	5	67	0	44	11	295	0
0	0	0	0	0	0	0	0	0	0	0	0	0	0	0	0	0	0	0	0	0	0	0	0	0	0	0	0	0	0	0	0	0	0	0	0	0	0	0	0	0	0	0	0	0	0	0	0	0	0	0	0	0	0	0	0	0	0	0	0	0	0	0	0	0	0	0	0	0	0	0	0	0	0	0
0	0	69	11	0	162	0	0	235	0	0	22	0	0	2	4	52	57	9	116	2	43	1	0	2	0	2	0	0	6	0	2	0	200	357	6	1	0	0	0	368	24	3	0	0	1	45	1	1	0	0	0	8	2	0	5	1	28	1	29	0	3	17	0	5	0	0	2	25	0	0	172	4	10	9
0	0	5	313	0	152	0	0	0	0	0	177	0	2	0	34	13	0	2	0	0	0	0	0	0	0	1	3	0	0	0	13	0	3	2	0	5	0	0	0	0	14	66	0	0	0	0	34	30	0	0	0	0	0	0	1	18	0	4	0	0	284	325	0	2	0	7	1	0	0	0	1	185	22	0
0	0	4	330	0	21	0	1	1	0	371	4	0	4	34	0	14	1	51	31	0	2	0	0	0	0	1	0	0	1	0	4	0	4	0	1	335	0	0	0	2	92	322	0	356	0	11	3	330	0	0	0	3	1	0	1	0	202	23	1	0	21	55	0	0	0	204	1	0	2	62	0	11	2	0
0	0	1	63	0	148	0	0	0	0	0	127	0	52	13	14	0	0	9	0	3	0	0	0	0	0	5	0	0	1	0	29	0	4	5	0	0	0	0	0	1	0	6	0	0	3	0	0	0	0	0	0	8	0	0	6	0	0	1	0	0	0	82	0	0	0	0	0	0	0	0	0	0	110	0
0	0	22	0	0	1	0	6	97	0	1	9	0	57	0	1	0	0	7	153	2	251	21	0	4	2	196	0	0	57	0	2	0	139	87	18	0	0	0	0	221	1	0	0	1	5	18	0	0	0	0	1	259	9	0	103	4	0	1	0	0	0	1	0	0	0	1	42	58	0	16	22	1	1	0
0	0	0	7	1	56	0	13	1	0	35	0	0	9	2	51	9	7	0	1	2	0	0	0	0	0	2	0	0	0	0	18	0	23	0	0	18	0	0	0	0	36	9	0	60	0	0	12	45	0	310	4	0	1	0	0	0	3	20	0	0	0	99	0	0	0	2	5	8	0	0	0	6	54	1
0	0	11	0	0	0	0	0	0	0	77	3	0	116	0	31	0	153	1	0	41	28	5	0	8	0	182	0	0	176	0	10	0	6	0	0	0	0	0	0	10	0	14	0	0	1	0	0	0	0	0	26	50	0	0	3	36	63	19	44	0	0	0	0	0	0	0	0	0	0	4	20	0	1	0
0	0	0	13	0	2	0	0	2	0	32	30	0	2	0	0	3	2	2	41	0	0	3	133	79	98	5	0	0	16	0	35	0	7	0	9	4	0	0	0	24	2	0	0	0	28	0	1	30	0	0	34	0	28	0	26	99	305	2	0	0	7	1	0	0	0	21	0	0	0	33	49	1	1	10
0	0	37	2	0	0	0	0	37	0	0	0	0	43	0	2	0	251	0	28	0	0	3	0	12	0	281	0	0	8	0	3	0	58	34	2	0	0	0	0	147	0	1	0	0	4	0	0	0	0	0	1	35	0	0	23	0	2	5	0	0	0	0	0	0	0	1	0	31	0	0	66	0	1	1
0	0	3	0	0	0	0	0	1	0	0	4	0	1	0	0	0	21	0	5	3	3	0	6	541	124	81	0	0	65	0	51	0	0	1	22	0	0	0	0	1	0	0	0	0	18	0	0	0	0	0	30	45	0	0	257	7	0	92	0	0	0	0	0	0	0	0	27	12	0	2	1	0	1	6
0	0	0	0	0	0	0	0	0	0	0	0	0	0	0	0	0	0	0	0	133	0	6	0	174	101	0	0	0	0	0	0	0	0	0	0	0	0	0	0	0	0	0	0	0	0	0	0	0	0	0	0	1	0	0	72	9	4	0	0	0	0	0	0	0	0	0	0	0	0	2	0	0	0	0
0	0	1	0	0	0	0	0	2	0	0	0	0	2	0	0	0	4	0	8	79	12	541	174	0	627	13	0	0	52	0	9	0	18	2	94	0	0	0	0	12	0	0	0	0	3	0	0	0	0	0	53	13	8	0	439	558	69	9	0	0	0	0	0	0	0	0	10	154	0	0	4	0	0	0
0	0	0	0	0	0	0	0	0	0	0	0	0	0	0	0	0	2	0	0	98	0	124	101	627	0	3	0	0	4	0	4	0	1	0	0	0	0	0	0	0	0	0	0	0	0	0	0	0	0	0	5	2	1	0	122	112	12	2	0	0	0	0	0	0	0	0	0	89	0	2	0	0	0	0
0	0	11	0	0	0	0	1	54	0	0	3	0	2	1	1	5	196	2	182	5	281	81	0	13	3	0	0	0	106	0	5	0	192	15	111	0	0	0	0	264	3	0	0	2	6	10	0	1	0	0	0	224	0	0	107	12	16	22	0	0	1	19	0	0	0	0	119	49	0	0	105	0	1	6
0	0	0	372	89	12	0	0	0	0	0	1	0	0	3	0	0	0	0	0	0	0	0	0	0	0	0	0	0	0	0	2	0	0	0	0	347	0	0	0	0	274	2	0	1	0	1	1	25	0	0	0	0	0	0	0	0	0	0	0	0	3	1	0	1	0	301	0	0	1	0	0	2	1	0
0	0	0	0	0	0	0	0	0	0	0	0	0	0	0	0	0	0	0	0	0	0	0	0	0	0	0	0	0	0	0	0	0	0	0	0	0	0	0	0	0	0	0	0	0	0	0	0	0	0	0	0	0	0	0	0	0	0	0	0	0	0	0	0	0	0	0	0	0	0	0	0	0	0	0
0	0	82	1	0	0	0	1	21	0	5	5	0	6	0	1	1	57	0	176	16	8	65	0	52	4	106	0	0	0	0	1	0	52	2	232	0	0	0	0	242	1	7	0	0	6	17	0	0	0	0	0	59	0	0	29	46	34	388	76	0	0	0	0	0	0	0	173	53	0	6	65	1	0	1
0	0	0	0	0	0	0	0	0	0	0	0	0	0	0	0	0	0	0	0	0	0	0	0	0	0	0	0	0	0	0	0	0	0	0	0	0	0	0	0	0	0	0	0	0	0	0	0	0	0	0	0	0	0	0	0	0	0	0	0	0	0	0	0	0	0	0	0	0	0	0	0	0	0	0
0	0	0	29	0	8	0	1	0	0	12	18	0	2	13	4	29	2	18	10	35	3	51	0	9	4	5	2	0	1	0	0	0	1	9	2	12	0	0	0	1	0	43	0	122	48	0	104	24	0	0	363	10	0	0	75	0	104	40	1	0	1	24	0	27	0	0	114	0	10	1	1	1	1	91
0	0	0	0	0	0	0	0	0	0	0	0	0	0	0	0	0	0	0	0	0	0	0	0	0	0	0	0	0	0	0	0	0	0	0	0	0	0	0	0	0	0	0	0	0	0	0	0	0	0	0	0	0	0	0	0	0	0	0	0	0	0	0	0	0	0	0	0	0	0	0	0	0	0	0
0	0	54	65	0	38	0	4	11	0	1	3	0	200	3	4	4	139	23	6	7	58	0	0	18	1	192	0	0	52	0	1	0	0	12	9	3	0	0	0	26	0	5	0	0	0	0	0	0	0	0	0	51	0	0	2	4	9	40	12	0	0	1	0	0	0	0	1	0	0	4	170	0	17	0
0	0	6	0	0	277	0	0	0	0	0	5	0	357	2	0	5	87	0	0	0	34	1	0	2	0	15	0	0	2	0	9	0	12	0	0	0	0	0	0	105	0	0	0	0	4	82	0	0	0	0	9	48	0	0	4	0	3	285	2	0	0	0	0	0	0	0	9	0	0	8	105	1	387	0
0	0	72	0	0	0	0	0	0	0	0	25	0	6	0	1	0	18	0	0	9	2	22	0	94	0	111	0	0	232	0	2	0	9	0	0	0	0	0	0	8	0	10	0	0	5	0	0	0	0	0	0	83	0	0	15	0	22	308	84	0	0	0	0	0	0	0	2	2	0	5	0	0	0	0
0	0	1	174	0	14	0	0	0	0	191	1	0	1	5	335	0	0	18	0	4	0	0	0	0	0	0	347	0	0	0	12	0	3	0	0	0	0	0	0	0	0	103	0	0	0	0	0	0	0	0	0	1	0	0	0	0	46	13	0	0	0	2	0	0	0	0	0	0	0	0	0	0	6	0
0	0	0	0	0	0	0	0	0	0	0	0	0	0	0	0	0	0	0	0	0	0	0	0	0	0	0	0	0	0	0	0	0	0	0	0	0	0	0	0	0	0	0	0	0	0	0	0	0	0	0	0	0	0	0	0	0	0	0	0	0	0	0	0	0	0	0	0	0	0	0	0	0	0	0
0	0	0	0	0	0	0	0	0	0	0	0	0	0	0	0	0	0	0	0	0	0	0	0	0	0	0	0	0	0	0	0	0	0	0	0	0	0	0	0	0	0	0	0	0	0	0	0	0	0	0	0	0	0	0	0	0	0	0	0	0	0	0	0	0	0	0	0	0	0	0	0	0	0	0
0	0	0	0	0	0	0	0	0	0	0	0	0	0	0	0	0	0	0	0	0	0	0	0	0	0	0	0	0	0	0	0	0	0	0	0	0	0	0	0	0	0	0	0	0	0	0	0	0	0	0	0	0	0	0	0	0	0	0	0	0	0	0	0	0	0	0	0	0	0	0	0	0	0	0
0	0	75	0	0	186	0	0	7	0	2	28	0	368	0	2	1	221	0	10	24	147	1	0	12	0	264	0	0	242	0	1	0	26	105	8	0	0	0	0	0	0	1	0	0	8	3	0	0	0	0	0	143	0	0	6	1	6	54	20	0	0	0	0	0	0	0	0	0	0	10	165	0	4	0
0	0	23	201	0	95	0	0	0	0	105	5	0	24	14	92	0	1	36	0	2	0	0	0	0	0	3	274	0	1	0	0	0	0	0	0	0	0	0	0	0	0	12	0	0	3	0	0	0	0	0	0	10	0	0	0	1	1	30	12	0	0	88	0	0	0	0	0	0	0	0	0	0	16	0
0	0	6	116	0	166	0	20	0	0	234	214	0	3	66	322	6	0	9	14	0	1	0	0	0	0	0	2	0	7	0	43	0	5	0	10	103	0	0	0	1	12	0	0	240	0	25	89	88	0	0	0	0	0	0	0	0	78	147	32	0	0	32	0	0	0	5	3	0	0	0	7	9	54	0
0	0	0	0	0	0	0	0	0	0	0	0	0	0	0	0	0	0	0	0	0	0	0	0	0	0	0	0	0	0	0	0	0	0	0	0	0	0	0	0	0	0	0	0	0	0	0	0	0	0	0	0	0	0	0	0	0	0	0	0	0	0	0	0	0	0	0	0	0	0	0	0	0	0	0
0	0	0	146	0	1	0	0	0	0	258	7	0	0	0	356	0	1	60	0	0	0	0	0	0	0	2	1	0	0	0	122	0	0	0	0	0	0	0	0	0	0	240	0	0	3	0	0	0	0	0	42	0	0	0	0	0	198	181	0	0	0	0	0	0	0	0	0	0	2	6	0	0	16	0
0	0	10	1	0	0	0	3	2	0	1	0	0	1	0	0	3	5	0	1	28	4	18	0	3	0	6	0	0	6	0	48	0	0	4	5	0	0	0	0	8	3	0	0	3	0	0	0	0	0	0	0	10	7	0	97	15	45	0	3	0	0	0	0	0	0	0	23	4	0	11	0	1	1	15
0	0	6	0	0	2	0	0	0	0	0	0	0	45	0	11	0	18	0	0	0	0	0	0	0	0	10	1	0	17	0	0	0	0	82	0	0	0	0	0	3	0	25	0	0	0	0	0	0	0	0	0	0	0	0	0	0	0	67	0	0	0	4	0	0	0	0	0	0	0	7	0	0	3	0
0	0	5	63	0	9	0	0	0	0	0	9	0	1	34	3	0	0	12	0	1	0	0	0	0	0	0	1	0	0	0	104	0	0	0	0	0	0	0	0	0	0	89	0	0	0	0	0	0	0	0	0	0	0	0	0	0	1	0	6	0	0	3	0	0	0	0	0	0	0	0	0	0	11	0
0	0	0	203	0	0	0	0	0	0	276	0	0	1	30	330	0	0	45	0	30	0	0	0	0	0	1	25	0	0	0	24	0	0	0	0	0	0	0	0	0	0	88	0	0	0	0	0	0	0	0	3	0	0	0	0	0	226	0	0	0	0	37	0	0	0	0	0	0	0	16	0	0	0	0
0	0	0	0	0	0	0	0	0	0	0	0	0	0	0	0	0	0	0	0	0	0	0	0	0	0	0	0	0	0	0	0	0	0	0	0	0	0	0	0	0	0	0	0	0	0	0	0	0	0	0	0	0	0	0	0	0	0	0	0	0	0	0	0	0	0	0	0	0	0	0	0	0	0	0
0	0	0	0	0	0	0	0	0	1	0	0	0	0	0	0	0	0	310	0	0	0	0	0	0	0	0	0	0	0	0	0	0	0	0	0	0	0	0	0	0	0	0	0	0	0	0	0	0	0	0	0	0	0	0	0	0	0	0	0	0	0	0	0	0	0	0	0	0	0	0	0	0	0	0
0	0	0	0	0	0	0	0	0	0	36	0	0	0	0	0	0	1	4	26	34	1	30	0	53	5	0	0	0	0	0	363	0	0	9	0	0	0	0	0	0	0	0	0	42	0	0	0	3	0	0	0	1	0	0	36	0	63	7	0	0	3	0	0	0	0	0	43	0	0	1	0	0	0	24
0	0	99	0	0	0	0	1	2	0	0	88	0	8	0	3	8	259	0	50	0	35	45	1	13	2	224	0	0	59	0	10	0	51	48	83	1	0	0	0	143	10	0	0	0	10	0	0	0	0	0	1	0	12	0	122	5	49	388	0	0	0	0	0	0	0	0	521	73	0	1	272	0	0	2
0	0	0	0	0	0	0	0	0	0	0	0	0	2	0	1	0	9	1	0	28	0	0	0	8	1	0	0	0	0	0	0	0	0	0	0	0	0	0	0	0	0	0	0	0	7	0	0	0	0	0	0	12	0	0	0	1	2	0	0	0	0	0	0	0	0	0	0	0	0	0	0	0	0	0
0	0	0	0	0	0	0	0	0	0	0	0	0	0	0	0	0	0	0	0	0	0	0	0	0	0	0	0	0	0	0	0	0	0	0	0	0	0	0	0	0	0	0	0	0	0	0	0	0	0	0	0	0	0	0	0	0	0	0	0	0	0	0	0	0	0	0	0	0	0	0	0	0	0	0
0	0	5	0	0	9	0	0	0	0	0	1	0	5	1	1	6	103	0	3	26	23	257	72	439	122	107	0	0	29	0	75	0	2	4	15	0	0	0	0	6	0	0	0	0	97	0	0	0	0	0	36	122	0	0	0	327	1	9	0	0	0	1	0	0	0	0	81	94	0	4	2	0	2	0
0	0	0	1	0	0	0	0	0	0	0	0	0	1	18	0	0	4	0	36	99	0	7	9	558	112	12	0	0	46	0	0	0	4	0	0	0	0	0	0	1	1	0	0	0	15	0	0	0	0	0	0	5	1	0	327	0	331	0	0	0	4	0	0	0	0	0	0	4	0	68	1	0	1	0
0	0	3	256	0	15	0	0	2	0	337	21	0	28	0	202	0	0	3	63	305	2	0	4	69	12	16	0	0	34	0	104	0	9	3	22	46	0	0	0	6	1	78	0	198	45	0	1	226	0	0	63	49	2	0	1	331	0	47	43	0	1	27	0	1	0	63	9	0	6	115	17	5	4	67
0	0	4	3	0	36	0	20	1	0	0	110	0	1	4	23	1	1	20	19	2	5	92	0	9	2	22	0	0	388	0	40	0	40	285	308	13	0	0	0	54	30	147	0	181	0	67	0	0	0	0	7	388	0	0	9	0	47	0	0	0	10	7	0	0	0	0	312	27	42	5	163	29	19	150
0	0	9	3	0	0	0	0	8	0	0	0	0	29	0	1	0	0	0	44	0	0	0	0	0	0	0	0	0	76	0	1	0	12	2	84	0	0	0	0	20	12	32	0	0	3	0	6	0	0	0	0	0	0	0	0	0	43	0	0	0	0	0	0	0	0	0	76	0	0	0	18	0	0	0
0	0	0	0	0	0	0	0	0	0	0	0	0	0	0	0	0	0	0	0	0	0	0	0	0	0	0	0	0	0	0	0	0	0	0	0	0	0	0	0	0	0	0	0	0	0	0	0	0	0	0	0	0	0	0	0	0	0	0	0	0	0	0	0	0	0	0	0	0	0	0	0	0	0	0
0	0	11	132	0	58	0	0	0	0	3	76	0	3	284	21	0	0	0	0	7	0	0	0	0	0	1	3	0	0	0	1	0	0	0	0	0	0	0	0	0	0	0	0	0	0	0	0	0	0	0	3	0	0	0	0	4	1	10	0	0	0	122	0	0	0	0	0	0	0	0	0	0	5	0
0	0	11	97	0	310	0	1	0	0	12	130	0	17	325	55	82	1	99	0	1	0	0	0	0	0	19	1	0	0	0	24	0	1	0	0	2	0	0	0	0	88	32	0	0	0	4	3	37	0	0	0	0	0	0	1	0	27	7	0	0	122	0	0	8	0	0	0	0	6	1	1	47	139	0
0	0	0	0	0	0	0	0	0	0	0	0	0	0	0	0	0	0	0	0	0	0	0	0	0	0	0	0	0	0	0	0	0	0	0	0	0	0	0	0	0	0	0	0	0	0	0	0	0	0	0	0	0	0	0	0	0	0	0	0	0	0	0	0	0	0	0	0	0	0	0	0	0	0	0
0	0	2	4	0	96	0	0	0	0	0	38	0	5	2	0	0	0	0	0	0	0	0	0	0	0	0	1	0	0	0	27	0	0	0	0	0	0	0	0	0	0	0	0	0	0	0	0	0	0	0	0	0	0	0	0	0	1	0	0	0	0	8	0	0	0	0	0	0	0	0	0	0	62	0
0	0	0	0	0	0	0	0	0	0	0	0	0	0	0	0	0	0	0	0	0	0	0	0	0	0	0	0	0	0	0	0	0	0	0	0	0	0	0	0	0	0	0	0	0	0	0	0	0	0	0	0	0	0	0	0	0	0	0	0	0	0	0	0	0	0	0	0	0	0	0	0	0	0	0
0	0	1	159	0	0	0	0	0	0	198	12	0	0	7	204	0	1	2	0	21	1	0	0	0	0	0	301	0	0	0	0	0	0	0	0	0	0	0	0	0	0	5	0	0	0	0	0	0	0	0	0	0	0	0	0	0	63	0	0	0	0	0	0	0	0	0	0	0	0	0	0	0	1	0
0	0	0	0	0	1	0	0	0	0	0	26	0	2	1	1	0	42	5	0	0	0	27	0	10	0	119	0	0	173	0	114	0	1	9	2	0	0	0	0	0	0	3	0	0	23	0	0	0	0	0	43	521	0	0	81	0	9	312	76	0	0	0	0	0	0	0	0	0	0	6	0	0	0	0
0	0	1	1	0	2	0	0	0	0	0	5	0	25	0	0	0	58	8	0	0	31	12	0	154	89	49	0	0	53	0	0	0	0	0	2	0	0	0	0	0	0	0	0	0	4	0	0	0	0	0	0	73	0	0	94	4	0	27	0	0	0	0	0	0	0	0	0	0	0	2	0	0	4	0
0	0	1	7	0	73	0	0	0	0	0	67	0	0	0	2	0	0	0	0	0	0	0	0	0	0	0	1	0	0	0	10	0	0	0	0	0	0	0	0	0	0	0	0	2	0	0	0	0	0	0	0	0	0	0	0	0	6	42	0	0	0	6	0	0	0	0	0	0	0	0	1	4	62	0
0	0	0	63	0	0	0	0	0	0	29	0	0	0	0	62	0	16	0	4	33	0	2	2	0	2	0	0	0	6	0	1	0	4	8	5	0	0	0	0	10	0	0	0	6	11	7	0	16	0	0	1	1	0	0	4	68	115	5	0	0	0	1	0	0	0	0	6	2	0	0	13	0	0	3
0	0	20	1	8	13	0	0	162	0	0	44	0	172	1	0	0	22	0	20	49	66	1	0	4	0	105	0	0	65	0	1	0	170	105	0	0	0	0	0	165	0	7	0	0	0	0	0	0	0	0	0	272	0	0	2	1	17	163	18	0	0	1	0	0	0	0	0	0	1	13	0	0	0	0
0	0	0	62	0	132	0	0	0	0	1	11	0	4	185	11	0	1	6	0	1	0	0	0	0	0	0	2	0	1	0	1	0	0	1	0	0	0	0	0	0	0	9	0	0	1	0	0	0	0	0	0	0	0	0	0	0	5	29	0	0	0	47	0	0	0	0	0	0	4	0	0	0	18	0
0	0	0	21	3	599	0	1	0	0	0	295	0	10	22	2	110	1	54	1	1	1	1	0	0	0	1	1	0	0	0	1	0	17	387	0	6	0	0	0	4	16	54	0	16	1	3	11	0	0	0	0	0	0	0	2	1	4	19	0	0	5	139	0	62	0	1	0	4	62	0	0	18	0	0
0	0	0	0	0	0	0	0	0	0	0	0	0	9	0	0	0	0	1	0	10	1	6	0	0	0	6	0	0	1	0	91	0	0	0	0	0	0	0	0	0	0	0	0	0	15	0	0	0	0	0	24	2	0	0	0	0	67	150	0	0	0	0	0	0	0	0	0	0	0	3	0	0	0	0
