0	0	0	0	0	0	0	0	0	0	0	0	0	0	0	0	0	0	0	0	0	0	0	0	0	0	0	0	0	0	0	0	0	0	0	0	0	0	0	0	0	0	0	0	0	0	0	0	0	0	0	0	0	0	0	0	0	0	0	0	0	0	0	0	0	0	0	0	0	0	0	0	0	0	0
0	0	0	0	0	0	0	0	0	0	0	0	0	0	0	0	0	9	0	6	0	2	153	0	54	11	0	0	0	1	0	0	0	1	0	26	0	0	0	1	0	0	0	0	0	0	0	0	0	0	0	0	0	0	0	102	0	0	4	0	0	0	0	0	0	0	0	1	158	0	0	0	0	0	0
0	0	0	0	0	3	0	0	0	0	0	0	0	4	0	0	0	0	0	0	0	0	0	0	0	0	0	0	0	0	0	0	0	0	0	0	0	0	0	0	0	0	0	0	0	2	0	0	0	0	0	0	0	0	0	0	0	1	0	0	0	0	0	0	0	0	0	0	0	0	0	0	0	0	0
0	0	0	0	0	0	0	0	0	0	91	0	0	0	2	54	0	0	0	0	0	0	0	0	0	0	0	0	1	0	0	0	0	4	0	0	0	0	0	4	0	0	0	0	0	1	0	0	0	0	0	0	0	0	0	0	0	57	1	0	0	0	0	0	0	0	27	0	0	0	0	0	0	0	0
0	0	0	0	0	0	0	0	0	0	6	0	0	0	0	0	0	0	0	0	0	0	0	0	0	0	0	0	0	0	0	0	0	0	0	0	0	0	0	0	0	0	0	0	0	0	2	0	0	0	0	0	0	0	0	0	0	0	0	0	0	0	0	0	0	0	0	0	0	0	0	0	0	0	0
0	0	3	0	0	0	0	0	0	0	0	30	0	11	0	0	0	0	0	0	0	0	0	0	0	0	0	0	73	0	0	0	0	2	0	0	0	0	0	0	0	0	0	0	0	1	8	0	0	0	0	0	0	0	0	0	0	1	0	0	0	0	0	0	1	0	0	0	0	0	0	0	0	0	0
0	0	0	0	0	0	0	0	0	0	0	0	0	0	0	0	0	0	0	0	0	0	0	0	0	0	0	0	0	0	0	0	0	0	0	0	0	0	0	0	0	0	0	0	0	0	0	0	0	0	0	0	0	0	0	0	0	0	0	0	0	0	0	0	0	0	0	0	0	0	0	0	0	0	0
0	0	0	0	0	0	0	0	0	0	0	0	0	0	0	0	0	0	0	0	0	0	0	0	0	0	0	0	0	0	0	0	0	0	0	0	0	0	0	0	0	0	0	0	0	0	0	0	0	0	0	0	0	0	0	0	0	0	0	0	0	0	0	0	0	0	0	0	0	0	0	0	0	0	0
0	0	0	0	0	0	0	0	0	0	0	0	0	0	0	0	0	0	0	0	0	0	0	0	0	0	0	0	0	0	0	0	0	0	0	0	0	0	0	0	0	0	0	0	0	0	0	0	0	0	0	0	0	0	0	0	0	0	0	0	0	0	0	0	0	0	0	0	0	0	0	0	0	0	0
0	0	0	0	0	0	0	0	0	0	0	0	0	0	0	0	0	0	0	0	0	0	0	0	0	0	0	0	0	0	0	0	0	0	0	0	0	0	0	0	0	0	0	0	0	0	0	0	0	0	2	0	0	0	0	0	0	0	0	0	0	0	0	0	0	0	0	0	0	0	0	0	0	0	0
0	0	0	91	6	0	0	0	0	0	0	0	0	0	0	295	0	0	0	94	191	0	0	0	0	0	0	0	0	0	0	115	0	0	0	0	118	0	0	0	0	65	6	0	122	0	8	0	4	0	0	2	0	188	0	0	2	297	9	0	0	6	3	2	0	0	93	0	0	0	48	0	0	0	0
0	0	0	0	0	30	0	0	0	0	0	0	0	1	0	0	24	0	11	0	0	0	0	0	0	0	0	0	4	0	0	0	0	1	0	0	2	0	0	0	0	0	0	0	32	0	4	0	0	0	0	0	0	0	0	0	0	1	0	0	0	0	30	0	2	0	0	0	0	0	0	0	0	0	0
0	0	0	0	0	0	0	0	0	0	0	0	0	0	0	0	0	0	0	0	0	0	0	0	0	0	0	0	0	0	0	0	0	0	0	0	0	0	0	0	0	0	0	0	0	0	0	0	0	0	0	0	0	0	0	0	0	0	0	0	0	0	0	0	0	0	0	0	0	0	0	0	0	0	0
0	0	4	0	0	11	0	0	0	0	0	1	0	0	0	0	3	4	0	0	1	1	0	1	0	0	0	0	107	0	0	0	0	46	18	3	0	0	0	24	0	0	0	0	1	2	11	0	0	0	0	0	2	0	0	3	0	2	2	0	0	0	1	0	0	0	0	0	0	0	0	11	0	0	0
0	0	0	2	0	0	0	0	0	0	0	0	0	0	0	0	0	0	0	0	0	0	0	0	0	0	0	0	0	0	0	0	0	0	1	0	0	0	1	0	0	0	1	0	1	0	0	0	0	0	0	0	0	0	0	0	0	0	0	0	0	0	8	0	0	0	0	0	0	0	0	0	0	0	0
0	0	0	54	0	0	0	0	0	0	295	0	0	0	0	0	0	0	0	31	0	0	0	0	0	0	0	0	0	0	0	0	0	0	0	0	208	0	0	0	0	70	141	0	97	0	0	0	3	0	0	0	0	0	0	0	0	129	1	0	0	0	0	0	0	0	12	0	0	0	0	0	0	0	0
0	0	0	0	0	0	0	0	0	0	0	24	0	3	0	0	0	0	0	0	0	0	0	0	0	0	0	0	3	0	0	0	0	0	0	0	0	0	0	4	0	0	0	0	0	0	1	0	0	0	0	0	0	0	0	0	0	0	0	0	0	0	0	0	0	0	0	0	0	0	0	0	0	0	0
0	9	0	0	0	0	0	0	0	0	0	0	0	4	0	0	0	0	0	0	0	0	0	0	8	0	0	0	0	0	0	10	0	187	2	0	0	0	0	91	0	0	0	0	0	1	0	0	0	0	0	0	16	0	0	0	0	0	6	0	0	0	0	2	0	0	0	1	0	0	0	1	0	0	0
0	0	0	0	0	0	0	0	0	0	0	11	0	0	0	0	0	0	0	0	0	0	0	2	0	0	0	0	4	0	0	0	0	0	0	0	0	0	0	0	0	1	0	0	5	1	0	0	0	0	32	0	0	0	0	0	0	0	3	0	0	0	1	0	0	0	0	0	0	0	0	1	0	0	0
0	6	0	0	0	0	0	0	0	0	94	0	0	0	0	31	0	0	0	0	70	0	0	0	2	4	0	0	1	25	0	202	0	62	0	7	6	0	0	2	0	0	0	0	4	14	0	0	3	0	0	2	4	60	0	0	2	115	140	34	0	0	0	0	0	0	0	0	18	0	55	6	0	0	0
0	0	0	0	0	0	0	0	0	0	191	0	0	1	0	0	0	0	0	70	0	0	0	0	4	0	0	0	1	0	0	72	0	95	4	0	0	0	0	10	0	0	0	0	0	62	0	0	13	0	0	10	0	0	0	0	1	219	0	0	0	0	0	0	0	0	0	0	0	0	17	0	0	0	0
0	2	0	0	0	0	0	0	0	0	0	0	0	1	0	0	0	0	0	0	0	0	0	0	0	0	0	0	0	0	0	0	0	21	4	2	0	0	0	149	0	0	0	0	0	1	0	0	0	0	0	0	12	0	0	0	0	1	0	0	0	0	0	0	0	0	0	0	0	0	0	0	0	0	0
0	153	0	0	0	0	0	0	0	0	0	0	0	0	0	0	0	0	0	0	0	0	0	0	20	0	0	0	0	0	0	20	0	0	0	1	0	0	0	71	0	0	0	0	0	2	0	0	0	0	0	0	11	0	0	0	4	0	18	0	0	0	0	0	0	0	0	1	0	0	0	0	0	0	0
0	0	0	0	0	0	0	0	0	0	0	0	0	1	0	0	0	0	2	0	0	0	0	0	6	0	0	0	2	0	0	0	0	0	0	3	0	0	0	1	0	0	0	0	0	2	0	0	0	0	0	0	0	0	0	0	2	1	4	0	0	0	0	2	0	0	0	0	1	0	0	0	0	0	0
0	54	0	0	0	0	0	0	0	0	0	0	0	0	0	0	0	8	0	2	4	0	20	6	0	10	0	0	0	16	0	0	0	4	0	4	0	0	0	1	0	0	0	0	0	4	0	0	0	0	0	0	0	8	0	32	20	2	6	0	0	0	0	0	0	0	0	0	56	0	0	0	0	0	0
0	11	0	0	0	0	0	0	0	0	0	0	0	0	0	0	0	0	0	4	0	0	0	0	10	0	0	0	0	0	0	0	0	0	0	0	0	0	0	0	0	0	0	0	0	55	0	0	0	0	0	0	0	0	0	0	0	0	1	0	0	0	0	0	0	0	0	0	0	0	0	0	0	0	0
0	0	0	0	0	0	0	0	0	0	0	0	0	0	0	0	0	0	0	0	0	0	0	0	0	0	0	0	0	0	0	0	0	0	0	0	0	0	0	0	0	0	0	0	0	0	0	0	0	0	0	0	0	0	0	0	0	0	0	0	0	0	0	0	0	0	0	0	0	0	0	0	0	0	0
0	0	0	0	0	0	0	0	0	0	0	0	0	0	0	0	0	0	0	0	0	0	0	0	0	0	0	0	0	0	0	0	0	0	0	0	0	0	0	0	0	0	0	0	0	0	0	0	0	0	0	0	0	0	0	0	0	0	0	0	0	0	0	0	0	0	0	0	0	0	0	0	0	0	0
0	0	0	1	0	73	0	0	0	0	0	4	0	107	0	0	3	0	4	1	1	0	0	2	0	0	0	0	0	0	0	0	0	1	51	1	0	0	0	0	0	0	1	0	0	5	78	0	0	0	0	0	11	0	0	0	0	1	13	43	0	0	1	3	34	0	0	0	0	0	1	76	0	0	0
0	1	0	0	0	0	0	0	0	0	0	0	0	0	0	0	0	0	0	25	0	0	0	0	16	0	0	0	0	0	0	0	0	15	0	79	0	0	24	2	0	0	0	0	0	0	0	0	0	0	0	0	4	0	0	0	0	0	129	5	0	0	0	0	0	0	0	46	16	0	0	2	0	0	0
0	0	0	0	0	0	0	0	0	0	0	0	0	0	0	0	0	0	0	0	0	0	0	0	0	0	0	0	0	0	0	0	0	0	0	0	0	0	0	0	0	0	0	0	0	0	0	0	0	0	0	0	0	0	0	0	0	0	0	0	0	0	0	0	0	0	0	0	0	0	0	0	0	0	0
0	0	0	0	0	0	0	0	0	0	115	0	0	0	0	0	0	10	0	202	72	0	20	0	0	0	0	0	0	0	0	0	0	0	0	2	0	0	0	14	0	0	0	0	160	10	0	6	0	0	0	3	3	514	0	204	0	105	2	0	0	0	0	0	0	0	0	58	30	0	8	0	0	0	0
0	0	0	0	0	0	0	0	0	0	0	0	0	0	0	0	0	0	0	0	0	0	0	0	0	0	0	0	0	0	0	0	0	0	0	0	0	0	1	0	0	0	0	0	0	0	0	1	0	0	0	0	0	0	0	0	0	0	0	0	0	0	1	0	1	0	0	0	0	0	0	0	0	0	0
0	1	0	4	0	2	0	0	0	0	0	1	0	46	0	0	0	187	0	62	95	21	0	0	4	0	0	0	1	15	0	0	0	0	0	29	0	0	1	179	0	0	0	0	0	0	1	0	0	0	0	0	6	0	0	0	1	0	36	0	0	0	0	0	0	0	0	0	4	0	3	294	0	0	0
0	0	0	0	0	0	0	0	0	0	0	0	0	18	1	0	0	2	0	0	4	4	0	0	0	0	0	0	51	0	0	0	0	0	0	5	0	0	0	43	0	0	0	0	0	2	5	0	0	0	0	0	5	2	0	1	0	0	123	0	0	0	0	1	0	0	0	1	0	0	0	2	0	0	0
0	26	0	0	0	0	0	0	0	0	0	0	0	3	0	0	0	0	0	7	0	2	1	3	4	0	0	0	1	79	0	2	0	29	5	0	0	0	9	15	0	0	0	0	0	0	0	0	0	0	0	0	3	0	0	0	4	0	310	5	2	0	0	0	0	0	0	16	6	0	0	1	0	0	0
0	0	0	0	0	0	0	0	0	0	118	2	0	0	0	208	0	0	0	6	0	0	0	0	0	0	0	0	0	0	0	0	0	0	0	0	0	0	0	0	0	0	0	0	0	0	0	0	0	0	0	0	0	0	0	0	0	3	0	0	0	0	0	1	0	0	96	0	0	0	0	0	0	0	0
0	0	0	0	0	0	0	0	0	0	0	0	0	0	0	0	0	0	0	0	0	0	0	0	0	0	0	0	0	0	0	0	0	0	0	0	0	0	0	0	0	0	0	0	0	0	0	0	0	0	0	0	0	0	0	0	0	0	0	0	0	0	0	0	0	0	0	0	0	0	0	0	0	0	0
0	0	0	0	0	0	0	0	0	0	0	0	0	0	1	0	0	0	0	0	0	0	0	0	0	0	0	0	0	24	0	0	1	1	0	9	0	0	0	0	0	0	0	0	0	1	0	0	0	0	0	0	1	0	0	0	0	0	128	0	0	0	0	0	0	0	0	1	0	0	0	0	0	0	0
0	1	0	4	0	0	0	0	0	0	0	0	0	24	0	0	4	91	0	2	10	149	71	1	1	0	0	0	0	2	0	14	0	179	43	15	0	0	0	0	0	0	0	0	0	2	6	1	0	0	0	0	12	0	0	23	0	1	9	4	2	0	0	0	0	0	1	6	16	0	0	44	0	0	0
0	0	0	0	0	0	0	0	0	0	0	0	0	0	0	0	0	0	0	0	0	0	0	0	0	0	0	0	0	0	0	0	0	0	0	0	0	0	0	0	0	0	0	0	0	0	0	0	0	0	0	0	0	0	0	0	0	0	0	0	0	0	0	0	0	0	0	0	0	0	0	0	0	0	0
0	0	0	0	0	0	0	0	0	0	65	0	0	0	0	70	0	0	1	0	0	0	0	0	0	0	0	0	0	0	0	0	0	0	0	0	0	0	0	0	0	0	0	0	0	0	0	0	20	0	0	0	0	0	0	0	0	4	0	0	0	0	0	5	0	0	50	0	0	0	0	0	0	0	0
0	0	0	0	0	0	0	0	0	0	6	0	0	0	1	141	0	0	0	0	0	0	0	0	0	0	0	0	1	0	0	0	0	0	0	0	0	0	0	0	0	0	0	0	0	0	0	0	0	0	0	0	0	0	0	0	0	0	76	0	0	0	0	7	0	0	74	0	0	0	0	0	0	0	0
0	0	0	0	0	0	0	0	0	0	0	0	0	0	0	0	0	0	0	0	0	0	0	0	0	0	0	0	0	0	0	0	0	0	0	0	0	0	0	0	0	0	0	0	0	0	0	0	0	0	0	0	0	0	0	0	0	0	0	0	0	0	0	0	0	0	0	0	0	0	0	0	0	0	0
0	0	0	0	0	0	0	0	0	0	122	32	0	1	1	97	0	0	5	4	0	0	0	0	0	0	0	0	0	0	0	160	0	0	0	0	0	0	0	0	0	0	0	0	0	1	5	0	1	0	0	0	0	0	0	0	0	6	2	0	0	0	0	0	0	0	1	0	1	0	0	0	0	0	0
0	0	2	1	0	1	0	0	0	0	0	0	0	2	0	0	0	1	1	14	62	1	2	2	4	55	0	0	5	0	0	10	0	0	2	0	0	0	1	2	0	0	0	0	1	0	0	0	0	0	0	25	1	76	0	61	0	0	0	0	0	0	3	0	0	0	0	0	0	0	49	5	5	0	0
0	0	0	0	2	8	0	0	0	0	8	4	0	11	0	0	1	0	0	0	0	0	0	0	0	0	0	0	78	0	0	0	0	1	5	0	0	0	0	6	0	0	0	0	5	0	0	0	0	0	0	0	6	0	0	1	0	1	10	0	0	0	0	0	0	0	0	0	0	0	0	7	0	0	0
0	0	0	0	0	0	0	0	0	0	0	0	0	0	0	0	0	0	0	0	0	0	0	0	0	0	0	0	0	0	0	6	1	0	0	0	0	0	0	1	0	0	0	0	0	0	0	0	0	0	0	0	3	0	0	0	0	0	0	0	0	0	0	0	0	0	0	0	0	0	0	0	0	0	0
0	0	0	0	0	0	0	0	0	0	4	0	0	0	0	3	0	0	0	3	13	0	0	0	0	0	0	0	0	0	0	0	0	0	0	0	0	0	0	0	0	20	0	0	1	0	0	0	0	0	0	0	0	0	0	0	0	48	0	0	0	0	0	0	0	0	1	0	0	0	0	32	0	0	0
0	0	0	0	0	0	0	0	0	0	0	0	0	0	0	0	0	0	0	0	0	0	0	0	0	0	0	0	0	0	0	0	0	0	0	0	0	0	0	0	0	0	0	0	0	0	0	0	0	0	0	0	0	0	0	0	0	0	0	0	0	0	0	0	0	0	0	0	0	0	0	0	0	0	0
0	0	0	0	0	0	0	0	0	2	0	0	0	0	0	0	0	0	32	0	0	0	0	0	0	0	0	0	0	0	0	0	0	0	0	0	0	0	0	0	0	0	0	0	0	0	0	0	0	0	0	0	0	0	0	0	0	0	0	0	0	0	0	0	0	0	0	0	0	0	0	0	0	0	0
0	0	0	0	0	0	0	0	0	0	2	0	0	0	0	0	0	0	0	2	10	0	0	0	0	0	0	0	0	0	0	3	0	0	0	0	0	0	0	0	0	0	0	0	0	25	0	0	0	0	0	0	0	10	0	4	0	6	0	0	0	0	0	0	0	0	0	0	0	0	0	0	0	0	0
0	0	0	0	0	0	0	0	0	0	0	0	0	2	0	0	0	16	0	4	0	12	11	0	0	0	0	0	11	4	0	3	0	6	5	3	0	0	1	12	0	0	0	0	0	1	6	3	0	0	0	0	0	1	0	8	1	0	5	12	0	0	0	0	0	0	0	14	0	0	0	8	0	0	0
0	0	0	0	0	0	0	0	0	0	188	0	0	0	0	0	0	0	0	60	0	0	0	0	8	0	0	0	0	0	0	514	0	0	2	0	0	0	0	0	0	0	0	0	0	76	0	0	0	0	0	10	1	0	0	0	0	240	18	0	0	0	0	0	0	0	0	0	0	0	5	0	0	0	0
0	0	0	0	0	0	0	0	0	0	0	0	0	0	0	0	0	0	0	0	0	0	0	0	0	0	0	0	0	0	0	0	0	0	0	0	0	0	0	0	0	0	0	0	0	0	0	0	0	0	0	0	0	0	0	0	0	0	0	0	0	0	0	0	0	0	0	0	0	0	0	0	0	0	0
0	102	0	0	0	0	0	0	0	0	0	0	0	3	0	0	0	0	0	0	0	0	0	0	32	0	0	0	0	0	0	204	0	0	1	0	0	0	0	23	0	0	0	0	0	61	1	0	0	0	0	4	8	0	0	0	0	0	41	0	0	0	0	4	0	0	0	3	0	0	0	0	0	0	0
0	0	0	0	0	0	0	0	0	0	2	0	0	0	0	0	0	0	0	2	1	0	4	2	20	0	0	0	0	0	0	0	0	1	0	4	0	0	0	0	0	0	0	0	0	0	0	0	0	0	0	0	1	0	0	0	0	76	1	1	0	0	0	0	0	0	0	0	0	0	66	0	0	0	0
0	0	1	57	0	1	0	0	0	0	297	1	0	2	0	129	0	0	0	115	219	1	0	1	2	0	0	0	1	0	0	105	0	0	0	0	3	0	0	1	0	4	0	0	6	0	1	0	48	0	0	6	0	240	0	0	76	0	17	27	1	0	1	0	0	0	6	0	0	0	258	4	0	0	0
0	4	0	1	0	0	0	0	0	0	9	0	0	2	0	1	0	6	3	140	0	0	18	4	6	1	0	0	13	129	0	2	0	36	123	310	0	0	128	9	0	0	76	0	2	0	10	0	0	0	0	0	5	18	0	41	1	17	0	199	8	0	0	1	0	0	0	388	50	0	0	118	0	0	0
0	0	0	0	0	0	0	0	0	0	0	0	0	0	0	0	0	0	0	34	0	0	0	0	0	0	0	0	43	5	0	0	0	0	0	5	0	0	0	4	0	0	0	0	0	0	0	0	0	0	0	0	12	0	0	0	1	27	199	0	0	0	0	0	0	0	0	3	0	0	1	0	0	0	0
0	0	0	0	0	0	0	0	0	0	0	0	0	0	0	0	0	0	0	0	0	0	0	0	0	0	0	0	0	0	0	0	0	0	0	2	0	0	0	2	0	0	0	0	0	0	0	0	0	0	0	0	0	0	0	0	0	1	8	0	0	0	0	0	0	0	0	0	0	0	0	1	0	0	0
0	0	0	0	0	0	0	0	0	0	6	0	0	0	0	0	0	0	0	0	0	0	0	0	0	0	0	0	0	0	0	0	0	0	0	0	0	0	0	0	0	0	0	0	0	0	0	0	0	0	0	0	0	0	0	0	0	0	0	0	0	0	0	1	0	0	0	0	0	0	0	0	0	0	0
0	0	0	0	0	0	0	0	0	0	3	30	0	1	8	0	0	0	1	0	0	0	0	0	0	0	0	0	1	0	0	0	1	0	0	0	0	0	0	0	0	0	0	0	0	3	0	0	0	0	0	0	0	0	0	0	0	1	0	0	0	0	0	0	0	0	0	0	0	0	0	0	0	0	0
0	0	0	0	0	0	0	0	0	0	2	0	0	0	0	0	0	2	0	0	0	0	0	2	0	0	0	0	3	0	0	0	0	0	1	0	1	0	0	0	0	5	7	0	0	0	0	0	0	0	0	0	0	0	0	4	0	0	1	0	0	1	0	0	0	0	6	6	0	0	0	0	0	0	0
0	0	0	0	0	1	0	0	0	0	0	2	0	0	0	0	0	0	0	0	0	0	0	0	0	0	0	0	34	0	0	0	1	0	0	0	0	0	0	0	0	0	0	0	0	0	0	0	0	0	0	0	0	0	0	0	0	0	0	0	0	0	0	0	0	0	0	0	0	0	0	0	0	0	0
0	0	0	0	0	0	0	0	0	0	0	0	0	0	0	0	0	0	0	0	0	0	0	0	0	0	0	0	0	0	0	0	0	0	0	0	0	0	0	0	0	0	0	0	0	0	0	0	0	0	0	0	0	0	0	0	0	0	0	0	0	0	0	0	0	0	0	0	0	0	0	0	0	0	0
0	0	0	27	0	0	0	0	0	0	93	0	0	0	0	12	0	0	0	0	0	0	0	0	0	0	0	0	0	0	0	0	0	0	0	0	96	0	0	1	0	50	74	0	1	0	0	0	1	0	0	0	0	0	0	0	0	6	0	0	0	0	0	6	0	0	0	0	0	0	0	0	0	0	0
0	1	0	0	0	0	0	0	0	0	0	0	0	0	0	0	0	1	0	0	0	0	1	0	0	0	0	0	0	46	0	58	0	0	1	16	0	0	1	6	0	0	0	0	0	0	0	0	0	0	0	0	14	0	0	3	0	0	388	3	0	0	0	6	0	0	0	0	1	0	0	1	0	0	0
0	158	0	0	0	0	0	0	0	0	0	0	0	0	0	0	0	0	0	18	0	0	0	1	56	0	0	0	0	16	0	30	0	4	0	6	0	0	0	16	0	0	0	0	1	0	0	0	0	0	0	0	0	0	0	0	0	0	50	0	0	0	0	0	0	0	0	1	0	0	0	2	0	0	0
0	0	0	0	0	0	0	0	0	0	0	0	0	0	0	0	0	0	0	0	0	0	0	0	0	0	0	0	0	0	0	0	0	0	0	0	0	0	0	0	0	0	0	0	0	0	0	0	0	0	0	0	0	0	0	0	0	0	0	0	0	0	0	0	0	0	0	0	0	0	0	0	0	0	0
0	0	0	0	0	0	0	0	0	0	48	0	0	0	0	0	0	0	0	55	17	0	0	0	0	0	0	0	1	0	0	8	0	3	0	0	0	0	0	0	0	0	0	0	0	49	0	0	0	0	0	0	0	5	0	0	66	258	0	1	0	0	0	0	0	0	0	0	0	0	0	0	0	0	0
0	0	0	0	0	0	0	0	0	0	0	0	0	11	0	0	0	1	1	6	0	0	0	0	0	0	0	0	76	2	0	0	0	294	2	1	0	0	0	44	0	0	0	0	0	5	7	0	32	0	0	0	8	0	0	0	0	4	118	0	1	0	0	0	0	0	0	1	2	0	0	0	0	0	0
0	0	0	0	0	0	0	0	0	0	0	0	0	0	0	0	0	0	0	0	0	0	0	0	0	0	0	0	0	0	0	0	0	0	0	0	0	0	0	0	0	0	0	0	0	5	0	0	0	0	0	0	0	0	0	0	0	0	0	0	0	0	0	0	0	0	0	0	0	0	0	0	0	0	0
0	0	0	0	0	0	0	0	0	0	0	0	0	0	0	0	0	0	0	0	0	0	0	0	0	0	0	0	0	0	0	0	0	0	0	0	0	0	0	0	0	0	0	0	0	0	0	0	0	0	0	0	0	0	0	0	0	0	0	0	0	0	0	0	0	0	0	0	0	0	0	0	0	0	0
0	0	0	0	0	0	0	0	0	0	0	0	0	0	0	0	0	0	0	0	0	0	0	0	0	0	0	0	0	0	0	0	0	0	0	0	0	0	0	0	0	0	0	0	0	0	0	0	0	0	0	0	0	0	0	0	0	0	0	0	0	0	0	0	0	0	0	0	0	0	0	0	0	0	0
