0	0	0	0	0	0	0	0	0	0	0	0	0	0	0	0	0	0	0	0	0	0	0	0	0	0	0	0	0	0	0	0	0	0	0	0	0	0	0	0	0	0	0	0	0	0	0	0	0	0	0	0	0	0	0	0	0	0	0	0	0	0	0	0	0	0	0	0	0	0	0	0	0	0	0
0	0	0	0	0	0	0	0	0	0	0	0	0	0	0	0	0	2	0	12	0	2	50	0	8	35	0	0	0	9	0	2	0	0	3	25	1	0	0	3	0	0	0	0	0	3	1	0	3	2	0	0	19	1	0	31	0	1	39	1	0	0	0	0	0	0	0	4	5	0	0	0	0	0	0
0	0	0	0	0	0	0	0	0	0	0	0	0	1	0	0	0	0	0	0	0	0	0	0	0	0	0	0	4	0	0	0	0	0	3	0	0	0	0	0	0	0	0	1	0	0	0	0	0	0	0	0	0	0	0	0	0	0	1	0	0	0	0	0	0	0	0	0	0	0	0	0	0	0	0
0	0	0	0	0	0	0	0	0	0	10	0	0	0	6	10	0	0	0	0	0	0	0	0	0	0	0	0	5	0	0	0	0	0	7	0	0	0	0	0	0	0	0	0	0	0	1	0	108	0	0	0	0	0	0	0	0	126	0	24	0	0	0	0	1	0	0	0	0	25	11	0	0	0	0
0	0	0	0	0	0	0	0	0	0	0	0	0	0	0	50	0	0	0	0	0	0	0	0	0	0	0	0	0	0	0	0	0	0	1	0	0	0	0	0	0	0	0	0	0	0	0	0	0	0	0	0	0	0	0	0	0	0	1	0	0	0	0	0	0	0	0	0	0	3	0	0	0	0	0
0	0	0	0	0	0	0	0	0	0	0	0	0	16	0	0	0	0	0	0	0	0	0	0	0	0	0	0	137	0	0	0	1	0	101	0	0	0	0	0	0	0	0	0	0	0	51	0	6	0	0	0	0	0	0	0	0	0	0	0	0	0	0	0	49	0	0	0	0	44	0	0	0	0	0
0	0	0	0	0	0	0	0	0	0	0	0	0	0	0	0	0	0	0	0	0	0	0	0	0	0	0	0	0	0	0	0	0	0	0	0	0	0	0	0	0	0	0	0	0	0	0	0	0	0	0	0	0	0	0	0	0	0	0	0	0	0	0	0	0	0	0	0	0	0	0	0	0	0	0
0	0	0	0	0	0	0	0	0	0	0	0	0	0	0	0	0	0	0	0	0	0	0	0	0	0	0	0	0	0	0	0	0	0	0	0	0	0	0	0	0	0	0	0	0	0	0	0	0	0	0	0	0	0	0	0	0	0	0	0	0	0	0	1	0	0	0	0	0	0	0	0	0	0	0
0	0	0	0	0	0	0	0	0	0	0	0	0	0	0	0	0	0	0	0	0	0	0	0	0	0	0	0	0	0	0	0	0	0	0	0	0	0	0	0	0	0	0	0	0	0	0	0	0	0	0	0	0	0	0	0	0	0	0	0	0	0	0	0	0	0	0	0	0	0	0	0	0	0	0
0	0	0	0	0	0	0	0	0	0	0	0	0	0	0	0	0	0	0	0	0	0	0	0	0	0	0	0	0	0	0	0	0	0	0	0	0	0	0	0	0	0	0	0	0	0	0	0	0	0	0	0	0	0	0	0	0	0	0	0	0	0	0	0	0	0	0	0	0	0	0	0	0	0	0
0	0	0	10	0	0	0	0	0	0	0	0	0	0	0	210	0	0	0	18	21	0	0	0	0	0	0	0	0	0	0	0	0	0	0	0	36	0	0	0	0	14	1	2	52	0	0	1	172	0	0	3	0	44	0	0	0	215	5	0	0	0	0	1	0	0	25	0	0	0	110	2	0	0	0
0	0	0	0	0	0	0	0	0	0	0	0	0	0	0	0	0	0	0	0	0	0	0	0	0	0	0	0	0	0	0	0	0	0	0	0	0	0	2	0	0	0	0	0	0	0	0	0	5	0	0	0	0	0	0	0	0	0	0	0	0	0	2	0	0	0	0	0	0	0	1	0	0	0	0
0	0	0	0	0	0	0	0	0	0	0	0	0	0	0	0	0	0	0	0	0	0	0	0	0	0	0	0	0	0	0	0	0	0	0	0	0	0	0	0	0	0	0	0	0	0	0	0	0	0	0	0	0	0	0	0	0	0	0	0	0	0	0	0	0	0	0	0	0	0	0	0	0	0	0
0	0	1	0	0	16	0	0	0	0	0	0	0	0	0	0	0	4	0	2	4	1	0	0	0	0	0	0	189	0	0	0	0	0	118	0	0	1	1	17	0	0	0	2	0	0	63	0	30	0	0	0	0	0	0	1	0	5	6	2	0	0	0	0	1	0	0	0	0	0	1	6	0	0	0
0	0	0	6	0	0	0	0	0	0	0	0	0	0	0	1	0	0	1	0	0	0	0	1	0	0	0	0	1	0	0	0	1	0	0	0	9	0	2	0	0	0	0	0	4	0	0	0	0	0	0	0	0	0	0	0	0	1	16	0	0	21	24	0	2	0	0	0	0	0	3	0	0	0	0
0	0	0	10	50	0	0	0	0	0	210	0	0	0	1	0	0	1	0	42	0	0	0	0	0	0	0	0	0	0	0	0	0	0	0	0	4	0	4	0	0	39	79	0	63	0	0	0	8	0	0	0	0	7	0	0	0	77	2	0	0	0	1	1	0	0	96	0	0	10	0	0	0	0	0
0	0	0	0	0	0	0	0	0	0	0	0	0	0	0	0	0	0	0	0	0	0	0	0	0	0	0	0	0	0	0	0	0	0	0	0	0	0	0	0	0	0	0	0	0	0	0	0	0	0	0	0	0	0	0	0	0	0	0	0	0	0	0	0	0	0	0	0	0	0	0	0	0	0	0
0	2	0	0	0	0	0	0	0	0	0	0	0	4	0	1	0	0	0	0	0	0	0	0	0	0	7	0	0	0	0	2	0	0	8	0	0	0	0	59	0	0	0	0	0	0	5	0	0	0	0	0	9	0	0	0	0	1	24	2	0	0	0	0	0	0	0	8	1	0	0	0	0	0	0
0	0	0	0	0	0	0	0	0	0	0	0	0	0	1	0	0	0	0	0	0	0	0	0	0	0	0	0	0	0	0	0	0	0	8	0	0	0	1	0	0	0	1	0	0	0	0	0	0	0	10	0	0	0	0	0	0	0	0	0	0	0	0	0	0	0	0	0	0	0	0	0	0	0	0
0	12	0	0	0	0	0	0	0	0	18	0	0	2	0	42	0	0	0	0	18	0	6	0	0	4	0	0	0	16	0	2	0	0	0	14	0	1	0	0	0	0	2	3	4	0	0	0	33	4	0	0	0	10	0	0	9	151	162	74	0	0	2	0	0	0	0	2	0	0	85	2	0	0	0
0	0	0	0	0	0	0	0	0	0	21	0	0	4	0	0	0	0	0	18	0	0	0	0	8	0	0	0	2	4	0	24	0	0	3	3	0	0	0	0	0	6	0	3	0	15	9	0	153	0	0	6	0	24	0	1	16	158	59	2	0	0	0	0	0	0	0	0	0	0	155	12	0	0	0
0	2	0	0	0	0	0	0	0	0	0	0	0	1	0	0	0	0	0	0	0	0	0	0	0	0	7	0	0	0	0	0	0	0	3	0	0	0	0	121	0	0	0	0	0	0	7	0	0	0	0	0	7	0	0	0	0	0	2	0	0	0	0	0	0	0	0	0	0	0	0	0	0	0	0
0	50	0	0	0	0	0	0	0	0	0	0	0	0	0	0	0	0	0	6	0	0	0	0	4	1	0	0	0	4	0	20	0	0	1	0	0	0	0	0	0	0	0	0	0	0	0	0	0	0	0	0	16	0	0	0	0	0	104	0	0	0	0	0	0	0	0	1	0	0	0	0	0	0	0
0	0	0	0	0	0	0	0	0	0	0	0	0	0	1	0	0	0	0	0	0	0	0	0	0	0	0	0	0	0	0	0	0	0	0	0	0	0	0	0	0	0	0	0	0	0	0	0	0	0	0	0	0	0	0	0	0	0	0	0	0	0	0	0	0	0	0	0	0	0	0	0	0	0	0
0	8	0	0	0	0	0	0	0	0	0	0	0	0	0	0	0	0	0	0	8	0	4	0	0	0	0	0	0	5	0	0	0	0	0	2	0	0	0	0	0	0	0	0	0	0	0	0	0	0	0	0	0	0	0	4	4	0	0	0	0	0	0	0	0	0	0	0	40	0	0	0	0	0	0
0	35	0	0	0	0	0	0	0	0	0	0	0	0	0	0	0	0	0	4	0	0	1	0	0	0	0	0	0	0	0	2	0	0	0	0	0	0	0	0	0	0	0	0	0	0	0	0	0	0	0	0	11	1	0	1	2	9	13	2	0	0	0	0	0	0	0	0	0	0	0	0	0	0	0
0	0	0	0	0	0	0	0	0	0	0	0	0	0	0	0	0	7	0	0	0	7	0	0	0	0	0	0	0	0	0	0	0	0	0	1	0	0	0	7	0	0	0	1	0	0	0	0	0	0	0	0	0	1	0	3	0	0	1	0	0	0	0	0	0	0	0	1	0	0	0	9	0	0	0
0	0	0	0	0	0	0	0	0	0	0	0	0	0	0	0	0	0	0	0	0	0	0	0	0	0	0	0	0	0	0	0	0	0	0	0	0	0	0	0	0	0	0	0	0	0	0	0	0	0	0	0	0	0	0	0	0	0	0	0	0	0	0	0	0	0	0	0	0	0	0	0	0	0	0
0	0	4	5	0	137	0	0	0	0	0	0	0	189	1	0	0	0	0	0	2	0	0	0	0	0	0	0	0	0	0	1	1	0	22	0	0	1	0	0	0	0	0	1	0	0	132	0	30	2	0	0	0	0	0	0	2	16	28	329	5	0	0	0	76	0	0	1	0	0	1	44	0	0	0
0	9	0	0	0	0	0	0	0	0	0	0	0	0	0	0	0	0	0	16	4	0	4	0	5	0	0	0	0	0	0	16	0	0	0	24	0	1	0	3	0	0	0	1	0	0	0	0	11	0	0	0	0	0	0	0	2	19	195	185	0	0	0	0	0	0	0	10	0	0	0	0	0	0	0
0	0	0	0	0	0	0	0	0	0	0	0	0	0	0	0	0	0	0	0	0	0	0	0	0	0	0	0	0	0	0	0	0	0	0	0	0	0	0	0	0	0	0	0	0	0	0	0	0	0	0	0	0	0	0	0	0	0	0	0	0	0	0	0	0	0	0	0	0	0	0	0	0	0	0
0	2	0	0	0	0	0	0	0	0	0	0	0	0	0	0	0	2	0	2	24	0	20	0	0	2	0	0	1	16	0	0	0	0	2	0	0	0	0	1	0	0	0	0	4	8	0	6	0	0	0	12	0	76	0	12	0	129	0	0	0	22	0	0	0	0	0	37	0	0	0	0	0	0	0
0	0	0	0	0	1	0	0	0	0	0	0	0	0	1	0	0	0	0	0	0	0	0	0	0	0	0	0	1	0	0	0	0	0	0	0	0	0	0	0	0	0	0	0	1	0	0	0	0	0	0	0	0	0	0	0	0	0	0	0	0	0	1	0	1	0	0	0	0	0	1	0	0	0	0
0	0	0	0	0	0	0	0	0	0	0	0	0	0	0	0	0	0	0	0	0	0	0	0	0	0	0	0	0	0	0	0	0	0	0	0	0	0	0	0	0	0	0	0	0	0	0	0	0	0	0	0	0	0	0	0	2	0	0	0	0	0	0	0	0	0	0	0	0	0	0	0	0	0	0
0	3	3	7	1	101	0	0	0	0	0	0	0	118	0	0	0	8	8	0	3	3	1	0	0	0	0	0	22	0	0	2	0	0	0	4	0	1	0	37	0	2	0	2	0	2	134	0	28	0	0	0	0	0	0	12	2	4	180	32	0	0	11	0	4	0	0	14	1	0	1	10	0	0	0
0	25	0	0	0	0	0	0	0	0	0	0	0	0	0	0	0	0	0	14	3	0	0	0	2	0	1	0	0	24	0	0	0	0	4	0	0	1	1	0	0	2	0	1	0	0	0	0	5	0	0	0	7	0	0	0	3	4	308	189	2	0	5	0	0	0	0	17	0	0	1	1	0	0	0
0	1	0	0	0	0	0	0	0	0	36	0	0	0	9	4	0	0	0	0	0	0	0	0	0	0	0	0	0	0	0	0	0	0	0	0	0	0	0	0	0	0	0	0	0	0	0	0	25	0	0	0	0	0	0	0	0	8	7	0	0	0	0	0	0	0	11	0	0	0	0	0	0	0	0
0	0	0	0	0	0	0	0	0	0	0	0	0	1	0	0	0	0	0	1	0	0	0	0	0	0	0	0	1	1	0	0	0	0	1	1	0	0	1	0	0	0	0	0	0	0	1	0	0	0	0	0	0	0	0	1	0	0	1	1	0	0	0	0	0	0	0	1	0	0	0	0	0	0	0
0	0	0	0	0	0	0	0	0	0	0	2	0	1	2	4	0	0	1	0	0	0	0	0	0	0	0	0	0	0	0	0	0	0	0	1	0	1	0	2	0	0	0	1	0	0	0	0	3	0	0	0	0	0	0	0	2	0	158	54	0	0	0	0	0	0	0	0	0	34	4	0	0	0	0
0	3	0	0	0	0	0	0	0	0	0	0	0	17	0	0	0	59	0	0	0	121	0	0	0	0	7	0	0	3	0	1	0	0	37	0	0	0	2	0	0	0	0	0	0	0	27	0	1	35	0	0	7	0	0	12	0	0	61	0	0	0	0	0	0	0	0	0	0	0	0	19	0	0	0
0	0	0	0	0	0	0	0	0	0	0	0	0	0	0	0	0	0	0	0	0	0	0	0	0	0	0	0	0	0	0	0	0	0	0	0	0	0	0	0	0	0	0	0	0	0	0	0	0	0	0	0	0	0	0	0	0	0	0	0	0	0	0	0	0	0	0	0	0	0	0	0	0	0	0
0	0	0	0	0	0	0	0	0	0	14	0	0	0	0	39	0	0	0	0	6	0	0	0	0	0	0	0	0	0	0	0	0	0	2	2	0	0	0	0	0	0	0	0	0	0	2	0	152	0	0	0	0	0	0	0	0	2	0	0	0	0	0	7	0	0	0	0	0	1	4	0	0	0	0
0	0	0	0	0	0	0	0	0	0	1	0	0	0	0	79	0	0	1	2	0	0	0	0	0	0	0	0	0	0	0	0	0	0	0	0	0	0	0	0	0	0	0	0	0	0	0	0	63	0	0	0	0	0	0	0	0	0	1	0	0	0	0	15	0	0	34	0	0	0	0	0	0	0	0
0	0	1	0	0	0	0	0	0	0	2	0	0	2	0	0	0	0	0	3	3	0	0	0	0	0	1	0	1	1	0	0	0	0	2	1	0	0	1	0	0	0	0	0	0	0	2	0	1	0	0	0	0	0	0	1	0	58	115	249	0	0	0	0	0	0	0	25	0	0	0	0	0	0	0
0	0	0	0	0	0	0	0	0	0	52	0	0	0	4	63	0	0	0	4	0	0	0	0	0	0	0	0	0	0	0	4	1	0	0	0	0	0	0	0	0	0	0	0	0	0	1	0	170	0	0	0	0	0	0	0	0	47	32	0	0	0	0	1	0	0	0	0	0	1	0	0	0	0	0
0	3	0	0	0	0	0	0	0	0	0	0	0	0	0	0	0	0	0	0	15	0	0	0	0	0	0	0	0	0	0	8	0	0	2	0	0	0	0	0	0	0	0	0	0	0	1	0	0	0	0	4	6	0	0	0	0	67	24	0	0	0	0	0	0	0	0	6	0	0	5	0	0	0	0
0	1	0	1	0	51	0	0	0	0	0	0	0	63	0	0	0	5	0	0	9	7	0	0	0	0	0	0	132	0	0	0	0	0	134	0	0	1	0	27	0	2	0	2	1	1	0	0	10	0	0	0	0	0	0	2	0	8	106	4	0	0	3	0	0	0	0	0	0	2	0	2	0	0	0
0	0	0	0	0	0	0	0	0	0	1	0	0	0	0	0	0	0	0	0	0	0	0	0	0	0	0	0	0	0	0	6	0	0	0	0	0	0	0	0	0	0	0	0	0	0	0	0	0	0	0	0	0	0	0	0	0	0	0	92	0	0	0	0	0	0	0	0	0	0	1	0	0	0	0
0	3	0	108	0	6	0	0	0	0	172	5	0	30	0	8	0	0	0	33	153	0	0	0	0	0	0	0	30	11	0	0	0	0	28	5	25	0	3	1	0	152	63	1	170	0	10	0	0	2	0	0	0	15	1	2	7	151	5	41	0	1	7	0	0	0	128	15	0	4	2	2	0	0	0
0	2	0	0	0	0	0	0	0	0	0	0	0	0	0	0	0	0	0	4	0	0	0	0	0	0	0	0	2	0	0	0	0	0	0	0	0	0	0	35	0	0	0	0	0	0	0	0	2	0	0	0	5	0	0	0	2	0	1	0	0	0	0	0	0	0	0	0	0	0	0	0	0	0	0
0	0	0	0	0	0	0	0	0	0	0	0	0	0	0	0	0	0	10	0	0	0	0	0	0	0	0	0	0	0	0	0	0	0	0	0	0	0	0	0	0	0	0	0	0	0	0	0	0	0	0	0	0	0	0	0	0	0	0	0	0	0	0	0	0	0	0	0	0	0	0	0	0	0	0
0	0	0	0	0	0	0	0	0	0	3	0	0	0	0	0	0	0	0	0	6	0	0	0	0	0	0	0	0	0	0	12	0	0	0	0	0	0	0	0	0	0	0	0	0	4	0	0	0	0	0	0	0	6	0	3	0	21	1	0	0	0	0	0	0	0	0	3	0	0	5	0	0	0	0
0	19	0	0	0	0	0	0	0	0	0	0	0	0	0	0	0	9	0	0	0	7	16	0	0	11	0	0	0	0	0	0	0	0	0	7	0	0	0	7	0	0	0	0	0	6	0	0	0	5	0	0	0	6	0	24	0	0	3	6	0	0	0	0	0	0	0	5	11	0	0	4	0	0	0
0	1	0	0	0	0	0	0	0	0	44	0	0	0	0	7	0	0	0	10	24	0	0	0	0	1	1	0	0	0	0	76	0	0	0	0	0	0	0	0	0	0	0	0	0	0	0	0	15	0	0	6	6	0	0	0	0	227	113	0	0	0	0	0	0	0	0	1	0	0	83	0	0	0	0
0	0	0	0	0	0	0	0	0	0	0	0	0	0	0	0	0	0	0	0	0	0	0	0	0	0	0	0	0	0	0	0	0	0	0	0	0	0	0	0	0	0	0	0	0	0	0	0	1	0	0	0	0	0	0	0	0	0	0	2	0	0	0	0	0	0	0	0	0	0	0	0	0	0	0
0	31	0	0	0	0	0	0	0	0	0	0	0	1	0	0	0	0	0	0	1	0	0	0	4	1	3	0	0	0	0	12	0	0	12	0	0	1	0	12	0	0	0	1	0	0	2	0	2	0	0	3	24	0	0	0	0	0	49	0	0	0	0	0	0	0	0	17	0	0	0	0	0	0	0
0	0	0	0	0	0	0	0	0	0	0	0	0	0	0	0	0	0	0	9	16	0	0	0	4	2	0	0	2	2	0	0	0	2	2	3	0	0	2	0	0	0	0	0	0	0	0	0	7	2	0	0	0	0	0	0	0	95	3	6	0	0	0	0	0	0	0	0	0	0	107	0	0	0	0
0	1	0	126	0	0	0	0	0	0	215	0	0	5	1	77	0	1	0	151	158	0	0	0	0	9	0	0	16	19	0	129	0	0	4	4	8	0	0	0	0	2	0	58	47	67	8	0	151	0	0	21	0	227	0	0	95	0	77	6	1	0	2	0	0	0	69	0	0	2	202	7	0	0	0
0	39	1	0	1	0	0	0	0	0	5	0	0	6	16	2	0	24	0	162	59	2	104	0	0	13	1	0	28	195	0	0	0	0	180	308	7	1	158	61	0	0	1	115	32	24	106	0	5	1	0	1	3	113	0	49	3	77	0	434	6	3	54	0	0	0	0	389	22	0	0	24	0	0	0
0	1	0	24	0	0	0	0	0	0	0	0	0	2	0	0	0	2	0	74	2	0	0	0	0	2	0	0	329	185	0	0	0	0	32	189	0	1	54	0	0	0	0	249	0	0	4	92	41	0	0	0	6	0	2	0	6	6	434	0	4	0	0	0	0	0	0	160	0	2	24	2	0	0	0
0	0	0	0	0	0	0	0	0	0	0	0	0	0	0	0	0	0	0	0	0	0	0	0	0	0	0	0	5	0	0	0	0	0	0	2	0	0	0	0	0	0	0	0	0	0	0	0	0	0	0	0	0	0	0	0	0	1	6	4	0	0	0	0	0	0	0	0	0	0	2	1	0	0	0
0	0	0	0	0	0	0	0	0	0	0	0	0	0	21	0	0	0	0	0	0	0	0	0	0	0	0	0	0	0	0	22	0	0	0	0	0	0	0	0	0	0	0	0	0	0	0	0	1	0	0	0	0	0	0	0	0	0	3	0	0	0	0	0	0	0	0	0	0	0	0	0	0	0	0
0	0	0	0	0	0	0	0	0	0	0	2	0	0	24	1	0	0	0	2	0	0	0	0	0	0	0	0	0	0	0	0	1	0	11	5	0	0	0	0	0	0	0	0	0	0	3	0	7	0	0	0	0	0	0	0	0	2	54	0	0	0	0	0	0	0	0	0	0	10	10	0	0	0	0
0	0	0	0	0	0	0	1	0	0	1	0	0	0	0	1	0	0	0	0	0	0	0	0	0	0	0	0	0	0	0	0	0	0	0	0	0	0	0	0	0	7	15	0	1	0	0	0	0	0	0	0	0	0	0	0	0	0	0	0	0	0	0	0	0	0	16	0	0	0	0	0	0	0	0
0	0	0	1	0	49	0	0	0	0	0	0	0	1	2	0	0	0	0	0	0	0	0	0	0	0	0	0	76	0	0	0	1	0	4	0	0	0	0	0	0	0	0	0	0	0	0	0	0	0	0	0	0	0	0	0	0	0	0	0	0	0	0	0	0	0	0	0	0	9	0	0	0	0	0
0	0	0	0	0	0	0	0	0	0	0	0	0	0	0	0	0	0	0	0	0	0	0	0	0	0	0	0	0	0	0	0	0	0	0	0	0	0	0	0	0	0	0	0	0	0	0	0	0	0	0	0	0	0	0	0	0	0	0	0	0	0	0	0	0	0	0	0	0	0	0	0	0	0	0
0	0	0	0	0	0	0	0	0	0	25	0	0	0	0	96	0	0	0	0	0	0	0	0	0	0	0	0	0	0	0	0	0	0	0	0	11	0	0	0	0	0	34	0	0	0	0	0	128	0	0	0	0	0	0	0	0	69	0	0	0	0	0	16	0	0	0	0	0	0	0	0	0	0	0
0	4	0	0	0	0	0	0	0	0	0	0	0	0	0	0	0	8	0	2	0	0	1	0	0	0	1	0	1	10	0	37	0	0	14	17	0	1	0	0	0	0	0	25	0	6	0	0	15	0	0	3	5	1	0	17	0	0	389	160	0	0	0	0	0	0	0	0	0	0	0	1	0	0	0
0	5	0	0	0	0	0	0	0	0	0	0	0	0	0	0	0	1	0	0	0	0	0	0	40	0	0	0	0	0	0	0	0	0	1	0	0	0	0	0	0	0	0	0	0	0	0	0	0	0	0	0	11	0	0	0	0	0	22	0	0	0	0	0	0	0	0	0	0	0	0	0	0	0	0
0	0	0	25	3	44	0	0	0	0	0	0	0	0	0	10	0	0	0	0	0	0	0	0	0	0	0	0	0	0	0	0	0	0	0	0	0	0	34	0	0	1	0	0	1	0	2	0	4	0	0	0	0	0	0	0	0	2	0	2	0	0	10	0	9	0	0	0	0	0	10	0	0	0	0
0	0	0	11	0	0	0	0	0	0	110	1	0	1	3	0	0	0	0	85	155	0	0	0	0	0	0	0	1	0	0	0	1	0	1	1	0	0	4	0	0	4	0	0	0	5	0	1	2	0	0	5	0	83	0	0	107	202	0	24	2	0	10	0	0	0	0	0	0	10	0	0	0	0	0
0	0	0	0	0	0	0	0	0	0	2	0	0	6	0	0	0	0	0	2	12	0	0	0	0	0	9	0	44	0	0	0	0	0	10	1	0	0	0	19	0	0	0	0	0	0	2	0	2	0	0	0	4	0	0	0	0	7	24	2	1	0	0	0	0	0	0	1	0	0	0	0	0	0	0
0	0	0	0	0	0	0	0	0	0	0	0	0	0	0	0	0	0	0	0	0	0	0	0	0	0	0	0	0	0	0	0	0	0	0	0	0	0	0	0	0	0	0	0	0	0	0	0	0	0	0	0	0	0	0	0	0	0	0	0	0	0	0	0	0	0	0	0	0	0	0	0	0	0	0
0	0	0	0	0	0	0	0	0	0	0	0	0	0	0	0	0	0	0	0	0	0	0	0	0	0	0	0	0	0	0	0	0	0	0	0	0	0	0	0	0	0	0	0	0	0	0	0	0	0	0	0	0	0	0	0	0	0	0	0	0	0	0	0	0	0	0	0	0	0	0	0	0	0	0
0	0	0	0	0	0	0	0	0	0	0	0	0	0	0	0	0	0	0	0	0	0	0	0	0	0	0	0	0	0	0	0	0	0	0	0	0	0	0	0	0	0	0	0	0	0	0	0	0	0	0	0	0	0	0	0	0	0	0	0	0	0	0	0	0	0	0	0	0	0	0	0	0	0	0
