0	0	0	0	0	0	0	0	0	0	0	0	0	0	0	0	0	0	0	0	0	0	0	0	0	0	0	0	0	0	0	0	0	0	0	0	0	0	0	0	0	0	0	0	0	0	0	0	0	0	0	0	0	0	0	0	0	0	0	0	0	0	0	0	0	0	0	0	0	0	0	0	0	0	0
0	0	0	0	0	0	0	0	0	0	9	0	0	0	2	0	0	2	0	1	0	0	149	0	86	0	16	0	0	235	0	8	0	2	3	4	0	0	0	0	0	2	0	0	0	3	1	0	0	0	3	0	0	0	0	112	0	0	6	0	0	0	0	0	0	0	0	1	112	0	0	0	0	0	2
0	0	0	0	0	0	0	0	0	0	0	0	0	0	0	0	0	0	0	0	0	0	0	0	0	0	0	0	0	0	0	0	0	0	0	0	0	0	0	0	0	0	0	0	0	0	0	0	0	0	0	0	0	0	0	0	0	0	0	0	0	0	0	0	0	0	0	0	0	0	0	0	0	0	0
0	0	0	0	0	0	0	0	0	0	219	0	0	0	159	13	0	0	0	0	2	0	0	0	0	0	1	0	0	0	0	2	24	0	0	0	0	0	0	0	0	0	0	0	0	0	59	0	24	0	0	0	0	0	0	0	0	104	0	6	0	0	0	0	0	0	26	0	0	5	0	0	0	0	0
0	0	0	0	0	0	0	0	0	0	4	0	0	0	0	0	0	0	0	0	0	0	0	0	0	0	0	0	0	0	0	0	0	0	4	0	0	0	0	0	0	0	0	0	0	0	0	0	0	0	0	0	0	0	0	0	0	0	0	0	0	0	0	0	0	0	83	0	0	0	0	0	0	0	0
0	0	0	0	0	0	0	0	0	0	2	4	0	21	93	4	0	0	0	2	0	0	0	0	0	0	0	0	0	0	0	2	82	0	565	0	0	0	0	0	0	0	0	0	0	0	107	0	0	0	0	0	0	0	0	0	0	0	1	0	0	0	0	0	0	0	0	0	0	0	0	0	0	0	0
0	0	0	0	0	0	0	0	0	0	68	0	0	0	0	12	0	0	0	4	106	0	0	0	70	0	0	0	0	0	0	14	0	0	0	0	0	0	0	0	0	0	0	0	0	0	1	0	0	0	0	0	0	2	0	0	0	58	52	0	0	0	0	0	0	0	0	0	0	0	0	0	0	0	103
0	0	0	0	0	0	0	0	0	0	0	0	0	0	0	0	0	0	0	0	0	0	0	0	0	0	0	0	0	0	0	0	0	0	0	0	0	0	0	0	0	0	0	0	0	0	0	0	0	0	0	0	0	0	0	0	0	0	0	0	0	0	0	0	0	0	0	0	0	0	0	0	0	0	0
0	0	0	0	0	0	0	0	0	0	2	0	0	304	3	1	0	57	0	10	67	0	0	0	0	0	14	0	0	28	0	0	37	25	316	3	0	0	0	0	0	0	0	0	0	0	3	0	0	0	0	0	0	0	0	0	0	0	9	28	0	0	0	0	0	0	0	0	0	0	0	3	0	0	0
0	0	0	0	0	0	0	0	0	0	0	0	0	12	0	0	0	0	1	17	0	0	0	0	0	0	0	0	0	13	0	0	0	0	0	0	0	0	0	0	0	0	0	0	0	0	0	0	0	0	1	0	0	0	0	0	0	0	0	0	0	0	0	0	0	0	0	0	0	0	0	0	0	0	0
0	9	0	219	4	2	68	0	2	0	0	0	0	1	16	230	0	7	32	111	130	1	0	1	0	0	0	0	0	0	7	28	0	5	15	4	53	0	0	0	0	167	133	22	489	13	21	0	68	0	5	2	0	458	0	10	0	288	25	38	0	44	43	0	0	0	165	8	12	0	165	33	18	0	0
0	0	0	0	0	4	0	0	0	0	0	0	0	0	0	0	0	0	0	0	0	0	0	0	0	0	0	0	0	0	0	0	0	0	0	0	0	0	0	0	0	0	0	0	0	0	4	0	0	0	0	0	0	0	0	0	0	0	0	0	0	6	22	0	0	0	0	0	0	0	0	0	0	0	0
0	0	0	0	0	0	0	0	0	0	0	0	0	0	0	0	0	0	0	0	0	0	0	0	0	0	0	0	0	0	0	0	0	0	0	0	0	0	0	0	0	0	0	0	0	0	0	0	0	0	0	0	0	0	0	0	0	0	0	0	0	0	0	0	0	0	0	0	0	0	0	0	0	0	0
0	0	0	0	0	21	0	0	304	12	1	0	0	0	2	1	0	13	2	191	23	97	0	3	0	0	20	0	0	7	0	0	0	270	1262	12	0	0	1	0	0	48	3	85	0	3	280	0	9	0	0	0	0	0	0	6	3	3	123	6	0	4	5	0	11	0	0	12	0	0	12	133	6	0	19
0	2	0	159	0	93	0	0	3	0	16	0	0	2	0	3	0	0	16	0	1	2	0	0	0	2	0	0	0	3	0	5	43	1	46	2	0	0	25	0	0	12	15	0	11	12	20	0	1	0	4	0	0	0	0	1	38	0	0	4	0	460	487	0	18	0	0	0	1	5	1	1	20	16	0
0	0	0	13	0	4	12	0	1	0	230	0	0	1	3	0	0	2	4	66	30	2	0	0	0	0	0	0	0	1	0	3	0	1	6	1	0	0	0	0	0	4	110	21	172	0	0	0	3	0	0	0	0	19	0	3	0	49	3	2	0	5	4	0	2	0	40	2	23	4	2	3	0	0	0
0	0	0	0	0	0	0	0	0	0	0	0	0	0	0	0	0	0	0	0	0	0	0	0	0	0	0	0	0	0	0	0	0	0	0	0	0	0	0	0	0	0	0	0	0	0	2	0	0	0	0	0	0	0	0	0	0	0	0	0	0	0	0	0	0	0	0	0	0	0	0	0	0	0	0
0	2	0	0	0	0	0	0	57	0	7	0	0	13	0	2	0	0	7	18	16	97	21	0	0	0	188	0	0	5	0	93	0	79	73	8	0	0	0	0	0	7	3	0	0	15	30	0	0	0	0	0	0	9	0	59	1	0	126	0	0	18	0	0	0	0	7	52	62	0	0	20	18	0	0
0	0	0	0	0	0	0	0	0	1	32	0	0	2	16	4	0	7	0	0	2	0	0	0	0	0	0	0	0	0	0	6	0	0	3	0	0	0	0	0	0	0	0	0	14	0	33	0	12	0	0	0	0	0	0	0	0	0	2	0	0	0	0	0	0	0	0	0	0	0	0	0	0	0	1
0	1	0	0	0	2	4	0	10	17	111	0	0	191	0	66	0	18	0	0	146	6	4	0	0	0	46	0	0	355	0	4	0	9	258	32	0	0	0	0	0	0	0	4	4	0	73	0	5	0	0	0	0	6	0	4	3	141	233	82	0	0	0	0	0	0	0	22	0	0	4	6	0	0	175
0	0	0	2	0	0	106	0	67	0	130	0	0	23	1	30	0	16	2	146	0	40	7	13	119	2	41	0	0	22	0	101	0	80	17	15	0	0	0	0	0	4	1	55	2	143	45	0	18	0	0	12	0	263	0	191	227	172	15	14	0	28	35	0	0	0	22	5	39	0	13	221	33	0	4
0	0	0	0	0	0	0	0	0	0	1	0	0	97	2	2	0	97	0	6	40	0	0	0	0	0	321	0	0	2	0	10	0	13	463	1	0	0	0	0	0	0	0	0	0	0	21	0	0	0	0	0	0	0	0	0	4	0	15	36	0	0	0	0	0	0	0	0	0	0	0	2	0	0	5
0	149	0	0	0	0	0	0	0	0	0	0	0	0	0	0	0	21	0	4	7	0	0	0	96	0	38	0	0	200	0	56	0	1	3	6	0	0	0	0	0	0	0	0	0	0	0	0	0	0	0	0	0	0	0	0	0	0	74	0	0	0	0	0	0	0	0	0	0	0	0	0	0	0	48
0	0	0	0	0	0	0	0	0	0	1	0	0	3	0	0	0	0	0	0	13	0	0	0	0	0	0	0	0	0	0	0	0	0	1	0	0	0	0	0	0	0	0	0	0	0	33	0	0	0	0	0	0	0	0	0	1	0	23	0	0	0	0	0	0	0	0	0	0	0	0	0	0	0	2
0	86	0	0	0	0	70	0	0	0	0	0	0	0	0	0	0	0	0	0	119	0	96	0	0	0	2	0	0	0	0	0	0	0	0	0	0	0	0	0	0	0	0	0	0	0	0	0	0	0	0	0	0	50	0	104	46	0	0	0	0	0	0	0	0	0	0	0	100	0	0	0	0	0	0
0	0	0	0	0	0	0	0	0	0	0	0	0	0	2	0	0	0	0	0	2	0	0	0	0	0	0	0	0	0	0	0	0	0	0	0	0	0	0	0	0	0	0	0	0	0	1	0	0	0	0	0	0	0	0	0	0	0	0	0	0	0	0	0	0	0	0	0	0	0	0	0	0	0	0
0	16	0	1	0	0	0	0	14	0	0	0	0	20	0	0	0	188	0	46	41	321	38	0	2	0	0	0	0	16	0	2	0	225	4	11	0	0	0	0	0	0	1	2	0	109	0	0	4	0	0	0	0	4	0	21	31	0	9	0	0	0	0	0	0	0	0	38	40	0	0	66	0	0	4
0	0	0	0	0	0	0	0	0	0	0	0	0	0	0	0	0	0	0	0	0	0	0	0	0	0	0	0	0	0	0	0	0	0	0	0	0	0	0	0	0	0	0	0	0	0	0	0	0	0	0	0	0	0	0	0	0	0	0	0	0	0	0	0	0	0	0	0	0	0	0	0	0	0	0
0	0	0	0	0	0	0	0	0	0	0	0	0	0	0	0	0	0	0	0	0	0	0	0	0	0	0	0	0	0	0	0	0	0	0	0	0	0	0	0	0	0	0	0	0	0	0	0	0	0	0	0	0	0	0	0	0	0	0	0	0	0	0	0	0	0	0	0	0	0	0	0	0	0	0
0	235	0	0	0	0	0	0	28	13	0	0	0	7	3	1	0	5	0	355	22	2	200	0	0	0	16	0	0	0	0	2	0	340	4	541	0	0	0	0	0	0	0	0	0	39	2	0	0	0	0	0	0	0	0	0	1	10	425	284	0	0	0	0	0	0	0	505	290	0	0	29	0	0	4
0	0	0	0	0	0	0	0	0	0	7	0	0	0	0	0	0	0	0	0	0	0	0	0	0	0	0	0	0	0	0	0	0	0	7	0	0	0	0	0	0	0	0	0	0	0	0	0	9	0	0	0	0	0	0	0	2	0	0	0	0	0	0	0	0	0	88	0	0	0	0	0	0	0	0
0	8	0	2	0	2	14	0	0	0	28	0	0	0	5	3	0	93	6	4	101	10	56	0	0	0	2	0	0	2	0	0	0	10	14	0	0	0	0	0	0	2	0	0	210	12	19	0	0	0	0	64	0	580	0	246	0	232	93	0	0	2	2	0	0	0	0	134	12	0	144	24	0	0	277
0	0	0	24	0	82	0	0	37	0	0	0	0	0	43	0	0	0	0	0	0	0	0	0	0	0	0	0	0	0	0	0	0	0	29	0	0	0	0	0	0	0	0	0	0	0	0	0	0	0	0	0	0	0	0	0	0	0	0	2	0	0	30	0	82	0	0	0	0	0	0	0	0	0	0
0	2	0	0	0	0	0	0	25	0	5	0	0	270	1	1	0	79	0	9	80	13	1	0	0	0	225	0	0	340	0	10	0	0	116	13	0	0	0	0	0	0	0	0	0	1	6	0	0	0	0	0	0	3	0	0	1	2	18	8	0	0	0	0	0	0	0	0	0	0	2	5	0	0	0
0	3	0	0	4	565	0	0	316	0	15	0	0	1262	46	6	0	73	3	258	17	463	3	1	0	0	4	0	0	4	7	14	29	116	0	11	0	0	0	0	0	15	1	24	8	0	1200	0	0	0	0	0	0	0	0	98	4	4	1029	5	0	26	12	0	1	0	3	116	13	5	0	622	0	0	16
0	4	0	0	0	0	0	0	3	0	4	0	0	12	2	1	0	8	0	32	15	1	6	0	0	0	11	0	0	541	0	0	0	13	11	0	0	0	0	0	0	0	0	0	0	2	38	0	1	0	0	0	0	1	0	2	0	12	223	0	0	0	0	0	0	0	0	16	0	0	1	1	0	0	4
0	0	0	0	0	0	0	0	0	0	53	0	0	0	0	0	0	0	0	0	0	0	0	0	0	0	0	0	0	0	0	0	0	0	0	0	0	0	0	0	0	0	0	0	0	0	1	0	18	0	0	0	0	0	0	0	0	10	0	0	0	0	0	0	0	0	59	0	0	0	0	0	0	0	1
0	0	0	0	0	0	0	0	0	0	0	0	0	0	0	0	0	0	0	0	0	0	0	0	0	0	0	0	0	0	0	0	0	0	0	0	0	0	0	0	0	0	0	0	0	0	0	0	0	0	0	0	0	0	0	0	0	0	0	0	0	0	0	0	0	0	0	0	0	0	0	0	0	0	0
0	0	0	0	0	0	0	0	0	0	0	0	0	1	25	0	0	0	0	0	0	0	0	0	0	0	0	0	0	0	0	0	0	0	0	0	0	0	0	0	0	0	0	0	0	0	22	0	0	0	0	0	0	0	0	0	0	0	48	0	0	0	0	0	0	0	0	0	0	0	0	0	0	0	0
0	0	0	0	0	0	0	0	0	0	0	0	0	0	0	0	0	0	0	0	0	0	0	0	0	0	0	0	0	0	0	0	0	0	0	0	0	0	0	0	0	0	0	0	0	0	0	0	0	0	0	0	0	0	0	0	0	0	0	0	0	0	0	0	0	0	0	0	0	0	0	0	0	0	0
0	0	0	0	0	0	0	0	0	0	0	0	0	0	0	0	0	0	0	0	0	0	0	0	0	0	0	0	0	0	0	0	0	0	0	0	0	0	0	0	0	0	0	0	0	0	0	0	0	0	0	0	0	0	0	0	0	0	0	0	0	0	0	0	0	0	0	0	0	0	0	0	0	0	0
0	2	0	0	0	0	0	0	0	0	167	0	0	48	12	4	0	7	0	0	4	0	0	0	0	0	0	0	0	0	0	2	0	0	15	0	0	0	0	0	0	0	0	0	0	0	10	0	29	0	0	0	0	0	0	0	8	12	4	0	0	0	0	0	0	0	87	0	0	0	0	0	0	0	0
0	0	0	0	0	0	0	0	0	0	133	0	0	3	15	110	0	3	0	0	1	0	0	0	0	0	1	0	0	0	0	0	0	0	1	0	0	0	0	0	0	0	0	0	2	0	1	0	0	0	0	0	0	0	0	0	0	1	172	8	0	0	0	0	0	0	0	0	0	5	0	0	0	0	0
0	0	0	0	0	0	0	0	0	0	22	0	0	85	0	21	0	0	0	4	55	0	0	0	0	0	2	0	0	0	0	0	0	0	24	0	0	0	0	0	0	0	0	0	0	0	3	0	0	0	0	0	0	0	0	0	0	26	103	0	0	0	0	0	0	0	0	0	0	0	0	0	0	0	0
0	0	0	0	0	0	0	0	0	0	489	0	0	0	11	172	0	0	14	4	2	0	0	0	0	0	0	0	0	0	0	210	0	0	8	0	0	0	0	0	0	0	2	0	0	0	9	0	93	0	0	0	0	26	0	0	0	27	133	6	0	0	0	0	0	0	0	0	0	0	0	0	0	0	81
0	3	0	0	0	0	0	0	0	0	13	0	0	3	12	0	0	15	0	0	143	0	0	0	0	0	109	0	0	39	0	12	0	1	0	2	0	0	0	0	0	0	0	0	0	0	60	0	0	0	0	0	0	0	0	0	8	47	5	0	0	0	0	0	0	0	0	0	0	0	0	0	0	0	0
0	1	0	59	0	107	1	0	3	0	21	4	0	280	20	0	2	30	33	73	45	21	0	33	0	1	0	0	0	2	0	19	0	6	1200	38	1	0	22	0	0	10	1	3	9	60	0	0	6	0	16	0	0	1	0	15	7	0	155	12	0	139	140	0	0	0	14	47	15	9	0	27	17	1	2
0	0	0	0	0	0	0	0	0	0	0	0	0	0	0	0	0	0	0	0	0	0	0	0	0	0	0	0	0	0	0	0	0	0	0	0	0	0	0	0	0	0	0	0	0	0	0	0	0	0	0	0	0	0	0	0	0	0	0	0	0	0	0	0	0	0	0	0	0	0	0	0	0	0	0
0	0	0	24	0	0	0	0	0	0	68	0	0	9	1	3	0	0	12	5	18	0	0	0	0	0	4	0	0	0	9	0	0	0	0	1	18	0	0	0	0	29	0	0	93	0	6	0	0	0	0	1	0	28	0	0	0	32	0	1	0	0	0	0	0	0	29	1	0	0	41	0	0	0	0
0	0	0	0	0	0	0	0	0	0	0	0	0	0	0	0	0	0	0	0	0	0	0	0	0	0	0	0	0	0	0	0	0	0	0	0	0	0	0	0	0	0	0	0	0	0	0	0	0	0	0	0	0	0	0	0	0	0	0	0	0	0	0	0	0	0	0	0	0	0	0	0	0	0	0
0	3	0	0	0	0	0	0	0	1	5	0	0	0	4	0	0	0	0	0	0	0	0	0	0	0	0	0	0	0	0	0	0	0	0	0	0	0	0	0	0	0	0	0	0	0	16	0	0	0	0	0	0	0	0	0	0	0	3	0	0	0	0	0	0	0	0	0	0	0	0	0	0	0	2
0	0	0	0	0	0	0	0	0	0	2	0	0	0	0	0	0	0	0	0	12	0	0	0	0	0	0	0	0	0	0	64	0	0	0	0	0	0	0	0	0	0	0	0	0	0	0	0	1	0	0	0	0	0	0	0	0	0	0	0	0	0	0	0	0	0	0	0	0	0	0	0	0	0	7
0	0	0	0	0	0	0	0	0	0	0	0	0	0	0	0	0	0	0	0	0	0	0	0	0	0	0	0	0	0	0	0	0	0	0	0	0	0	0	0	0	0	0	0	0	0	0	0	0	0	0	0	0	0	0	0	0	0	0	0	0	0	0	0	0	0	0	0	0	0	0	0	0	0	0
0	0	0	0	0	0	2	0	0	0	458	0	0	0	0	19	0	9	0	6	263	0	0	0	50	0	4	0	0	0	0	580	0	3	0	1	0	0	0	0	0	0	0	0	26	0	1	0	28	0	0	0	0	0	0	0	0	188	62	0	0	0	0	0	0	0	0	0	0	0	0	0	0	0	455
0	0	0	0	0	0	0	0	0	0	0	0	0	0	0	0	0	0	0	0	0	0	0	0	0	0	0	0	0	0	0	0	0	0	0	0	0	0	0	0	0	0	0	0	0	0	0	0	0	0	0	0	0	0	0	0	0	0	0	0	0	0	0	0	0	0	0	0	0	0	0	0	0	0	0
0	112	0	0	0	0	0	0	0	0	10	0	0	6	1	3	0	59	0	4	191	0	0	0	104	0	21	0	0	0	0	246	0	0	98	2	0	0	0	0	0	0	0	0	0	0	15	0	0	0	0	0	0	0	0	0	1	1	20	2	0	0	0	0	0	0	0	0	0	0	0	0	0	0	1
0	0	0	0	0	0	0	0	0	0	0	0	0	3	38	0	0	1	0	3	227	4	0	1	46	0	31	0	0	1	2	0	0	1	4	0	0	0	0	0	0	8	0	0	0	8	7	0	0	0	0	0	0	0	0	1	0	107	1	0	0	3	3	0	0	0	0	0	1	0	1	0	1	0	0
0	0	0	104	0	0	58	0	0	0	288	0	0	3	0	49	0	0	0	141	172	0	0	0	0	0	0	0	0	10	0	232	0	2	4	12	10	0	0	0	0	12	1	26	27	47	0	0	32	0	0	0	0	188	0	1	107	0	2	121	0	0	0	0	1	0	90	3	0	0	98	15	2	0	102
0	6	0	0	0	1	52	0	9	0	25	0	0	123	0	3	0	126	2	233	15	15	74	23	0	0	9	0	0	425	0	93	0	18	1029	223	0	0	48	0	0	4	172	103	133	5	155	0	0	0	3	0	0	62	0	20	1	2	0	244	0	14	6	0	0	0	3	278	150	7	4	155	4	0	151
0	0	0	6	0	0	0	0	28	0	38	0	0	6	4	2	0	0	0	82	14	36	0	0	0	0	0	0	0	284	0	0	2	8	5	0	0	0	0	0	0	0	8	0	6	0	12	0	1	0	0	0	0	0	0	2	0	121	244	0	0	14	10	0	0	0	0	132	0	0	24	13	0	0	0
0	0	0	0	0	0	0	0	0	0	0	0	0	0	0	0	0	0	0	0	0	0	0	0	0	0	0	0	0	0	0	0	0	0	0	0	0	0	0	0	0	0	0	0	0	0	0	0	0	0	0	0	0	0	0	0	0	0	0	0	0	0	0	0	0	0	0	0	0	0	0	0	0	0	0
0	0	0	0	0	0	0	0	0	0	44	6	0	4	460	5	0	18	0	0	28	0	0	0	0	0	0	0	0	0	0	2	0	0	26	0	0	0	0	0	0	0	0	0	0	0	139	0	0	0	0	0	0	0	0	0	3	0	14	14	0	0	0	0	0	0	0	0	0	0	0	1	0	0	4
0	0	0	0	0	0	0	0	0	0	43	22	0	5	487	4	0	0	0	0	35	0	0	0	0	0	0	0	0	0	0	2	30	0	12	0	0	0	0	0	0	0	0	0	0	0	140	0	0	0	0	0	0	0	0	0	3	0	6	10	0	0	0	0	0	0	0	0	0	2	0	0	0	0	20
0	0	0	0	0	0	0	0	0	0	0	0	0	0	0	0	0	0	0	0	0	0	0	0	0	0	0	0	0	0	0	0	0	0	0	0	0	0	0	0	0	0	0	0	0	0	0	0	0	0	0	0	0	0	0	0	0	0	0	0	0	0	0	0	0	0	0	0	0	0	0	0	0	0	0
0	0	0	0	0	0	0	0	0	0	0	0	0	11	18	2	0	0	0	0	0	0	0	0	0	0	0	0	0	0	0	0	82	0	1	0	0	0	0	0	0	0	0	0	0	0	0	0	0	0	0	0	0	0	0	0	0	1	0	0	0	0	0	0	0	0	0	0	0	3	0	0	0	0	1
0	0	0	0	0	0	0	0	0	0	0	0	0	0	0	0	0	0	0	0	0	0	0	0	0	0	0	0	0	0	0	0	0	0	0	0	0	0	0	0	0	0	0	0	0	0	0	0	0	0	0	0	0	0	0	0	0	0	0	0	0	0	0	0	0	0	0	0	0	0	0	0	0	0	0
0	0	0	26	83	0	0	0	0	0	165	0	0	0	0	40	0	7	0	0	22	0	0	0	0	0	0	0	0	0	88	0	0	0	3	0	59	0	0	0	0	87	0	0	0	0	14	0	29	0	0	0	0	0	0	0	0	90	3	0	0	0	0	0	0	0	0	0	0	0	0	0	0	0	0
0	1	0	0	0	0	0	0	0	0	8	0	0	12	0	2	0	52	0	22	5	0	0	0	0	0	38	0	0	505	0	134	0	0	116	16	0	0	0	0	0	0	0	0	0	0	47	0	1	0	0	0	0	0	0	0	0	3	278	132	0	0	0	0	0	0	0	0	0	0	0	1	0	0	27
0	112	0	0	0	0	0	0	0	0	12	0	0	0	1	23	0	62	0	0	39	0	0	0	100	0	40	0	0	290	0	12	0	0	13	0	0	0	0	0	0	0	0	0	0	0	15	0	0	0	0	0	0	0	0	0	1	0	150	0	0	0	0	0	0	0	0	0	0	0	0	0	0	0	21
0	0	0	5	0	0	0	0	0	0	0	0	0	0	5	4	0	0	0	0	0	0	0	0	0	0	0	0	0	0	0	0	0	0	5	0	0	0	0	0	0	0	5	0	0	0	9	0	0	0	0	0	0	0	0	0	0	0	7	0	0	0	2	0	3	0	0	0	0	0	0	0	0	0	0
0	0	0	0	0	0	0	0	0	0	165	0	0	12	1	2	0	0	0	4	13	0	0	0	0	0	0	0	0	0	0	144	0	2	0	1	0	0	0	0	0	0	0	0	0	0	0	0	41	0	0	0	0	0	0	0	1	98	4	24	0	0	0	0	0	0	0	0	0	0	0	0	0	0	1
0	0	0	0	0	0	0	0	3	0	33	0	0	133	1	3	0	20	0	6	221	2	0	0	0	0	66	0	0	29	0	24	0	5	622	1	0	0	0	0	0	0	0	0	0	0	27	0	0	0	0	0	0	0	0	0	0	15	155	13	0	1	0	0	0	0	0	1	0	0	0	0	0	0	9
0	0	0	0	0	0	0	0	0	0	18	0	0	6	20	0	0	18	0	0	33	0	0	0	0	0	0	0	0	0	0	0	0	0	0	0	0	0	0	0	0	0	0	0	0	0	17	0	0	0	0	0	0	0	0	0	1	2	4	0	0	0	0	0	0	0	0	0	0	0	0	0	0	0	0
0	0	0	0	0	0	0	0	0	0	0	0	0	0	16	0	0	0	0	0	0	0	0	0	0	0	0	0	0	0	0	0	0	0	0	0	0	0	0	0	0	0	0	0	0	0	1	0	0	0	0	0	0	0	0	0	0	0	0	0	0	0	0	0	0	0	0	0	0	0	0	0	0	0	0
0	2	0	0	0	0	103	0	0	0	0	0	0	19	0	0	0	0	1	175	4	5	48	2	0	0	4	0	0	4	0	277	0	0	16	4	1	0	0	0	0	0	0	0	81	0	2	0	0	0	2	7	0	455	0	1	0	102	151	0	0	4	20	0	1	0	0	27	21	0	1	9	0	0	0
