0	0	0	0	0	0	0	0	0	0	0	0	0	0	0	0	0	0	0	0	0	0	0	0	0	0	0	0	0	0	0	0	0	0	0	0	0	0	0	0	0	0	0	0	0	0	0	0	0	0	0	0	0	0	0	0	0	0	0	0	0	0	0	0	0	0	0	0	0	0	0	0	0	0	0
0	0	0	0	0	0	6	0	0	0	0	0	0	0	0	0	0	3	0	3	0	3	111	0	93	0	2	0	0	20	0	0	0	0	0	22	0	0	0	0	3	0	0	0	0	0	0	0	0	0	0	0	1	1	0	87	0	0	13	0	0	0	0	0	0	0	0	10	97	0	0	0	0	0	0
0	0	0	5	0	88	0	0	63	0	8	0	0	80	19	0	0	19	1	1	0	1	4	4	1	0	0	0	0	2	10	13	0	4	81	8	1	0	17	0	32	0	40	0	28	0	57	0	0	0	8	0	0	1	0	4	2	9	2	48	0	8	73	0	54	0	1	3	30	0	3	34	9	0	14
0	0	5	0	0	0	0	0	0	2	263	0	0	1	95	59	0	0	1	0	0	1	0	0	0	0	0	0	0	0	0	0	0	0	0	0	0	0	0	0	0	0	0	0	0	2	0	0	0	0	0	0	0	0	0	0	0	72	0	8	0	0	0	0	0	0	19	0	0	0	0	0	5	0	3
0	0	0	0	0	0	0	0	0	2	1	0	0	0	4	0	0	0	0	0	0	0	0	0	0	0	0	0	0	0	0	0	3	0	1	0	0	0	0	0	0	0	0	0	0	0	0	0	0	0	0	0	0	0	0	0	0	0	0	0	0	0	0	0	0	0	2	0	0	0	0	0	0	0	0
0	0	88	0	0	0	0	0	0	0	6	4	0	152	16	0	0	0	1	0	0	1	0	0	0	0	0	0	0	0	0	0	0	0	1287	0	0	0	0	0	0	0	0	0	0	0	0	0	0	0	0	0	0	0	0	0	0	0	0	0	0	0	0	0	0	0	0	0	0	0	0	0	71	0	0
0	6	0	0	0	0	0	0	1	0	28	0	0	0	0	0	0	553	26	26	5	301	64	0	2	0	364	0	0	32	0	2	0	124	34	153	0	0	0	0	236	0	0	0	12	116	0	0	0	0	0	58	0	169	0	93	5	60	182	0	0	0	0	0	0	0	0	104	49	0	43	27	1	5	96
0	0	0	0	0	0	0	0	0	0	0	0	0	0	0	0	0	0	0	0	0	0	0	0	0	0	0	0	0	0	0	0	0	0	0	0	0	0	0	0	0	0	0	0	0	0	0	0	0	0	0	0	0	0	0	0	0	0	0	0	0	0	0	0	0	0	0	0	0	0	0	0	0	0	0
0	0	63	0	0	0	1	0	0	0	0	0	0	279	0	0	0	76	0	6	0	62	0	0	0	0	1	0	0	0	0	0	0	5	119	0	0	0	0	0	0	0	0	0	0	0	0	0	0	0	0	0	0	0	0	0	0	0	0	24	0	0	0	0	0	0	0	0	0	0	0	0	53	0	0
0	0	0	2	2	0	0	0	0	0	1	0	0	0	2	0	0	0	0	1	0	0	0	0	0	0	0	0	0	1	0	0	0	0	0	1	0	0	0	0	1	0	1	0	0	0	0	0	0	0	1	0	0	0	0	0	0	16	0	0	0	0	6	0	0	0	0	0	0	0	0	1	0	0	0
0	0	8	263	1	6	28	0	0	1	0	0	0	1	0	19	0	0	78	168	0	2	0	2	0	0	0	0	0	0	14	35	0	0	0	1	137	0	1	0	1	0	174	0	270	0	0	0	0	0	0	61	0	406	0	0	0	162	0	1	0	0	31	0	0	0	154	0	0	0	333	1	26	0	1
0	0	0	0	0	4	0	0	0	0	0	0	0	0	0	0	0	0	0	0	0	0	0	0	0	0	0	0	0	0	0	0	0	0	0	0	0	0	0	0	0	0	2	0	0	0	0	0	0	0	0	0	0	0	0	0	0	0	0	0	0	0	12	0	0	0	0	0	0	0	0	0	0	0	0
0	0	0	0	0	0	0	0	0	0	0	0	0	0	0	0	0	0	0	0	0	0	0	0	0	0	0	0	0	0	0	0	0	0	0	0	0	0	0	0	0	0	0	0	0	0	0	0	0	0	0	0	0	0	0	0	0	0	0	0	0	0	0	0	0	0	0	0	0	0	0	0	0	0	0
0	0	80	1	0	152	0	0	279	0	1	0	0	0	3	0	1	57	0	40	28	25	0	5	0	0	0	0	0	17	0	1	0	346	1810	25	0	0	1	0	409	0	1	0	1	2	128	0	0	0	21	0	0	0	0	13	0	19	2	48	0	1	3	0	1	0	0	2	2	0	22	129	150	0	0
0	0	19	95	4	16	0	0	0	2	0	0	0	3	0	0	0	0	0	2	0	1	0	10	0	0	1	0	0	0	0	48	0	2	1	2	34	0	108	0	1	0	74	0	94	2	1	0	0	0	0	0	0	0	0	0	33	14	0	7	0	152	567	0	21	0	7	0	0	0	0	0	64	0	0
0	0	0	59	0	0	0	0	0	0	19	0	0	0	0	0	0	0	0	16	0	0	0	0	0	0	0	0	0	0	0	0	0	0	0	0	115	0	0	0	0	0	34	0	0	0	0	0	0	0	0	0	0	0	0	0	0	31	0	0	0	0	0	0	0	0	74	0	0	0	0	0	0	0	0
0	0	0	0	0	0	0	0	0	0	0	0	0	1	0	0	0	0	0	0	0	0	0	0	0	0	0	0	0	0	0	0	0	0	8	0	0	0	0	0	0	0	0	0	0	0	0	0	0	0	0	0	0	0	0	0	0	0	0	0	0	0	0	0	0	0	0	0	0	0	0	0	0	0	0
0	3	19	0	0	0	553	0	76	0	0	0	0	57	0	0	0	0	0	85	0	664	56	0	45	0	430	0	0	41	0	5	0	234	161	59	0	0	17	0	347	0	0	0	1	2	13	0	0	0	0	0	30	61	0	53	24	2	150	41	0	0	1	0	0	0	0	97	132	0	4	29	53	0	35
0	0	1	1	0	1	26	0	0	0	78	0	0	0	0	0	0	0	0	0	0	0	0	0	0	0	0	0	0	0	0	2	0	0	0	0	3	0	13	0	0	0	2	0	46	0	25	0	0	0	433	1	0	35	0	0	0	3	0	0	0	0	12	0	0	0	1	0	0	0	1	1	1	0	4
0	3	1	0	0	0	26	0	6	1	168	0	0	40	2	16	0	85	0	0	24	100	24	4	0	0	73	0	0	25	7	19	0	16	119	16	0	0	4	0	14	0	76	0	4	3	0	0	0	0	0	2	0	28	0	2	26	216	18	270	0	0	0	0	0	0	0	36	126	0	6	28	1	0	492
0	0	0	0	0	0	5	0	0	0	0	0	0	28	0	0	0	0	0	24	0	0	0	0	0	0	1	0	0	10	0	0	0	1	155	10	0	0	0	0	35	0	0	0	0	2	0	0	0	0	0	2	0	3	0	0	0	11	0	13	0	0	0	0	0	0	0	32	0	0	39	23	0	0	0
0	3	1	1	0	1	301	0	62	0	2	0	0	25	1	0	0	664	0	100	0	0	10	1	4	0	441	0	0	13	2	0	0	466	84	41	0	0	2	0	396	0	1	0	10	1	23	0	0	0	0	0	0	41	0	43	14	11	135	8	0	2	4	0	2	0	0	12	45	0	4	152	6	0	0
0	111	4	0	0	0	64	0	0	0	0	0	0	0	0	0	0	56	0	24	0	10	0	0	0	0	80	0	0	0	0	20	0	0	79	0	0	0	0	0	0	0	0	0	0	60	0	0	0	0	0	0	264	0	0	0	0	0	0	8	0	0	0	0	0	0	0	0	0	0	0	0	4	0	54
0	0	4	0	0	0	0	0	0	0	2	0	0	5	10	0	0	0	0	4	0	1	0	0	0	0	0	0	0	0	0	0	0	0	4	0	0	0	0	0	0	0	0	0	0	0	0	0	0	0	0	0	3	0	0	0	70	1	0	0	0	0	0	0	0	0	0	0	0	0	0	0	4	0	0
0	93	1	0	0	0	2	0	0	0	0	0	0	0	0	0	0	45	0	0	0	4	0	0	0	504	1	0	0	0	3	0	0	0	0	0	0	0	0	0	0	0	0	0	0	0	0	0	0	0	0	0	427	0	0	0	109	0	0	0	0	0	0	0	0	0	0	0	0	0	0	0	1	0	0
0	0	0	0	0	0	0	0	0	0	0	0	0	0	0	0	0	0	0	0	0	0	0	0	504	0	0	0	0	0	0	0	0	0	0	0	0	0	0	0	0	0	0	0	0	0	0	0	0	0	0	0	0	0	0	0	0	0	0	0	0	0	0	0	0	0	0	0	0	0	0	0	0	0	0
0	2	0	0	0	0	364	0	1	0	0	0	0	0	1	0	0	430	0	73	1	441	80	0	1	0	0	0	0	24	1	4	0	292	42	62	0	0	3	0	254	0	0	0	1	1	5	0	0	0	0	0	11	57	0	104	2	15	145	0	0	0	1	0	0	0	0	161	72	0	9	132	4	0	3
0	0	0	0	0	0	0	0	0	0	0	0	0	0	0	0	0	0	0	0	0	0	0	0	0	0	0	0	0	0	22	0	0	0	0	0	0	0	0	0	0	0	0	0	0	0	0	0	0	0	0	0	0	0	0	0	0	0	0	0	0	0	0	0	0	0	0	0	0	0	0	0	0	0	0
0	0	0	0	0	0	0	0	0	0	0	0	0	0	0	0	0	0	0	0	0	0	0	0	0	0	0	0	0	0	0	0	0	0	0	0	0	0	0	0	0	0	0	0	0	0	0	0	0	0	0	0	0	0	0	0	0	0	0	0	0	0	0	0	0	0	0	0	0	0	0	0	0	0	0
0	20	2	0	0	0	32	0	0	1	0	0	0	17	0	0	0	41	0	25	10	13	0	0	0	0	24	0	0	0	2	0	0	15	37	8	0	0	1	0	15	0	0	0	0	4	0	0	0	0	0	0	0	0	0	0	0	17	9	220	0	0	0	0	0	0	0	2	5	0	1	2	2	0	0
0	0	10	0	0	0	0	0	0	0	14	0	0	0	0	0	0	0	0	7	0	2	0	0	3	0	1	22	0	2	0	11	0	0	8	6	567	0	0	0	0	0	0	0	6	0	0	0	0	0	0	0	1	9	0	1	0	0	0	0	0	0	1	0	0	0	669	10	4	0	0	0	42	0	1
0	0	13	0	0	0	2	0	0	0	35	0	0	1	48	0	0	5	2	19	0	0	20	0	0	0	4	0	0	0	11	0	0	0	8	0	0	0	0	0	0	0	0	0	0	4	0	0	0	0	0	31	0	20	0	21	0	118	0	2	0	0	0	0	0	0	0	46	2	0	0	0	13	0	139
0	0	0	0	3	0	0	0	0	0	0	0	0	0	0	0	0	0	0	0	0	0	0	0	0	0	0	0	0	0	0	0	0	0	0	0	0	0	0	0	0	0	0	0	0	0	0	0	0	0	0	0	0	0	0	0	0	0	0	0	0	0	0	0	0	0	0	0	0	0	0	0	0	0	0
0	0	4	0	0	0	124	0	5	0	0	0	0	346	2	0	0	234	0	16	1	466	0	0	0	0	292	0	0	15	0	0	0	0	59	17	0	0	2	0	21	0	0	0	0	2	3	0	0	0	0	0	0	0	0	4	0	1	7	8	0	0	4	0	0	0	0	0	3	0	0	11	2	0	3
0	0	81	0	1	1287	34	0	119	0	0	0	0	1810	1	0	8	161	0	119	155	84	79	4	0	0	42	0	0	37	8	8	0	59	0	124	0	0	4	0	1298	0	0	0	1	0	509	0	0	0	185	10	0	0	0	237	0	14	64	47	0	1	2	0	2	0	0	179	11	0	165	130	192	0	2
0	22	8	0	0	0	153	0	0	1	1	0	0	25	2	0	0	59	0	16	10	41	0	0	0	0	62	0	0	8	6	0	0	17	124	0	0	0	0	0	0	0	0	0	0	2	0	0	0	0	0	0	0	0	0	0	0	12	0	252	0	0	0	0	0	0	0	0	0	0	0	0	8	0	0
0	0	1	0	0	0	0	0	0	0	137	0	0	0	34	115	0	0	3	0	0	0	0	0	0	0	0	0	0	0	567	0	0	0	0	0	0	0	0	0	0	0	0	0	0	0	0	0	0	0	0	0	0	0	0	0	0	2	0	0	0	0	0	0	0	0	3	0	0	0	0	0	1	0	0
0	0	0	0	0	0	0	0	0	0	0	0	0	0	0	0	0	0	0	0	0	0	0	0	0	0	0	0	0	0	0	0	0	0	0	0	0	0	0	0	0	0	0	0	0	0	0	0	0	0	0	0	0	0	0	0	0	0	0	0	0	0	0	0	0	0	0	0	0	0	0	0	0	0	0
0	0	17	0	0	0	0	0	0	0	1	0	0	1	108	0	0	17	13	4	0	2	0	0	0	0	3	0	0	1	0	0	0	2	4	0	0	0	0	0	0	0	0	0	0	2	0	0	0	0	0	0	0	0	0	0	2	1	0	70	0	0	0	0	0	0	0	0	0	0	0	0	16	1	0
0	0	0	0	0	0	0	0	0	0	0	0	0	0	0	0	0	0	0	0	0	0	0	0	0	0	0	0	0	0	0	0	0	0	0	0	0	0	0	0	0	0	0	0	0	0	0	0	0	0	0	0	0	0	0	0	0	0	0	0	0	0	0	0	0	0	0	0	0	0	0	0	0	0	0
0	3	32	0	0	0	236	0	0	1	1	0	0	409	1	0	0	347	0	14	35	396	0	0	0	0	254	0	0	15	0	0	0	21	1298	0	0	0	0	0	0	0	0	0	0	5	0	0	0	0	0	0	0	0	0	0	1	5	0	54	0	0	0	0	0	0	0	0	0	0	0	0	12	0	2
0	0	0	0	0	0	0	0	0	0	0	0	0	0	0	0	0	0	0	0	0	0	0	0	0	0	0	0	0	0	0	0	0	0	0	0	0	0	0	0	0	0	0	0	0	0	0	0	0	0	0	0	0	0	0	0	0	0	0	0	0	0	0	0	0	0	0	0	0	0	0	0	0	0	0
0	0	40	0	0	0	0	0	0	1	174	2	0	1	74	34	0	0	2	76	0	1	0	0	0	0	0	0	0	0	0	0	0	0	0	0	0	0	0	0	0	0	0	0	0	0	0	0	0	0	0	0	0	0	0	0	0	6	0	142	0	0	0	0	0	0	0	0	0	0	0	0	40	1	0
0	0	0	0	0	0	0	0	0	0	0	0	0	0	0	0	0	0	0	0	0	0	0	0	0	0	0	0	0	0	0	0	0	0	0	0	0	0	0	0	0	0	0	0	0	0	0	0	0	0	0	0	0	0	0	0	0	0	0	0	0	0	0	0	0	0	0	0	0	0	0	0	0	0	0
0	0	28	0	0	0	12	0	0	0	270	0	0	1	94	0	0	1	46	4	0	10	0	0	0	0	1	0	0	0	6	0	0	0	1	0	0	0	0	0	0	0	0	0	0	0	0	0	0	0	0	3	0	0	0	0	0	70	0	0	0	0	0	0	0	0	2	0	0	0	0	0	28	0	194
0	0	0	2	0	0	116	0	0	0	0	0	0	2	2	0	0	2	0	3	2	1	60	0	0	0	1	0	0	4	0	4	0	2	0	2	0	0	2	0	5	0	0	0	0	0	3	0	0	0	0	42	11	102	0	102	1	37	1	0	0	0	2	0	0	0	0	10	13	0	2	4	0	0	12
0	0	57	0	0	0	0	0	0	0	0	0	0	128	1	0	0	13	25	0	0	23	0	0	0	0	5	0	0	0	0	0	0	3	509	0	0	0	0	0	0	0	0	0	0	3	0	0	0	0	0	0	0	0	0	0	0	0	0	0	0	0	0	0	0	0	0	0	0	0	0	0	46	0	0
0	0	0	0	0	0	0	0	0	0	0	0	0	0	0	0	0	0	0	0	0	0	0	0	0	0	0	0	0	0	0	0	0	0	0	0	0	0	0	0	0	0	0	0	0	0	0	0	0	0	0	0	0	0	0	0	0	0	0	0	0	0	0	0	0	0	0	0	0	0	0	0	0	0	0
0	0	0	0	0	0	0	0	0	0	0	0	0	0	0	0	0	0	0	0	0	0	0	0	0	0	0	0	0	0	0	0	0	0	0	0	0	0	0	0	0	0	0	0	0	0	0	0	0	0	0	0	0	0	0	0	0	0	0	0	0	0	0	0	0	0	0	0	0	0	0	0	0	0	0
0	0	0	0	0	0	0	0	0	0	0	0	0	0	0	0	0	0	0	0	0	0	0	0	0	0	0	0	0	0	0	0	0	0	0	0	0	0	0	0	0	0	0	0	0	0	0	0	0	0	0	0	0	0	0	0	0	0	0	0	0	0	0	0	0	0	0	0	0	0	0	0	0	0	0
0	0	8	0	0	0	0	0	0	1	0	0	0	21	0	0	0	0	433	0	0	0	0	0	0	0	0	0	0	0	0	0	0	0	185	0	0	0	0	0	0	0	0	0	0	0	0	0	0	0	0	0	0	0	0	0	0	3	0	0	0	0	0	0	0	0	0	0	0	0	0	0	8	0	0
0	0	0	0	0	0	58	0	0	0	61	0	0	0	0	0	0	0	1	2	2	0	0	0	0	0	0	0	0	0	0	31	0	0	10	0	0	0	0	0	0	0	0	0	3	42	0	0	0	0	0	0	1	54	0	5	0	15	0	0	0	0	0	0	0	0	0	0	0	0	0	0	0	0	131
0	1	0	0	0	0	0	0	0	0	0	0	0	0	0	0	0	30	0	0	0	0	264	3	427	0	11	0	0	0	1	0	0	0	0	0	0	0	0	0	0	0	0	0	0	11	0	0	0	0	0	1	0	0	0	231	5	0	0	1	0	0	0	0	0	0	0	1	193	0	0	0	1	0	0
0	1	1	0	0	0	169	0	0	0	406	0	0	0	0	0	0	61	35	28	3	41	0	0	0	0	57	0	0	0	9	20	0	0	0	0	0	0	0	0	0	0	0	0	0	102	0	0	0	0	0	54	0	0	0	0	0	219	0	0	0	0	0	0	0	0	0	0	0	0	2	0	1	0	440
0	0	0	0	0	0	0	0	0	0	0	0	0	0	0	0	0	0	0	0	0	0	0	0	0	0	0	0	0	0	0	0	0	0	0	0	0	0	0	0	0	0	0	0	0	0	0	0	0	0	0	0	0	0	0	0	0	0	0	0	0	0	0	0	0	0	0	0	0	0	0	0	0	0	0
0	87	4	0	0	0	93	0	0	0	0	0	0	13	0	0	0	53	0	2	0	43	0	0	0	0	104	0	0	0	1	21	0	4	237	0	0	0	0	0	0	0	0	0	0	102	0	0	0	0	0	5	231	0	0	0	62	0	0	0	0	0	0	0	0	0	0	0	0	0	0	0	4	0	2
0	0	2	0	0	0	5	0	0	0	0	0	0	0	33	0	0	24	0	26	0	14	0	70	109	0	2	0	0	0	0	0	0	0	0	0	0	0	2	0	1	0	0	0	0	1	0	0	0	0	0	0	5	0	0	62	0	70	0	0	0	0	0	0	0	0	0	0	11	0	25	0	2	0	0
0	0	9	72	0	0	60	0	0	16	162	0	0	19	14	31	0	2	3	216	11	11	0	1	0	0	15	0	0	17	0	118	0	1	14	12	2	0	1	0	5	0	6	0	70	37	0	0	0	0	3	15	0	219	0	0	70	0	7	63	0	2	5	0	0	0	3	8	2	0	180	6	10	0	68
0	13	2	0	0	0	182	0	0	0	0	0	0	2	0	0	0	150	0	18	0	135	0	0	0	0	145	0	0	9	0	0	0	7	64	0	0	0	0	0	0	0	0	0	0	1	0	0	0	0	0	0	0	0	0	0	0	7	0	222	0	0	0	0	0	0	0	0	0	0	0	0	2	0	59
0	0	48	8	0	0	0	0	24	0	1	0	0	48	7	0	0	41	0	270	13	8	8	0	0	0	0	0	0	220	0	2	0	8	47	252	0	0	70	0	54	0	142	0	0	0	0	0	0	0	0	0	1	0	0	0	0	63	222	0	0	22	2	0	0	0	0	376	20	0	212	16	76	6	22
0	0	0	0	0	0	0	0	0	0	0	0	0	0	0	0	0	0	0	0	0	0	0	0	0	0	0	0	0	0	0	0	0	0	0	0	0	0	0	0	0	0	0	0	0	0	0	0	0	0	0	0	0	0	0	0	0	0	0	0	0	0	0	0	0	0	0	0	0	0	0	0	0	0	0
0	0	8	0	0	0	0	0	0	0	0	0	0	1	152	0	0	0	0	0	0	2	0	0	0	0	0	0	0	0	0	0	0	0	1	0	0	0	0	0	0	0	0	0	0	0	0	0	0	0	0	0	0	0	0	0	0	2	0	22	0	0	0	0	0	0	0	0	0	0	0	0	8	7	0
0	0	73	0	0	0	0	0	0	6	31	12	0	3	567	0	0	1	12	0	0	4	0	0	0	0	1	0	0	0	1	0	0	4	2	0	0	0	0	0	0	0	0	0	0	2	0	0	0	0	0	0	0	0	0	0	0	5	0	2	0	0	0	0	0	0	0	0	0	0	0	0	73	0	1
0	0	0	0	0	0	0	0	0	0	0	0	0	0	0	0	0	0	0	0	0	0	0	0	0	0	0	0	0	0	0	0	0	0	0	0	0	0	0	0	0	0	0	0	0	0	0	0	0	0	0	0	0	0	0	0	0	0	0	0	0	0	0	0	0	0	0	0	0	0	0	0	0	0	0
0	0	54	0	0	0	0	0	0	0	0	0	0	1	21	0	0	0	0	0	0	2	0	0	0	0	0	0	0	0	0	0	0	0	2	0	0	0	0	0	0	0	0	0	0	0	0	0	0	0	0	0	0	0	0	0	0	0	0	0	0	0	0	0	0	0	0	0	0	0	0	0	49	0	0
0	0	0	0	0	0	0	0	0	0	0	0	0	0	0	0	0	0	0	0	0	0	0	0	0	0	0	0	0	0	0	0	0	0	0	0	0	0	0	0	0	0	0	0	0	0	0	0	0	0	0	0	0	0	0	0	0	0	0	0	0	0	0	0	0	0	0	0	0	0	0	0	0	0	0
0	0	1	19	2	0	0	0	0	0	154	0	0	0	7	74	0	0	1	0	0	0	0	0	0	0	0	0	0	0	669	0	0	0	0	0	3	0	0	0	0	0	0	0	2	0	0	0	0	0	0	0	0	0	0	0	0	3	0	0	0	0	0	0	0	0	0	0	0	0	0	0	1	0	0
0	10	3	0	0	0	104	0	0	0	0	0	0	2	0	0	0	97	0	36	32	12	0	0	0	0	161	0	0	2	10	46	0	0	179	0	0	0	0	0	0	0	0	0	0	10	0	0	0	0	0	0	1	0	0	0	0	8	0	376	0	0	0	0	0	0	0	0	0	0	0	0	3	0	67
0	97	30	0	0	0	49	0	0	0	0	0	0	2	0	0	0	132	0	126	0	45	0	0	0	0	72	0	0	5	4	2	0	3	11	0	0	0	0	0	0	0	0	0	0	13	0	0	0	0	0	0	193	0	0	0	11	2	0	20	0	0	0	0	0	0	0	0	0	0	0	0	30	0	341
0	0	0	0	0	0	0	0	0	0	0	0	0	0	0	0	0	0	0	0	0	0	0	0	0	0	0	0	0	0	0	0	0	0	0	0	0	0	0	0	0	0	0	0	0	0	0	0	0	0	0	0	0	0	0	0	0	0	0	0	0	0	0	0	0	0	0	0	0	0	0	0	0	0	0
0	0	3	0	0	0	43	0	0	0	333	0	0	22	0	0	0	4	1	6	39	4	0	0	0	0	9	0	0	1	0	0	0	0	165	0	0	0	0	0	0	0	0	0	0	2	0	0	0	0	0	0	0	2	0	0	25	180	0	212	0	0	0	0	0	0	0	0	0	0	0	0	2	0	10
0	0	34	0	0	0	27	0	0	1	1	0	0	129	0	0	0	29	1	28	23	152	0	0	0	0	132	0	0	2	0	0	0	11	130	0	0	0	0	0	0	0	0	0	0	4	0	0	0	0	0	0	0	0	0	0	0	6	0	16	0	0	0	0	0	0	0	0	0	0	0	0	29	0	0
0	0	9	5	0	71	1	0	53	0	26	0	0	150	64	0	0	53	1	1	0	6	4	4	1	0	4	0	0	2	42	13	0	2	192	8	1	0	16	0	12	0	40	0	28	0	46	0	0	0	8	0	1	1	0	4	2	10	2	76	0	8	73	0	49	0	1	3	30	0	2	29	0	0	35
0	0	0	0	0	0	5	0	0	0	0	0	0	0	0	0	0	0	0	0	0	0	0	0	0	0	0	0	0	0	0	0	0	0	0	0	0	0	1	0	0	0	1	0	0	0	0	0	0	0	0	0	0	0	0	0	0	0	0	6	0	7	0	0	0	0	0	0	0	0	0	0	0	0	0
0	0	14	3	0	0	96	0	0	0	1	0	0	0	0	0	0	35	4	492	0	0	54	0	0	0	3	0	0	0	1	139	0	3	2	0	0	0	0	0	2	0	0	0	194	12	0	0	0	0	0	131	0	440	0	2	0	68	59	22	0	0	1	0	0	0	0	67	341	0	10	0	35	0	0
