0	0	0	0	0	0	0	0	0	0	0	0	0	0	0	0	0	0	0	0	0	0	0	0	0	0	0	0	0	0	0	0	0	0	0	0	0	0	0	0	0	0	0	0	0	0	0	0	0	0	0	0	0	0	0	0	0	0	0	0	0	0	0	0	0	0	0	0	0	0	0	0	0	0	0
0	0	6	0	0	0	165	23	0	0	0	0	0	2	1	0	2	105	0	48	3	0	430	2	133	101	11	0	0	0	0	5	0	55	15	236	0	0	0	0	48	1	0	0	0	29	5	0	4	0	4	1	26	23	0	349	3	0	211	2	4	0	0	0	0	0	0	86	360	0	13	1	5	0	6
0	6	0	15	0	192	3	2	90	0	2	36	0	486	23	1	127	12	0	6	88	4	2	2	0	0	2	4	0	0	0	3	0	76	63	12	9	0	0	0	445	4	8	0	1	0	139	12	0	0	0	0	0	0	0	0	3	61	78	40	476	11	26	0	164	0	0	4	7	0	0	126	15	367	0
0	0	15	0	0	0	0	0	1	0	192	4	0	0	107	157	0	0	0	0	1	1	0	0	0	0	0	264	0	0	0	32	0	1	0	1	4	0	0	0	0	43	17	0	28	0	0	0	247	0	0	0	0	0	0	0	0	92	0	24	7	0	92	0	36	0	64	0	0	0	0	0	14	53	0
0	0	0	0	0	0	0	0	0	0	0	0	0	0	0	0	0	5	1	0	0	0	0	0	0	0	0	0	0	0	0	0	0	0	0	7	0	0	0	0	0	0	0	0	0	0	0	0	0	0	0	0	0	0	0	0	0	0	0	0	0	8	0	0	0	0	1	0	3	0	0	3	0	0	0
0	0	192	0	0	0	0	0	31	0	0	130	0	107	67	0	0	6	1	0	3	0	0	0	2	0	4	7	0	0	0	1	0	0	0	0	0	0	0	0	0	9	27	0	0	0	0	0	7	0	0	0	0	0	0	0	0	0	14	0	11	0	452	0	210	0	0	0	0	4	0	0	12	301	0
0	165	3	0	0	0	0	0	0	0	0	0	0	1	0	0	0	369	0	6	15	154	26	0	2	0	156	0	0	0	0	2	0	20	0	18	0	0	0	0	0	2	0	0	0	2	0	0	0	0	0	3	88	0	0	3	1	0	17	0	0	0	0	0	0	0	0	0	0	0	0	0	3	0	0
0	23	2	0	0	0	0	0	0	0	1	0	0	1	0	88	0	31	3	0	1	0	1	0	0	0	1	0	0	0	0	0	0	0	0	6	4	0	0	0	0	221	1	0	344	0	0	0	1	0	0	0	0	0	0	0	0	2	0	0	0	0	0	0	0	0	2	0	0	0	0	0	2	1	0
0	0	90	1	0	31	0	0	0	0	0	0	0	230	2	0	0	319	0	24	179	177	0	0	0	0	5	9	0	0	0	0	0	315	2	21	0	0	0	0	535	0	0	0	0	0	1	0	0	0	0	0	0	0	0	0	39	1	53	144	536	0	0	0	5	0	0	0	0	0	15	9	13	0	0
0	0	0	0	0	0	0	0	0	0	0	0	0	0	0	0	0	0	1	0	0	0	0	0	0	0	0	0	0	0	0	0	0	0	0	0	0	0	0	0	0	0	0	0	0	0	0	0	0	0	2	0	0	0	0	0	0	0	0	0	0	0	0	0	0	0	0	0	0	0	0	0	0	0	0
0	0	2	192	0	0	0	1	0	0	0	0	0	0	0	305	34	0	47	111	231	0	0	0	0	0	0	3	0	0	0	70	0	0	0	0	174	0	0	0	0	19	193	0	326	0	1	8	501	0	0	15	0	241	0	0	0	295	4	3	0	0	2	0	0	0	219	0	4	0	228	0	6	13	0
0	0	36	4	0	130	0	0	0	0	0	0	0	0	157	0	0	0	0	0	75	0	0	0	0	0	0	0	0	0	0	0	0	0	82	0	12	0	0	0	0	0	60	0	0	0	0	0	0	0	0	0	0	0	0	0	0	24	0	0	0	122	148	0	18	0	54	0	0	12	0	0	20	153	0
0	0	0	0	0	0	0	0	0	0	0	0	0	0	0	0	0	0	0	0	0	0	0	0	0	0	0	0	0	0	0	0	0	0	0	0	0	0	0	0	0	0	0	0	0	0	0	0	0	0	0	0	0	0	0	0	0	0	0	0	0	0	0	0	0	0	0	0	0	0	0	0	0	0	0
0	2	486	0	0	107	1	1	230	0	0	0	0	0	2	0	30	60	0	47	36	7	1	0	0	0	0	0	0	0	0	1	0	114	23	16	0	0	0	0	258	1	1	0	0	0	117	2	0	0	0	0	0	0	0	1	5	2	38	27	216	0	5	0	3	0	0	2	0	0	10	66	6	9	1
0	1	23	107	0	67	0	0	2	0	0	157	0	2	0	31	2	0	0	0	1	0	0	0	0	0	1	21	0	0	0	8	0	1	0	0	13	0	0	0	0	8	191	0	2	13	0	106	1	0	0	0	0	0	0	2	25	8	1	16	0	200	830	0	55	0	15	0	0	0	0	1	68	60	0
0	0	1	157	0	0	0	88	0	0	305	0	0	0	31	0	1	1	52	65	0	0	1	0	0	0	1	78	0	0	0	2	0	0	0	0	268	0	0	0	0	244	407	0	565	0	0	3	557	0	0	0	0	5	0	0	0	213	2	1	1	0	37	0	0	0	311	0	2	0	70	0	6	2	0
0	2	127	0	0	0	0	0	0	0	34	0	0	30	2	1	0	1	2	0	1	0	0	0	0	0	0	0	0	0	0	27	0	0	0	0	0	0	0	0	0	0	2	0	0	0	0	0	10	0	0	11	0	0	0	1	0	0	3	0	0	0	91	0	88	0	0	0	0	0	0	0	7	42	0
0	105	12	0	5	6	369	31	319	0	0	0	0	60	0	1	1	0	0	45	8	213	30	3	6	3	225	0	0	0	0	6	0	257	99	35	1	0	0	0	516	2	30	0	0	48	15	1	1	0	0	4	186	74	0	69	5	5	53	9	30	12	69	0	0	0	0	164	65	0	0	10	6	13	5
0	0	0	0	1	1	0	3	0	1	47	0	0	0	0	52	2	0	0	3	0	0	0	0	0	0	0	0	0	0	0	8	0	1	0	0	9	0	0	0	0	11	23	0	83	0	0	1	18	0	350	4	0	58	0	0	0	9	3	1	0	1	11	0	2	0	0	1	0	0	0	0	1	13	3
0	48	6	0	0	0	6	0	24	0	111	0	0	47	0	65	0	45	3	0	210	72	32	0	4	0	15	0	0	0	0	27	0	51	0	39	0	0	0	0	6	5	0	0	24	0	0	0	44	0	0	9	0	10	0	2	10	138	53	22	64	0	0	0	0	0	0	0	4	0	4	1	1	0	2
0	3	88	1	0	3	15	1	179	0	231	75	0	36	1	0	1	8	0	210	0	176	10	140	186	52	11	1	0	0	0	25	0	125	28	35	0	0	0	0	227	2	6	0	0	26	37	1	158	0	0	20	6	123	0	79	266	355	62	56	150	7	30	0	0	0	14	15	16	0	209	21	5	0	40
0	0	4	1	0	0	154	0	177	0	0	0	0	7	0	0	0	213	0	72	176	0	4	0	0	0	112	0	0	0	0	0	0	180	26	31	2	0	0	0	161	0	0	0	0	22	4	0	0	0	0	1	0	4	0	14	22	0	4	0	0	0	0	0	0	0	0	2	51	0	0	0	4	0	2
0	430	2	0	0	0	26	1	0	0	0	0	0	1	0	1	0	30	0	32	10	4	0	7	337	124	19	0	0	0	0	25	0	24	3	212	1	0	0	0	8	1	0	0	1	0	18	1	2	0	0	19	6	62	0	422	8	0	296	41	49	0	0	0	0	0	0	242	234	0	15	0	5	0	20
0	2	2	0	0	0	0	0	0	0	0	0	0	0	0	0	0	3	0	0	140	0	7	0	344	8	1	0	0	0	0	0	0	1	0	0	0	0	0	0	0	0	0	0	0	0	0	0	0	0	0	0	0	0	0	212	133	11	2	2	15	0	0	0	0	0	0	0	0	0	0	0	0	19	0
0	133	0	0	0	2	2	0	0	0	0	0	0	0	0	0	0	6	0	4	186	0	337	344	0	562	0	0	0	0	0	35	0	6	14	34	0	0	0	0	2	0	0	0	0	0	0	0	0	0	0	0	0	60	0	322	315	20	37	0	0	0	0	0	0	0	0	0	308	0	0	0	0	0	0
0	101	0	0	0	0	0	0	0	0	0	0	0	0	0	0	0	3	0	0	52	0	124	8	562	0	4	3	0	0	0	15	0	0	0	2	0	0	0	0	0	0	0	0	0	0	0	0	0	0	0	7	0	0	0	69	106	4	3	0	0	0	0	0	0	0	0	0	8	0	0	0	0	0	0
0	11	2	0	0	4	156	1	5	0	0	0	0	0	1	1	0	225	0	15	11	112	19	1	0	4	0	0	0	0	0	1	0	214	21	24	0	0	0	0	233	3	0	0	0	14	5	0	7	0	0	3	95	22	0	28	12	4	7	4	2	0	22	0	0	0	0	17	40	0	6	0	6	10	2
0	0	4	264	0	7	0	0	9	0	3	0	0	0	21	78	0	0	0	0	1	0	0	0	0	3	0	0	0	0	0	2	0	5	1	5	295	0	0	0	4	277	10	0	14	0	1	8	269	0	0	0	0	0	0	0	0	1	2	1	8	3	24	0	4	0	379	0	0	0	3	0	25	8	0
0	0	0	0	0	0	0	0	0	0	0	0	0	0	0	0	0	0	0	0	0	0	0	0	0	0	0	0	0	0	0	0	0	0	0	0	0	0	0	0	0	0	0	0	0	0	0	0	0	0	0	0	0	0	0	0	0	0	0	0	0	0	0	0	0	0	0	0	0	0	0	0	0	0	0
0	0	0	0	0	0	0	0	0	0	0	0	0	0	0	0	0	0	0	0	0	0	0	0	0	0	0	0	0	0	0	0	0	0	0	0	0	0	0	0	0	0	0	0	0	0	0	0	0	0	0	0	0	0	0	0	0	0	0	0	0	0	0	0	0	0	0	0	0	0	0	0	0	0	0
0	0	0	0	0	0	0	0	0	0	0	0	0	0	0	0	0	0	0	0	0	0	0	0	0	0	0	0	0	0	0	0	0	0	0	0	0	0	0	0	0	0	0	0	0	0	0	0	0	0	0	0	0	0	0	0	0	0	0	0	0	0	0	0	0	0	0	0	0	0	0	0	0	0	0
0	5	3	32	0	1	2	0	0	0	70	0	0	1	8	2	27	6	8	27	25	0	25	0	35	15	1	2	0	0	0	0	0	2	2	1	11	0	0	0	1	0	27	0	53	1	13	47	2	0	0	102	1	135	0	78	0	80	4	8	2	0	6	0	36	0	0	29	7	0	16	0	7	0	79
0	0	0	0	0	0	0	0	0	0	0	0	0	0	0	0	0	0	0	0	0	0	0	0	0	0	0	0	0	0	0	0	0	0	0	0	0	0	0	0	0	0	0	0	0	0	0	0	0	0	0	0	0	0	0	0	0	0	0	0	0	0	0	0	0	0	0	0	0	0	0	0	0	0	0
0	55	76	1	0	0	20	0	315	0	0	0	0	114	1	0	0	257	1	51	125	180	24	1	6	0	214	5	0	0	0	2	0	0	1	228	0	0	0	0	78	0	0	0	0	3	2	0	1	0	0	2	90	0	0	0	40	1	73	17	200	1	31	0	0	0	0	1	25	0	4	1	9	1	0
0	15	63	0	0	0	0	0	2	0	0	82	0	23	0	0	0	99	0	0	28	26	3	0	14	0	21	1	0	0	0	2	0	1	0	5	0	0	0	0	0	0	0	0	0	0	0	0	0	0	0	0	8	0	0	1	2	4	78	26	162	0	4	0	72	0	0	0	0	0	0	0	3	111	0
0	236	12	1	7	0	18	6	21	0	0	0	0	16	0	0	0	35	0	39	35	31	212	0	34	2	24	5	0	0	0	1	0	228	5	0	0	0	0	0	204	1	0	0	0	16	7	0	0	0	0	2	33	1	0	7	27	13	257	258	101	0	0	0	0	0	0	184	165	0	1	33	4	0	0
0	0	9	4	0	0	0	4	0	0	174	12	0	0	13	268	0	1	9	0	0	2	1	0	0	0	0	295	0	0	0	11	0	0	0	0	0	0	0	0	0	188	6	0	5	1	0	3	256	0	0	0	0	0	0	0	0	18	0	0	0	7	17	0	1	0	121	0	0	2	0	0	15	17	0
0	0	0	0	0	0	0	0	0	0	0	0	0	0	0	0	0	0	0	0	0	0	0	0	0	0	0	0	0	0	0	0	0	0	0	0	0	0	0	0	0	0	0	0	0	0	0	0	0	0	0	0	0	0	0	0	0	0	0	0	0	0	0	0	0	0	0	0	0	0	0	0	0	0	0
0	0	0	0	0	0	0	0	0	0	0	0	0	0	0	0	0	0	0	0	0	0	0	0	0	0	0	0	0	0	0	0	0	0	0	0	0	0	0	0	0	0	0	0	0	0	0	0	0	0	0	0	0	0	0	0	0	0	0	0	0	0	0	0	0	0	0	0	0	0	0	0	0	0	0
0	0	0	0	0	0	0	0	0	0	0	0	0	0	0	0	0	0	0	0	0	0	0	0	0	0	0	0	0	0	0	0	0	0	0	0	0	0	0	0	0	0	0	0	0	0	0	0	0	0	0	0	0	0	0	0	0	0	0	0	0	0	0	0	0	0	0	0	0	0	0	0	0	0	0
0	48	445	0	0	0	0	0	535	0	0	0	0	258	0	0	0	516	0	6	227	161	8	0	2	0	233	4	0	0	0	1	0	78	0	204	0	0	0	0	0	1	0	0	0	7	0	0	0	0	0	0	55	0	0	3	6	3	87	0	528	0	0	0	1	0	0	0	0	0	0	3	12	4	0
0	1	4	43	0	9	2	221	0	0	19	0	0	1	8	244	0	2	11	5	2	0	1	0	0	0	3	277	0	0	0	0	0	0	0	1	188	0	0	0	1	0	0	0	313	0	0	0	277	0	0	0	0	3	0	0	0	2	2	0	1	7	131	0	0	0	269	0	12	0	0	0	23	6	0
0	0	8	17	0	27	0	1	0	0	193	60	0	1	191	407	2	30	23	0	6	0	0	0	0	0	0	10	0	0	0	27	0	0	0	0	6	0	0	0	0	0	0	0	273	0	0	0	193	0	0	0	0	0	0	0	0	21	164	299	29	0	318	0	1	0	0	0	0	4	1	0	10	70	0
0	0	0	0	0	0	0	0	0	0	0	0	0	0	0	0	0	0	0	0	0	0	0	0	0	0	0	0	0	0	0	0	0	0	0	0	0	0	0	0	0	0	0	0	0	0	0	0	0	0	0	0	0	0	0	0	0	0	0	0	0	0	0	0	0	0	0	0	0	0	0	0	0	0	0
0	0	1	28	0	0	0	344	0	0	326	0	0	0	2	565	0	0	83	24	0	0	1	0	0	0	0	14	0	0	0	53	0	0	0	0	5	0	0	0	0	313	273	0	0	0	0	0	422	0	0	13	0	46	0	0	0	34	86	0	0	0	0	0	0	0	0	0	0	0	0	0	9	3	0
0	29	0	0	0	0	2	0	0	0	0	0	0	0	13	0	0	48	0	0	26	22	0	0	0	0	14	0	0	0	0	1	0	3	0	16	1	0	0	0	7	0	0	0	0	0	0	0	0	0	0	0	10	0	0	39	11	3	3	2	0	0	0	0	0	0	0	15	0	0	0	0	0	2	0
0	5	139	0	0	0	0	0	1	0	1	0	0	117	0	0	0	15	0	0	37	4	18	0	0	0	5	1	0	0	0	13	0	2	0	7	0	0	0	0	0	0	0	0	0	0	0	0	0	0	0	0	0	0	0	0	1	3	68	6	160	0	2	0	0	0	0	0	0	0	0	0	2	90	0
0	0	12	0	0	0	0	0	0	0	8	0	0	2	106	3	0	1	1	0	1	0	1	0	0	0	0	8	0	0	0	47	0	0	0	0	3	0	0	0	0	0	0	0	0	0	0	0	3	0	0	0	0	0	0	0	0	0	2	146	1	0	21	0	35	0	0	0	0	0	0	0	12	16	0
0	4	0	247	0	7	0	1	0	0	501	0	0	0	1	557	10	1	18	44	158	0	2	0	0	0	7	269	0	0	0	2	0	1	0	0	256	0	0	0	0	277	193	0	422	0	0	3	0	0	0	11	2	184	0	9	0	376	0	1	0	2	10	0	0	0	349	0	2	0	217	0	0	0	0
0	0	0	0	0	0	0	0	0	0	0	0	0	0	0	0	0	0	0	0	0	0	0	0	0	0	0	0	0	0	0	0	0	0	0	0	0	0	0	0	0	0	0	0	0	0	0	0	0	0	0	0	0	0	0	0	0	0	0	0	0	0	0	0	0	0	0	0	0	0	0	0	0	0	0
0	4	0	0	0	0	0	0	0	2	0	0	0	0	0	0	0	0	350	0	0	0	0	0	0	0	0	0	0	0	0	0	0	0	0	0	0	0	0	0	0	0	0	0	0	0	0	0	0	0	0	0	0	0	0	0	0	0	1	0	0	0	0	0	0	0	0	0	0	0	0	0	0	0	0
0	1	0	0	0	0	3	0	0	0	15	0	0	0	0	0	11	4	4	9	20	1	19	0	0	7	3	0	0	0	0	102	0	2	0	2	0	0	0	0	0	0	0	0	13	0	0	0	11	0	0	0	0	13	0	0	0	4	0	0	2	0	0	0	0	0	0	4	0	0	0	1	0	0	9
0	26	0	0	0	0	88	0	0	0	0	0	0	0	0	0	0	186	0	0	6	0	6	0	0	0	95	0	0	0	0	1	0	90	8	33	0	0	0	0	55	0	0	0	0	10	0	0	2	0	0	0	0	12	0	9	1	2	23	2	0	1	0	0	0	0	0	103	5	0	1	0	0	0	0
0	23	0	0	0	0	0	0	0	0	241	0	0	0	0	5	0	74	58	10	123	4	62	0	60	0	22	0	0	0	0	135	0	0	0	1	0	0	0	0	0	3	0	0	46	0	0	0	184	0	0	13	12	0	0	69	0	201	25	0	0	0	2	0	0	0	0	0	0	0	4	0	0	1	0
0	0	0	0	0	0	0	0	0	0	0	0	0	0	0	0	0	0	0	0	0	0	0	0	0	0	0	0	0	0	0	0	0	0	0	0	0	0	0	0	0	0	0	0	0	0	0	0	0	0	0	0	0	0	0	0	0	0	0	0	0	0	0	0	0	0	0	0	0	0	0	0	0	0	0
0	349	0	0	0	0	3	0	0	0	0	0	0	1	2	0	1	69	0	2	79	14	422	212	322	69	28	0	0	0	0	78	0	0	1	7	0	0	0	0	3	0	0	0	0	39	0	0	9	0	0	0	9	69	0	0	274	1	9	0	2	0	13	0	1	0	0	3	262	0	0	0	2	18	0
0	3	3	0	0	0	1	0	39	0	0	0	0	5	25	0	0	5	0	10	266	22	8	133	315	106	12	0	0	0	0	0	0	40	2	27	0	0	0	0	6	0	0	0	0	11	1	0	0	0	0	0	1	0	0	274	0	173	0	42	50	1	0	0	1	0	0	0	9	0	63	0	0	1	0
0	0	61	92	0	0	0	2	1	0	295	24	0	2	8	213	0	5	9	138	355	0	0	11	20	4	4	1	0	0	0	80	0	1	4	13	18	0	0	0	3	2	21	0	34	3	3	0	376	0	0	4	2	201	0	1	173	0	82	172	106	0	74	0	1	0	96	7	9	0	130	0	13	60	29
0	211	78	0	0	14	17	0	53	0	4	0	0	38	1	2	3	53	3	53	62	4	296	2	37	3	7	2	0	0	0	4	0	73	78	257	0	0	0	0	87	2	164	0	86	3	68	2	0	0	1	0	23	25	0	9	0	82	0	456	396	5	26	0	0	0	0	267	194	0	43	85	7	27	116
0	2	40	24	0	0	0	0	144	0	3	0	0	27	16	1	0	9	1	22	56	0	41	2	0	0	4	1	0	0	0	8	0	17	26	258	0	0	0	0	0	0	299	0	0	2	6	146	1	0	0	0	2	0	0	0	42	172	456	0	765	4	52	0	0	0	0	264	0	0	216	2	5	4	0
0	4	476	7	0	11	0	0	536	0	0	0	0	216	0	1	0	30	0	64	150	0	49	15	0	0	2	8	0	0	0	2	0	200	162	101	0	0	0	0	528	1	29	0	0	0	160	1	0	0	0	2	0	0	0	2	50	106	396	765	0	0	0	0	143	0	0	188	63	0	87	119	16	0	0
0	0	11	0	8	0	0	0	0	0	0	122	0	0	200	0	0	12	1	0	7	0	0	0	0	0	0	3	0	0	0	0	0	1	0	0	7	0	0	0	0	7	0	0	0	0	0	0	2	0	0	0	1	0	0	0	1	0	5	4	0	0	226	0	0	0	0	0	0	0	0	0	11	54	0
0	0	26	92	0	452	0	0	0	0	2	148	0	5	830	37	91	69	11	0	30	0	0	0	0	0	22	24	0	0	0	6	0	31	4	0	17	0	0	0	0	131	318	0	0	0	2	21	10	0	0	0	0	2	0	13	0	74	26	52	0	226	0	0	7	0	1	1	20	0	0	0	138	257	4
0	0	0	0	0	0	0	0	0	0	0	0	0	0	0	0	0	0	0	0	0	0	0	0	0	0	0	0	0	0	0	0	0	0	0	0	0	0	0	0	0	0	0	0	0	0	0	0	0	0	0	0	0	0	0	0	0	0	0	0	0	0	0	0	0	0	0	0	0	0	0	0	0	0	0
0	0	164	36	0	210	0	0	5	0	0	18	0	3	55	0	88	0	2	0	0	0	0	0	0	0	0	4	0	0	0	36	0	0	72	0	1	0	0	0	1	0	1	0	0	0	0	35	0	0	0	0	0	0	0	1	1	1	0	0	143	0	7	0	0	0	0	0	4	5	0	0	23	295	0
0	0	0	0	0	0	0	0	0	0	0	0	0	0	0	0	0	0	0	0	0	0	0	0	0	0	0	0	0	0	0	0	0	0	0	0	0	0	0	0	0	0	0	0	0	0	0	0	0	0	0	0	0	0	0	0	0	0	0	0	0	0	0	0	0	0	0	0	0	0	0	0	0	0	0
0	0	0	64	1	0	0	2	0	0	219	54	0	0	15	311	0	0	0	0	14	0	0	0	0	0	0	379	0	0	0	0	0	0	0	0	121	0	0	0	0	269	0	0	0	0	0	0	349	0	0	0	0	0	0	0	0	96	0	0	0	0	1	0	0	0	0	0	0	0	0	0	3	0	0
0	86	4	0	0	0	0	0	0	0	0	0	0	2	0	0	0	164	1	0	15	2	242	0	0	0	17	0	0	0	0	29	0	1	0	184	0	0	0	0	0	0	0	0	0	15	0	0	0	0	0	4	103	0	0	3	0	7	267	264	188	0	1	0	0	0	0	0	0	0	0	2	4	0	0
0	360	7	0	3	0	0	0	0	0	4	0	0	0	0	2	0	65	0	4	16	51	234	0	308	8	40	0	0	0	0	7	0	25	0	165	0	0	0	0	0	12	0	0	0	0	0	0	2	0	0	0	5	0	0	262	9	9	194	0	63	0	20	0	4	0	0	0	0	0	0	0	0	4	0
0	0	0	0	0	4	0	0	0	0	0	12	0	0	0	0	0	0	0	0	0	0	0	0	0	0	0	0	0	0	0	0	0	0	0	0	2	0	0	0	0	0	4	0	0	0	0	0	0	0	0	0	0	0	0	0	0	0	0	0	0	0	0	0	5	0	0	0	0	0	0	0	0	4	0
0	13	0	0	0	0	0	0	15	0	228	0	0	10	0	70	0	0	0	4	209	0	15	0	0	0	6	3	0	0	0	16	0	4	0	1	0	0	0	0	0	0	1	0	0	0	0	0	217	0	0	0	1	4	0	0	63	130	43	216	87	0	0	0	0	0	0	0	0	0	0	0	0	0	0
0	1	126	0	3	0	0	0	9	0	0	0	0	66	1	0	0	10	0	1	21	0	0	0	0	0	0	0	0	0	0	0	0	1	0	33	0	0	0	0	3	0	0	0	0	0	0	0	0	0	0	1	0	0	0	0	0	0	85	2	119	0	0	0	0	0	0	2	0	0	0	0	8	0	0
0	5	15	14	0	12	3	2	13	0	6	20	0	6	68	6	7	6	1	1	5	4	5	0	0	0	6	25	0	0	0	7	0	9	3	4	15	0	0	0	12	23	10	0	9	0	2	12	0	0	0	0	0	0	0	2	0	13	7	5	16	11	138	0	23	0	3	4	0	0	0	8	0	68	0
0	0	367	53	0	301	0	1	0	0	13	153	0	9	60	2	42	13	13	0	0	0	0	19	0	0	10	8	0	0	0	0	0	1	111	0	17	0	0	0	4	6	70	0	3	2	90	16	0	0	0	0	0	1	0	18	1	60	27	4	0	54	257	0	295	0	0	0	4	4	0	0	68	0	5
0	6	0	0	0	0	0	0	0	0	0	0	0	1	0	0	0	5	3	2	40	2	20	0	0	0	2	0	0	0	0	79	0	0	0	0	0	0	0	0	0	0	0	0	0	0	0	0	0	0	0	9	0	0	0	0	0	29	116	0	0	0	4	0	0	0	0	0	0	0	0	0	0	5	0
