0	0	0	0	0	0	0	0	0	0	0	0	0	0	0	0	0	0	0	0	0	0	0	0	0	0	0	0	0	0	0	0	0	0	0	0	0	0	0	0	0	0	0	0	0	0	0	0	0	0	0	0	0	0	0	0	0	0	0	0	0	0	0	0	0	0	0	0	0	0	0	0	0	0	0
0	0	0	0	0	0	0	0	0	0	9	0	0	0	2	0	0	3	0	0	0	0	121	0	0	0	5	0	0	219	0	4	0	2	2	0	0	0	0	0	0	2	0	0	0	0	1	0	0	0	2	0	0	0	0	107	0	0	6	0	0	0	0	0	0	0	0	1	99	0	0	0	0	0	2
0	0	0	0	0	0	0	0	3	0	0	0	0	1	2	0	0	2	6	2	0	0	0	0	0	0	0	0	0	3	0	0	0	4	0	2	0	0	8	0	1	0	0	0	0	0	0	0	0	0	0	0	0	0	0	0	0	0	4	1	0	6	0	0	0	0	1	1	0	0	2	0	0	0	0
0	0	0	0	0	0	0	0	0	0	218	0	0	0	196	37	0	0	0	2	2	0	0	0	0	0	0	0	0	0	0	0	24	0	0	0	0	0	0	0	0	0	0	0	0	0	52	0	24	0	0	0	0	0	0	0	0	86	1	0	0	0	0	0	0	0	26	0	0	5	0	0	0	0	0
0	0	0	0	0	0	0	0	0	0	5	0	0	0	0	1	0	0	0	0	0	0	0	0	0	0	0	0	0	0	0	0	0	0	3	0	0	0	0	0	0	0	0	0	0	0	0	0	0	0	0	0	0	0	0	0	0	0	0	0	0	0	0	0	0	0	83	0	0	0	0	0	0	0	0
0	0	0	0	0	0	0	0	0	0	3	4	0	78	90	1	0	0	0	0	0	0	0	0	0	0	0	0	0	0	0	0	82	2	57	0	0	0	0	0	0	0	0	0	0	0	34	0	7	0	0	0	0	0	0	0	0	0	2	2	0	0	0	0	0	0	0	0	0	0	0	0	0	0	0
0	0	0	0	0	0	0	0	0	0	0	0	0	0	0	0	0	0	0	0	0	0	0	0	0	0	0	0	0	0	0	0	0	0	0	0	0	0	0	0	0	0	0	0	0	0	0	0	0	0	0	0	0	0	0	0	0	0	0	0	0	0	0	0	0	0	0	0	0	0	0	0	0	0	0
0	0	0	0	0	0	0	0	0	0	0	0	0	0	0	0	0	0	0	0	0	0	0	0	0	0	0	0	0	0	0	0	0	0	0	0	0	0	0	0	0	0	0	0	0	0	0	0	0	0	0	0	0	0	0	0	0	0	0	0	0	0	0	0	0	0	0	0	0	0	0	0	0	0	0
0	0	3	0	0	0	0	0	0	0	1	0	0	267	3	1	0	61	0	2	65	0	0	0	0	0	16	0	0	10	0	0	37	23	304	0	0	0	0	0	0	0	0	0	0	0	3	0	0	0	0	0	0	0	0	0	1	0	3	16	0	0	0	0	0	0	0	0	0	0	0	3	3	0	0
0	0	0	0	0	0	0	0	0	0	0	0	0	12	0	0	0	0	1	17	0	0	0	0	0	0	0	0	0	13	0	0	0	0	0	0	0	0	0	0	0	0	0	0	0	0	0	0	0	0	3	0	0	0	0	0	0	0	0	0	0	0	0	0	0	0	0	0	0	0	0	0	0	0	0
0	9	0	218	5	3	0	0	1	0	0	0	0	2	17	260	0	7	32	121	77	0	0	1	0	0	0	0	0	4	7	25	0	4	14	4	58	0	1	0	0	121	98	0	539	13	27	0	59	0	5	2	0	377	0	10	0	327	26	38	0	44	43	0	0	0	190	8	12	0	238	27	18	0	0
0	0	0	0	0	4	0	0	0	0	0	0	0	0	0	0	0	0	0	0	0	0	0	0	0	0	0	0	0	0	0	0	0	0	0	0	0	0	0	0	0	0	0	0	0	0	0	0	0	0	0	0	0	0	0	0	0	0	0	0	0	6	18	0	0	0	0	0	0	0	0	0	4	0	0
0	0	0	0	0	0	0	0	0	0	0	0	0	0	0	0	0	0	0	0	0	0	0	0	0	0	0	0	0	0	0	0	0	0	0	0	0	0	0	0	0	0	0	0	0	0	0	0	0	0	0	0	0	0	0	0	0	0	0	0	0	0	0	0	0	0	0	0	0	0	0	0	0	0	0
0	0	1	0	0	78	0	0	267	12	2	0	0	0	2	2	0	12	3	193	22	65	0	2	0	0	9	0	0	12	0	0	0	302	674	4	0	0	2	0	6	32	4	0	1	4	142	0	9	0	0	0	0	0	0	3	3	0	16	7	0	4	4	0	14	0	0	3	2	0	34	40	131	0	15
0	2	2	196	0	90	0	0	3	0	17	0	0	2	0	1	0	1	19	1	1	3	0	0	0	2	0	0	0	4	0	0	43	8	19	2	3	0	53	0	0	0	6	0	0	0	43	0	1	0	4	0	0	0	0	1	49	0	11	12	1	460	405	0	59	0	9	0	1	2	5	0	105	10	1
0	0	0	37	1	1	0	0	1	0	260	0	0	2	1	0	0	2	7	86	0	1	0	0	0	0	0	0	0	4	0	3	0	2	0	1	25	0	0	0	0	0	96	0	450	0	0	0	3	0	0	0	0	0	0	2	0	51	2	29	0	2	1	0	0	0	45	2	23	0	49	1	0	0	1
0	0	0	0	0	0	0	0	0	0	0	0	0	0	0	0	0	0	0	0	0	0	0	0	0	0	0	0	0	0	0	0	0	0	0	0	0	0	0	0	0	0	0	0	0	0	2	0	0	0	0	0	0	0	0	0	0	0	0	0	0	0	0	0	0	0	0	0	0	0	0	0	0	0	0
0	3	2	0	0	0	0	0	61	0	7	0	0	12	1	2	0	0	7	40	15	173	50	0	0	25	172	0	0	27	0	100	0	151	35	11	0	0	2	0	6	7	4	0	0	19	29	0	0	0	0	0	0	10	0	84	2	0	125	0	0	18	1	0	0	0	7	113	168	0	2	21	25	0	3
0	0	6	0	0	0	0	0	0	1	32	0	0	3	19	7	0	7	0	0	2	0	0	0	0	0	0	0	0	0	0	0	0	0	2	0	0	0	0	0	0	0	0	0	14	0	15	0	12	0	0	0	0	0	0	0	0	0	4	0	0	0	0	0	0	0	0	0	0	0	0	0	6	0	1
0	0	2	2	0	0	0	0	2	17	121	0	0	193	1	86	0	40	0	0	99	0	2	0	0	0	46	0	0	165	0	4	0	10	255	11	0	0	0	0	0	0	0	0	8	0	67	0	5	0	0	0	0	2	0	0	3	137	166	58	0	0	0	0	0	0	0	18	0	0	4	4	2	0	187
0	0	0	2	0	0	0	0	65	0	77	0	0	22	1	0	0	15	2	99	0	38	2	0	0	81	41	0	0	8	0	93	0	77	17	13	0	0	0	0	0	4	1	0	2	40	45	0	18	0	0	12	0	249	0	191	200	196	14	12	0	22	35	0	0	0	20	8	45	0	103	168	35	0	15
0	0	0	0	0	0	0	0	0	0	0	0	0	65	3	1	0	173	0	0	38	0	0	0	0	0	310	0	0	4	0	12	0	12	250	1	0	0	0	0	0	0	0	0	0	0	6	0	0	0	0	0	0	0	0	0	4	0	15	2	0	0	0	0	0	0	0	0	0	0	0	2	0	0	3
0	121	0	0	0	0	0	0	0	0	0	0	0	0	0	0	0	50	0	2	2	0	0	0	0	0	21	0	0	76	0	56	0	1	1	0	0	0	0	0	0	0	0	0	2	0	0	0	0	0	0	0	0	0	0	0	0	0	57	0	0	0	0	0	0	0	0	0	0	0	0	0	0	0	5
0	0	0	0	0	0	0	0	0	0	1	0	0	2	0	0	0	0	0	0	0	0	0	0	0	0	0	0	0	0	0	0	0	0	0	0	0	0	0	0	0	0	0	0	0	0	6	0	0	0	0	0	0	0	0	0	1	0	0	0	0	0	0	0	0	0	0	0	0	0	0	0	0	0	2
0	0	0	0	0	0	0	0	0	0	0	0	0	0	0	0	0	0	0	0	0	0	0	0	0	0	0	0	0	0	0	0	0	0	0	0	0	0	0	0	0	0	0	0	0	0	0	0	0	0	0	0	0	0	0	0	0	0	0	0	0	0	0	0	0	0	0	0	0	0	0	0	0	0	0
0	0	0	0	0	0	0	0	0	0	0	0	0	0	2	0	0	25	0	0	81	0	0	0	0	0	1	0	0	0	0	0	0	0	0	0	0	0	0	0	0	0	0	0	0	0	1	0	0	0	0	0	0	0	0	0	0	11	0	0	0	0	0	0	0	0	0	0	0	0	0	0	0	0	0
0	5	0	0	0	0	0	0	16	0	0	0	0	9	0	0	0	172	0	46	41	310	21	0	0	1	0	0	0	34	0	4	0	211	9	12	0	0	0	0	3	0	1	0	1	64	0	0	4	0	0	0	0	5	0	63	21	0	9	0	0	0	0	0	0	0	0	72	58	0	8	71	1	0	1
0	0	0	0	0	0	0	0	0	0	0	0	0	0	0	0	0	0	0	0	0	0	0	0	0	0	0	0	0	0	0	0	0	0	0	0	0	0	0	0	0	0	0	0	0	0	0	0	0	0	0	0	0	0	0	0	0	0	0	0	0	0	0	0	0	0	0	0	0	0	0	0	0	0	0
0	0	0	0	0	0	0	0	0	0	0	0	0	0	0	0	0	0	0	0	0	0	0	0	0	0	0	0	0	0	0	0	0	0	0	0	0	0	0	0	0	0	0	0	0	0	0	0	0	0	0	0	0	0	0	0	0	0	0	0	0	0	0	0	0	0	0	0	0	0	0	0	0	0	0
0	219	3	0	0	0	0	0	10	13	4	0	0	12	4	4	0	27	0	165	8	4	76	0	0	0	34	0	0	0	0	2	0	266	4	410	0	0	0	0	0	0	0	0	14	35	1	0	0	0	0	0	0	0	0	0	1	0	423	152	0	0	0	0	0	0	0	351	261	0	0	12	3	0	26
0	0	0	0	0	0	0	0	0	0	7	0	0	0	0	0	0	0	0	0	0	0	0	0	0	0	0	0	0	0	0	0	0	0	3	0	0	0	0	0	0	0	0	0	0	0	0	0	9	0	0	0	0	0	0	0	2	0	0	0	0	0	0	0	0	0	87	0	0	0	0	0	0	0	0
0	4	0	0	0	0	0	0	0	0	25	0	0	0	0	3	0	100	0	4	93	12	56	0	0	0	4	0	0	2	0	0	0	10	11	0	0	0	0	0	0	0	0	0	216	8	42	0	0	0	0	247	0	512	0	232	0	232	91	0	0	0	0	0	0	0	0	110	12	0	144	0	0	0	257
0	0	0	24	0	82	0	0	37	0	0	0	0	0	43	0	0	0	0	0	0	0	0	0	0	0	0	0	0	0	0	0	0	0	29	0	0	0	0	0	0	0	0	0	0	0	0	0	0	0	0	0	0	0	0	0	0	0	0	2	0	0	30	0	82	0	0	0	0	0	0	0	0	0	0
0	2	4	0	0	2	0	0	23	0	4	0	0	302	8	2	0	151	0	10	77	12	1	0	0	0	211	0	0	266	0	10	0	0	0	7	0	0	2	0	2	0	0	0	2	1	1	0	0	0	0	0	0	3	0	3	1	2	15	11	0	0	2	0	0	0	0	0	2	0	3	6	6	0	2
0	2	0	0	3	57	0	0	304	0	14	0	0	674	19	0	0	35	2	255	17	250	1	0	0	0	9	0	0	4	3	11	29	0	0	6	0	0	0	0	0	10	0	0	7	0	482	0	0	0	0	0	0	0	0	4	0	0	326	5	0	11	7	0	1	0	3	8	5	2	0	23	17	0	2
0	0	2	0	0	0	0	0	0	0	4	0	0	4	2	1	0	11	0	11	13	1	0	0	0	0	12	0	0	410	0	0	0	7	6	0	0	0	0	0	0	0	0	0	0	0	38	0	1	0	0	0	0	1	0	0	0	11	152	6	0	0	0	0	0	0	0	0	0	0	1	0	2	0	4
0	0	0	0	0	0	0	0	0	0	58	0	0	0	3	25	0	0	0	0	0	0	0	0	0	0	0	0	0	0	0	0	0	0	0	0	0	0	0	0	0	0	0	0	58	0	1	0	18	0	0	0	0	0	0	0	0	10	1	0	0	0	0	0	0	0	59	0	0	0	0	0	0	0	1
0	0	0	0	0	0	0	0	0	0	0	0	0	0	0	0	0	0	0	0	0	0	0	0	0	0	0	0	0	0	0	0	0	0	0	0	0	0	0	0	0	0	0	0	0	0	0	0	0	0	0	0	0	0	0	0	0	0	0	0	0	0	0	0	0	0	0	0	0	0	0	0	0	0	0
0	0	8	0	0	0	0	0	0	0	1	0	0	2	53	0	0	2	0	0	0	0	0	0	0	0	0	0	0	0	0	0	0	2	0	0	0	0	0	0	0	0	0	0	0	0	0	0	0	0	0	0	0	0	0	0	0	0	9	6	0	0	0	0	0	0	0	0	0	0	0	0	8	0	0
0	0	0	0	0	0	0	0	0	0	0	0	0	0	0	0	0	0	0	0	0	0	0	0	0	0	0	0	0	0	0	0	0	0	0	0	0	0	0	0	0	0	0	0	0	0	0	0	0	0	0	0	0	0	0	0	0	0	0	0	0	0	0	0	0	0	0	0	0	0	0	0	0	0	0
0	0	1	0	0	0	0	0	0	0	0	0	0	6	0	0	0	6	0	0	0	0	0	0	0	0	3	0	0	0	0	0	0	2	0	0	0	0	0	0	0	0	0	0	0	0	0	0	0	0	0	0	0	0	0	0	0	0	0	0	0	0	0	0	0	0	0	0	0	0	0	0	1	0	0
0	2	0	0	0	0	0	0	0	0	121	0	0	32	0	0	0	7	0	0	4	0	0	0	0	0	0	0	0	0	0	0	0	0	10	0	0	0	0	0	0	0	0	0	0	0	4	0	29	0	0	0	0	0	0	0	3	6	4	0	0	0	0	0	0	0	87	0	0	0	0	0	0	0	0
0	0	0	0	0	0	0	0	0	0	98	0	0	4	6	96	0	4	0	0	1	0	0	0	0	0	1	0	0	0	0	0	0	0	0	0	0	0	0	0	0	0	0	0	52	0	1	0	0	0	0	0	0	0	0	0	0	1	102	16	0	0	0	0	0	0	0	0	0	5	0	0	0	0	0
0	0	0	0	0	0	0	0	0	0	0	0	0	0	0	0	0	0	0	0	0	0	0	0	0	0	0	0	0	0	0	0	0	0	0	0	0	0	0	0	0	0	0	0	0	0	0	0	0	0	0	0	0	0	0	0	0	0	0	0	0	0	0	0	0	0	0	0	0	0	0	0	0	0	0
0	0	0	0	0	0	0	0	0	0	539	0	0	1	0	450	0	0	14	8	2	0	2	0	0	0	1	0	0	14	0	216	0	2	7	0	58	0	0	0	0	0	52	0	0	0	9	0	85	0	0	0	0	308	0	0	2	82	133	6	0	0	0	0	0	0	12	0	0	0	0	0	6	0	234
0	0	0	0	0	0	0	0	0	0	13	0	0	4	0	0	0	19	0	0	40	0	0	0	0	0	64	0	0	35	0	8	0	1	0	0	0	0	0	0	0	0	0	0	0	0	60	0	0	0	0	0	0	0	0	0	6	0	4	0	0	0	0	0	0	0	0	0	0	0	0	0	0	0	2
0	1	0	52	0	34	0	0	3	0	27	0	0	142	43	0	2	29	15	67	45	6	0	6	0	1	0	0	0	1	0	42	0	1	482	38	1	0	0	0	0	4	1	0	9	60	0	0	6	0	16	0	0	1	0	14	7	0	123	10	0	111	107	0	0	0	14	44	13	0	0	9	17	1	3
0	0	0	0	0	0	0	0	0	0	0	0	0	0	0	0	0	0	0	0	0	0	0	0	0	0	0	0	0	0	0	0	0	0	0	0	0	0	0	0	0	0	0	0	0	0	0	0	0	0	0	0	0	0	0	0	0	0	0	0	0	0	0	0	0	0	0	0	0	0	0	0	0	0	0
0	0	0	24	0	7	0	0	0	0	59	0	0	9	1	3	0	0	12	5	18	0	0	0	0	0	4	0	0	0	9	0	0	0	0	1	18	0	0	0	0	29	0	0	85	0	6	0	0	0	0	1	0	28	0	0	0	32	0	1	0	0	0	0	0	0	29	1	0	0	41	0	0	0	0
0	0	0	0	0	0	0	0	0	0	0	0	0	0	0	0	0	0	0	0	0	0	0	0	0	0	0	0	0	0	0	0	0	0	0	0	0	0	0	0	0	0	0	0	0	0	0	0	0	0	0	0	0	0	0	0	0	0	0	0	0	0	0	0	0	0	0	0	0	0	0	0	0	0	0
0	2	0	0	0	0	0	0	0	3	5	0	0	0	4	0	0	0	0	0	0	0	0	0	0	0	0	0	0	0	0	0	0	0	0	0	0	0	0	0	0	0	0	0	0	0	16	0	0	0	0	0	0	0	0	0	0	0	3	0	0	0	0	0	0	0	0	0	0	0	0	0	0	0	2
0	0	0	0	0	0	0	0	0	0	2	0	0	0	0	0	0	0	0	0	12	0	0	0	0	0	0	0	0	0	0	247	0	0	0	0	0	0	0	0	0	0	0	0	0	0	0	0	1	0	0	0	0	0	0	0	0	0	0	0	0	0	0	0	0	0	0	0	0	0	0	0	0	0	7
0	0	0	0	0	0	0	0	0	0	0	0	0	0	0	0	0	0	0	0	0	0	0	0	0	0	0	0	0	0	0	0	0	0	0	0	0	0	0	0	0	0	0	0	0	0	0	0	0	0	0	0	0	0	0	0	0	0	0	0	0	0	0	0	0	0	0	0	0	0	0	0	0	0	0
0	0	0	0	0	0	0	0	0	0	377	0	0	0	0	0	0	10	0	2	249	0	0	0	0	0	5	0	0	0	0	512	0	3	0	1	0	0	0	0	0	0	0	0	308	0	1	0	28	0	0	0	0	0	0	0	0	195	53	0	0	0	0	0	0	0	0	0	0	0	0	0	0	0	422
0	0	0	0	0	0	0	0	0	0	0	0	0	0	0	0	0	0	0	0	0	0	0	0	0	0	0	0	0	0	0	0	0	0	0	0	0	0	0	0	0	0	0	0	0	0	0	0	0	0	0	0	0	0	0	0	0	0	0	0	0	0	0	0	0	0	0	0	0	0	0	0	0	0	0
0	107	0	0	0	0	0	0	0	0	10	0	0	3	1	2	0	84	0	0	191	0	0	0	0	0	63	0	0	0	0	232	0	3	4	0	0	0	0	0	0	0	0	0	0	0	14	0	0	0	0	0	0	0	0	0	1	1	6	2	0	0	0	0	0	0	0	0	0	0	0	0	0	0	1
0	0	0	0	0	0	0	0	1	0	0	0	0	3	49	0	0	2	0	3	200	4	0	1	0	0	21	0	0	1	2	0	0	1	0	0	0	0	0	0	0	3	0	0	2	6	7	0	0	0	0	0	0	0	0	1	0	58	1	0	0	3	3	0	0	0	0	0	1	0	1	0	1	0	0
0	0	0	86	0	0	0	0	0	0	327	0	0	0	0	51	0	0	0	137	196	0	0	0	0	11	0	0	0	0	0	232	0	2	0	11	10	0	0	0	0	6	1	0	82	0	0	0	32	0	0	0	0	195	0	1	58	0	2	110	2	4	0	0	1	0	70	1	0	0	162	6	4	0	115
0	6	4	1	0	2	0	0	3	0	26	0	0	16	11	2	0	125	4	166	14	15	57	0	0	0	9	0	0	423	0	91	0	15	326	152	1	0	9	0	0	4	102	0	133	4	123	0	0	0	3	0	0	53	0	6	1	2	0	182	4	33	17	0	0	0	3	174	80	1	4	52	12	0	157
0	0	1	0	0	2	0	0	16	0	38	0	0	7	12	29	0	0	0	58	12	2	0	0	0	0	0	0	0	152	0	0	2	11	5	6	0	0	6	0	0	0	16	0	6	0	10	0	1	0	0	0	0	0	0	2	0	110	182	0	3	14	10	0	0	0	0	134	0	0	62	7	13	0	0
0	0	0	0	0	0	0	0	0	0	0	0	0	0	1	0	0	0	0	0	0	0	0	0	0	0	0	0	0	0	0	0	0	0	0	0	0	0	0	0	0	0	0	0	0	0	0	0	0	0	0	0	0	0	0	0	0	2	4	3	0	0	0	0	0	0	0	0	0	0	0	0	0	0	0
0	0	6	0	0	0	0	0	0	0	44	6	0	4	460	2	0	18	0	0	22	0	0	0	0	0	0	0	0	0	0	0	0	0	11	0	0	0	0	0	0	0	0	0	0	0	111	0	0	0	0	0	0	0	0	0	3	4	33	14	0	0	0	0	0	0	0	0	0	0	0	1	6	0	5
0	0	0	0	0	0	0	0	0	0	43	18	0	4	405	1	0	1	0	0	35	0	0	0	0	0	0	0	0	0	0	0	30	2	7	0	0	0	0	0	0	0	0	0	0	0	107	0	0	0	0	0	0	0	0	0	3	0	17	10	0	0	0	0	0	0	0	0	0	2	0	0	0	0	19
0	0	0	0	0	0	0	0	0	0	0	0	0	0	0	0	0	0	0	0	0	0	0	0	0	0	0	0	0	0	0	0	0	0	0	0	0	0	0	0	0	0	0	0	0	0	0	0	0	0	0	0	0	0	0	0	0	0	0	0	0	0	0	0	0	0	0	0	0	0	0	0	0	0	0
0	0	0	0	0	0	0	0	0	0	0	0	0	14	59	0	0	0	0	0	0	0	0	0	0	0	0	0	0	0	0	0	82	0	1	0	0	0	0	0	0	0	0	0	0	0	0	0	0	0	0	0	0	0	0	0	0	1	0	0	0	0	0	0	0	0	0	0	0	3	0	0	0	0	0
0	0	0	0	0	0	0	0	0	0	0	0	0	0	0	0	0	0	0	0	0	0	0	0	0	0	0	0	0	0	0	0	0	0	0	0	0	0	0	0	0	0	0	0	0	0	0	0	0	0	0	0	0	0	0	0	0	0	0	0	0	0	0	0	0	0	0	0	0	0	0	0	0	0	0
0	0	1	26	83	0	0	0	0	0	190	0	0	0	9	45	0	7	0	0	20	0	0	0	0	0	0	0	0	0	87	0	0	0	3	0	59	0	0	0	0	87	0	0	12	0	14	0	29	0	0	0	0	0	0	0	0	70	3	0	0	0	0	0	0	0	0	0	0	0	0	0	1	0	0
0	1	1	0	0	0	0	0	0	0	8	0	0	3	0	2	0	113	0	18	8	0	0	0	0	0	72	0	0	351	0	110	0	0	8	0	0	0	0	0	0	0	0	0	0	0	44	0	1	0	0	0	0	0	0	0	0	1	174	134	0	0	0	0	0	0	0	0	0	0	1	1	1	0	26
0	99	0	0	0	0	0	0	0	0	12	0	0	2	1	23	0	168	0	0	45	0	0	0	0	0	58	0	0	261	0	12	0	2	5	0	0	0	0	0	0	0	0	0	0	0	13	0	0	0	0	0	0	0	0	0	1	0	80	0	0	0	0	0	0	0	0	0	0	0	0	0	0	0	19
0	0	0	5	0	0	0	0	0	0	0	0	0	0	2	0	0	0	0	0	0	0	0	0	0	0	0	0	0	0	0	0	0	0	2	0	0	0	0	0	0	0	5	0	0	0	0	0	0	0	0	0	0	0	0	0	0	0	1	0	0	0	2	0	3	0	0	0	0	0	0	0	0	0	0
0	0	2	0	0	0	0	0	0	0	238	0	0	34	5	49	0	2	0	4	103	0	0	0	0	0	8	0	0	0	0	144	0	3	0	1	0	0	0	0	0	0	0	0	0	0	0	0	41	0	0	0	0	0	0	0	1	162	4	62	0	0	0	0	0	0	0	1	0	0	0	0	2	0	33
0	0	0	0	0	0	0	0	3	0	27	0	0	40	0	1	0	21	0	4	168	2	0	0	0	0	71	0	0	12	0	0	0	6	23	0	0	0	0	0	0	0	0	0	0	0	9	0	0	0	0	0	0	0	0	0	0	6	52	7	0	1	0	0	0	0	0	1	0	0	0	0	0	0	1
0	0	0	0	0	0	0	0	3	0	18	4	0	131	105	0	0	25	6	2	35	0	0	0	0	0	1	0	0	3	0	0	0	6	17	2	0	0	8	0	1	0	0	0	6	0	17	0	0	0	0	0	0	0	0	0	1	4	12	13	0	6	0	0	0	0	1	1	0	0	2	0	0	0	6
0	0	0	0	0	0	0	0	0	0	0	0	0	0	10	0	0	0	0	0	0	0	0	0	0	0	0	0	0	0	0	0	0	0	0	0	0	0	0	0	0	0	0	0	0	0	1	0	0	0	0	0	0	0	0	0	0	0	0	0	0	0	0	0	0	0	0	0	0	0	0	0	0	0	0
0	2	0	0	0	0	0	0	0	0	0	0	0	15	1	1	0	3	1	187	15	3	5	2	0	0	1	0	0	26	0	257	0	2	2	4	1	0	0	0	0	0	0	0	234	2	3	0	0	0	2	7	0	422	0	1	0	115	157	0	0	5	19	0	0	0	0	26	19	0	33	1	6	0	0
