0	0	0	0	0	0	0	0	0	0	0	0	0	0	0	0	0	0	0	0	0	0	0	0	0	0	0	0	0	0	0	0	0	0	0	0	0	0	0	0	0	0	0	0	0	0	0	0	0	0	0	0	0	0	0	0	0	0	0	0	0	0	0	0	0	0	0	0	0	0	0	0	0	0	0
0	0	0	0	0	0	0	0	0	0	0	0	0	0	0	0	0	0	0	9	1	0	125	0	0	3	5	0	0	0	0	0	0	7	1	2	0	0	0	72	0	0	0	1	0	0	0	0	0	0	0	0	123	0	0	0	0	0	2	0	0	0	0	0	0	0	0	6	0	0	0	0	0	0	0
0	0	0	0	0	0	0	0	0	0	0	0	0	0	0	0	0	0	0	0	0	0	0	0	0	0	0	0	0	0	0	0	0	0	0	0	0	0	0	0	0	0	0	0	0	0	0	0	0	0	0	0	0	0	0	0	0	0	0	0	0	0	0	0	0	0	0	0	0	0	0	0	0	0	0
0	0	0	0	0	0	0	0	0	0	52	6	0	0	14	4	0	0	0	0	0	0	0	0	0	0	0	1	1	0	0	0	0	0	0	11	0	0	0	0	0	9	0	0	0	0	1	0	58	0	0	0	0	0	0	0	0	70	0	0	0	0	0	2	2	0	0	0	0	0	0	0	0	0	0
0	0	0	0	0	0	0	0	0	0	2	0	0	0	0	1	0	0	0	0	0	0	0	0	0	0	0	8	0	0	0	0	0	0	0	0	0	0	0	0	0	4	0	0	0	0	0	0	130	0	0	0	0	0	0	0	0	0	0	0	0	0	0	0	0	0	0	0	0	0	0	0	0	0	0
0	0	0	0	0	0	0	0	0	0	0	654	0	60	0	2	0	0	1	0	0	1	0	0	0	0	0	0	72	0	0	0	0	0	75	0	0	0	0	0	0	0	0	0	0	0	8	0	29	0	0	0	0	0	0	0	0	2	0	0	0	0	12	0	327	0	0	0	0	0	0	0	0	0	0
0	0	0	0	0	0	0	0	0	0	0	0	0	0	0	0	0	0	0	0	0	0	0	0	0	0	0	0	0	0	0	0	0	0	0	0	0	0	0	0	0	0	0	0	0	0	0	0	0	0	0	0	0	0	0	0	0	0	0	0	0	0	0	0	0	0	0	0	0	0	0	0	0	0	0
0	0	0	0	0	0	0	0	0	0	0	0	0	1	0	0	0	0	0	0	0	0	0	0	0	0	0	0	0	0	0	0	0	0	0	0	0	0	0	0	0	3	0	0	0	0	0	0	3	0	0	0	0	0	0	0	0	0	0	0	0	0	0	6	0	0	0	0	0	0	0	0	0	0	0
0	0	0	0	0	0	0	0	0	0	0	0	0	114	0	0	0	0	0	0	0	38	0	0	0	0	0	0	72	0	0	0	0	9	1	0	0	0	0	7	0	0	0	0	0	0	29	0	0	0	0	0	0	0	0	0	0	0	0	6	0	0	0	0	40	0	0	0	0	0	0	0	0	0	0
0	0	0	0	0	0	0	0	0	0	0	0	0	0	0	0	0	0	0	0	0	0	0	0	0	0	0	0	0	0	0	0	0	0	0	2	0	0	0	0	0	0	0	0	0	0	0	0	0	0	0	0	0	0	0	0	0	0	0	0	0	0	0	0	0	0	0	0	0	0	0	0	0	0	0
0	0	0	52	2	0	0	0	0	0	0	6	0	0	0	115	0	0	8	124	75	0	1	0	0	0	0	0	0	0	0	24	0	0	1	0	68	0	0	1	0	12	1	7	113	9	1	1	201	0	0	2	0	93	4	0	0	183	5	0	1	1	14	0	0	0	57	0	0	1	10	1	0	0	0
0	0	0	6	0	654	0	0	0	0	6	0	0	0	262	0	2	0	6	0	0	3	0	0	0	0	0	2	31	0	0	0	0	0	34	29	4	0	4	0	0	0	128	14	4	0	0	0	1	0	0	0	0	0	0	0	0	14	2	0	0	478	418	0	381	0	2	0	0	124	0	2	0	0	0
0	0	0	0	0	0	0	0	0	0	0	0	0	0	0	0	0	0	0	0	0	0	0	0	0	0	0	0	0	0	0	0	0	0	0	0	0	0	0	0	0	0	0	0	0	0	0	0	0	0	0	0	0	0	0	0	0	0	0	0	0	0	0	0	0	0	0	0	0	0	0	0	0	0	0
0	0	0	0	0	60	0	1	114	0	0	0	0	0	0	0	1	3	0	5	7	0	0	2	0	0	0	0	230	4	0	0	0	12	151	25	0	0	0	44	0	0	1	8	0	0	71	0	1	0	0	0	0	0	0	0	1	21	1	0	48	4	1	0	130	0	0	0	0	0	7	130	0	0	0
0	0	0	14	0	0	0	0	0	0	0	262	0	0	0	0	0	1	0	0	0	1	0	0	0	0	0	2	0	0	0	0	0	0	0	1	1	0	7	0	0	3	2	1	3	0	1	1	28	0	0	0	0	0	0	0	0	0	0	0	0	37	27	0	0	0	0	0	0	0	0	1	0	0	0
0	0	0	4	1	2	0	0	0	0	115	0	0	0	0	0	0	0	0	25	3	0	0	1	0	0	0	0	0	0	0	0	0	0	0	2	6	0	1	0	0	0	2	4	12	0	3	0	246	0	1	0	0	0	0	0	0	76	0	1	0	2	2	0	0	0	1	0	0	1	0	0	0	0	0
0	0	0	0	0	0	0	0	0	0	0	2	0	1	0	0	0	0	0	0	0	0	0	0	0	0	0	0	0	0	0	0	0	0	0	0	0	0	0	0	0	0	0	0	0	0	0	0	1	0	0	0	0	0	0	0	0	0	0	0	0	0	0	0	1	0	0	0	0	0	0	0	0	0	0
0	0	0	0	0	0	0	0	0	0	0	0	0	3	1	0	0	0	0	0	0	153	2	0	0	3	6	0	0	0	0	0	0	3	4	0	0	0	0	95	0	0	0	0	0	0	1	0	0	0	0	0	2	0	0	0	0	0	0	0	0	0	0	0	0	0	0	0	0	0	0	0	0	0	0
0	0	0	0	0	1	0	0	0	0	8	6	0	0	0	0	0	0	0	0	0	0	0	0	0	0	0	0	0	0	0	0	0	1	0	0	0	0	1	0	0	2	2	1	6	0	0	0	43	0	6	0	0	0	0	0	0	1	2	0	0	1	2	0	0	0	0	0	0	5	0	0	0	0	0
0	9	0	0	0	0	0	0	0	0	124	0	0	5	0	25	0	0	0	0	142	0	76	4	0	0	0	0	0	12	0	36	0	3	0	13	0	3	2	7	0	0	0	145	120	0	43	6	81	0	0	8	0	114	28	4	20	150	109	118	2	0	0	0	0	0	0	0	0	0	78	42	0	0	0
0	1	0	0	0	0	0	0	0	0	75	0	0	7	0	3	0	0	0	142	0	3	2	13	4	24	1	0	0	5	0	148	0	4	1	5	0	1	0	15	0	0	0	12	0	7	1	0	22	0	0	1	1	16	1	8	28	151	1	1	3	0	0	0	0	0	0	0	0	0	29	5	0	0	0
0	0	0	0	0	1	0	0	38	0	0	3	0	0	1	0	0	153	0	0	3	0	0	5	0	3	4	0	0	0	0	0	0	43	120	3	0	0	0	294	0	4	0	0	0	0	4	0	3	0	0	0	0	0	0	3	0	1	1	0	0	0	0	0	1	0	1	0	0	0	2	62	0	0	0
0	125	0	0	0	0	0	0	0	0	1	0	0	0	0	0	0	2	0	76	2	0	0	0	4	96	2	0	0	68	0	289	0	2	0	75	0	0	0	2	0	0	0	0	0	49	2	0	0	0	0	1	214	9	0	193	33	0	154	0	5	1	0	0	0	0	0	123	0	0	0	32	0	0	0
0	0	0	0	0	0	0	0	0	0	0	0	0	2	0	1	0	0	0	4	13	5	0	0	0	0	0	0	1	0	0	0	0	4	0	0	0	0	0	0	0	0	0	0	0	0	9	0	0	0	0	0	0	0	0	0	0	0	0	0	0	0	0	0	0	0	0	0	0	0	0	2	0	0	0
0	0	0	0	0	0	0	0	0	0	0	0	0	0	0	0	0	0	0	0	4	0	4	0	0	88	0	0	0	4	0	0	0	0	0	4	0	0	0	0	0	0	0	0	0	2	0	0	0	0	0	0	4	0	0	0	4	0	2	0	0	0	0	0	0	0	0	0	0	0	0	0	0	0	0
0	3	0	0	0	0	0	0	0	0	0	0	0	0	0	0	0	3	0	0	24	3	96	0	88	0	1	3	0	3	0	42	0	0	0	7	0	0	0	0	0	1	0	0	1	16	0	0	0	0	0	0	8	9	0	3	21	1	3	0	0	0	0	0	0	0	0	0	0	0	0	0	0	0	0
0	5	0	0	0	0	0	0	0	0	0	0	0	0	0	0	0	6	0	0	1	4	2	0	0	1	0	1	1	3	0	0	0	1	0	1	0	0	0	3	0	0	0	0	0	0	0	0	0	0	0	0	0	0	0	1	0	0	3	0	0	0	0	0	0	0	0	2	0	0	0	1	0	0	0
0	0	0	1	8	0	0	0	0	0	0	2	0	0	2	0	0	0	0	0	0	0	0	0	0	3	1	0	0	0	0	0	0	0	0	4	3	0	1	0	0	0	2	0	2	0	0	2	80	0	0	0	0	0	0	0	0	0	0	0	0	0	0	16	1	0	5	0	0	1	0	0	0	0	0
0	0	0	1	0	72	0	0	72	0	0	31	0	230	0	0	0	0	0	0	0	0	0	1	0	0	1	0	0	0	0	0	0	21	86	1	0	0	0	0	0	0	0	0	0	0	77	0	0	0	0	0	0	0	1	0	2	1	0	134	46	0	0	0	393	0	0	0	0	0	0	16	0	0	0
0	0	0	0	0	0	0	0	0	0	0	0	0	4	0	0	0	0	0	12	5	0	68	0	4	3	3	0	0	0	0	0	0	8	0	103	0	0	0	14	0	5	0	0	0	0	0	0	0	0	0	0	0	0	0	0	0	1	103	24	0	0	0	0	0	0	0	2	0	0	0	1	0	0	0
0	0	0	0	0	0	0	0	0	0	0	0	0	0	0	0	0	0	0	0	0	0	0	0	0	0	0	0	0	0	0	0	0	0	0	0	0	0	0	0	0	0	0	0	0	0	0	0	0	0	0	0	0	0	0	0	0	0	0	0	0	0	0	0	0	0	0	0	0	0	0	0	0	0	0
0	0	0	0	0	0	0	0	0	0	24	0	0	0	0	0	0	0	0	36	148	0	289	0	0	42	0	0	0	0	0	0	0	0	6	0	0	0	0	1	0	0	0	0	82	226	0	0	4	0	0	82	0	132	2	90	0	209	9	0	0	0	0	0	0	0	0	89	0	0	0	0	0	0	0
0	0	0	0	0	0	0	0	0	0	0	0	0	0	0	0	0	0	0	0	0	0	0	0	0	0	0	0	0	0	0	0	0	0	0	0	0	0	0	0	0	0	0	0	0	0	0	0	0	0	0	0	0	0	0	0	0	0	0	0	0	0	0	0	0	0	0	0	0	0	0	0	0	0	0
0	7	0	0	0	0	0	0	9	0	0	0	0	12	0	0	0	3	1	3	4	43	2	4	0	0	1	0	21	8	0	0	0	0	0	10	0	0	5	42	0	0	0	1	0	0	0	0	0	0	0	0	0	0	0	2	0	4	5	1	3	0	0	0	0	0	0	0	0	0	0	13	0	0	0
0	1	0	0	0	75	0	0	1	0	1	34	0	151	0	0	0	4	0	0	1	120	0	0	0	0	0	0	86	0	0	6	0	0	0	1	0	0	0	49	0	0	0	0	0	0	172	0	1	0	0	0	0	0	0	1	0	0	86	0	0	0	0	0	24	0	0	0	0	0	0	15	0	0	0
0	2	0	11	0	0	0	0	0	2	0	29	0	25	1	2	0	0	0	13	5	3	75	0	4	7	1	4	1	103	0	0	0	10	1	0	0	0	0	8	0	0	1	98	2	0	11	0	0	0	0	1	0	1	1	0	18	18	176	9	1	0	1	0	0	0	0	77	0	0	0	23	0	0	0
0	0	0	0	0	0	0	0	0	0	68	4	0	0	1	6	0	0	0	0	0	0	0	0	0	0	0	3	0	0	0	0	0	0	0	0	0	0	0	4	0	0	1	0	0	0	0	0	187	0	0	0	0	0	0	0	0	8	0	0	0	0	2	22	0	0	0	0	0	0	0	0	0	0	0
0	0	0	0	0	0	0	0	0	0	0	0	0	0	0	0	0	0	0	3	1	0	0	0	0	0	0	0	0	0	0	0	0	0	0	0	0	0	0	0	0	0	0	0	1	0	0	0	0	0	0	0	0	0	0	0	0	0	1	2	2	0	0	0	0	0	0	3	0	0	0	2	0	0	0
0	0	0	0	0	0	0	0	0	0	0	4	0	0	7	1	0	0	1	2	0	0	0	0	0	0	0	1	0	0	0	0	0	5	0	0	0	0	0	0	0	0	0	0	0	0	1	0	0	0	0	0	0	0	0	0	0	2	0	4	0	0	0	0	0	0	0	0	0	0	0	0	0	0	0
0	72	0	0	0	0	0	0	7	0	1	0	0	44	0	0	0	95	0	7	15	294	2	0	0	0	3	0	0	14	0	1	0	42	49	8	4	0	0	0	0	0	0	0	0	0	25	0	0	0	0	0	0	0	0	3	0	0	9	0	0	0	0	0	0	0	0	2	0	0	0	0	0	0	0
0	0	0	0	0	0	0	0	0	0	0	0	0	0	0	0	0	0	0	0	0	0	0	0	0	0	0	0	0	0	0	0	0	0	0	0	0	0	0	0	0	0	0	0	0	0	0	0	0	0	0	0	0	0	0	0	0	0	0	0	0	0	0	0	0	0	0	0	0	0	0	0	0	0	0
0	0	0	9	4	0	0	3	0	0	12	0	0	0	3	0	0	0	2	0	0	4	0	0	0	1	0	0	0	5	0	0	0	0	0	0	0	0	0	0	0	0	18	0	19	0	10	0	55	0	0	0	0	0	0	0	0	23	3	0	0	3	26	2	0	0	0	0	0	0	0	13	0	0	0
0	0	0	0	0	0	0	0	0	0	1	128	0	1	2	2	0	0	2	0	0	0	0	0	0	0	0	2	0	0	0	0	0	0	0	1	1	0	0	0	0	18	0	0	0	0	0	0	27	0	0	0	0	0	0	0	0	0	10	0	0	0	0	20	4	0	1	0	0	0	0	0	0	0	0
0	1	0	0	0	0	0	0	0	0	7	14	0	8	1	4	0	0	1	145	12	0	0	0	0	0	0	0	0	0	0	0	0	1	0	98	0	0	0	0	0	0	0	0	1	0	89	0	4	0	0	0	0	0	0	0	0	116	128	164	2	0	0	0	0	0	0	7	0	0	0	4	0	0	0
0	0	0	0	0	0	0	0	0	0	113	4	0	0	3	12	0	0	6	120	0	0	0	0	0	1	0	2	0	0	0	82	0	0	0	2	0	1	0	0	0	19	0	1	0	0	21	0	275	0	0	1	0	0	0	0	0	86	109	18	0	2	0	0	0	0	0	0	0	0	0	0	0	0	0
0	0	0	0	0	0	0	0	0	0	9	0	0	0	0	0	0	0	0	0	7	0	49	0	2	16	0	0	0	0	0	226	0	0	0	0	0	0	0	0	0	0	0	0	0	0	0	0	0	0	0	1	2	0	0	0	0	28	0	0	0	0	0	0	0	0	0	0	0	0	0	0	0	0	0
0	0	0	1	0	8	0	0	29	0	1	0	0	71	1	3	0	1	0	43	1	4	2	9	0	0	0	0	77	0	0	0	0	0	172	11	0	0	1	25	0	10	0	89	21	0	0	0	6	0	0	0	0	0	0	0	0	22	162	16	77	1	0	0	80	0	0	92	0	0	13	99	0	0	0
0	0	0	0	0	0	0	0	0	0	1	0	0	0	1	0	0	0	0	6	0	0	0	0	0	0	0	2	0	0	0	0	0	0	0	0	0	0	0	0	0	0	0	0	0	0	0	0	8	0	0	0	0	0	0	0	0	1	0	106	0	0	4	0	0	0	0	0	0	0	0	0	0	0	0
0	0	0	58	130	29	0	3	0	0	201	1	0	1	28	246	1	0	43	81	22	3	0	0	0	0	0	80	0	0	0	4	0	0	1	0	187	0	0	0	0	55	27	4	275	0	6	8	0	0	3	0	0	16	5	0	1	136	2	0	0	32	97	12	2	0	183	0	0	59	1	29	0	0	0
0	0	0	0	0	0	0	0	0	0	0	0	0	0	0	0	0	0	0	0	0	0	0	0	0	0	0	0	0	0	0	0	0	0	0	0	0	0	0	0	0	0	0	0	0	0	0	0	0	0	0	0	0	0	0	0	0	0	0	0	0	0	0	0	0	0	0	0	0	0	0	0	0	0	0
0	0	0	0	0	0	0	0	0	0	0	0	0	0	0	1	0	0	6	0	0	0	0	0	0	0	0	0	0	0	0	0	0	0	0	0	0	0	0	0	0	0	0	0	0	0	0	0	3	0	0	0	0	0	0	0	0	0	0	0	0	0	2	0	0	0	0	0	0	0	0	0	0	0	0
0	0	0	0	0	0	0	0	0	0	2	0	0	0	0	0	0	0	0	8	1	0	1	0	0	0	0	0	0	0	0	82	0	0	0	1	0	0	0	0	0	0	0	0	1	1	0	0	0	0	0	0	0	3	0	1	0	18	0	0	0	0	0	0	0	0	0	0	0	0	0	0	0	0	0
0	123	0	0	0	0	0	0	0	0	0	0	0	0	0	0	0	2	0	0	1	0	214	0	4	8	0	0	0	0	0	0	0	0	0	0	0	0	0	0	0	0	0	0	0	2	0	0	0	0	0	0	0	0	0	220	0	0	0	0	0	0	0	0	0	0	0	0	0	0	0	0	0	0	0
0	0	0	0	0	0	0	0	0	0	93	0	0	0	0	0	0	0	0	114	16	0	9	0	0	9	0	0	0	0	0	132	0	0	0	1	0	0	0	0	0	0	0	0	0	0	0	0	16	0	0	3	0	0	0	0	0	128	9	0	0	0	0	0	0	0	0	0	0	0	5	0	0	0	0
0	0	0	0	0	0	0	0	0	0	4	0	0	0	0	0	0	0	0	28	1	0	0	0	0	0	0	0	1	0	0	2	0	0	0	1	0	0	0	0	0	0	0	0	0	0	0	0	5	0	0	0	0	0	0	0	0	11	0	0	0	0	0	0	0	0	0	0	0	0	0	0	0	0	0
0	0	0	0	0	0	0	0	0	0	0	0	0	0	0	0	0	0	0	4	8	3	193	0	0	3	1	0	0	0	0	90	0	2	1	0	0	0	0	3	0	0	0	0	0	0	0	0	0	0	0	1	220	0	0	0	1	0	0	0	0	0	0	0	0	0	0	0	0	0	0	0	0	0	0
0	0	0	0	0	0	0	0	0	0	0	0	0	1	0	0	0	0	0	20	28	0	33	0	4	21	0	0	2	0	0	0	0	0	0	18	0	0	0	0	0	0	0	0	0	0	0	0	1	0	0	0	0	0	0	1	0	20	0	0	0	0	0	0	0	0	0	0	0	0	16	2	0	0	0
0	0	0	70	0	2	0	0	0	0	183	14	0	21	0	76	0	0	1	150	151	1	0	0	0	1	0	0	1	1	0	209	0	4	0	18	8	0	2	0	0	23	0	116	86	28	22	1	136	0	0	18	0	128	11	0	20	0	10	76	3	0	11	0	0	0	6	7	0	2	104	5	0	0	0
0	2	0	0	0	0	0	0	0	0	5	2	0	1	0	0	0	0	2	109	1	1	154	0	2	3	3	0	0	103	0	9	0	5	86	176	0	1	0	9	0	3	10	128	109	0	162	0	2	0	0	0	0	9	0	0	0	10	0	217	63	1	0	0	0	0	0	129	0	0	0	121	0	0	0
0	0	0	0	0	0	0	0	6	0	0	0	0	0	0	1	0	0	0	118	1	0	0	0	0	0	0	0	134	24	0	0	0	1	0	9	0	2	4	0	0	0	0	164	18	0	16	106	0	0	0	0	0	0	0	0	0	76	217	0	154	0	0	0	0	0	0	98	0	0	50	111	0	0	0
0	0	0	0	0	0	0	0	0	0	1	0	0	48	0	0	0	0	0	2	3	0	5	0	0	0	0	0	46	0	0	0	0	3	0	1	0	2	0	0	0	0	0	2	0	0	77	0	0	0	0	0	0	0	0	0	0	3	63	154	0	0	0	0	0	0	0	0	0	0	0	2	0	0	0
0	0	0	0	0	0	0	0	0	0	1	478	0	4	37	2	0	0	1	0	0	0	1	0	0	0	0	0	0	0	0	0	0	0	0	0	0	0	0	0	0	3	0	0	2	0	1	0	32	0	0	0	0	0	0	0	0	0	1	0	0	0	35	0	0	0	0	0	0	0	0	0	0	0	0
0	0	0	0	0	12	0	0	0	0	14	418	0	1	27	2	0	0	2	0	0	0	0	0	0	0	0	0	0	0	0	0	0	0	0	1	2	0	0	0	0	26	0	0	0	0	0	4	97	0	2	0	0	0	0	0	0	11	0	0	0	35	0	0	0	0	0	0	0	0	0	0	0	0	0
0	0	0	2	0	0	0	6	0	0	0	0	0	0	0	0	0	0	0	0	0	0	0	0	0	0	0	16	0	0	0	0	0	0	0	0	22	0	0	0	0	2	20	0	0	0	0	0	12	0	0	0	0	0	0	0	0	0	0	0	0	0	0	0	0	0	20	0	0	0	0	0	0	0	0
0	0	0	2	0	327	0	0	40	0	0	381	0	130	0	0	1	0	0	0	0	1	0	0	0	0	0	1	393	0	0	0	0	0	24	0	0	0	0	0	0	0	4	0	0	0	80	0	2	0	0	0	0	0	0	0	0	0	0	0	0	0	0	0	0	0	0	0	0	34	0	0	0	0	0
0	0	0	0	0	0	0	0	0	0	0	0	0	0	0	0	0	0	0	0	0	0	0	0	0	0	0	0	0	0	0	0	0	0	0	0	0	0	0	0	0	0	0	0	0	0	0	0	0	0	0	0	0	0	0	0	0	0	0	0	0	0	0	0	0	0	0	0	0	0	0	0	0	0	0
0	0	0	0	0	0	0	0	0	0	57	2	0	0	0	1	0	0	0	0	0	1	0	0	0	0	0	5	0	0	0	0	0	0	0	0	0	0	0	0	0	0	1	0	0	0	0	0	183	0	0	0	0	0	0	0	0	6	0	0	0	0	0	20	0	0	0	0	0	0	0	0	0	0	0
0	6	0	0	0	0	0	0	0	0	0	0	0	0	0	0	0	0	0	0	0	0	123	0	0	0	2	0	0	2	0	89	0	0	0	77	0	3	0	2	0	0	0	7	0	0	92	0	0	0	0	0	0	0	0	0	0	7	129	98	0	0	0	0	0	0	0	0	0	0	0	0	0	0	0
0	0	0	0	0	0	0	0	0	0	0	0	0	0	0	0	0	0	0	0	0	0	0	0	0	0	0	0	0	0	0	0	0	0	0	0	0	0	0	0	0	0	0	0	0	0	0	0	0	0	0	0	0	0	0	0	0	0	0	0	0	0	0	0	0	0	0	0	0	0	0	0	0	0	0
0	0	0	0	0	0	0	0	0	0	1	124	0	0	0	1	0	0	5	0	0	0	0	0	0	0	0	1	0	0	0	0	0	0	0	0	0	0	0	0	0	0	0	0	0	0	0	0	59	0	0	0	0	0	0	0	0	2	0	0	0	0	0	0	34	0	0	0	0	0	0	0	0	0	0
0	0	0	0	0	0	0	0	0	0	10	0	0	7	0	0	0	0	0	78	29	2	0	0	0	0	0	0	0	0	0	0	0	0	0	0	0	0	0	0	0	0	0	0	0	0	13	0	1	0	0	0	0	5	0	0	16	104	0	50	0	0	0	0	0	0	0	0	0	0	0	0	0	0	0
0	0	0	0	0	0	0	0	0	0	1	2	0	130	1	0	0	0	0	42	5	62	32	2	0	0	1	0	16	1	0	0	0	13	15	23	0	2	0	0	0	13	0	4	0	0	99	0	29	0	0	0	0	0	0	0	2	5	121	111	2	0	0	0	0	0	0	0	0	0	0	0	0	0	0
0	0	0	0	0	0	0	0	0	0	0	0	0	0	0	0	0	0	0	0	0	0	0	0	0	0	0	0	0	0	0	0	0	0	0	0	0	0	0	0	0	0	0	0	0	0	0	0	0	0	0	0	0	0	0	0	0	0	0	0	0	0	0	0	0	0	0	0	0	0	0	0	0	0	0
0	0	0	0	0	0	0	0	0	0	0	0	0	0	0	0	0	0	0	0	0	0	0	0	0	0	0	0	0	0	0	0	0	0	0	0	0	0	0	0	0	0	0	0	0	0	0	0	0	0	0	0	0	0	0	0	0	0	0	0	0	0	0	0	0	0	0	0	0	0	0	0	0	0	0
0	0	0	0	0	0	0	0	0	0	0	0	0	0	0	0	0	0	0	0	0	0	0	0	0	0	0	0	0	0	0	0	0	0	0	0	0	0	0	0	0	0	0	0	0	0	0	0	0	0	0	0	0	0	0	0	0	0	0	0	0	0	0	0	0	0	0	0	0	0	0	0	0	0	0
