0	0	0	0	0	0	0	0	0	0	0	0	0	0	0	0	0	0	0	0	0	0	0	0	0	0	0	0	0	0	0	0	0	0	0	0	0	0	0	0	0	0	0	0	0	0	0	0	0	0	0	0	0	0	0	0	0	0	0	0	0	0	0	0	0	0	0	0	0	0	0	0	0	0	0
0	0	0	0	6	0	0	0	0	0	0	0	0	0	0	0	0	0	0	0	0	7	29	0	108	0	6	0	0	18	0	22	0	0	0	0	0	0	0	0	0	0	0	0	0	0	0	0	0	0	0	8	23	0	0	56	2	0	2	0	0	0	0	0	0	0	0	7	0	0	0	0	0	0	0
0	0	0	4	0	8	0	0	7	0	0	0	0	4	6	0	0	0	0	0	3	0	0	0	0	0	0	0	0	2	0	0	0	2	12	0	0	0	0	0	2	0	5	0	0	0	0	0	1	0	0	0	0	0	0	0	0	6	5	1	2	0	1	0	0	0	5	0	0	0	2	5	0	1	0
0	0	4	0	0	0	0	0	0	0	99	0	0	0	0	78	0	0	0	0	0	0	0	0	0	0	0	0	0	0	0	0	0	0	0	0	0	0	0	0	0	11	0	0	0	0	0	0	0	0	0	0	0	0	0	0	0	11	0	0	0	0	0	0	0	0	0	0	0	0	0	0	0	0	0
0	6	0	0	0	0	0	0	0	0	0	0	0	0	0	0	0	0	0	0	0	0	0	0	0	0	1	0	0	0	0	0	0	0	0	10	0	0	0	0	0	0	0	0	0	0	0	0	0	0	0	0	0	0	0	0	0	0	0	0	124	0	0	0	0	0	0	0	0	0	0	0	0	0	0
0	0	8	0	0	0	0	0	59	0	0	2	0	125	30	2	3	3	0	9	0	14	0	0	0	0	0	0	0	30	0	1	0	23	45	8	0	0	0	0	97	0	32	0	0	0	0	0	0	0	0	0	0	0	0	0	0	8	4	0	0	0	2	0	3	0	0	0	0	11	0	5	13	160	1
0	0	0	0	0	0	0	0	0	0	0	0	0	0	0	10	0	20	0	0	0	14	11	0	0	0	29	0	0	8	0	0	0	0	0	0	0	0	0	0	0	0	0	0	0	0	0	0	0	0	0	0	17	0	0	0	0	0	0	0	0	0	0	0	0	0	0	0	0	0	0	0	0	0	0
0	0	0	0	0	0	0	0	0	0	0	0	0	53	0	4	0	1	0	0	0	0	0	0	0	0	0	0	0	0	0	0	0	0	0	0	0	0	0	0	0	11	0	0	0	0	0	0	0	0	0	0	0	0	0	0	0	0	0	0	0	0	0	0	0	0	0	0	0	0	0	0	0	0	0
0	0	7	0	0	59	0	0	0	0	0	1	0	230	0	3	0	57	0	0	98	184	2	0	0	0	10	0	0	51	0	0	0	11	0	0	0	0	0	0	153	1	0	0	0	0	0	0	0	0	0	1	16	0	0	0	0	3	0	8	9	0	0	0	0	0	0	0	0	0	0	0	0	0	0
0	0	0	0	0	0	0	0	0	0	0	0	0	0	0	0	0	0	1	0	0	0	0	0	0	0	0	0	0	0	0	0	0	0	0	0	0	0	0	0	0	0	0	0	0	0	0	0	0	0	3	0	0	0	0	0	0	0	0	0	0	0	0	0	0	0	0	0	0	0	0	0	0	0	0
0	0	0	99	0	0	0	0	0	0	0	0	0	1	0	329	0	0	0	58	1	0	0	0	0	0	0	0	0	0	0	28	0	0	0	0	0	0	0	0	0	78	17	0	128	2	0	0	231	0	0	69	0	191	0	0	0	215	0	0	0	0	0	0	0	0	69	0	0	0	5	0	0	1	2
0	0	0	0	0	2	0	0	1	0	0	0	0	2	26	5	12	0	0	2	0	0	0	0	0	0	0	0	0	0	0	0	0	0	1	0	0	0	0	0	1	0	0	0	2	0	0	0	0	0	0	0	1	0	0	4	0	3	1	2	0	0	196	0	8	0	0	0	0	0	3	0	5	46	0
0	0	0	0	0	0	0	0	0	0	0	0	0	0	0	0	0	0	0	0	0	0	0	0	0	0	0	0	0	0	0	0	0	0	0	0	0	0	0	0	0	0	0	0	0	0	0	0	0	0	0	0	0	0	0	0	0	0	0	0	0	0	0	0	0	0	0	0	0	0	0	0	0	0	0
0	0	4	0	0	125	0	53	230	0	1	2	0	0	1	8	6	123	0	18	16	60	5	0	1	0	8	0	0	116	0	0	0	114	95	19	0	0	0	0	319	2	2	0	0	0	7	0	1	0	0	0	5	0	0	7	3	37	51	10	18	0	4	0	1	0	0	6	0	5	2	61	8	3	0
0	0	6	0	0	30	0	0	0	0	0	26	0	1	0	46	0	0	0	0	0	0	0	0	0	0	0	0	0	0	0	0	0	0	0	0	0	0	0	0	1	4	0	0	0	0	0	0	0	0	0	0	1	0	0	0	0	0	0	6	0	0	283	0	0	0	0	0	0	12	0	0	0	104	0
0	0	0	78	0	2	10	4	3	0	329	5	0	8	46	0	0	15	0	23	1	4	13	0	2	0	10	0	0	11	0	1	0	9	0	14	0	0	0	0	7	7	164	0	98	7	0	0	202	0	0	1	28	11	0	3	0	116	18	22	0	0	9	0	0	0	34	3	0	8	60	0	1	2	9
0	0	0	0	0	3	0	0	0	0	0	12	0	6	0	0	0	0	0	0	0	0	0	0	0	0	0	0	0	0	0	0	0	0	0	0	0	0	0	0	2	5	0	0	0	0	0	0	0	0	0	0	0	0	0	0	0	0	0	0	0	0	14	0	0	0	0	0	0	0	0	0	0	14	0
0	0	0	0	0	3	20	1	57	0	0	0	0	123	0	15	0	0	0	33	1	173	25	0	12	0	141	0	0	95	0	0	0	100	6	21	0	0	0	0	182	2	0	0	1	7	0	0	0	0	0	0	245	2	0	17	0	2	8	0	0	0	0	0	0	0	0	16	5	1	0	43	1	0	0
0	0	0	0	0	0	0	0	0	1	0	0	0	0	0	0	0	0	0	0	0	0	0	0	0	0	0	0	0	0	0	0	0	0	0	0	0	0	0	0	0	16	0	0	0	0	0	0	26	0	168	0	0	26	0	0	4	0	3	0	0	0	14	0	0	0	0	0	0	0	0	0	0	0	0
0	0	0	0	0	9	0	0	0	0	58	2	0	18	0	23	0	33	0	0	1	15	8	0	2	0	24	0	0	38	0	0	0	0	0	0	0	0	0	0	25	0	0	0	0	3	0	0	0	0	0	0	66	0	0	0	0	34	0	8	0	0	1	0	0	0	0	0	0	0	0	0	0	0	0
0	0	3	0	0	0	0	0	98	0	1	0	0	16	0	1	0	1	0	1	0	163	3	1	0	0	72	0	0	5	0	0	0	194	1	92	0	0	0	0	139	31	1	0	0	0	0	0	0	0	0	0	77	0	0	1	65	19	50	12	26	0	8	0	0	0	5	0	0	15	12	149	14	0	2
0	7	0	0	0	14	14	0	184	0	0	0	0	60	0	4	0	173	0	15	163	0	163	0	0	0	434	0	0	115	0	12	0	371	155	89	0	0	0	0	365	34	0	0	0	0	1	0	0	0	0	0	577	3	0	15	35	5	110	2	0	0	0	0	0	0	0	3	0	0	1	115	0	2	0
0	29	0	0	0	0	11	0	2	0	0	0	0	5	0	13	0	25	0	8	3	163	0	0	377	0	201	0	0	138	0	9	0	29	3	119	0	0	0	0	27	5	0	0	0	8	0	0	0	0	0	1	362	2	0	107	4	2	257	0	213	0	0	0	0	0	0	150	112	54	1	0	0	1	27
0	0	0	0	0	0	0	0	0	0	0	0	0	0	0	0	0	0	0	0	1	0	0	0	0	0	5	0	0	0	0	0	0	0	0	2	0	0	0	0	0	0	0	0	0	0	0	0	0	0	0	0	11	0	0	0	0	0	37	0	150	0	0	0	0	0	0	0	0	81	0	0	0	0	0
0	108	0	0	0	0	0	0	0	0	0	0	0	1	0	2	0	12	0	2	0	0	377	0	0	429	9	0	0	2	0	0	0	28	0	4	0	0	0	0	20	7	0	0	0	93	0	0	0	0	0	4	3	144	0	277	280	41	4	0	4	0	0	0	0	0	0	0	308	0	0	0	0	0	2
0	0	0	0	0	0	0	0	0	0	0	0	0	0	0	0	0	0	0	0	0	0	0	0	429	0	0	0	0	0	0	0	0	0	0	0	0	0	0	0	0	0	0	0	0	0	0	0	0	0	0	0	7	0	0	0	0	0	1	0	5	0	0	0	0	0	0	0	0	0	0	0	0	0	0
0	6	0	0	1	0	29	0	10	0	0	0	0	8	0	10	0	141	0	24	72	434	201	5	9	0	0	0	0	117	0	10	0	411	57	103	0	0	0	0	463	18	0	0	0	10	0	0	0	0	0	1	616	15	0	43	9	7	97	0	40	0	0	0	0	0	0	122	0	8	3	114	1	0	3
0	0	0	0	0	0	0	0	0	0	0	0	0	0	0	0	0	0	0	0	0	0	0	0	0	0	0	0	0	0	0	0	0	0	0	0	0	0	0	0	0	37	0	0	0	0	0	7	6	0	0	0	0	0	0	0	0	0	0	0	0	0	0	0	0	0	70	0	0	0	0	0	0	0	0
0	0	0	0	0	0	0	0	0	0	0	0	0	0	0	0	0	0	0	0	0	0	0	0	0	0	0	0	0	0	0	0	0	0	0	0	0	0	0	0	0	0	0	0	0	0	0	0	0	0	0	0	0	0	0	0	0	0	0	0	0	0	0	0	0	0	0	0	0	0	0	0	0	0	0
0	18	2	0	0	30	8	0	51	0	0	0	0	116	0	11	0	95	0	38	5	115	138	0	2	0	117	0	0	0	0	12	0	76	1	182	0	0	0	0	236	3	18	0	0	2	0	0	0	0	0	1	330	1	0	8	3	22	128	126	8	0	0	0	0	0	0	79	6	0	3	22	3	0	0
0	0	0	0	0	0	0	0	0	0	0	0	0	0	0	0	0	0	0	0	0	0	0	0	0	0	0	0	0	0	0	0	0	0	0	0	0	0	0	0	0	0	0	0	0	0	0	0	0	0	0	0	0	0	0	0	0	0	0	0	0	0	0	0	0	0	0	0	0	0	0	0	0	0	0
0	22	0	0	0	1	0	0	0	0	28	0	0	0	0	1	0	0	0	0	0	12	9	0	0	0	10	0	0	12	0	0	0	5	1	6	0	0	0	0	5	4	0	0	0	0	0	0	0	0	0	337	13	97	0	115	0	3	5	0	0	0	0	0	0	0	0	60	0	0	12	0	0	0	26
0	0	0	0	0	0	0	0	0	0	0	0	0	0	0	0	0	0	0	0	0	0	0	0	0	0	0	0	0	0	0	0	0	0	0	0	0	0	0	0	0	0	0	0	0	0	0	0	0	0	0	0	0	0	0	0	0	0	0	0	0	0	0	0	0	0	0	0	0	0	0	0	0	0	0
0	0	2	0	0	23	0	0	11	0	0	0	0	114	0	9	0	100	0	0	194	371	29	0	28	0	411	0	0	76	0	5	0	0	2	26	0	0	0	0	106	10	1	0	0	0	0	0	1	0	0	0	446	0	0	2	18	2	109	5	205	0	44	0	0	0	0	3	0	87	2	10	0	1	0
0	0	12	0	0	45	0	0	0	0	0	1	0	95	0	0	0	6	0	0	1	155	3	0	0	0	57	0	0	1	0	1	0	2	0	8	0	0	0	0	34	0	0	0	0	0	0	0	0	0	0	0	59	0	0	0	2	0	74	4	89	0	1	0	0	0	0	0	0	94	0	0	0	125	0
0	0	0	0	10	8	0	0	0	0	0	0	0	19	0	14	0	21	0	0	92	89	119	2	4	0	103	0	0	182	0	6	0	26	8	0	0	0	0	0	95	17	0	0	1	0	0	0	0	0	0	1	342	0	0	1	15	10	192	17	307	0	16	0	0	0	0	14	0	79	0	0	0	1	1
0	0	0	0	0	0	0	0	0	0	0	0	0	0	0	0	0	0	0	0	0	0	0	0	0	0	0	0	0	0	0	0	0	0	0	0	0	0	0	0	0	0	0	0	0	0	0	0	0	0	0	0	0	0	0	0	0	0	0	0	0	0	0	0	0	0	0	0	0	0	0	0	0	0	0
0	0	0	0	0	0	0	0	0	0	0	0	0	0	0	0	0	0	0	0	0	0	0	0	0	0	0	0	0	0	0	0	0	0	0	0	0	0	0	0	0	0	0	0	0	0	0	0	0	0	0	0	0	0	0	0	0	0	0	0	0	0	0	0	0	0	0	0	0	0	0	0	0	0	0
0	0	0	0	0	0	0	0	0	0	0	0	0	0	0	0	0	0	0	0	0	0	0	0	0	0	0	0	0	0	0	0	0	0	0	0	0	0	0	0	0	0	0	0	0	0	0	0	0	0	0	0	0	0	0	0	0	0	0	0	0	0	0	0	0	0	0	0	0	0	0	0	0	0	0
0	0	0	0	0	0	0	0	0	0	0	0	0	0	0	0	0	0	0	0	0	0	0	0	0	0	0	0	0	0	0	0	0	0	0	0	0	0	0	0	0	0	0	0	0	0	0	0	0	0	0	0	0	0	0	0	0	0	0	0	0	0	0	0	0	0	0	0	0	0	0	0	0	0	0
0	0	2	0	0	97	0	0	153	0	0	1	0	319	1	7	2	182	0	25	139	365	27	0	20	0	463	0	0	236	0	5	0	106	34	95	0	0	0	0	0	11	0	0	0	1	0	0	0	0	0	0	547	0	0	1	6	25	97	6	296	0	52	0	1	0	0	0	0	58	0	88	8	1	0
0	0	0	11	0	0	0	11	1	0	78	0	0	2	4	7	5	2	16	0	31	34	5	0	7	0	18	37	0	3	0	4	0	10	0	17	0	0	0	0	11	0	1	0	80	0	0	1	124	0	0	12	34	0	0	0	9	15	13	5	11	0	60	0	0	0	74	0	0	11	2	2	4	6	0
0	0	5	0	0	32	0	0	0	0	17	0	0	2	0	164	0	0	0	0	1	0	0	0	0	0	0	0	0	18	0	0	0	1	0	0	0	0	0	0	0	1	0	0	0	0	0	0	0	0	0	0	0	0	0	0	0	20	3	36	2	0	22	0	0	0	0	0	0	16	0	0	0	34	0
0	0	0	0	0	0	0	0	0	0	0	0	0	0	0	0	0	0	0	0	0	0	0	0	0	0	0	0	0	0	0	0	0	0	0	0	0	0	0	0	0	0	0	0	0	0	0	0	0	0	0	0	0	0	0	0	0	0	0	0	0	0	0	0	0	0	0	0	0	0	0	0	0	0	0
0	0	0	0	0	0	0	0	0	0	128	2	0	0	0	98	0	1	0	0	0	0	0	0	0	0	0	0	0	0	0	0	0	0	0	1	0	0	0	0	0	80	0	0	0	0	0	0	0	0	0	0	0	0	0	0	0	1	0	0	0	0	8	0	0	0	0	0	0	8	0	0	0	0	0
0	0	0	0	0	0	0	0	0	0	2	0	0	0	0	7	0	7	0	3	0	0	8	0	93	0	10	0	0	2	0	0	0	0	0	0	0	0	0	0	1	0	0	0	0	0	0	0	0	0	0	0	11	30	0	5	3	38	0	0	0	0	0	0	0	0	1	1	7	0	0	0	0	0	4
0	0	0	0	0	0	0	0	0	0	0	0	0	7	0	0	0	0	0	0	0	1	0	0	0	0	0	0	0	0	0	0	0	0	0	0	0	0	0	0	0	0	0	0	0	0	0	0	0	0	0	0	0	0	0	0	0	0	0	0	0	0	0	0	0	0	0	0	0	0	0	0	0	10	0
0	0	0	0	0	0	0	0	0	0	0	0	0	0	0	0	0	0	0	0	0	0	0	0	0	0	0	7	0	0	0	0	0	0	0	0	0	0	0	0	0	1	0	0	0	0	0	0	0	0	0	0	0	0	0	0	0	0	0	0	0	0	0	0	0	0	0	0	0	0	0	0	0	0	0
0	0	1	0	0	0	0	0	0	0	231	0	0	1	0	202	0	0	26	0	0	0	0	0	0	0	0	6	0	0	0	0	0	1	0	0	0	0	0	0	0	124	0	0	0	0	0	0	0	0	0	2	0	0	0	0	0	100	0	0	0	0	0	0	0	0	4	0	0	0	1	0	0	0	0
0	0	0	0	0	0	0	0	0	0	0	0	0	0	0	0	0	0	0	0	0	0	0	0	0	0	0	0	0	0	0	0	0	0	0	0	0	0	0	0	0	0	0	0	0	0	0	0	0	0	0	0	0	0	0	0	0	0	0	0	0	0	0	0	0	0	0	0	0	0	0	0	0	0	0
0	0	0	0	0	0	0	0	0	3	0	0	0	0	0	0	0	0	168	0	0	0	0	0	0	0	0	0	0	0	0	0	0	0	0	0	0	0	0	0	0	0	0	0	0	0	0	0	0	0	0	0	0	0	0	0	0	0	0	0	0	0	0	0	0	0	0	0	0	0	0	0	0	0	0
0	8	0	0	0	0	0	0	1	0	69	0	0	0	0	1	0	0	0	0	0	0	1	0	4	0	1	0	0	1	0	337	0	0	0	1	0	0	0	0	0	12	0	0	0	0	0	0	2	0	0	0	1	55	0	28	3	1	2	0	0	0	0	0	0	0	0	20	0	0	3	0	0	0	20
0	23	0	0	0	0	17	0	16	0	0	1	0	5	1	28	0	245	0	66	77	577	362	11	3	7	616	0	0	330	0	13	0	446	59	342	0	0	0	0	547	34	0	0	0	11	0	0	0	0	0	1	0	7	0	50	81	19	200	4	2	0	0	0	0	0	0	308	0	131	1	7	1	0	5
0	0	0	0	0	0	0	0	0	0	191	0	0	0	0	11	0	2	26	0	0	3	2	0	144	0	15	0	0	1	0	97	0	0	0	0	0	0	0	0	0	0	0	0	0	30	0	0	0	0	0	55	7	0	0	8	0	110	49	0	1	0	0	0	0	0	0	0	0	1	1	0	0	0	0
0	0	0	0	0	0	0	0	0	0	0	0	0	0	0	0	0	0	0	0	0	0	0	0	0	0	0	0	0	0	0	0	0	0	0	0	0	0	0	0	0	0	0	0	0	0	0	0	0	0	0	0	0	0	0	0	0	0	0	0	0	0	0	0	0	0	0	0	0	0	0	0	0	0	0
0	56	0	0	0	0	0	0	0	0	0	4	0	7	0	3	0	17	0	0	1	15	107	0	277	0	43	0	0	8	0	115	0	2	0	1	0	0	0	0	1	0	0	0	0	5	0	0	0	0	0	28	50	8	0	0	110	0	3	0	5	0	0	0	0	0	0	1	4	0	0	0	0	0	0
0	2	0	0	0	0	0	0	0	0	0	0	0	3	0	0	0	0	4	0	65	35	4	0	280	0	9	0	0	3	0	0	0	18	2	15	0	0	0	0	6	9	0	0	0	3	0	0	0	0	0	3	81	0	0	110	0	15	57	40	86	0	0	0	0	0	0	0	2	37	10	0	0	0	0
0	0	6	11	0	8	0	0	3	0	215	3	0	37	0	116	0	2	0	34	19	5	2	0	41	0	7	0	0	22	0	3	0	2	0	10	0	0	0	0	25	15	20	0	1	38	0	0	100	0	0	1	19	110	0	0	15	0	41	41	14	0	10	0	0	0	2	8	0	0	55	4	2	2	38
0	2	5	0	0	4	0	0	0	0	0	1	0	51	0	18	0	8	3	0	50	110	257	37	4	1	97	0	0	128	0	5	0	109	74	192	0	0	0	0	97	13	3	0	0	0	0	0	0	0	0	2	200	49	0	3	57	41	0	141	448	0	12	0	0	0	0	173	0	142	2	0	0	10	150
0	0	1	0	0	0	0	0	8	0	0	2	0	10	6	22	0	0	0	8	12	2	0	0	0	0	0	0	0	126	0	0	0	5	4	17	0	0	0	0	6	5	36	0	0	0	0	0	0	0	0	0	4	0	0	0	40	41	141	0	147	0	0	0	0	0	0	124	0	50	2	10	0	0	0
0	0	2	0	124	0	0	0	9	0	0	0	0	18	0	0	0	0	0	0	26	0	213	150	4	5	40	0	0	8	0	0	0	205	89	307	0	0	0	0	296	11	2	0	0	0	0	0	0	0	0	0	2	1	0	5	86	14	448	147	0	0	0	0	2	0	0	107	0	248	6	8	4	1	1
0	0	0	0	0	0	0	0	0	0	0	0	0	0	0	0	0	0	0	0	0	0	0	0	0	0	0	0	0	0	0	0	0	0	0	0	0	0	0	0	0	0	0	0	0	0	0	0	0	0	0	0	0	0	0	0	0	0	0	0	0	0	0	0	0	0	0	0	0	0	0	0	0	0	0
0	0	1	0	0	2	0	0	0	0	0	196	0	4	283	9	14	0	14	1	8	0	0	0	0	0	0	0	0	0	0	0	0	44	1	16	0	0	0	0	52	60	22	0	8	0	0	0	0	0	0	0	0	0	0	0	0	10	12	0	0	0	0	0	0	0	1	0	0	10	7	3	8	111	9
0	0	0	0	0	0	0	0	0	0	0	0	0	0	0	0	0	0	0	0	0	0	0	0	0	0	0	0	0	0	0	0	0	0	0	0	0	0	0	0	0	0	0	0	0	0	0	0	0	0	0	0	0	0	0	0	0	0	0	0	0	0	0	0	0	0	0	0	0	0	0	0	0	0	0
0	0	0	0	0	3	0	0	0	0	0	8	0	1	0	0	0	0	0	0	0	0	0	0	0	0	0	0	0	0	0	0	0	0	0	0	0	0	0	0	1	0	0	0	0	0	0	0	0	0	0	0	0	0	0	0	0	0	0	0	2	0	0	0	0	0	0	0	0	9	0	0	0	10	0
0	0	0	0	0	0	0	0	0	0	0	0	0	0	0	0	0	0	0	0	0	0	0	0	0	0	0	0	0	0	0	0	0	0	0	0	0	0	0	0	0	0	0	0	0	0	0	0	0	0	0	0	0	0	0	0	0	0	0	0	0	0	0	0	0	0	0	0	0	0	0	0	0	0	0
0	0	5	0	0	0	0	0	0	0	69	0	0	0	0	34	0	0	0	0	5	0	0	0	0	0	0	70	0	0	0	0	0	0	0	0	0	0	0	0	0	74	0	0	0	1	0	0	4	0	0	0	0	0	0	0	0	2	0	0	0	0	1	0	0	0	0	0	0	0	0	0	1	0	0
0	7	0	0	0	0	0	0	0	0	0	0	0	6	0	3	0	16	0	0	0	3	150	0	0	0	122	0	0	79	0	60	0	3	0	14	0	0	0	0	0	0	0	0	0	1	0	0	0	0	0	20	308	0	0	1	0	8	173	124	107	0	0	0	0	0	0	0	0	99	0	0	0	1	0
0	0	0	0	0	0	0	0	0	0	0	0	0	0	0	0	0	5	0	0	0	0	112	0	308	0	0	0	0	6	0	0	0	0	0	0	0	0	0	0	0	0	0	0	0	7	0	0	0	0	0	0	0	0	0	4	2	0	0	0	0	0	0	0	0	0	0	0	0	0	0	0	0	0	0
0	0	0	0	0	11	0	0	0	0	0	0	0	5	12	8	0	1	0	0	15	0	54	81	0	0	8	0	0	0	0	0	0	87	94	79	0	0	0	0	58	11	16	0	8	0	0	0	0	0	0	0	131	1	0	0	37	0	142	50	248	0	10	0	9	0	0	99	0	0	0	0	0	0	0
0	0	2	0	0	0	0	0	0	0	5	3	0	2	0	60	0	0	0	0	12	1	1	0	0	0	3	0	0	3	0	12	0	2	0	0	0	0	0	0	0	2	0	0	0	0	0	0	1	0	0	3	1	1	0	0	10	55	2	2	6	0	7	0	0	0	0	0	0	0	0	2	2	0	0
0	0	5	0	0	5	0	0	0	0	0	0	0	61	0	0	0	43	0	0	149	115	0	0	0	0	114	0	0	22	0	0	0	10	0	0	0	0	0	0	88	2	0	0	0	0	0	0	0	0	0	0	7	0	0	0	0	4	0	10	8	0	3	0	0	0	0	0	0	0	2	0	0	0	0
0	0	0	0	0	13	0	0	0	0	0	5	0	8	0	1	0	1	0	0	14	0	0	0	0	0	1	0	0	3	0	0	0	0	0	0	0	0	0	0	8	4	0	0	0	0	0	0	0	0	0	0	1	0	0	0	0	2	0	0	4	0	8	0	0	0	1	0	0	0	2	0	0	20	0
0	0	1	0	0	160	0	0	0	0	1	46	0	3	104	2	14	0	0	0	0	2	1	0	0	0	0	0	0	0	0	0	0	1	125	1	0	0	0	0	1	6	34	0	0	0	10	0	0	0	0	0	0	0	0	0	0	2	10	0	1	0	111	0	10	0	0	1	0	0	0	0	20	0	1
0	0	0	0	0	1	0	0	0	0	2	0	0	0	0	9	0	0	0	0	2	0	27	0	2	0	3	0	0	0	0	26	0	0	0	1	0	0	0	0	0	0	0	0	0	4	0	0	0	0	0	20	5	0	0	0	0	38	150	0	1	0	9	0	0	0	0	0	0	0	0	0	0	1	0
