0	0	0	0	0	0	0	0	0	0	0	0	0	0	0	0	0	0	0	0	0	0	0	0	0	0	0	0	0	0	0	0	0	0	0	0	0	0	0	0	0	0	0	0	0	0	0	0	0	0	0	0	0	0	0	0	0	0	0	0	0	0	0	0	0	0	0	0	0	0	0	0	0	0	0
0	0	0	0	0	0	0	0	0	0	0	0	0	0	0	0	0	18	0	1	0	0	93	0	72	69	0	0	0	2	0	2	0	0	0	5	0	0	0	0	0	0	0	0	0	71	0	0	0	0	0	0	0	0	0	53	0	0	4	0	0	0	0	0	0	0	0	1	77	0	3	0	0	0	0
0	0	0	0	0	5	0	0	0	0	0	0	0	1	0	0	0	0	0	0	0	0	0	0	0	0	0	0	2	0	0	0	0	3	0	0	0	0	0	0	0	0	0	0	0	0	2	0	0	0	0	0	0	0	0	0	0	0	0	0	0	0	0	0	0	0	0	0	0	0	0	0	0	0	0
0	0	0	0	0	0	0	0	0	0	6	0	0	0	0	0	0	0	2	0	0	0	0	0	0	0	0	0	0	0	15	0	0	0	0	0	0	0	0	0	0	299	0	0	82	0	0	0	1	0	0	0	0	0	0	0	0	340	1	0	0	0	19	0	0	0	8	0	0	0	1	0	0	0	0
0	0	0	0	0	0	0	0	0	0	2	0	0	0	0	0	0	0	0	0	0	0	0	0	0	0	0	0	0	0	378	0	0	0	0	0	0	0	0	0	0	611	0	0	6	0	0	0	0	0	0	0	0	0	0	0	0	0	0	0	0	0	2	0	0	0	26	0	0	0	0	0	0	0	0
0	0	5	0	0	0	0	0	0	0	0	0	0	15	0	0	0	0	0	0	0	0	0	0	0	0	0	0	0	0	1	0	0	0	0	0	0	0	0	0	0	1	0	0	0	0	113	0	5	0	0	0	0	0	0	0	0	0	0	0	0	0	218	0	0	0	0	0	0	0	0	0	0	0	0
0	0	0	0	0	0	0	0	0	0	0	0	0	0	0	0	0	0	0	0	0	0	0	0	0	0	0	0	0	0	0	0	0	0	0	0	0	0	0	0	0	0	0	0	0	0	0	0	0	0	0	0	0	0	0	0	0	0	0	0	0	0	0	0	0	0	0	0	0	0	0	0	0	0	0
0	0	0	0	0	0	0	0	0	0	0	0	0	0	0	0	0	0	0	0	0	0	0	0	0	0	0	0	0	0	0	0	0	0	0	0	0	0	0	0	0	4	0	0	0	0	0	0	0	0	0	0	0	0	0	0	0	0	0	0	0	0	0	0	0	0	0	0	0	0	0	0	0	0	0
0	0	0	0	0	0	0	0	0	0	0	0	0	0	0	0	0	0	0	0	0	0	0	0	0	0	0	0	0	0	0	0	0	0	0	0	0	0	0	0	0	0	0	0	0	0	0	0	0	0	0	0	0	0	0	0	0	0	0	0	0	0	0	0	0	0	0	0	0	0	0	0	0	0	0
0	0	0	0	0	0	0	0	0	0	0	0	0	0	0	0	0	0	0	0	0	0	0	0	0	0	0	0	0	0	0	0	0	0	0	0	0	0	0	0	0	0	0	0	0	0	0	0	0	0	0	0	0	0	0	0	0	0	0	0	0	0	0	0	0	0	0	0	0	0	0	0	0	0	0
0	0	0	6	2	0	0	0	0	0	0	0	0	0	0	0	0	0	0	0	9	0	0	0	0	0	0	0	0	1	0	6	0	0	0	10	4	0	0	0	0	389	18	0	421	0	13	0	0	0	0	0	0	32	0	0	0	277	11	0	0	0	0	0	0	0	14	0	0	0	20	0	0	0	0
0	0	0	0	0	0	0	0	0	0	0	0	0	0	0	0	0	0	0	0	0	0	0	0	0	0	0	0	0	0	0	0	0	0	0	0	0	0	0	0	0	0	0	0	0	0	0	0	0	0	0	0	0	0	0	0	0	0	0	0	0	0	0	0	0	0	0	0	0	0	0	0	0	0	0
0	0	0	0	0	0	0	0	0	0	0	0	0	0	0	0	0	0	0	0	0	0	0	0	0	0	0	0	0	0	0	0	0	0	0	0	0	0	0	0	0	0	0	0	0	0	0	0	0	0	0	0	0	0	0	0	0	0	0	0	0	0	0	0	0	0	0	0	0	0	0	0	0	0	0
0	0	1	0	0	15	0	0	0	0	0	0	0	0	0	0	0	0	0	17	0	3	0	0	0	0	0	0	52	0	0	0	0	21	30	6	0	0	0	26	0	2	0	0	0	0	96	0	0	0	0	0	0	0	0	1	0	1	2	2	0	0	0	0	1	0	0	0	0	0	0	3	0	0	0
0	0	0	0	0	0	0	0	0	0	0	0	0	0	0	0	0	0	0	0	0	0	0	0	0	0	0	0	0	0	0	0	0	0	0	0	0	0	0	0	0	0	0	0	0	0	2	0	0	0	0	0	0	0	0	0	0	0	0	0	0	0	5	0	0	0	0	0	0	0	0	0	0	0	0
0	0	0	0	0	0	0	0	0	0	0	0	0	0	0	0	0	0	0	0	0	0	0	0	0	0	0	0	0	0	0	0	0	0	0	0	3	0	0	0	0	0	2	0	3	0	0	0	0	0	0	0	0	0	0	0	0	0	0	0	0	0	0	0	0	0	0	0	0	0	0	0	0	0	0
0	0	0	0	0	0	0	0	0	0	0	0	0	0	0	0	0	0	0	0	0	0	0	0	0	0	0	0	0	0	0	0	0	0	0	0	0	0	0	0	0	0	0	0	0	0	0	0	0	0	0	0	0	0	0	0	0	0	0	0	0	0	0	0	0	0	0	0	0	0	0	0	0	0	0
0	18	0	0	0	0	0	0	0	0	0	0	0	0	0	0	0	0	0	14	0	0	0	0	12	0	0	0	0	0	0	4	0	0	0	1	0	0	0	143	0	1	0	0	0	4	23	0	0	0	0	0	42	0	0	0	0	1	30	0	0	0	2	0	0	0	0	3	2	0	0	0	0	0	0
0	0	0	2	0	0	0	0	0	0	0	0	0	0	0	0	0	0	0	0	0	0	0	0	0	0	0	0	0	0	0	0	0	0	0	0	0	0	2	0	0	5	2	0	0	0	20	0	0	0	8	0	0	0	0	0	0	5	2	0	0	0	19	0	0	0	0	1	0	0	1	0	0	3	0
0	1	0	0	0	0	0	0	0	0	0	0	0	17	0	0	0	14	0	0	6	14	6	0	0	0	0	0	18	90	0	0	0	22	0	397	0	0	18	178	0	0	0	0	0	0	0	2	0	0	0	0	29	0	0	4	0	23	6	2	3	0	0	0	0	0	0	0	0	0	2	18	0	0	0
0	0	0	0	0	0	0	0	0	0	9	0	0	0	0	0	0	0	0	6	0	0	0	0	12	0	0	0	0	2	0	108	0	0	0	5	0	0	0	58	0	0	0	0	0	151	43	0	4	0	0	1	3	0	0	0	0	578	0	0	0	0	2	0	0	0	0	0	0	0	2	0	0	2	2
0	0	0	0	0	0	0	0	0	0	0	0	0	3	0	0	0	0	0	14	0	0	0	0	0	0	0	0	0	0	0	0	0	17	0	8	0	0	0	371	0	1	0	0	0	2	31	0	0	0	0	0	29	0	0	0	0	0	0	0	0	0	6	0	0	0	0	0	0	0	0	0	0	0	0
0	93	0	0	0	0	0	0	0	0	0	0	0	0	0	0	0	0	0	6	0	0	0	0	4	0	0	0	0	17	0	52	0	0	0	8	0	0	0	45	0	0	0	0	0	52	0	0	0	0	0	0	13	0	0	0	0	0	31	0	0	0	0	0	0	0	0	1	0	0	0	0	0	0	0
0	0	0	0	0	0	0	0	0	0	0	0	0	0	0	0	0	0	0	0	0	0	0	0	0	0	0	0	0	0	0	0	0	0	0	0	0	0	0	0	0	0	0	0	0	0	0	0	0	0	0	0	0	0	0	0	0	0	0	0	0	0	0	0	0	0	0	0	0	0	0	0	0	0	0
0	72	0	0	0	0	0	0	0	0	0	0	0	0	0	0	0	12	0	0	12	0	4	0	0	16	0	0	0	8	0	0	0	0	0	3	0	0	0	0	0	0	0	0	0	25	0	0	0	0	0	0	1	0	0	4	26	0	0	0	0	0	0	0	0	0	0	0	36	0	2	0	0	0	0
0	69	0	0	0	0	0	0	0	0	0	0	0	0	0	0	0	0	0	0	0	0	0	0	16	0	0	0	0	0	0	0	0	0	0	15	0	0	0	0	0	0	0	0	0	22	0	0	0	0	0	0	0	0	0	0	0	0	0	0	0	0	0	0	0	0	0	0	0	0	0	0	0	0	0
0	0	0	0	0	0	0	0	0	0	0	0	0	0	0	0	0	0	0	0	0	0	0	0	0	0	0	0	0	0	0	0	0	0	0	0	0	0	0	0	0	0	0	0	0	0	0	0	0	0	0	0	0	0	0	0	0	0	0	0	0	0	0	0	0	0	0	0	0	0	0	0	0	0	0
0	0	0	0	0	0	0	0	0	0	0	0	0	0	0	0	0	0	0	0	0	0	0	0	0	0	0	0	0	0	0	0	0	0	0	0	0	0	0	0	0	0	0	0	0	0	0	0	0	0	0	0	0	0	0	0	0	0	0	0	0	0	0	0	0	0	0	0	0	0	0	0	0	0	0
0	0	2	0	0	0	0	0	0	0	0	0	0	52	0	0	0	0	0	18	0	0	0	0	0	0	0	0	0	0	0	0	0	0	0	0	0	0	0	0	0	0	0	0	0	0	164	0	1	0	0	0	0	0	0	0	0	2	0	48	9	0	0	0	0	0	0	0	0	0	0	0	0	0	0
0	2	0	0	0	0	0	0	0	0	1	0	0	0	0	0	0	0	0	90	2	0	17	0	8	0	0	0	0	0	0	0	0	0	0	461	0	0	24	31	0	0	0	0	0	0	0	0	0	0	0	0	13	0	0	3	0	14	103	1	0	0	0	0	0	0	0	12	43	0	0	0	0	0	0
0	0	0	15	378	1	0	0	0	0	0	0	0	0	0	0	0	0	0	0	0	0	0	0	0	0	0	0	0	0	0	0	0	0	0	0	240	0	0	0	0	241	0	0	0	0	0	0	1	0	2	0	0	0	0	0	0	0	0	0	0	0	0	0	0	0	442	0	0	0	0	0	0	12	0
0	2	0	0	0	0	0	0	0	0	6	0	0	0	0	0	0	4	0	0	108	0	52	0	0	0	0	0	0	0	0	0	0	0	0	0	0	0	0	0	0	0	0	0	26	331	0	0	0	0	0	20	0	354	0	10	0	104	18	0	0	0	0	0	0	0	0	38	4	0	0	0	0	0	60
0	0	0	0	0	0	0	0	0	0	0	0	0	0	0	0	0	0	0	0	0	0	0	0	0	0	0	0	0	0	0	0	0	0	0	0	0	0	0	0	0	0	0	0	0	0	0	0	0	0	0	0	0	0	0	0	0	0	0	0	0	0	0	0	0	0	0	0	0	0	0	0	0	0	0
0	0	3	0	0	0	0	0	0	0	0	0	0	21	0	0	0	0	0	22	0	17	0	0	0	0	0	0	0	0	0	0	0	0	0	269	0	0	0	89	0	5	2	0	1	0	0	0	0	0	0	0	10	0	0	0	0	0	1	0	0	0	15	0	0	0	0	0	0	3	0	3	0	0	0
0	0	0	0	0	0	0	0	0	0	0	0	0	30	0	0	0	0	0	0	0	0	0	0	0	0	0	0	0	0	0	0	0	0	0	1	0	0	0	44	0	0	0	0	0	0	145	0	0	0	0	0	0	0	0	0	0	0	113	0	0	0	11	0	0	0	0	0	0	0	0	0	0	0	0
0	5	0	0	0	0	0	0	0	0	10	0	0	6	0	0	0	1	0	397	5	8	8	0	3	15	0	0	0	461	0	0	0	269	1	0	0	0	262	79	0	0	1	0	0	0	0	0	0	0	0	0	17	0	0	3	0	67	437	128	3	0	0	0	0	0	0	38	7	0	22	1	0	0	0
0	0	0	0	0	0	0	0	0	0	4	0	0	0	0	3	0	0	0	0	0	0	0	0	0	0	0	0	0	0	240	0	0	0	0	0	0	1	0	0	0	22	0	0	18	0	0	0	0	0	0	0	0	0	0	0	0	15	1	0	0	0	2	0	0	0	22	0	0	0	1	0	0	2	0
0	0	0	0	0	0	0	0	0	0	0	0	0	0	0	0	0	0	0	0	0	0	0	0	0	0	0	0	0	0	0	0	0	0	0	0	1	0	0	0	0	2	1	0	1	0	0	0	0	0	0	0	0	0	0	0	0	1	0	0	0	1	0	0	0	0	0	0	0	0	0	0	0	0	0
0	0	0	0	0	0	0	0	0	0	0	0	0	0	0	0	0	0	2	18	0	0	0	0	0	0	0	0	0	24	0	0	0	0	0	262	0	0	0	0	0	57	0	0	0	0	0	0	0	0	0	0	2	0	0	0	0	7	180	4	2	0	37	0	0	0	0	1	0	0	1	0	0	1	6
0	0	0	0	0	0	0	0	0	0	0	0	0	26	0	0	0	143	0	178	58	371	45	0	0	0	0	0	0	31	0	0	0	89	44	79	0	0	0	0	0	0	0	0	0	5	86	0	0	0	0	0	54	3	0	124	0	0	13	8	0	0	0	0	0	0	0	10	0	0	3	175	0	0	0
0	0	0	0	0	0	0	0	0	0	0	0	0	0	0	0	0	0	0	0	0	0	0	0	0	0	0	0	0	0	0	0	0	0	0	0	0	0	0	0	0	0	0	0	0	0	0	0	0	0	0	0	0	0	0	0	0	0	0	0	0	0	0	0	0	0	0	0	0	0	0	0	0	0	0
0	0	0	299	611	1	0	4	0	0	389	0	0	2	0	0	0	1	5	0	0	1	0	0	0	0	0	0	0	0	241	0	0	5	0	0	22	2	57	0	0	0	0	3	404	1	103	0	0	0	0	0	0	0	0	0	0	11	3	0	0	0	26	0	2	0	410	2	0	5	0	0	0	0	1
0	0	0	0	0	0	0	0	0	0	18	0	0	0	0	2	0	0	2	0	0	0	0	0	0	0	0	0	0	0	0	0	0	2	0	1	0	1	0	0	0	0	0	1	438	0	12	0	5	0	0	0	0	0	0	0	0	28	105	8	0	0	61	0	0	0	0	0	0	0	0	0	0	1	0
0	0	0	0	0	0	0	0	0	0	0	0	0	0	0	0	0	0	0	0	0	0	0	0	0	0	0	0	0	0	0	0	0	0	0	0	0	0	0	0	0	3	1	0	1	0	0	0	0	0	0	0	0	0	0	0	0	1	0	0	0	0	0	0	0	0	0	0	0	0	0	0	0	0	0
0	0	0	82	6	0	0	0	0	0	421	0	0	0	0	3	0	0	0	0	0	0	0	0	0	0	0	0	0	0	0	26	0	1	0	0	18	1	0	0	0	404	438	1	0	0	1	0	33	0	0	2	0	168	0	0	0	11	9	0	0	0	58	0	0	0	12	0	0	0	0	0	0	2	0
0	71	0	0	0	0	0	0	0	0	0	0	0	0	0	0	0	4	0	0	151	2	52	0	25	22	0	0	0	0	0	331	0	0	0	0	0	0	0	5	0	1	0	0	0	0	0	0	0	0	0	23	2	186	0	105	0	266	3	0	0	0	5	0	0	0	0	28	0	0	50	0	0	0	6
0	0	2	0	0	113	0	0	0	0	13	0	0	96	2	0	0	23	20	0	43	31	0	0	0	0	0	0	164	0	0	0	0	0	145	0	0	0	0	86	0	103	12	0	1	0	0	0	0	0	0	0	0	2	0	8	3	44	138	0	0	0	11	0	0	0	0	18	6	0	15	31	0	0	0
0	0	0	0	0	0	0	0	0	0	0	0	0	0	0	0	0	0	0	2	0	0	0	0	0	0	0	0	0	0	0	0	0	0	0	0	0	0	0	0	0	0	0	0	0	0	0	0	0	0	0	0	1	0	0	0	0	0	0	0	0	0	0	0	0	0	0	0	0	0	0	0	0	0	0
0	0	0	1	0	5	0	0	0	0	0	0	0	0	0	0	0	0	0	0	4	0	0	0	0	0	0	0	1	0	1	0	0	0	0	0	0	0	0	0	0	0	5	0	33	0	0	0	0	0	0	0	0	0	0	0	0	2	0	0	0	0	5	0	0	0	0	0	0	0	21	0	0	0	0
0	0	0	0	0	0	0	0	0	0	0	0	0	0	0	0	0	0	0	0	0	0	0	0	0	0	0	0	0	0	0	0	0	0	0	0	0	0	0	0	0	0	0	0	0	0	0	0	0	0	0	0	0	0	0	0	0	0	0	0	0	0	0	0	0	0	0	0	0	0	0	0	0	0	0
0	0	0	0	0	0	0	0	0	0	0	0	0	0	0	0	0	0	8	0	0	0	0	0	0	0	0	0	0	0	2	0	0	0	0	0	0	0	0	0	0	0	0	0	0	0	0	0	0	0	0	0	0	0	0	0	0	0	0	0	0	0	0	0	0	0	0	0	0	0	0	0	0	0	0
0	0	0	0	0	0	0	0	0	0	0	0	0	0	0	0	0	0	0	0	1	0	0	0	0	0	0	0	0	0	0	20	0	0	0	0	0	0	0	0	0	0	0	0	2	23	0	0	0	0	0	0	1	38	0	3	0	135	0	0	0	0	0	0	0	0	0	1	1	0	0	0	0	0	0
0	0	0	0	0	0	0	0	0	0	0	0	0	0	0	0	0	42	0	29	3	29	13	0	1	0	0	0	0	13	0	0	0	10	0	17	0	0	2	54	0	0	0	0	0	2	0	1	0	0	0	1	0	0	0	27	0	4	2	2	0	0	1	0	0	0	0	2	1	0	2	2	0	0	0
0	0	0	0	0	0	0	0	0	0	32	0	0	0	0	0	0	0	0	0	0	0	0	0	0	0	0	0	0	0	0	354	0	0	0	0	0	0	0	3	0	0	0	0	168	186	2	0	0	0	0	38	0	0	0	0	0	613	29	0	0	0	0	0	0	0	0	0	0	0	0	0	0	0	8
0	0	0	0	0	0	0	0	0	0	0	0	0	0	0	0	0	0	0	0	0	0	0	0	0	0	0	0	0	0	0	0	0	0	0	0	0	0	0	0	0	0	0	0	0	0	0	0	0	0	0	0	0	0	0	0	0	0	0	0	0	0	0	0	0	0	0	0	0	0	0	0	0	0	0
0	53	0	0	0	0	0	0	0	0	0	0	0	1	0	0	0	0	0	4	0	0	0	0	4	0	0	0	0	3	0	10	0	0	0	3	0	0	0	124	0	0	0	0	0	105	8	0	0	0	0	3	27	0	0	0	0	0	5	0	0	0	0	0	0	0	0	8	0	0	0	0	0	0	1
0	0	0	0	0	0	0	0	0	0	0	0	0	0	0	0	0	0	0	0	0	0	0	0	26	0	0	0	0	0	0	0	0	0	0	0	0	0	0	0	0	0	0	0	0	0	3	0	0	0	0	0	0	0	0	0	0	238	0	22	0	0	0	0	0	0	0	0	0	0	2	0	0	0	0
0	0	0	340	0	0	0	0	0	0	277	0	0	1	0	0	0	1	5	23	578	0	0	0	0	0	0	0	2	14	0	104	0	0	0	67	15	1	7	0	0	11	28	1	11	266	44	0	2	0	0	135	4	613	0	0	238	0	28	28	0	4	114	0	0	0	45	6	0	0	548	13	0	0	1
0	4	0	1	0	0	0	0	0	0	11	0	0	2	0	0	0	30	2	6	0	0	31	0	0	0	0	0	0	103	0	18	0	1	113	437	1	0	180	13	0	3	105	0	9	3	138	0	0	0	0	0	2	29	0	5	0	28	0	308	1	0	41	0	0	0	0	337	6	0	8	1	0	0	9
0	0	0	0	0	0	0	0	0	0	0	0	0	2	0	0	0	0	0	2	0	0	0	0	0	0	0	0	48	1	0	0	0	0	0	128	0	0	4	8	0	0	8	0	0	0	0	0	0	0	0	0	2	0	0	0	22	28	308	0	3	0	69	0	0	0	0	30	0	0	4	10	0	0	0
0	0	0	0	0	0	0	0	0	0	0	0	0	0	0	0	0	0	0	3	0	0	0	0	0	0	0	0	9	0	0	0	0	0	0	3	0	0	2	0	0	0	0	0	0	0	0	0	0	0	0	0	0	0	0	0	0	0	1	3	0	0	0	0	0	0	0	0	0	0	0	2	0	0	0
0	0	0	0	0	0	0	0	0	0	0	0	0	0	0	0	0	0	0	0	0	0	0	0	0	0	0	0	0	0	0	0	0	0	0	0	0	1	0	0	0	0	0	0	0	0	0	0	0	0	0	0	0	0	0	0	0	4	0	0	0	0	29	0	0	0	0	0	0	0	0	0	0	1	10
0	0	0	19	2	218	0	0	0	0	0	0	0	0	5	0	0	2	19	0	2	6	0	0	0	0	0	0	0	0	0	0	0	15	11	0	2	0	37	0	0	26	61	0	58	5	11	0	5	0	0	0	1	0	0	0	0	114	41	69	0	29	0	0	0	0	5	0	16	19	2	0	0	3	5
0	0	0	0	0	0	0	0	0	0	0	0	0	0	0	0	0	0	0	0	0	0	0	0	0	0	0	0	0	0	0	0	0	0	0	0	0	0	0	0	0	0	0	0	0	0	0	0	0	0	0	0	0	0	0	0	0	0	0	0	0	0	0	0	0	0	0	0	0	0	0	0	0	0	0
0	0	0	0	0	0	0	0	0	0	0	0	0	1	0	0	0	0	0	0	0	0	0	0	0	0	0	0	0	0	0	0	0	0	0	0	0	0	0	0	0	2	0	0	0	0	0	0	0	0	0	0	0	0	0	0	0	0	0	0	0	0	0	0	0	0	0	0	0	0	0	0	0	0	0
0	0	0	0	0	0	0	0	0	0	0	0	0	0	0	0	0	0	0	0	0	0	0	0	0	0	0	0	0	0	0	0	0	0	0	0	0	0	0	0	0	0	0	0	0	0	0	0	0	0	0	0	0	0	0	0	0	0	0	0	0	0	0	0	0	0	0	0	0	0	0	0	0	0	0
0	0	0	8	26	0	0	0	0	0	14	0	0	0	0	0	0	0	0	0	0	0	0	0	0	0	0	0	0	0	442	0	0	0	0	0	22	0	0	0	0	410	0	0	12	0	0	0	0	0	0	0	0	0	0	0	0	45	0	0	0	0	5	0	0	0	0	0	0	0	0	0	0	1	0
0	1	0	0	0	0	0	0	0	0	0	0	0	0	0	0	0	3	1	0	0	0	1	0	0	0	0	0	0	12	0	38	0	0	0	38	0	0	1	10	0	2	0	0	0	28	18	0	0	0	0	1	2	0	0	8	0	6	337	30	0	0	0	0	0	0	0	0	0	0	1	0	0	1	0
0	77	0	0	0	0	0	0	0	0	0	0	0	0	0	0	0	2	0	0	0	0	0	0	36	0	0	0	0	43	0	4	0	0	0	7	0	0	0	0	0	0	0	0	0	0	6	0	0	0	0	1	1	0	0	0	0	0	6	0	0	0	16	0	0	0	0	0	0	0	0	0	0	0	0
0	0	0	0	0	0	0	0	0	0	0	0	0	0	0	0	0	0	0	0	0	0	0	0	0	0	0	0	0	0	0	0	0	3	0	0	0	0	0	0	0	5	0	0	0	0	0	0	0	0	0	0	0	0	0	0	0	0	0	0	0	0	19	0	0	0	0	0	0	0	1	0	0	0	0
0	3	0	1	0	0	0	0	0	0	20	0	0	0	0	0	0	0	1	2	2	0	0	0	2	0	0	0	0	0	0	0	0	0	0	22	1	0	1	3	0	0	0	0	0	50	15	0	21	0	0	0	2	0	0	0	2	548	8	4	0	0	2	0	0	0	0	1	0	1	0	0	0	0	0
0	0	0	0	0	0	0	0	0	0	0	0	0	3	0	0	0	0	0	18	0	0	0	0	0	0	0	0	0	0	0	0	0	3	0	1	0	0	0	175	0	0	0	0	0	0	31	0	0	0	0	0	2	0	0	0	0	13	1	10	2	0	0	0	0	0	0	0	0	0	0	0	0	0	0
0	0	0	0	0	0	0	0	0	0	0	0	0	0	0	0	0	0	0	0	0	0	0	0	0	0	0	0	0	0	0	0	0	0	0	0	0	0	0	0	0	0	0	0	0	0	0	0	0	0	0	0	0	0	0	0	0	0	0	0	0	0	0	0	0	0	0	0	0	0	0	0	0	0	0
0	0	0	0	0	0	0	0	0	0	0	0	0	0	0	0	0	0	3	0	2	0	0	0	0	0	0	0	0	0	12	0	0	0	0	0	2	0	1	0	0	0	1	0	2	0	0	0	0	0	0	0	0	0	0	0	0	0	0	0	0	1	3	0	0	0	1	1	0	0	0	0	0	0	0
0	0	0	0	0	0	0	0	0	0	0	0	0	0	0	0	0	0	0	0	2	0	0	0	0	0	0	0	0	0	0	60	0	0	0	0	0	0	6	0	0	1	0	0	0	6	0	0	0	0	0	0	0	8	0	1	0	1	9	0	0	10	5	0	0	0	0	0	0	0	0	0	0	0	0
