0	0	0	0	0	0	0	0	0	0	0	0	0	0	0	0	0	0	0	0	0	0	0	0	0	0	0	0	0	0	0	0	0	0	0	0	0	0	0	0	0	0	0	0	0	0	0	0	0	0	0	0	0	0	0	0	0	0	0	0	0	0	0	0	0	0	0	0	0	0	0	0	0	0	0
0	0	0	0	0	0	0	0	0	0	0	0	0	0	0	0	0	0	0	0	0	0	16	0	4	0	0	0	0	0	0	22	0	0	0	0	1	0	0	0	0	0	0	0	0	0	0	0	0	0	0	0	0	0	0	0	0	0	0	0	0	0	0	0	0	0	0	5	0	0	0	0	0	0	0
0	0	0	0	0	225	0	0	227	0	0	0	0	255	0	98	194	1	0	41	11	12	0	1	0	0	0	0	0	9	0	2	0	0	0	9	0	0	7	4	179	15	0	154	1	0	0	0	0	0	0	0	0	0	6	0	0	26	0	0	1	0	0	0	0	0	34	0	0	1	0	0	0	0	0
0	0	0	0	0	0	0	0	0	0	136	0	0	0	0	3	1	0	0	0	0	1	0	0	0	0	0	8	0	0	0	0	0	0	0	0	3	0	0	1	0	0	2	0	0	0	0	0	44	0	0	0	0	0	0	0	0	148	0	0	0	0	0	0	0	0	28	0	0	1	0	0	0	0	0
0	0	0	0	0	0	0	0	0	0	0	0	0	0	0	97	97	0	0	0	0	0	0	0	0	0	0	0	0	0	0	0	0	0	0	0	0	0	0	0	0	0	0	0	0	0	0	0	2	0	3	0	0	0	0	0	0	0	0	0	0	0	0	0	0	0	1	0	0	0	0	0	0	0	0
0	0	225	0	0	0	0	0	0	0	0	0	0	14	0	109	109	0	2	0	0	0	0	0	0	0	0	0	0	0	0	0	0	0	0	0	0	0	0	0	0	0	0	0	0	0	0	0	0	0	0	0	0	0	0	0	0	1	0	0	0	0	0	0	0	0	0	0	0	0	0	0	0	0	0
0	0	0	0	0	0	0	0	0	0	4	0	0	0	0	0	0	0	0	0	0	0	0	0	0	0	0	0	0	0	0	64	0	0	0	0	0	0	0	0	0	0	0	0	2	0	0	0	0	0	0	0	0	0	0	0	0	105	0	0	0	0	0	0	0	0	0	0	0	0	0	0	0	0	0
0	0	0	0	0	0	0	0	0	0	0	0	0	0	0	6	0	0	2	0	0	0	0	0	0	0	0	0	0	1	0	0	0	0	0	1	33	0	17	0	0	200	19	0	244	0	0	2	1	0	0	0	0	0	0	1	0	2	0	0	0	0	0	0	0	0	22	2	0	0	0	0	0	0	0
0	0	227	0	0	0	0	0	0	0	0	0	0	26	0	50	50	0	0	0	0	0	0	0	0	0	0	0	0	0	0	0	0	1	0	1	0	0	0	0	0	0	0	0	0	0	0	0	0	184	0	0	0	0	10	0	0	0	0	0	0	0	0	0	0	0	0	0	0	0	0	0	0	0	0
0	0	0	0	0	0	0	0	0	0	0	0	0	0	0	0	0	0	0	0	0	0	0	0	0	0	0	0	0	0	0	0	0	0	0	0	0	0	0	0	0	0	0	0	0	0	0	0	0	0	0	0	0	0	0	0	0	0	0	0	0	0	0	0	0	0	0	0	0	0	0	0	0	0	0
0	0	0	136	0	0	4	0	0	0	0	0	0	0	0	180	6	0	136	40	93	0	0	4	0	0	0	6	0	0	0	55	0	0	0	2	18	0	0	0	0	56	17	22	202	0	0	0	0	0	0	0	0	126	3	0	144	245	0	0	0	2	0	0	0	0	169	0	0	1	0	0	0	0	0
0	0	0	0	0	0	0	0	0	0	0	0	0	0	0	0	0	0	0	0	0	0	0	0	0	0	0	0	0	0	0	0	0	0	0	0	0	0	0	0	0	0	0	0	0	0	0	0	0	0	0	0	0	0	0	0	0	0	0	0	0	0	0	0	0	0	0	0	0	0	144	286	0	0	0
0	0	0	0	0	0	0	0	0	0	0	0	0	0	0	0	0	0	0	0	0	0	0	0	0	0	0	0	0	0	0	0	0	0	0	0	0	0	0	0	0	0	0	0	0	0	0	0	0	0	0	0	0	0	0	0	0	0	0	0	0	0	0	0	0	0	0	0	0	0	0	0	0	0	0
0	0	255	0	0	14	0	0	26	0	0	0	0	0	0	79	80	3	0	0	0	85	0	1	0	0	0	0	0	0	0	0	0	25	0	0	0	0	0	8	18	0	0	9	0	0	0	0	0	158	0	0	0	0	0	1	1	2	0	0	1	0	0	0	0	0	0	0	0	2	0	0	0	0	0
0	0	0	0	0	0	0	0	0	0	0	0	0	0	0	12	12	0	1	0	0	0	0	0	0	0	0	0	0	0	0	0	0	0	0	0	0	0	3	0	0	0	0	0	0	0	0	2	0	0	0	0	0	0	0	0	0	0	0	0	0	3	0	0	0	0	0	0	0	0	0	0	0	0	0
0	0	98	3	97	109	0	6	50	0	180	0	0	79	12	0	8	0	15	38	1	0	0	0	0	0	0	1	0	2	0	0	0	0	0	0	17	2	16	0	15	7	10	6	11	0	0	12	0	0	126	0	0	0	0	0	0	53	0	0	0	19	0	0	0	0	23	0	0	44	0	0	0	0	0
0	0	194	1	97	109	0	0	50	0	6	0	0	80	12	8	0	0	14	35	1	0	0	0	0	0	0	0	0	1	0	0	0	0	0	0	10	0	16	0	15	6	6	0	1	0	0	12	0	0	134	0	0	0	0	0	0	9	0	0	0	19	0	4	0	0	3	0	0	44	0	0	0	0	0
0	0	1	0	0	0	0	0	0	0	0	0	0	3	0	0	0	0	0	0	0	194	0	0	0	0	36	0	0	0	0	12	0	0	0	0	0	0	0	46	0	0	0	0	0	0	0	0	0	2	0	0	90	0	0	0	0	0	0	0	0	0	0	0	0	0	0	2	0	0	0	0	0	0	0
0	0	0	0	0	2	0	2	0	0	136	0	0	0	1	15	14	0	0	0	0	0	0	2	0	0	0	0	0	0	0	20	0	0	0	1	0	0	0	0	1	5	1	0	6	0	0	0	0	0	176	0	0	1	0	1	0	57	0	0	0	3	0	0	0	0	0	0	0	3	0	0	0	0	0
0	0	41	0	0	0	0	0	0	0	40	0	0	0	0	38	35	0	0	0	8	0	0	0	4	0	0	0	0	4	0	14	0	1	0	6	0	1	0	0	0	0	2	11	2	2	0	0	0	2	0	0	0	2	2	0	4	123	0	0	0	0	0	0	0	0	0	0	0	0	0	0	0	0	0
0	0	11	0	0	0	0	0	0	0	93	0	0	0	0	1	1	0	0	8	0	20	0	0	4	0	2	0	0	0	0	110	0	20	0	1	0	1	0	1	0	0	0	1	0	0	4	0	0	26	0	0	0	0	16	0	3	219	0	0	0	0	0	0	0	0	0	0	0	0	0	0	0	0	0
0	0	12	1	0	0	0	0	0	0	0	0	0	85	0	0	0	194	0	0	20	0	2	1	0	0	23	0	0	2	0	0	0	53	0	8	0	0	3	312	193	0	2	0	0	0	0	1	0	0	0	0	48	0	0	11	2	2	0	0	1	0	0	0	0	0	0	0	0	5	0	0	0	0	0
0	16	0	0	0	0	0	0	0	0	0	0	0	0	0	0	0	0	0	0	0	2	0	0	0	0	1	0	0	0	0	2	0	1	0	0	0	0	0	0	0	0	0	0	0	0	0	0	0	0	0	0	0	0	0	0	0	0	0	0	0	0	0	0	0	0	0	1	0	0	0	0	0	0	0
0	0	1	0	0	0	0	0	0	0	4	0	0	1	0	0	0	0	2	0	0	1	0	0	0	0	1	0	0	0	0	0	0	0	0	0	0	1	0	2	0	0	0	1	0	0	0	0	0	34	0	0	8	0	0	0	0	38	0	0	0	0	0	0	0	0	0	0	0	0	0	0	0	0	0
0	4	0	0	0	0	0	0	0	0	0	0	0	0	0	0	0	0	0	4	4	0	0	0	0	0	0	0	0	0	0	2	0	0	0	0	0	0	0	0	0	0	0	0	0	0	0	0	0	0	0	0	0	0	1	0	10	0	0	0	0	0	0	0	0	0	4	0	0	0	0	0	0	0	0
0	0	0	0	0	0	0	0	0	0	0	0	0	0	0	0	0	0	0	0	0	0	0	0	0	0	0	0	0	0	0	4	0	0	0	0	0	0	0	0	0	0	0	0	0	0	0	0	0	0	0	0	0	0	0	0	0	4	0	0	0	0	0	0	0	0	0	0	0	0	0	0	0	0	0
0	0	0	0	0	0	0	0	0	0	0	0	0	0	0	0	0	36	0	0	2	23	1	1	0	0	0	0	0	0	0	1	0	0	0	1	0	0	0	38	22	0	0	1	0	1	0	0	0	0	0	0	2	0	0	2	2	0	0	0	0	0	0	0	0	0	0	0	0	0	0	0	0	6	0
0	0	0	8	0	0	0	0	0	0	6	0	0	0	0	1	0	0	0	0	0	0	0	0	0	0	0	0	0	0	0	0	0	0	0	0	6	0	0	0	0	5	0	0	0	0	0	0	26	0	0	0	0	0	0	0	0	0	0	0	0	0	0	2	0	0	72	0	0	0	0	0	0	0	0
0	0	0	0	0	0	0	0	0	0	0	0	0	0	0	0	0	0	0	0	0	0	0	0	0	0	0	0	0	0	0	0	0	0	0	0	0	0	0	0	0	0	0	0	0	0	0	0	0	0	0	0	0	0	0	0	0	0	0	0	0	0	0	0	0	0	0	0	0	0	0	0	0	0	0
0	0	9	0	0	0	0	1	0	0	0	0	0	0	0	2	1	0	0	4	0	2	0	0	0	0	0	0	0	0	0	0	0	29	0	6	0	1	0	1	1	0	0	2	0	0	0	0	0	5	0	0	96	0	22	0	0	2	0	0	0	0	0	0	0	0	0	11	0	0	0	0	0	0	0
0	0	0	0	0	0	0	0	0	0	0	0	0	0	0	0	0	0	0	0	0	0	0	0	0	0	0	0	0	0	0	0	0	0	0	0	0	0	0	0	0	0	0	0	0	0	0	0	0	0	0	0	0	0	0	0	0	0	0	0	0	0	0	0	0	0	0	0	0	0	0	0	0	0	0
0	22	2	0	0	0	64	0	0	0	55	0	0	0	0	0	0	12	20	14	110	0	2	0	2	4	1	0	0	0	0	0	0	0	0	0	0	0	0	0	0	0	0	0	44	312	0	0	0	0	0	2	1	68	1	142	0	216	0	0	0	0	0	0	0	0	0	24	0	0	0	0	0	0	0
0	0	0	0	0	0	0	0	0	0	0	0	0	0	0	0	0	0	0	0	0	0	0	0	0	0	0	0	0	0	0	0	0	0	0	0	0	0	0	0	0	0	0	0	0	0	0	0	0	0	0	0	0	0	0	0	0	0	0	0	0	0	0	0	0	0	0	0	0	0	0	0	0	0	0
0	0	0	0	0	0	0	0	1	0	0	0	0	25	0	0	0	0	0	1	20	53	1	0	0	0	0	0	0	29	0	0	0	0	0	32	0	0	3	53	58	0	0	5	0	1	0	0	0	0	0	0	0	0	0	0	0	1	0	0	8	0	0	0	0	0	0	0	0	0	0	0	0	0	0
0	0	0	0	0	0	0	0	0	0	0	0	0	0	0	0	0	0	0	0	0	0	0	0	0	0	0	0	0	0	0	0	0	0	0	0	0	0	0	0	0	0	0	0	0	0	0	0	0	0	0	0	0	0	0	0	0	0	0	0	0	0	0	0	0	0	0	0	0	0	0	0	0	0	0
0	0	9	0	0	0	0	1	1	0	2	0	0	0	0	0	0	0	1	6	1	8	0	0	0	0	1	0	0	6	0	0	0	32	0	0	0	2	1	0	6	0	1	10	2	0	0	0	0	43	0	0	50	0	18	0	0	33	0	0	1	0	0	0	0	0	0	27	0	0	0	0	0	0	0
0	1	0	3	0	0	0	33	0	0	18	0	0	0	0	17	10	0	0	0	0	0	0	0	0	0	0	6	0	0	0	0	0	0	0	0	0	0	1	0	0	18	43	0	25	0	0	1	0	1	0	0	0	0	0	0	0	0	0	0	0	0	0	0	0	0	104	1	0	0	0	0	0	0	0
0	0	0	0	0	0	0	0	0	0	0	0	0	0	0	2	0	0	0	1	1	0	0	1	0	0	0	0	0	1	0	0	0	0	0	2	0	0	1	0	0	0	2	0	0	0	0	0	0	1	0	0	0	0	0	0	1	0	0	0	2	0	0	0	0	0	0	3	0	1	0	0	0	0	0
0	0	7	0	0	0	0	17	0	0	0	0	0	0	3	16	16	0	0	0	0	3	0	0	0	0	0	0	0	0	0	0	0	3	0	1	1	1	0	1	0	0	0	1	2	0	0	0	2	1	0	0	0	0	21	0	1	0	0	0	0	0	0	0	0	0	0	0	0	0	0	0	0	0	0
0	0	4	1	0	0	0	0	0	0	0	0	0	8	0	0	0	46	0	0	1	312	0	2	0	0	38	0	0	1	0	0	0	53	0	0	0	0	1	0	25	2	0	0	0	0	1	1	0	1	0	0	101	0	1	18	12	1	0	0	0	0	0	0	0	0	0	0	0	0	0	0	0	0	0
0	0	179	0	0	0	0	0	0	0	0	0	0	18	0	15	15	0	1	0	0	193	0	0	0	0	22	0	0	1	0	0	0	58	0	6	0	0	0	25	0	0	0	0	0	0	0	0	0	158	0	0	84	0	27	0	0	1	0	0	0	0	0	0	0	0	0	0	0	0	0	0	0	0	0
0	0	15	0	0	0	0	200	0	0	56	0	0	0	0	7	6	0	5	0	0	0	0	0	0	0	0	5	0	0	0	0	0	0	0	0	18	0	0	2	0	0	0	0	6	0	0	0	1	1	0	0	0	0	0	0	0	1	0	0	0	0	0	0	0	0	58	0	0	0	0	0	0	0	0
0	0	0	2	0	0	0	19	0	0	17	0	0	0	0	10	6	0	1	2	0	2	0	0	0	0	0	0	0	0	0	0	0	0	0	1	43	2	0	0	0	0	0	3	3	0	0	1	0	0	0	0	0	0	0	0	0	1	0	0	0	0	0	0	0	0	41	9	0	1	0	0	0	0	0
0	0	154	0	0	0	0	0	0	0	22	0	0	9	0	6	0	0	0	11	1	0	0	1	0	0	1	0	0	2	0	0	0	5	0	10	0	0	1	0	0	0	3	0	0	0	1	0	17	218	0	0	0	0	0	0	1	89	0	0	2	0	0	0	0	0	0	58	0	1	0	0	0	0	0
0	0	1	0	0	0	2	244	0	0	202	0	0	0	0	11	1	0	6	2	0	0	0	0	0	0	0	0	0	0	0	44	0	0	0	2	25	0	2	0	0	6	3	0	0	0	0	2	40	0	0	0	0	2	0	0	0	3	0	0	0	0	0	0	0	0	23	1	0	0	0	0	0	0	0
0	0	0	0	0	0	0	0	0	0	0	0	0	0	0	0	0	0	0	2	0	0	0	0	0	0	1	0	0	0	0	312	0	1	0	0	0	0	0	0	0	0	0	0	0	0	0	0	0	1	0	0	7	0	0	0	0	53	0	0	0	0	0	0	0	0	0	4	0	0	0	0	0	0	0
0	0	0	0	0	0	0	0	0	0	0	0	0	0	0	0	0	0	0	0	4	0	0	0	0	0	0	0	0	0	0	0	0	0	0	0	0	0	0	1	0	0	0	1	0	0	0	0	0	1	0	0	0	0	0	0	0	4	0	0	0	4	0	0	0	0	0	1	0	0	0	0	0	0	0
0	0	0	0	0	0	0	2	0	0	0	0	0	0	2	12	12	0	0	0	0	1	0	0	0	0	0	0	0	0	0	0	0	0	0	0	1	0	0	1	0	0	1	0	2	0	0	0	0	0	0	0	0	0	0	0	0	0	0	0	0	0	0	0	0	0	0	0	0	0	0	0	0	0	0
0	0	0	44	2	0	0	1	0	0	0	0	0	0	0	0	0	0	0	0	0	0	0	0	0	0	0	26	0	0	0	0	0	0	0	0	0	0	2	0	0	1	0	17	40	0	0	0	0	0	0	0	0	0	0	0	0	0	0	0	0	0	0	0	0	0	13	0	0	0	0	0	0	0	0
0	0	0	0	0	0	0	0	184	0	0	0	0	158	0	0	0	2	0	2	26	0	0	34	0	0	0	0	0	5	0	0	0	0	0	43	1	1	1	1	158	1	0	218	0	1	1	0	0	0	0	0	0	0	1	1	15	20	0	0	197	0	0	0	0	0	0	6	0	48	0	0	0	0	0
0	0	0	0	3	0	0	0	0	0	0	0	0	0	0	126	134	0	176	0	0	0	0	0	0	0	0	0	0	0	0	0	0	0	0	0	0	0	0	0	0	0	0	0	0	0	0	0	0	0	0	0	0	0	0	0	0	0	0	0	0	0	0	4	0	0	0	0	0	0	0	0	0	0	0
0	0	0	0	0	0	0	0	0	0	0	0	0	0	0	0	0	0	0	0	0	0	0	0	0	0	0	0	0	0	0	2	0	0	0	0	0	0	0	0	0	0	0	0	0	0	0	0	0	0	0	0	0	0	0	0	0	0	0	0	0	0	0	0	0	0	0	0	0	0	0	0	0	0	0
0	0	0	0	0	0	0	0	0	0	0	0	0	0	0	0	0	90	0	0	0	48	0	8	0	0	2	0	0	96	0	1	0	0	0	50	0	0	0	101	84	0	0	0	0	7	0	0	0	0	0	0	0	1	0	9	17	1	0	0	0	0	0	0	0	0	0	1	0	0	0	0	0	4	0
0	0	0	0	0	0	0	0	0	0	126	0	0	0	0	0	0	0	1	2	0	0	0	0	0	0	0	0	0	0	0	68	0	0	0	0	0	0	0	0	0	0	0	0	2	0	0	0	0	0	0	0	1	0	3	0	1	154	0	0	0	0	0	0	0	0	1	0	0	0	0	0	0	0	0
0	0	6	0	0	0	0	0	10	0	3	0	0	0	0	0	0	0	0	2	16	0	0	0	1	0	0	0	0	22	0	1	0	0	0	18	0	0	21	1	27	0	0	0	0	0	0	0	0	1	0	0	0	3	0	0	9	0	0	0	6	0	0	0	0	0	0	0	0	0	0	0	0	0	0
0	0	0	0	0	0	0	1	0	0	0	0	0	1	0	0	0	0	1	0	0	11	0	0	0	0	2	0	0	0	0	142	0	0	0	0	0	0	0	18	0	0	0	0	0	0	0	0	0	1	0	0	9	0	0	0	2	0	0	2	0	0	0	0	0	0	1	1	0	0	0	0	0	0	0
0	0	0	0	0	0	0	0	0	0	144	0	0	1	0	0	0	0	0	4	3	2	0	0	10	0	2	0	0	0	0	0	0	0	0	0	0	1	1	12	0	0	0	1	0	0	0	0	0	15	0	0	17	1	9	2	0	77	0	0	0	0	0	0	0	0	0	0	0	0	0	0	0	0	0
0	0	26	148	0	1	105	2	0	0	245	0	0	2	0	53	9	0	57	123	219	2	0	38	0	4	0	0	0	2	0	216	0	1	0	33	0	0	0	1	1	1	1	89	3	53	4	0	0	20	0	0	1	154	0	0	77	0	0	0	1	3	0	0	0	0	56	1	0	15	0	0	0	0	0
0	0	0	0	0	0	0	0	0	0	0	0	0	0	0	0	0	0	0	0	0	0	0	0	0	0	0	0	0	0	0	0	0	0	0	0	0	0	0	0	0	0	0	0	0	0	0	0	0	0	0	0	0	0	0	0	0	0	0	0	0	0	0	0	0	0	0	0	0	0	0	0	0	0	0
0	0	0	0	0	0	0	0	0	0	0	0	0	0	0	0	0	0	0	0	0	0	0	0	0	0	0	0	0	0	0	0	0	0	0	0	0	0	0	0	0	0	0	0	0	0	0	0	0	0	0	0	0	0	0	2	0	0	0	0	0	0	0	0	0	0	0	0	0	0	0	0	0	0	0
0	0	1	0	0	0	0	0	0	0	0	0	0	1	0	0	0	0	0	0	0	1	0	0	0	0	0	0	0	0	0	0	0	8	0	1	0	2	0	0	0	0	0	2	0	0	0	0	0	197	0	0	0	0	6	0	0	1	0	0	0	0	0	0	0	0	0	0	0	0	0	0	0	0	0
0	0	0	0	0	0	0	0	0	0	2	0	0	0	3	19	19	0	3	0	0	0	0	0	0	0	0	0	0	0	0	0	0	0	0	0	0	0	0	0	0	0	0	0	0	0	4	0	0	0	0	0	0	0	0	0	0	3	0	0	0	0	0	0	0	0	1	0	0	0	0	0	0	0	0
0	0	0	0	0	0	0	0	0	0	0	0	0	0	0	0	0	0	0	0	0	0	0	0	0	0	0	0	0	0	0	0	0	0	0	0	0	0	0	0	0	0	0	0	0	0	0	0	0	0	0	0	0	0	0	0	0	0	0	0	0	0	0	0	0	0	0	0	0	0	0	0	0	0	0
0	0	0	0	0	0	0	0	0	0	0	0	0	0	0	0	4	0	0	0	0	0	0	0	0	0	0	2	0	0	0	0	0	0	0	0	0	0	0	0	0	0	0	0	0	0	0	0	0	0	4	0	0	0	0	0	0	0	0	0	0	0	0	0	0	0	7	0	0	0	0	0	0	0	0
0	0	0	0	0	0	0	0	0	0	0	0	0	0	0	0	0	0	0	0	0	0	0	0	0	0	0	0	0	0	0	0	0	0	0	0	0	0	0	0	0	0	0	0	0	0	0	0	0	0	0	0	0	0	0	0	0	0	0	0	0	0	0	0	0	0	0	0	0	0	0	0	0	0	0
0	0	0	0	0	0	0	0	0	0	0	0	0	0	0	0	0	0	0	0	0	0	0	0	0	0	0	0	0	0	0	0	0	0	0	0	0	0	0	0	0	0	0	0	0	0	0	0	0	0	0	0	0	0	0	0	0	0	0	0	0	0	0	0	0	0	0	0	0	0	0	0	0	0	0
0	0	34	28	1	0	0	22	0	0	169	0	0	0	0	23	3	0	0	0	0	0	0	0	4	0	0	72	0	0	0	0	0	0	0	0	104	0	0	0	0	58	41	0	23	0	0	0	13	0	0	0	0	1	0	1	0	56	0	0	0	1	0	7	0	0	0	1	0	0	0	0	0	0	0
0	5	0	0	0	0	0	2	0	0	0	0	0	0	0	0	0	2	0	0	0	0	1	0	0	0	0	0	0	11	0	24	0	0	0	27	1	3	0	0	0	0	9	58	1	4	1	0	0	6	0	0	1	0	0	1	0	1	0	0	0	0	0	0	0	0	1	0	0	2	0	0	0	0	0
0	0	0	0	0	0	0	0	0	0	0	0	0	0	0	0	0	0	0	0	0	0	0	0	0	0	0	0	0	0	0	0	0	0	0	0	0	0	0	0	0	0	0	0	0	0	0	0	0	0	0	0	0	0	0	0	0	0	0	0	0	0	0	0	0	0	0	0	0	0	0	0	0	0	0
0	0	1	1	0	0	0	0	0	0	1	0	0	2	0	44	44	0	3	0	0	5	0	0	0	0	0	0	0	0	0	0	0	0	0	0	0	1	0	0	0	0	1	1	0	0	0	0	0	48	0	0	0	0	0	0	0	15	0	0	0	0	0	0	0	0	0	2	0	0	0	0	0	0	0
0	0	0	0	0	0	0	0	0	0	0	144	0	0	0	0	0	0	0	0	0	0	0	0	0	0	0	0	0	0	0	0	0	0	0	0	0	0	0	0	0	0	0	0	0	0	0	0	0	0	0	0	0	0	0	0	0	0	0	0	0	0	0	0	0	0	0	0	0	0	0	0	0	0	0
0	0	0	0	0	0	0	0	0	0	0	286	0	0	0	0	0	0	0	0	0	0	0	0	0	0	0	0	0	0	0	0	0	0	0	0	0	0	0	0	0	0	0	0	0	0	0	0	0	0	0	0	0	0	0	0	0	0	0	0	0	0	0	0	0	0	0	0	0	0	0	0	0	0	0
0	0	0	0	0	0	0	0	0	0	0	0	0	0	0	0	0	0	0	0	0	0	0	0	0	0	0	0	0	0	0	0	0	0	0	0	0	0	0	0	0	0	0	0	0	0	0	0	0	0	0	0	0	0	0	0	0	0	0	0	0	0	0	0	0	0	0	0	0	0	0	0	0	0	0
0	0	0	0	0	0	0	0	0	0	0	0	0	0	0	0	0	0	0	0	0	0	0	0	0	0	6	0	0	0	0	0	0	0	0	0	0	0	0	0	0	0	0	0	0	0	0	0	0	0	0	0	4	0	0	0	0	0	0	0	0	0	0	0	0	0	0	0	0	0	0	0	0	0	0
0	0	0	0	0	0	0	0	0	0	0	0	0	0	0	0	0	0	0	0	0	0	0	0	0	0	0	0	0	0	0	0	0	0	0	0	0	0	0	0	0	0	0	0	0	0	0	0	0	0	0	0	0	0	0	0	0	0	0	0	0	0	0	0	0	0	0	0	0	0	0	0	0	0	0
