0	0	0	0	0	0	0	0	0	0	0	0	0	0	0	0	0	0	0	0	0	0	0	0	0	0	0	0	0	0	0	0	0	0	0	0	0	0	0	0	0	0	0	0	0	0	0	0	0	0	0	0	0	0	0	0	0	0	0	0	0	0	0	0	0	0	0	0	0	0	0	0	0	0	0
0	0	0	0	0	0	0	0	0	0	0	0	0	0	0	0	0	0	0	7	0	0	65	0	145	40	1	0	0	0	0	0	0	0	0	52	0	0	0	0	0	0	0	0	0	1	0	0	0	0	0	0	8	0	0	133	0	0	1	0	0	0	0	0	0	0	0	29	125	0	0	0	0	0	0
0	0	0	0	6	15	1	0	4	0	5	1	0	333	7	0	1	0	1	23	0	3	0	0	0	1	2	0	0	0	0	0	2	2	34	4	4	0	0	0	14	0	2	0	1	0	3	7	7	0	0	0	0	0	0	1	0	4	3	3	38	21	12	0	93	0	2	4	0	14	6	13	11	3	1
0	0	0	0	0	0	0	0	0	0	212	0	0	0	93	42	0	0	21	0	0	0	0	0	0	0	2	76	0	0	0	0	0	1	0	2	0	0	0	0	0	0	0	0	0	0	0	0	12	0	0	0	0	0	0	0	0	128	0	4	0	0	93	0	30	0	80	0	0	0	0	0	0	1	0
0	0	6	0	0	0	0	0	0	0	4	0	0	0	0	0	0	0	1	0	0	0	0	0	0	1	0	122	0	0	0	0	0	0	0	0	7	0	0	0	0	0	0	0	0	0	0	0	4	0	0	0	0	0	0	0	0	0	0	0	0	0	0	0	0	0	245	0	0	0	0	0	6	1	0
0	0	15	0	0	0	0	0	0	0	9	0	0	85	56	0	0	0	27	0	0	0	0	0	0	1	0	3	0	0	0	1	4	1	4	2	4	0	0	0	0	0	1	0	0	0	0	0	4	0	0	0	7	0	0	0	0	0	0	0	5	0	418	0	142	0	1	2	0	1	0	0	15	6	0
0	0	1	0	0	0	0	0	0	0	331	0	0	0	0	14	0	0	13	0	1	0	0	0	0	124	0	0	0	0	0	1	0	0	0	0	0	0	0	0	0	0	0	0	6	0	0	0	14	0	0	0	0	0	0	0	0	171	0	0	0	0	0	0	0	0	0	0	0	0	0	0	1	0	191
0	0	0	0	0	0	0	0	0	0	0	0	0	0	0	0	0	0	0	0	0	0	0	0	0	0	0	0	0	0	0	0	0	0	0	0	0	0	0	0	0	0	0	0	0	0	0	0	0	0	0	0	0	0	0	0	0	0	0	0	0	0	0	0	0	0	0	0	0	0	0	0	0	0	0
0	0	4	0	0	0	0	0	0	0	0	0	0	205	0	0	0	0	0	0	95	102	0	0	0	0	3	0	0	0	0	0	0	4	0	0	0	0	0	0	0	0	0	0	0	0	0	0	0	0	0	0	1	0	0	0	0	5	0	0	6	0	0	0	70	0	0	0	0	0	1	0	4	0	0
0	0	0	0	0	0	0	0	0	0	0	0	0	0	20	0	0	0	0	0	0	0	0	0	0	0	0	0	0	0	0	0	0	0	0	0	0	0	0	0	0	0	0	0	0	0	0	0	0	0	0	0	0	0	0	0	0	1	0	0	0	0	0	0	0	0	0	0	0	1	0	0	0	0	0
0	0	5	212	4	9	331	0	0	0	0	0	0	1	3	220	0	0	38	24	1	1	0	0	0	0	0	93	0	0	0	1	0	3	1	0	262	0	0	0	0	0	171	0	477	0	0	1	274	0	0	49	0	420	0	0	0	340	12	1	0	0	19	0	0	0	366	3	14	0	80	13	11	0	0
0	0	1	0	0	0	0	0	0	0	0	0	0	0	0	0	0	0	0	0	0	0	0	0	0	0	0	0	0	0	0	0	0	0	0	0	0	0	0	0	0	0	14	0	0	0	0	0	0	0	0	0	0	0	0	0	0	0	0	0	0	4	4	0	0	0	8	0	0	0	10	114	55	0	0
0	0	0	0	0	0	0	0	0	0	0	0	0	0	0	0	0	0	0	0	0	0	0	0	0	0	0	0	0	0	0	0	0	0	0	0	0	0	0	0	0	0	0	0	0	0	0	0	0	0	0	0	0	0	0	0	0	0	0	0	0	0	0	0	0	0	0	0	0	0	0	0	0	0	0
0	0	333	0	0	85	0	0	205	0	1	0	0	0	0	0	27	0	5	176	0	49	4	0	0	0	1	0	0	0	0	0	0	134	232	24	4	0	0	0	323	0	6	0	0	0	120	1	0	0	0	0	2	0	0	4	16	8	10	7	183	0	3	0	8	0	0	11	0	2	27	193	20	0	0
0	0	7	93	0	56	0	0	0	20	3	0	0	0	0	4	3	0	3	0	0	14	0	0	0	0	0	11	0	0	0	1	5	1	0	1	27	0	0	0	0	0	111	0	2	0	0	123	40	0	0	0	0	0	0	1	14	5	0	2	0	242	676	0	53	0	6	0	1	66	18	0	35	47	0
0	0	0	42	0	0	14	0	0	0	220	0	0	0	4	0	0	0	3	0	0	0	0	0	0	0	0	0	0	0	0	0	0	0	0	0	125	0	0	0	0	0	131	0	132	0	0	0	93	0	0	0	0	40	0	0	0	45	25	6	0	0	0	0	0	0	22	0	0	0	30	0	1	2	1
0	0	1	0	0	0	0	0	0	0	0	0	0	27	3	0	0	0	7	0	0	0	1	0	0	0	0	0	0	0	0	0	0	0	4	2	4	0	0	0	0	0	0	0	0	0	0	0	0	0	0	0	1	0	0	0	0	0	1	0	0	0	32	0	28	0	0	5	0	0	0	0	1	7	1
0	0	0	0	0	0	0	0	0	0	0	0	0	0	0	0	0	0	0	0	0	0	0	0	0	0	0	0	0	0	0	0	0	0	0	0	0	0	0	0	0	0	0	0	0	0	0	0	0	0	0	0	0	0	0	0	0	0	0	0	0	0	0	0	0	0	0	0	0	0	0	0	0	0	0
0	0	1	21	1	27	13	0	0	0	38	0	0	5	3	3	7	0	0	0	0	0	4	0	0	0	0	0	0	0	0	0	0	12	2	3	8	0	0	0	0	0	16	0	37	0	0	5	25	0	185	0	0	13	0	0	0	0	21	2	3	3	59	0	0	0	7	15	0	3	0	0	9	16	0
0	7	23	0	0	0	0	0	0	0	24	0	0	176	0	0	0	0	0	0	27	84	16	0	0	5	51	12	0	0	0	1	0	30	26	16	0	0	0	0	12	0	2	0	0	0	0	0	11	0	0	0	93	0	0	0	2	129	90	184	30	0	0	0	0	0	0	10	8	0	0	12	9	0	86
0	0	0	0	0	0	1	0	95	0	1	0	0	0	0	0	0	0	0	27	0	180	0	0	1	0	61	0	0	0	0	0	0	34	0	8	0	0	0	0	113	0	0	0	0	0	0	0	1	0	0	0	6	1	0	1	0	51	2	0	1	0	0	0	0	0	2	1	0	0	24	139	9	0	7
0	0	3	0	0	0	0	0	102	0	1	0	0	49	14	0	0	0	0	84	180	0	17	0	1	3	463	0	0	0	0	0	0	307	146	101	17	0	0	0	450	0	1	0	0	10	29	0	0	0	0	3	463	30	0	56	48	1	5	8	17	1	24	0	0	0	0	1	24	0	1	124	1	2	55
0	65	0	0	0	0	0	0	0	0	0	0	0	4	0	0	1	0	4	16	0	17	0	0	0	80	24	0	0	0	0	1	0	2	4	2	2	0	0	0	0	0	1	0	0	0	0	0	0	0	0	0	179	0	0	0	1	0	17	0	8	0	0	0	0	0	0	4	12	0	0	0	0	0	87
0	0	0	0	0	0	0	0	0	0	0	0	0	0	0	0	0	0	0	0	0	0	0	0	0	0	0	0	0	0	0	0	0	0	0	0	0	0	0	0	0	0	0	0	0	0	0	0	0	0	0	0	0	0	0	0	0	0	0	0	0	0	0	0	0	0	0	0	0	0	0	0	0	0	0
0	145	0	0	0	0	0	0	0	0	0	0	0	0	0	0	0	0	0	0	1	1	0	0	0	167	1	0	0	0	0	0	0	0	0	0	0	0	0	0	0	0	0	0	0	0	0	0	0	0	0	0	9	0	0	0	0	43	0	0	0	0	1	0	0	0	0	0	2	0	0	0	0	0	1
0	40	1	0	1	1	124	0	0	0	0	0	0	0	0	0	0	0	0	5	0	3	80	0	167	0	1	0	0	0	0	0	0	1	1	14	0	0	0	0	0	0	0	0	0	0	0	0	0	0	0	0	4	110	0	159	105	56	9	0	0	0	0	0	0	0	0	0	166	0	0	0	1	0	4
0	1	2	2	0	0	0	0	3	0	0	0	0	1	0	0	0	0	0	51	61	463	24	0	1	1	0	1	0	0	0	0	0	255	44	37	0	0	0	0	241	0	0	0	0	23	0	0	0	0	0	0	241	43	0	16	22	6	13	2	8	1	20	0	0	0	1	31	16	0	0	101	2	0	18
0	0	0	76	122	3	0	0	0	0	93	0	0	0	11	0	0	0	0	12	0	0	0	0	0	0	1	0	0	0	0	0	0	0	0	0	114	0	0	0	0	0	2	0	2	0	0	14	90	0	0	0	0	0	0	0	0	1	0	1	0	12	7	0	1	0	322	0	0	7	0	0	4	0	0
0	0	0	0	0	0	0	0	0	0	0	0	0	0	0	0	0	0	0	0	0	0	0	0	0	0	0	0	0	0	0	0	0	0	0	0	0	0	0	0	0	0	0	0	0	0	0	0	0	0	0	0	0	0	0	0	0	0	0	0	0	0	0	0	0	0	0	0	0	0	0	0	0	0	0
0	0	0	0	0	0	0	0	0	0	0	0	0	0	0	0	0	0	0	0	0	0	0	0	0	0	0	0	0	0	0	0	0	0	0	0	0	0	0	0	0	0	0	0	0	0	0	0	0	0	0	0	0	0	0	0	0	0	0	0	0	0	0	0	0	0	0	0	0	0	0	0	0	0	0
0	0	0	0	0	0	0	0	0	0	0	0	0	0	0	0	0	0	0	0	0	0	0	0	0	0	0	0	0	0	0	0	0	0	0	0	0	0	0	0	0	0	0	0	0	0	0	0	0	0	0	0	0	0	0	0	0	0	0	0	0	0	0	0	0	0	0	0	0	0	0	0	0	0	0
0	0	0	0	0	1	1	0	0	0	1	0	0	0	1	0	0	0	0	1	0	0	1	0	0	0	0	0	0	0	0	0	0	0	0	0	1	0	0	0	0	0	1	0	1	0	0	1	0	0	0	0	0	1	0	0	0	0	0	0	0	0	0	0	0	0	0	1	0	0	0	0	0	0	0
0	0	2	0	0	4	0	0	0	0	0	0	0	0	5	0	0	0	0	0	0	0	0	0	0	0	0	0	0	0	0	0	0	0	0	0	0	0	0	0	0	0	0	0	0	0	0	0	0	0	0	0	0	0	0	0	0	0	0	0	0	0	0	0	0	0	0	0	0	0	0	0	0	0	0
0	0	2	1	0	1	0	0	4	0	3	0	0	134	1	0	0	0	12	30	34	307	2	0	0	1	255	0	0	0	0	0	0	0	2	30	6	0	0	0	44	0	2	0	0	0	0	0	0	0	0	0	224	1	0	5	3	5	3	1	2	0	14	0	0	0	0	7	0	0	1	1	2	3	26
0	0	34	0	0	4	0	0	0	0	1	0	0	232	0	0	4	0	2	26	0	146	4	0	0	1	44	0	0	0	0	0	0	2	0	25	1	0	0	0	27	0	2	0	0	6	2	0	1	0	0	0	162	14	0	10	1	0	92	20	51	0	7	0	9	0	0	18	8	0	0	14	9	0	7
0	52	4	2	0	2	0	0	0	0	0	0	0	24	1	0	2	0	3	16	8	101	2	0	0	14	37	0	0	0	0	0	0	30	25	0	0	0	0	0	16	0	2	0	0	0	0	1	0	0	0	0	361	11	0	10	14	12	80	94	34	3	3	0	0	0	0	4	7	0	0	3	6	0	23
0	0	4	0	7	4	0	0	0	0	262	0	0	4	27	125	4	0	8	0	0	17	2	0	0	0	0	114	0	0	0	1	0	6	1	0	0	0	0	0	0	0	5	0	27	0	0	1	9	0	0	1	0	0	0	0	0	10	0	0	0	0	38	0	0	0	235	4	0	2	0	0	4	13	0
0	0	0	0	0	0	0	0	0	0	0	0	0	0	0	0	0	0	0	0	0	0	0	0	0	0	0	0	0	0	0	0	0	0	0	0	0	0	0	0	0	0	0	0	0	0	0	0	0	0	0	0	0	0	0	0	0	0	0	0	0	0	0	0	0	0	0	0	0	0	0	0	0	0	0
0	0	0	0	0	0	0	0	0	0	0	0	0	0	0	0	0	0	0	0	0	0	0	0	0	0	0	0	0	0	0	0	0	0	0	0	0	0	0	0	0	0	0	0	0	0	0	0	0	0	0	0	0	0	0	0	0	0	0	0	0	0	0	0	0	0	0	0	0	0	0	0	0	0	0
0	0	0	0	0	0	0	0	0	0	0	0	0	0	0	0	0	0	0	0	0	0	0	0	0	0	0	0	0	0	0	0	0	0	0	0	0	0	0	0	0	0	0	0	0	0	0	0	0	0	0	0	0	0	0	0	0	0	0	0	0	0	0	0	0	0	0	0	0	0	0	0	0	0	0
0	0	14	0	0	0	0	0	0	0	0	0	0	323	0	0	0	0	0	12	113	450	0	0	0	0	241	0	0	0	0	0	0	44	27	16	0	0	0	0	0	0	0	0	0	0	0	0	0	0	0	0	202	0	0	2	3	25	7	14	40	0	1	0	0	0	0	0	0	0	1	4	14	0	27
0	0	0	0	0	0	0	0	0	0	0	0	0	0	0	0	0	0	0	0	0	0	0	0	0	0	0	0	0	0	0	0	0	0	0	0	0	0	0	0	0	0	0	0	0	0	0	0	0	0	0	0	0	0	0	0	0	0	0	0	0	0	0	0	0	0	0	0	0	0	0	0	0	0	0
0	0	2	0	0	1	0	0	0	0	171	14	0	6	111	131	0	0	16	2	0	1	1	0	0	0	0	2	0	0	0	1	0	2	2	2	5	0	0	0	0	0	0	0	27	0	0	0	3	0	0	0	0	0	0	0	0	9	46	86	0	0	191	0	1	0	6	4	0	2	0	0	2	11	0
0	0	0	0	0	0	0	0	0	0	0	0	0	0	0	0	0	0	0	0	0	0	0	0	0	0	0	0	0	0	0	0	0	0	0	0	0	0	0	0	0	0	0	0	0	0	0	0	0	0	0	0	0	0	0	0	0	0	0	0	0	0	0	0	0	0	0	0	0	0	0	0	0	0	0
0	0	1	0	0	0	6	0	0	0	477	0	0	0	2	132	0	0	37	0	0	0	0	0	0	0	0	2	0	0	0	1	0	0	0	0	27	0	0	0	0	0	27	0	0	0	0	0	33	0	0	0	0	14	0	0	0	92	1	0	0	0	0	0	0	0	128	1	0	0	0	0	1	1	2
0	1	0	0	0	0	0	0	0	0	0	0	0	0	0	0	0	0	0	0	0	10	0	0	0	0	23	0	0	0	0	0	0	0	6	0	0	0	0	0	0	0	0	0	0	0	0	0	0	0	0	0	8	0	0	0	0	0	0	0	0	0	0	0	0	0	0	0	0	0	0	0	0	0	5
0	0	3	0	0	0	0	0	0	0	0	0	0	120	0	0	0	0	0	0	0	29	0	0	0	0	0	0	0	0	0	0	0	0	2	0	0	0	0	0	0	0	0	0	0	0	0	0	0	0	0	1	2	0	0	0	0	0	0	0	0	0	45	0	1	0	0	0	0	0	0	0	3	0	1
0	0	7	0	0	0	0	0	0	0	1	0	0	1	123	0	0	0	5	0	0	0	0	0	0	0	0	14	0	0	0	1	0	0	0	1	1	0	0	0	0	0	0	0	0	0	0	0	4	0	0	0	0	0	0	0	0	1	2	50	1	0	30	0	20	0	0	0	0	1	0	0	7	2	0
0	0	7	12	4	4	14	0	0	0	274	0	0	0	40	93	0	0	25	11	1	0	0	0	0	0	0	90	0	0	0	0	0	0	1	0	9	0	0	0	0	0	3	0	33	0	0	4	0	0	0	0	4	4	0	0	0	96	1	0	1	0	103	0	1	0	219	0	0	0	0	0	14	10	0
0	0	0	0	0	0	0	0	0	0	0	0	0	0	0	0	0	0	0	0	0	0	0	0	0	0	0	0	0	0	0	0	0	0	0	0	0	0	0	0	0	0	0	0	0	0	0	0	0	0	0	0	0	0	0	0	0	0	0	0	0	0	0	0	0	0	0	0	0	0	0	0	0	0	0
0	0	0	0	0	0	0	0	0	0	0	0	0	0	0	0	0	0	185	0	0	0	0	0	0	0	0	0	0	0	0	0	0	0	0	0	0	0	0	0	0	0	0	0	0	0	0	0	0	0	0	0	0	0	0	0	0	0	0	0	0	0	0	0	1	0	0	0	0	0	0	0	0	1	0
0	0	0	0	0	0	0	0	0	0	49	0	0	0	0	0	0	0	0	0	0	3	0	0	0	0	0	0	0	0	0	0	0	0	0	0	1	0	0	0	0	0	0	0	0	0	1	0	0	0	0	0	0	1	0	0	0	58	0	0	0	0	0	0	0	0	0	0	0	0	0	0	0	0	74
0	8	0	0	0	7	0	0	1	0	0	0	0	2	0	0	1	0	0	93	6	463	179	0	9	4	241	0	0	0	0	0	0	224	162	361	0	0	0	0	202	0	0	0	0	8	2	0	4	0	0	0	0	88	0	91	42	15	39	0	14	3	7	0	0	0	0	155	26	0	9	54	6	0	85
0	0	0	0	0	0	0	0	0	0	420	0	0	0	0	40	0	0	13	0	1	30	0	0	0	110	43	0	0	0	0	1	0	1	14	11	0	0	0	0	0	0	0	0	14	0	0	0	4	0	0	1	88	0	0	1	0	189	9	0	3	0	1	0	0	0	0	0	0	0	0	0	0	0	265
0	0	0	0	0	0	0	0	0	0	0	0	0	0	0	0	0	0	0	0	0	0	0	0	0	0	0	0	0	0	0	0	0	0	0	0	0	0	0	0	0	0	0	0	0	0	0	0	0	0	0	0	0	0	0	0	0	0	0	0	0	0	0	0	0	0	0	0	0	0	0	0	0	0	0
0	133	1	0	0	0	0	0	0	0	0	0	0	4	1	0	0	0	0	0	1	56	0	0	0	159	16	0	0	0	0	0	0	5	10	10	0	0	0	0	2	0	0	0	0	0	0	0	0	0	0	0	91	1	0	0	0	5	2	0	2	0	2	0	0	0	0	1	0	0	0	1	1	0	3
0	0	0	0	0	0	0	0	0	0	0	0	0	16	14	0	0	0	0	2	0	48	1	0	0	105	22	0	0	0	0	0	0	3	1	14	0	0	0	0	3	0	0	0	0	0	0	0	0	0	0	0	42	0	0	0	0	36	0	20	6	0	0	0	0	0	0	0	0	0	0	1	0	0	0
0	0	4	128	0	0	171	0	5	1	340	0	0	8	5	45	0	0	0	129	51	1	0	0	43	56	6	1	0	0	0	0	0	5	0	12	10	0	0	0	25	0	9	0	92	0	0	1	96	0	0	58	15	189	0	5	36	0	5	18	0	2	39	0	0	0	82	0	2	0	84	1	2	0	195
0	1	3	0	0	0	0	0	0	0	12	0	0	10	0	25	1	0	21	90	2	5	17	0	0	9	13	0	0	0	0	0	0	3	92	80	0	0	0	0	7	0	46	0	1	0	0	2	1	0	0	0	39	9	0	2	0	5	0	99	2	0	62	0	2	0	0	83	68	1	0	82	16	0	138
0	0	3	4	0	0	0	0	0	0	1	0	0	7	2	6	0	0	2	184	0	8	0	0	0	0	2	1	0	0	0	0	0	1	20	94	0	0	0	0	14	0	86	0	0	0	0	50	0	0	0	0	0	0	0	0	20	18	99	0	284	0	1	0	0	0	0	226	10	0	2	67	13	3	0
0	0	38	0	0	5	0	0	6	0	0	0	0	183	0	0	0	0	3	30	1	17	8	0	0	0	8	0	0	0	0	0	0	2	51	34	0	0	0	0	40	0	0	0	0	0	0	1	1	0	0	0	14	3	0	2	6	0	2	284	0	0	0	0	3	0	0	0	0	1	2	19	14	0	2
0	0	21	0	0	0	0	0	0	0	0	4	0	0	242	0	0	0	3	0	0	1	0	0	0	0	1	12	0	0	0	0	0	0	0	3	0	0	0	0	0	0	0	0	0	0	0	0	0	0	0	0	3	0	0	0	0	2	0	0	0	0	205	0	0	0	0	1	0	0	0	0	21	1	0
0	0	12	93	0	418	0	0	0	0	19	4	0	3	676	0	32	0	59	0	0	24	0	0	1	0	20	7	0	0	0	0	0	14	7	3	38	0	0	0	1	0	191	0	0	0	45	30	103	0	0	0	7	1	0	2	0	39	62	1	0	205	0	0	3	0	2	2	0	121	0	0	68	3	19
0	0	0	0	0	0	0	0	0	0	0	0	0	0	0	0	0	0	0	0	0	0	0	0	0	0	0	0	0	0	0	0	0	0	0	0	0	0	0	0	0	0	0	0	0	0	0	0	0	0	0	0	0	0	0	0	0	0	0	0	0	0	0	0	0	0	0	0	0	0	0	0	0	0	0
0	0	93	30	0	142	0	0	70	0	0	0	0	8	53	0	28	0	0	0	0	0	0	0	0	0	0	1	0	0	0	0	0	0	9	0	0	0	0	0	0	0	1	0	0	0	1	20	1	0	1	0	0	0	0	0	0	0	2	0	3	0	3	0	0	0	0	0	0	48	0	18	25	0	0
0	0	0	0	0	0	0	0	0	0	0	0	0	0	0	0	0	0	0	0	0	0	0	0	0	0	0	0	0	0	0	0	0	0	0	0	0	0	0	0	0	0	0	0	0	0	0	0	0	0	0	0	0	0	0	0	0	0	0	0	0	0	0	0	0	0	0	0	0	0	0	0	0	0	0
0	0	2	80	245	1	0	0	0	0	366	8	0	0	6	22	0	0	7	0	2	0	0	0	0	0	1	322	0	0	0	0	0	0	0	0	235	0	0	0	0	0	6	0	128	0	0	0	219	0	0	0	0	0	0	0	0	82	0	0	0	0	2	0	0	0	0	0	0	0	0	0	2	0	0
0	29	4	0	0	2	0	0	0	0	3	0	0	11	0	0	5	0	15	10	1	1	4	0	0	0	31	0	0	0	0	1	0	7	18	4	4	0	0	0	0	0	4	0	1	0	0	0	0	0	0	0	155	0	0	1	0	0	83	226	0	1	2	0	0	0	0	0	0	1	0	1	4	0	121
0	125	0	0	0	0	0	0	0	0	14	0	0	0	1	0	0	0	0	8	0	24	12	0	2	166	16	0	0	0	0	0	0	0	8	7	0	0	0	0	0	0	0	0	0	0	0	0	0	0	0	0	26	0	0	0	0	2	68	10	0	0	0	0	0	0	0	0	0	0	0	0	0	0	212
0	0	14	0	0	1	0	0	0	1	0	0	0	2	66	0	0	0	3	0	0	0	0	0	0	0	0	7	0	0	0	0	0	0	0	0	2	0	0	0	0	0	2	0	0	0	0	1	0	0	0	0	0	0	0	0	0	0	1	0	1	0	121	0	48	0	0	1	0	0	0	0	14	0	0
0	0	6	0	0	0	0	0	1	0	80	10	0	27	18	30	0	0	0	0	24	1	0	0	0	0	0	0	0	0	0	0	0	1	0	0	0	0	0	0	1	0	0	0	0	0	0	0	0	0	0	0	9	0	0	0	0	84	0	2	2	0	0	0	0	0	0	0	0	0	0	0	6	0	8
0	0	13	0	0	0	0	0	0	0	13	114	0	193	0	0	0	0	0	12	139	124	0	0	0	0	101	0	0	0	0	0	0	1	14	3	0	0	0	0	4	0	0	0	0	0	0	0	0	0	0	0	54	0	0	1	1	1	82	67	19	0	0	0	18	0	0	1	0	0	0	0	11	0	3
0	0	11	0	6	15	1	0	4	0	11	55	0	20	35	1	1	0	9	9	9	1	0	0	0	1	2	4	0	0	0	0	0	2	9	6	4	0	0	0	14	0	2	0	1	0	3	7	14	0	0	0	6	0	0	1	0	2	16	13	14	21	68	0	25	0	2	4	0	14	6	11	0	1	0
0	0	3	1	1	6	0	0	0	0	0	0	0	0	47	2	7	0	16	0	0	2	0	0	0	0	0	0	0	0	0	0	0	3	0	0	13	0	0	0	0	0	11	0	1	0	0	2	10	0	1	0	0	0	0	0	0	0	0	3	0	1	3	0	0	0	0	0	0	0	0	0	1	0	0
0	0	1	0	0	0	191	0	0	0	0	0	0	0	0	1	1	0	0	86	7	55	87	0	1	4	18	0	0	0	0	0	0	26	7	23	0	0	0	0	27	0	0	0	2	5	1	0	0	0	0	74	85	265	0	3	0	195	138	0	2	0	19	0	0	0	0	121	212	0	8	3	0	0	0
