0	0	0	0	0	0	0	0	0	0	0	0	0	0	0	0	0	0	0	0	0	0	0	0	0	0	0	0	0	0	0	0	0	0	0	0	0	0	0	0	0	0	0	0	0	0	0	0	0	0	0	0	0	0	0	0	0	0	0	0	0	0	0	0	0	0	0	0	0	0	0	0	0	0	0
0	0	0	0	0	0	14	0	1	4	0	0	0	0	0	0	0	26	0	4	0	23	27	0	32	20	2	0	0	1	0	15	0	4	15	4	0	0	0	0	7	0	0	0	0	5	0	0	0	0	0	0	14	10	0	13	0	0	2	0	0	1	0	0	0	0	0	6	32	0	0	0	0	0	1
0	0	0	20	3	26	3	0	9	3	12	0	0	2	11	0	0	0	0	0	5	1	0	0	0	0	0	0	0	2	0	2	0	1	5	4	0	0	0	0	22	0	0	0	50	0	5	7	1	0	0	0	1	0	0	0	0	8	4	2	0	27	28	0	2	0	1	0	2	0	18	9	0	21	1
0	0	20	0	0	0	0	0	0	0	231	0	0	1	102	1	0	1	0	0	7	1	0	0	0	0	0	0	0	0	0	0	46	0	5	0	0	0	0	0	0	0	0	0	0	0	0	0	1	0	0	0	0	0	0	0	0	90	0	2	0	0	40	0	0	0	39	0	0	0	12	0	20	29	4
0	0	3	0	0	0	0	0	0	0	0	0	0	0	0	0	0	0	0	0	0	0	0	0	0	0	1	0	0	0	0	0	6	0	0	0	0	0	0	0	0	0	0	0	0	0	0	0	0	0	0	0	0	0	0	0	0	0	0	0	0	0	1	0	0	0	35	0	0	0	0	0	3	17	0
0	0	26	0	0	0	1	0	0	0	0	0	0	56	29	0	0	6	0	2	4	0	0	0	0	0	0	0	0	0	0	0	904	1	518	0	0	0	0	0	0	0	0	0	0	0	0	0	1	0	0	0	0	0	0	0	0	0	0	0	0	0	113	0	0	0	0	0	0	0	1	0	26	34	0
0	14	3	0	0	1	0	0	0	0	175	0	0	0	0	0	0	281	21	0	2	221	52	0	80	58	138	0	0	42	0	46	0	115	258	20	0	0	0	0	87	0	0	7	16	214	5	0	0	0	0	132	455	115	0	47	8	126	67	0	0	1	5	0	0	0	6	78	17	0	66	5	5	4	189
0	0	0	0	0	0	0	0	0	0	0	0	0	0	0	0	0	0	0	0	0	0	0	0	0	0	0	0	0	0	0	0	0	0	0	0	0	0	0	0	0	0	0	0	0	0	0	0	0	0	0	0	0	0	0	0	0	0	0	0	0	0	0	0	0	0	0	0	0	0	0	0	0	0	0
0	1	9	0	0	0	0	0	0	1	0	0	0	114	0	0	0	0	0	0	0	2	0	0	0	0	3	0	0	0	0	0	1331	0	688	0	0	0	0	0	0	0	0	0	0	0	0	0	0	0	0	0	0	0	0	0	0	0	0	6	0	0	0	0	0	0	0	0	0	0	0	0	5	0	0
0	4	3	0	0	0	0	0	1	0	2	0	0	5	8	0	0	0	0	1	0	0	0	0	0	0	0	0	0	0	0	0	7	2	1	0	0	0	0	0	4	0	0	0	0	0	0	1	0	0	1	0	0	0	0	0	0	3	0	0	0	4	10	0	1	0	0	0	1	0	0	0	7	0	0
0	0	12	231	0	0	175	0	0	2	0	0	0	0	2	0	0	2	21	127	170	0	0	0	0	0	3	0	0	0	0	26	1	0	0	0	84	0	0	0	0	0	12	0	112	0	5	5	0	0	9	1	0	295	0	0	0	335	38	0	0	53	71	0	0	0	233	1	1	0	293	0	33	0	0
0	0	0	0	0	0	0	0	0	0	0	0	0	0	0	0	0	0	0	0	10	0	0	0	0	0	0	0	0	0	0	0	0	0	0	0	0	0	0	0	0	0	0	0	6	0	0	0	0	0	0	0	0	0	0	0	0	0	0	0	0	0	8	0	0	0	0	0	0	0	0	0	0	0	0
0	0	0	0	0	0	0	0	0	0	0	0	0	0	0	0	0	0	0	0	0	0	0	0	0	0	0	0	0	0	0	0	0	0	0	0	0	0	0	0	0	0	0	0	0	0	0	0	0	0	0	0	0	0	0	0	0	0	0	0	0	0	0	0	0	0	0	0	0	0	0	0	0	0	0
0	0	2	1	0	56	0	0	114	5	0	0	0	0	0	2	0	3	0	32	175	85	0	0	0	1	8	0	0	0	0	0	1696	160	2087	9	0	0	0	0	437	0	0	0	1	0	92	0	0	0	0	0	2	0	0	0	3	49	6	6	0	0	0	0	0	0	7	0	0	0	34	204	6	0	34
0	0	11	102	0	29	0	0	0	8	2	0	0	0	0	1	0	0	0	0	0	1	0	0	0	0	0	0	0	1	0	24	1080	0	5	0	2	0	10	0	2	0	10	1	221	0	2	9	8	0	9	0	0	0	0	0	28	24	0	10	0	332	549	0	46	0	9	1	0	0	9	1	37	44	0
0	0	0	1	0	0	0	0	0	0	0	0	0	2	1	0	0	0	0	17	0	0	0	0	15	16	0	0	0	0	0	0	0	0	0	0	1	0	0	0	0	0	0	0	18	0	0	0	0	0	0	0	0	0	0	0	0	0	0	0	0	0	0	0	0	0	2	0	10	0	2	0	0	0	0
0	0	0	0	0	0	0	0	0	0	0	0	0	0	0	0	0	0	0	0	0	0	0	0	0	0	0	0	0	0	0	0	1	0	0	0	0	0	0	0	0	0	0	0	0	0	0	0	0	0	0	0	0	0	0	0	0	0	0	0	0	0	0	0	0	0	0	0	0	0	0	0	0	0	0
0	26	0	1	0	6	281	0	0	0	2	0	0	3	0	0	0	0	0	96	3	385	41	0	9	1	218	0	0	11	0	3	0	80	223	9	0	0	0	0	244	0	0	0	47	16	16	0	0	0	0	0	301	11	0	75	0	31	43	0	0	12	87	0	0	5	0	57	26	0	0	33	2	3	8
0	0	0	0	0	0	21	0	0	0	21	0	0	0	0	0	0	0	0	0	0	0	0	0	0	0	0	0	0	0	0	3	0	0	0	1	0	0	1	0	0	0	0	0	9	0	4	0	0	0	100	0	0	4	0	0	0	0	0	0	0	2	0	0	0	0	0	0	0	0	0	0	0	0	0
0	4	0	0	0	2	0	0	0	1	127	0	0	32	0	17	0	96	0	0	247	87	2	0	10	2	88	0	0	12	0	0	1	22	91	4	0	0	2	0	6	0	0	0	0	1	0	0	0	0	0	0	4	4	0	0	0	114	4	26	0	0	0	0	0	0	1	0	6	0	17	8	0	1	154
0	0	5	7	0	4	2	0	0	0	170	10	0	175	0	0	0	3	0	247	0	1	46	0	104	215	0	0	0	12	0	26	8	18	178	49	1	0	0	0	101	0	2	0	2	29	28	0	0	0	0	2	2	214	0	164	239	335	135	102	0	0	2	0	0	0	26	92	114	0	280	120	14	1	0
0	23	1	1	0	0	221	0	2	0	0	0	0	85	1	0	0	385	0	87	1	0	57	0	3	1	392	0	0	38	0	1	0	298	856	34	0	0	0	0	400	0	0	0	0	24	6	0	0	0	0	0	161	6	0	47	27	4	14	0	0	1	0	0	2	0	0	5	13	0	6	12	4	0	2
0	27	0	0	0	0	52	0	0	0	0	0	0	0	0	0	0	41	0	2	46	57	0	0	128	103	49	0	0	5	0	0	0	4	229	0	0	0	0	0	0	0	0	6	0	96	0	0	0	0	0	2	67	0	0	0	0	0	0	0	0	0	0	0	0	0	0	0	0	0	0	0	0	0	50
0	0	0	0	0	0	0	0	0	0	0	0	0	0	0	0	0	0	0	0	0	0	0	0	0	0	0	0	0	0	0	0	0	0	0	0	0	0	0	0	0	0	0	0	0	0	0	0	0	0	0	0	0	0	0	0	0	0	0	0	0	0	0	0	0	0	0	0	0	0	0	0	0	0	0
0	32	0	0	0	0	80	0	0	0	0	0	0	0	0	15	0	9	0	10	104	3	128	0	0	334	2	0	0	0	0	0	0	15	3	8	0	0	0	0	0	0	0	0	0	72	0	0	0	0	0	0	22	0	0	241	261	15	0	0	0	0	0	0	0	0	0	0	233	0	0	0	0	0	4
0	20	0	0	0	0	58	0	0	0	0	0	0	1	0	16	0	1	0	2	215	1	103	0	334	0	0	0	0	0	0	1	0	2	7	2	0	0	0	0	0	0	0	0	2	52	0	0	0	0	0	0	1	42	0	95	134	2	0	0	0	0	0	0	0	0	0	0	128	0	1	0	0	1	0
0	2	0	0	1	0	138	0	3	0	3	0	0	8	0	0	0	218	0	88	0	392	49	0	2	0	0	0	0	42	0	0	0	194	31	35	0	0	0	0	161	0	0	0	0	9	0	0	0	0	0	0	175	8	0	55	10	10	38	1	0	0	0	0	0	0	0	32	13	0	0	18	0	0	0
0	0	0	0	0	0	0	0	0	0	0	0	0	0	0	0	0	0	0	0	0	0	0	0	0	0	0	0	0	0	0	0	0	0	0	0	0	0	0	0	0	0	0	0	0	0	0	0	0	0	0	0	0	0	0	0	0	0	0	0	0	0	0	0	0	0	0	0	0	0	0	0	0	0	0
0	0	0	0	0	0	0	0	0	0	0	0	0	0	0	0	0	0	0	0	0	0	0	0	0	0	0	0	0	0	0	0	0	0	0	0	0	0	0	0	0	0	0	0	0	0	0	0	0	0	0	0	0	0	0	0	0	0	0	0	0	0	0	0	0	0	0	0	0	0	0	0	0	0	0
0	1	2	0	0	0	42	0	0	0	0	0	0	0	1	0	0	11	0	12	12	38	5	0	0	0	42	0	0	0	0	0	0	20	154	9	0	0	0	0	5	0	0	0	0	5	0	0	0	0	0	0	99	0	0	1	1	3	6	24	0	0	0	0	0	0	0	9	5	0	0	0	2	0	0
0	0	0	0	0	0	0	0	0	0	0	0	0	0	0	0	0	0	0	0	0	0	0	0	0	0	0	0	0	0	0	0	6	0	0	0	0	0	0	0	0	0	0	0	0	0	0	0	0	0	0	0	0	0	0	0	0	0	0	0	0	0	0	0	0	0	191	0	0	0	0	0	0	3	0
0	15	2	0	0	0	46	0	0	0	26	0	0	0	24	0	0	3	3	0	26	1	0	0	0	1	0	0	0	0	0	0	80	0	47	0	0	0	0	0	0	0	0	0	0	45	0	0	0	0	0	59	5	0	0	0	0	24	0	0	0	0	4	0	0	0	0	0	0	0	1	0	2	0	52
0	0	0	46	6	904	0	0	1331	7	1	0	0	1696	1080	0	1	0	0	1	8	0	0	0	0	0	0	0	0	0	6	80	0	1	603	0	0	0	0	0	2276	0	0	1	162	1	756	49	0	0	0	0	0	0	0	0	0	60	42	0	0	8	432	0	2586	0	1	0	0	486	11	2	74	18	1
0	4	1	0	0	1	115	0	0	2	0	0	0	160	0	0	0	80	0	22	18	298	4	0	15	2	194	0	0	20	0	0	1	0	168	6	0	0	4	0	43	0	0	12	0	0	3	0	0	0	0	0	144	0	0	1	1	4	2	4	1	1	3	0	0	0	0	1	6	0	1	4	1	0	0
0	15	5	5	0	518	258	0	688	1	0	0	0	2087	5	0	0	223	0	91	178	856	229	0	3	7	31	0	0	154	0	47	603	168	0	115	0	0	0	0	1663	0	0	4	10	1	1126	0	0	0	0	0	496	60	0	99	5	271	1489	27	0	2	2	0	0	0	42	921	73	3	245	846	23	5	151
0	4	4	0	0	0	20	0	0	0	0	0	0	9	0	0	0	9	1	4	49	34	0	0	8	2	35	0	0	9	0	0	0	6	115	0	0	0	0	0	0	0	0	0	0	0	0	0	0	0	0	0	84	0	0	0	0	4	0	20	1	0	10	0	0	0	0	0	0	0	0	0	4	0	0
0	0	0	0	0	0	0	0	0	0	84	0	0	0	2	1	0	0	0	0	1	0	0	0	0	0	0	0	0	0	0	0	0	0	0	0	0	0	0	0	0	0	0	0	0	0	0	0	0	0	0	1	0	0	0	0	0	0	0	0	0	0	5	0	0	0	190	0	0	0	0	0	0	8	2
0	0	0	0	0	0	0	0	0	0	0	0	0	0	0	0	0	0	0	0	0	0	0	0	0	0	0	0	0	0	0	0	0	0	0	0	0	0	0	0	0	0	0	0	0	0	0	0	0	0	0	0	0	0	0	0	0	0	0	0	0	0	0	0	0	0	0	0	0	0	0	0	0	0	0
0	0	0	0	0	0	0	0	0	0	0	0	0	0	10	0	0	0	1	2	0	0	0	0	0	0	0	0	0	0	0	0	0	4	0	0	0	0	0	0	0	0	0	0	0	0	0	0	0	0	0	0	0	0	0	0	0	2	0	4	0	0	2	0	0	0	0	0	0	0	0	0	0	0	0
0	0	0	0	0	0	0	0	0	0	0	0	0	0	0	0	0	0	0	0	0	0	0	0	0	0	0	0	0	0	0	0	0	0	0	0	0	0	0	0	0	0	0	0	0	0	0	0	0	0	0	0	0	0	0	0	0	0	0	0	0	0	0	0	0	0	0	0	0	0	0	0	0	0	0
0	7	22	0	0	0	87	0	0	4	0	0	0	437	2	0	0	244	0	6	101	400	0	0	0	0	161	0	0	5	0	0	2276	43	1663	0	0	0	0	0	0	0	0	12	0	1	0	0	0	0	0	0	104	0	0	0	0	2	0	0	2	0	0	0	0	0	1	0	0	0	4	0	16	1	23
0	0	0	0	0	0	0	0	0	0	0	0	0	0	0	0	0	0	0	0	0	0	0	0	0	0	0	0	0	0	0	0	0	0	0	0	0	0	0	0	0	0	0	0	0	0	0	0	0	0	0	0	0	0	0	0	0	0	0	0	0	0	0	0	0	0	0	0	0	0	0	0	0	0	0
0	0	0	0	0	0	0	0	0	0	12	0	0	0	10	0	0	0	0	0	2	0	0	0	0	0	0	0	0	0	0	0	0	0	0	0	0	0	0	0	0	0	0	0	0	0	0	0	0	0	0	0	0	0	0	0	0	8	0	12	0	0	1	0	0	0	0	0	0	0	0	0	0	0	0
0	0	0	0	0	0	7	0	0	0	0	0	0	0	1	0	0	0	0	0	0	0	6	0	0	0	0	0	0	0	0	0	1	12	4	0	0	0	0	0	12	0	0	0	1	0	0	0	0	0	0	0	12	0	0	0	0	1	0	0	0	0	1	0	0	0	0	1	0	0	0	0	4	0	0
0	0	50	0	0	0	16	0	0	0	112	6	0	1	221	18	0	47	9	0	2	0	0	0	0	2	0	0	0	0	0	0	162	0	10	0	0	0	0	0	0	0	0	1	0	0	0	0	5	0	0	0	0	0	0	0	0	5	0	0	0	0	310	0	0	0	0	0	0	3	4	0	50	50	13
0	5	0	0	0	0	214	0	0	0	0	0	0	0	0	0	0	16	0	1	29	24	96	0	72	52	9	0	0	5	0	45	1	0	1	0	0	0	0	0	1	0	0	0	0	0	0	0	0	0	0	128	53	104	0	79	8	44	0	0	0	0	0	0	0	0	0	4	1	0	0	0	0	2	42
0	0	5	0	0	0	5	0	0	0	5	0	0	92	2	0	0	16	4	0	28	6	0	0	0	0	0	0	0	0	0	0	756	3	1126	0	0	0	0	0	0	0	0	0	0	0	0	0	0	0	0	0	13	0	0	0	0	0	0	0	0	0	40	0	0	0	0	0	0	0	2	0	3	25	0
0	0	7	0	0	0	0	0	0	1	5	0	0	0	9	0	0	0	0	0	0	0	0	0	0	0	0	0	0	0	0	0	49	0	0	0	0	0	0	0	0	0	0	0	0	0	0	0	0	0	0	0	0	0	0	0	0	0	0	0	0	0	4	0	0	0	0	0	0	0	0	0	7	0	0
0	0	1	1	0	1	0	0	0	0	0	0	0	0	8	0	0	0	0	0	0	0	0	0	0	0	0	0	0	0	0	0	0	0	0	0	0	0	0	0	0	0	0	0	5	0	0	0	0	0	0	0	0	0	0	0	0	0	0	0	0	2	5	0	0	0	0	0	0	1	0	0	4	0	0
0	0	0	0	0	0	0	0	0	0	0	0	0	0	0	0	0	0	0	0	0	0	0	0	0	0	0	0	0	0	0	0	0	0	0	0	0	0	0	0	0	0	0	0	0	0	0	0	0	0	0	0	0	0	0	0	0	0	0	0	0	0	0	0	0	0	0	0	0	0	0	0	0	0	0
0	0	0	0	0	0	0	0	0	1	9	0	0	0	9	0	0	0	100	0	0	0	0	0	0	0	0	0	0	0	0	0	0	0	0	0	0	0	0	0	0	0	0	0	0	0	0	0	0	0	0	0	0	0	0	0	0	0	0	0	0	0	0	0	0	0	0	0	0	0	0	0	0	0	0
0	0	0	0	0	0	132	0	0	0	1	0	0	0	0	0	0	0	0	0	2	0	2	0	0	0	0	0	0	0	0	59	0	0	0	0	1	0	0	0	0	0	0	0	0	128	0	0	0	0	0	0	0	65	0	1	0	20	0	0	0	0	0	0	0	0	0	0	0	0	22	0	0	0	57
0	14	1	0	0	0	455	0	0	0	0	0	0	2	0	0	0	301	0	4	2	161	67	0	22	1	175	0	0	99	0	5	0	144	496	84	0	0	0	0	104	0	0	12	0	53	13	0	0	0	0	0	0	12	0	47	2	7	36	0	0	0	0	0	0	0	0	120	27	0	0	10	6	0	1
0	10	0	0	0	0	115	0	0	0	295	0	0	0	0	0	0	11	4	4	214	6	0	0	0	42	8	0	0	0	0	0	0	0	60	0	0	0	0	0	0	0	0	0	0	104	0	0	0	0	0	65	12	0	0	0	0	151	0	0	0	0	0	0	0	0	0	0	0	0	10	0	0	0	241
0	0	0	0	0	0	0	0	0	0	0	0	0	0	0	0	0	0	0	0	0	0	0	0	0	0	0	0	0	0	0	0	0	0	0	0	0	0	0	0	0	0	0	0	0	0	0	0	0	0	0	0	0	0	0	0	0	0	0	0	0	0	0	0	0	0	0	0	0	0	0	0	0	0	0
0	13	0	0	0	0	47	0	0	0	0	0	0	0	0	0	0	75	0	0	164	47	0	0	241	95	55	0	0	1	0	0	0	1	99	0	0	0	0	0	0	0	0	0	0	79	0	0	0	0	0	1	47	0	0	0	23	0	0	4	0	0	0	0	0	0	0	0	0	0	0	0	0	1	0
0	0	0	0	0	0	8	0	0	0	0	0	0	3	28	0	0	0	0	0	239	27	0	0	261	134	10	0	0	1	0	0	0	1	5	0	0	0	0	0	0	0	0	0	0	8	0	0	0	0	0	0	2	0	0	23	0	51	0	0	0	0	1	0	0	0	0	0	0	0	14	0	0	0	1
0	0	8	90	0	0	126	0	0	3	335	0	0	49	24	0	0	31	0	114	335	4	0	0	15	2	10	0	0	3	0	24	60	4	271	4	0	0	2	0	2	0	8	1	5	44	0	0	0	0	0	20	7	151	0	0	51	0	5	27	0	0	75	0	0	0	18	1	0	4	172	6	9	19	80
0	2	4	0	0	0	67	0	0	0	38	0	0	6	0	0	0	43	0	4	135	14	0	0	0	0	38	0	0	6	0	0	42	2	1489	0	0	0	0	0	0	0	0	0	0	0	0	0	0	0	0	0	36	0	0	0	0	5	0	22	0	0	8	0	0	0	3	0	0	0	3	0	4	9	186
0	0	2	2	0	0	0	0	6	0	0	0	0	6	10	0	0	0	0	26	102	0	0	0	0	0	1	0	0	24	0	0	0	4	27	20	0	0	4	0	0	0	12	0	0	0	0	0	0	0	0	0	0	0	0	4	0	27	22	0	0	0	0	0	0	0	0	30	0	0	16	34	2	0	2
0	0	0	0	0	0	0	0	0	0	0	0	0	0	0	0	0	0	0	0	0	0	0	0	0	0	0	0	0	0	0	0	0	1	0	1	0	0	0	0	2	0	0	0	0	0	0	0	0	0	0	0	0	0	0	0	0	0	0	0	0	0	0	0	0	0	0	0	0	0	0	0	0	0	0
0	1	27	0	0	0	1	0	0	4	53	0	0	0	332	0	0	12	2	0	0	1	0	0	0	0	0	0	0	0	0	0	8	1	2	0	0	0	0	0	0	0	0	0	0	0	0	0	2	0	0	0	0	0	0	0	0	0	0	0	0	0	180	0	0	0	6	0	0	0	1	0	27	4	0
0	0	28	40	1	113	5	0	0	10	71	8	0	0	549	0	0	87	0	0	2	0	0	0	0	0	0	0	0	0	0	4	432	3	2	10	5	0	2	0	0	0	1	1	310	0	40	4	5	0	0	0	0	0	0	0	1	75	8	0	0	180	0	0	4	0	2	0	34	63	27	0	62	63	0
0	0	0	0	0	0	0	0	0	0	0	0	0	0	0	0	0	0	0	0	0	0	0	0	0	0	0	0	0	0	0	0	0	0	0	0	0	0	0	0	0	0	0	0	0	0	0	0	0	0	0	0	0	0	0	0	0	0	0	0	0	0	0	0	0	0	0	0	0	0	0	0	0	0	0
0	0	2	0	0	0	0	0	0	1	0	0	0	0	46	0	0	0	0	0	0	2	0	0	0	0	0	0	0	0	0	0	2586	0	0	0	0	0	0	0	0	0	0	0	0	0	0	0	0	0	0	0	0	0	0	0	0	0	0	0	0	0	4	0	0	0	0	0	0	0	0	0	0	0	0
0	0	0	0	0	0	0	0	0	0	0	0	0	0	0	0	0	5	0	0	0	0	0	0	0	0	0	0	0	0	0	0	0	0	0	0	0	0	0	0	0	0	0	0	0	0	0	0	0	0	0	0	0	0	0	0	0	0	0	0	0	0	0	0	0	0	0	0	0	0	0	0	0	0	0
0	0	1	39	35	0	6	0	0	0	233	0	0	7	9	2	0	0	0	1	26	0	0	0	0	0	0	0	0	0	191	0	1	0	42	0	190	0	0	0	1	0	0	0	0	0	0	0	0	0	0	0	0	0	0	0	0	18	3	0	0	6	2	0	0	0	0	0	0	0	0	1	1	1	1
0	6	0	0	0	0	78	0	0	0	1	0	0	0	1	0	0	57	0	0	92	5	0	0	0	0	32	0	0	9	0	0	0	1	921	0	0	0	0	0	0	0	0	1	0	4	0	0	0	0	0	0	120	0	0	0	0	1	0	30	0	0	0	0	0	0	0	0	0	0	0	0	0	0	33
0	32	2	0	0	0	17	0	0	1	1	0	0	0	0	10	0	26	0	6	114	13	0	0	233	128	13	0	0	5	0	0	0	6	73	0	0	0	0	0	0	0	0	0	0	1	0	0	0	0	0	0	27	0	0	0	0	0	0	0	0	0	34	0	0	0	0	0	0	0	0	0	2	0	96
0	0	0	0	0	0	0	0	0	0	0	0	0	0	0	0	0	0	0	0	0	0	0	0	0	0	0	0	0	0	0	0	486	0	3	0	0	0	0	0	0	0	0	0	3	0	0	0	1	0	0	0	0	0	0	0	0	4	0	0	0	0	63	0	0	0	0	0	0	0	1	0	3	11	0
0	0	18	12	0	1	66	0	0	0	293	0	0	34	9	2	0	0	0	17	280	6	0	0	0	1	0	0	0	0	0	1	11	1	245	0	0	0	0	0	4	0	0	0	4	0	2	0	0	0	0	22	0	10	0	0	14	172	3	16	0	1	27	0	0	0	0	0	0	1	0	4	18	2	5
0	0	9	0	0	0	5	0	0	0	0	0	0	204	1	0	0	33	0	8	120	12	0	0	0	0	18	0	0	0	0	0	2	4	846	0	0	0	0	0	0	0	0	0	0	0	0	0	0	0	0	0	10	0	0	0	0	6	0	34	0	0	0	0	0	0	1	0	0	0	4	0	7	1	0
0	0	0	20	3	26	5	0	5	7	33	0	0	6	37	0	0	2	0	0	14	4	0	0	0	0	0	0	0	2	0	2	74	1	23	4	0	0	0	0	16	0	0	4	50	0	3	7	4	0	0	0	6	0	0	0	0	9	4	2	0	27	62	0	0	0	1	0	2	3	18	7	0	67	1
0	0	21	29	17	34	4	0	0	0	0	0	0	0	44	0	0	3	0	1	1	0	0	0	0	1	0	0	0	0	3	0	18	0	5	0	8	0	0	0	1	0	0	0	50	2	25	0	0	0	0	0	0	0	0	1	0	19	9	0	0	4	63	0	0	0	1	0	0	11	2	1	67	0	0
0	1	1	4	0	0	189	0	0	0	0	0	0	34	0	0	0	8	0	154	0	2	50	0	4	0	0	0	0	0	0	52	1	0	151	0	2	0	0	0	23	0	0	0	13	42	0	0	0	0	0	57	1	241	0	0	1	80	186	2	0	0	0	0	0	0	1	33	96	0	5	0	1	0	0
