0	0	0	0	0	0	0	0	0	0	0	0	0	0	0	0	0	0	0	0	0	0	0	0	0	0	0	0	0	0	0	0	0	0	0	0	0	0	0	0	0	0	0	0	0	0	0	0	0	0	0	0	0	0	0	0	0	0	0	0	0	0	0	0	0	0	0	0	0	0	0	0	0	0	0
0	0	0	0	0	0	0	0	0	0	0	0	0	0	0	0	0	0	0	0	0	0	0	0	0	0	0	0	0	0	0	0	0	0	0	0	0	0	0	0	0	0	0	0	0	0	0	0	0	0	0	0	0	0	0	0	0	0	0	0	0	0	0	0	0	0	0	0	0	0	0	0	0	0	0
0	0	0	4	0	0	0	0	0	0	0	0	0	0	8	0	0	0	3	0	0	0	0	0	0	0	0	0	0	0	0	0	0	0	0	0	0	0	0	0	0	2	1	0	0	0	0	0	0	0	0	0	0	0	0	0	0	2	0	0	0	0	8	0	1	0	0	0	0	0	0	0	0	0	1
0	0	4	0	0	10	0	0	0	0	0	0	0	5	89	0	0	0	9	0	0	2	0	0	0	0	3	8	0	3	0	0	0	1	0	4	0	0	0	0	0	2	0	0	0	0	0	0	0	0	0	0	13	0	0	2	0	33	1	0	12	0	94	0	0	0	0	0	0	0	0	0	0	2	0
0	0	0	0	0	0	0	0	0	0	0	0	0	0	0	0	0	0	0	0	0	0	0	0	0	0	0	0	0	0	0	0	0	0	0	0	0	0	0	0	0	0	0	0	0	0	0	0	0	0	0	0	0	0	0	0	0	0	0	0	0	0	0	0	0	0	0	0	0	0	0	0	0	0	0
0	0	0	10	0	0	0	0	0	0	0	0	0	212	0	0	1	0	0	0	0	0	0	0	0	0	0	0	0	2	0	0	0	2	0	1	0	0	0	0	0	0	3	0	0	0	70	0	0	0	0	0	0	0	0	0	0	0	0	0	1	0	173	0	78	0	0	0	0	0	0	0	2	233	0
0	0	0	0	0	0	0	0	0	0	0	0	0	0	0	0	0	0	0	0	0	0	0	0	0	0	0	0	0	0	0	0	0	0	0	0	0	0	0	0	0	0	0	0	0	0	0	0	0	0	0	0	0	0	0	0	0	0	0	0	0	0	0	0	0	0	0	0	0	0	0	0	0	0	0
0	0	0	0	0	0	0	0	0	0	7	0	0	0	0	0	0	0	6	0	0	0	0	0	0	0	0	0	0	0	0	0	0	0	0	0	0	0	0	0	0	1	0	0	0	0	0	0	0	0	0	0	0	0	0	0	0	0	2	0	0	0	0	0	0	0	6	0	0	0	0	0	0	0	0
0	0	0	0	0	0	0	0	0	0	0	0	0	36	0	0	0	0	1	0	0	4	0	0	6	0	1	0	0	0	0	0	0	0	0	0	0	0	0	0	0	0	0	0	0	0	0	0	0	0	0	0	16	0	0	0	0	0	0	0	41	0	0	0	0	0	0	0	0	0	0	0	0	0	0
0	0	0	0	0	0	0	0	0	0	0	0	0	0	0	0	0	0	0	0	0	0	0	0	0	0	0	0	0	0	0	0	0	0	0	0	0	0	0	0	0	0	0	0	0	0	0	0	0	0	0	0	0	0	0	0	0	0	0	0	0	0	0	0	0	0	0	0	0	0	0	0	0	0	0
0	0	0	0	0	0	0	7	0	0	0	1	0	0	2	0	1	0	26	78	1	0	0	0	0	0	2	1	0	0	0	154	0	1	0	0	0	0	0	0	0	1	143	0	113	0	0	0	44	0	0	77	0	130	0	0	0	58	12	6	1	0	2	0	0	0	63	1	0	0	74	0	4	0	0
0	0	0	0	0	0	0	0	0	0	1	0	0	2	0	0	1	0	0	1	0	0	0	0	0	0	0	0	0	0	0	0	0	0	0	0	0	0	0	0	0	0	2	0	0	0	0	0	0	0	0	0	0	0	0	0	0	0	2	2	2	0	3	0	0	0	0	0	0	0	0	0	0	0	0
0	0	0	0	0	0	0	0	0	0	0	0	0	0	0	0	0	0	0	0	0	0	0	0	0	0	0	0	0	0	0	0	0	0	0	0	0	0	0	0	0	0	0	0	0	0	0	0	0	0	0	0	0	0	0	0	0	0	0	0	0	0	0	0	0	0	0	0	0	0	0	0	0	0	0
0	0	0	5	0	212	0	0	36	0	0	2	0	0	2	0	29	0	0	93	0	125	2	0	10	2	16	0	0	106	0	0	0	473	0	103	0	0	0	0	396	1	4	0	2	0	141	0	2	0	0	0	5	0	0	3	0	41	129	54	724	0	1	0	70	0	1	1	0	0	9	0	3	2	0
0	0	8	89	0	0	0	0	0	0	2	0	0	2	0	0	0	0	0	0	0	3	1	0	0	0	0	0	0	0	0	0	0	0	0	0	0	0	0	0	0	2	3	0	0	0	0	0	0	0	0	0	0	0	0	0	0	9	0	3	0	0	460	0	1	0	0	0	0	0	0	0	39	0	0
0	0	0	0	0	0	0	0	0	0	0	0	0	0	0	0	0	0	0	0	0	0	0	0	0	0	0	0	0	0	0	0	0	0	0	0	0	0	0	0	0	0	0	0	0	0	0	0	0	0	0	0	0	0	0	0	0	0	0	0	0	0	0	0	0	0	0	0	0	0	0	0	0	0	0
0	0	0	0	0	1	0	0	0	0	1	1	0	29	0	0	0	0	0	0	0	0	0	0	0	0	0	0	0	0	0	0	0	0	0	0	0	0	0	0	0	0	0	0	0	0	0	0	0	0	0	0	1	0	0	0	0	0	0	0	0	0	8	0	0	0	0	0	0	0	0	0	0	6	0
0	0	0	0	0	0	0	0	0	0	0	0	0	0	0	0	0	0	0	0	0	0	0	0	0	0	0	0	0	0	0	0	0	0	0	0	0	0	0	0	0	0	0	0	0	0	0	0	0	0	0	0	0	0	0	0	0	0	0	0	0	0	0	0	0	0	0	0	0	0	0	0	0	0	0
0	0	3	9	0	0	0	6	1	0	26	0	0	0	0	0	0	0	0	2	0	0	0	0	0	0	0	0	0	0	0	2	0	6	0	0	0	0	0	0	0	19	15	0	37	0	0	0	7	0	189	15	0	11	0	0	0	3	3	3	0	0	34	0	0	0	0	0	0	0	2	0	8	1	2
0	0	0	0	0	0	0	0	0	0	78	1	0	93	0	0	0	0	2	0	2	119	0	0	0	1	40	0	0	72	0	21	0	8	0	1	0	0	0	0	105	0	0	0	0	0	0	0	0	0	0	46	93	0	0	2	0	13	177	0	111	0	0	0	0	0	0	0	0	0	0	0	0	1	0
0	0	0	0	0	0	0	0	0	0	1	0	0	0	0	0	0	0	0	2	0	0	0	0	0	0	0	0	0	0	0	0	0	1	0	0	0	0	0	0	0	0	0	0	0	1	0	0	2	0	0	3	0	2	0	0	3	2	0	0	0	0	1	0	0	0	0	0	0	0	2	130	0	1	0
0	0	0	2	0	0	0	0	4	0	0	0	0	125	3	0	0	0	0	119	0	0	31	0	14	9	482	0	0	133	0	4	0	476	0	110	0	0	0	0	359	1	0	0	0	0	0	0	0	0	0	0	530	151	0	69	0	20	294	1	12	0	3	0	0	0	0	7	0	0	0	0	1	2	7
0	0	0	0	0	0	0	0	0	0	0	0	0	2	1	0	0	0	0	0	0	31	0	0	442	3	114	0	0	142	0	141	0	4	0	69	0	0	0	0	29	0	0	0	0	0	0	0	0	0	0	9	328	0	0	160	0	1	211	0	245	0	0	0	0	0	0	0	0	0	0	0	0	0	0
0	0	0	0	0	0	0	0	0	0	0	0	0	0	0	0	0	0	0	0	0	0	0	0	0	0	0	0	0	0	0	0	0	0	0	0	0	0	0	0	0	0	0	0	0	0	0	0	0	0	0	0	0	0	0	0	0	0	0	0	0	0	0	0	0	0	0	0	0	0	0	0	0	0	0
0	0	0	0	0	0	0	0	6	0	0	0	0	10	0	0	0	0	0	0	0	14	442	0	0	942	8	0	0	53	0	127	0	19	0	75	0	0	0	0	40	0	0	0	0	0	0	0	0	0	0	2	229	47	0	345	2	16	83	0	9	0	4	0	0	0	0	2	0	0	4	0	0	0	2
0	0	0	0	0	0	0	0	0	0	0	0	0	2	0	0	0	0	0	1	0	9	3	0	942	0	7	0	0	40	0	67	0	3	0	2	0	0	0	0	16	0	0	0	0	0	0	0	0	0	0	0	22	2	0	9	0	26	31	0	11	0	0	0	0	0	0	0	0	0	0	0	0	0	0
0	0	0	3	0	0	0	0	1	0	2	0	0	16	0	0	0	0	0	40	0	482	114	0	8	7	0	0	0	85	0	3	0	329	0	98	0	0	0	0	177	0	6	0	0	0	7	0	0	0	0	0	421	208	0	124	0	15	162	12	85	0	55	0	0	0	1	178	0	0	3	2	0	0	4
0	0	0	8	0	0	0	0	0	0	1	0	0	0	0	0	0	0	0	0	0	0	0	0	0	0	0	0	0	0	0	0	0	0	0	0	0	0	0	0	0	0	2	0	1	0	0	0	0	0	0	0	0	0	0	0	0	0	0	2	0	0	0	0	0	0	0	0	0	0	1	0	0	0	0
0	0	0	0	0	0	0	0	0	0	0	0	0	0	0	0	0	0	0	0	0	0	0	0	0	0	0	0	0	0	0	0	0	0	0	0	0	0	0	0	0	0	0	0	0	0	0	0	0	0	0	0	0	0	0	0	0	0	0	0	0	0	0	0	0	0	0	0	0	0	0	0	0	0	0
0	0	0	3	0	2	0	0	0	0	0	0	0	106	0	0	0	0	0	72	0	133	142	0	53	40	85	0	0	0	0	1	0	215	0	292	0	0	0	0	289	0	1	0	0	0	1	0	0	0	0	0	322	10	0	32	0	6	522	136	267	0	2	0	0	0	0	239	0	0	1	0	0	2	0
0	0	0	0	0	0	0	0	0	0	0	0	0	0	0	0	0	0	0	0	0	0	0	0	0	0	0	0	0	0	0	0	0	0	0	0	0	0	0	0	0	0	0	0	0	0	0	0	0	0	0	0	0	0	0	0	0	0	0	0	0	0	0	0	0	0	0	0	0	0	0	0	0	0	0
0	0	0	0	0	0	0	0	0	0	154	0	0	0	0	0	0	0	2	21	0	4	141	0	127	67	3	0	0	1	0	0	0	1	0	6	0	0	0	0	1	0	0	0	57	0	0	0	1	0	0	185	8	362	0	226	0	244	8	0	0	0	0	0	0	0	0	77	0	0	37	0	0	0	303
0	0	0	0	0	0	0	0	0	0	0	0	0	0	0	0	0	0	0	0	0	0	0	0	0	0	0	0	0	0	0	0	0	0	0	0	0	0	0	0	0	0	0	0	0	0	0	0	0	0	0	0	0	0	0	0	0	0	0	0	0	0	0	0	0	0	0	0	0	0	0	0	0	0	0
0	0	0	1	0	2	0	0	0	0	1	0	0	473	0	0	0	0	6	8	1	476	4	0	19	3	329	0	0	215	0	1	0	0	0	179	0	0	0	0	252	0	2	0	0	0	0	0	0	0	0	0	191	16	0	13	0	2	154	2	226	0	101	0	0	0	1	3	0	0	0	0	2	1	3
0	0	0	0	0	0	0	0	0	0	0	0	0	0	0	0	0	0	0	0	0	0	0	0	0	0	0	0	0	0	0	0	0	0	0	0	0	0	0	0	0	0	0	0	0	0	0	0	0	0	0	0	0	0	0	0	0	0	0	0	0	0	0	0	0	0	0	0	0	0	0	0	0	0	0
0	0	0	4	0	1	0	0	0	0	0	0	0	103	0	0	0	0	0	1	0	110	69	0	75	2	98	0	0	292	0	6	0	179	0	0	0	0	0	0	235	0	0	0	0	0	0	0	0	0	0	0	265	24	0	9	0	6	487	90	340	0	2	0	0	0	0	65	0	0	0	0	1	1	0
0	0	0	0	0	0	0	0	0	0	0	0	0	0	0	0	0	0	0	0	0	0	0	0	0	0	0	0	0	0	0	0	0	0	0	0	0	0	0	0	0	0	0	0	0	0	0	0	0	0	0	0	0	0	0	0	0	0	0	0	0	0	0	0	0	0	0	0	0	0	0	0	0	0	0
0	0	0	0	0	0	0	0	0	0	0	0	0	0	0	0	0	0	0	0	0	0	0	0	0	0	0	0	0	0	0	0	0	0	0	0	0	0	0	0	0	0	0	0	0	0	0	0	0	0	0	0	0	0	0	0	0	0	0	0	0	0	0	0	0	0	0	0	0	0	0	0	0	0	0
0	0	0	0	0	0	0	0	0	0	0	0	0	0	0	0	0	0	0	0	0	0	0	0	0	0	0	0	0	0	0	0	0	0	0	0	0	0	0	0	0	0	0	0	0	0	0	0	0	0	0	0	0	0	0	0	0	0	0	0	0	0	0	0	0	0	0	0	0	0	0	0	0	0	0
0	0	0	0	0	0	0	0	0	0	0	0	0	0	0	0	0	0	0	0	0	0	0	0	0	0	0	0	0	0	0	0	0	0	0	0	0	0	0	0	0	0	0	0	0	0	0	0	0	0	0	0	0	0	0	0	0	0	0	0	0	0	0	0	0	0	0	0	0	0	0	0	0	0	0
0	0	0	0	0	0	0	0	0	0	0	0	0	396	0	0	0	0	0	105	0	359	29	0	40	16	177	0	0	289	0	1	0	252	0	235	0	0	0	0	0	0	0	0	0	0	0	0	0	0	0	0	211	8	0	24	0	22	270	5	389	0	0	0	0	0	0	0	0	0	0	0	0	1	0
0	0	2	2	0	0	0	1	0	0	1	0	0	1	2	0	0	0	19	0	0	1	0	0	0	0	0	0	0	0	0	0	0	0	0	0	0	0	0	0	0	0	5	0	1	0	0	0	0	0	0	0	0	0	0	0	0	5	0	0	1	0	18	0	0	0	0	0	0	0	0	0	2	0	1
0	0	1	0	0	3	0	0	0	0	143	2	0	4	3	0	0	0	15	0	0	0	0	0	0	0	6	2	0	1	0	0	0	2	0	0	0	0	0	0	0	5	0	0	0	0	0	0	0	0	0	0	0	0	0	0	0	3	300	0	48	0	97	0	0	0	0	0	0	2	0	0	0	2	0
0	0	0	0	0	0	0	0	0	0	0	0	0	0	0	0	0	0	0	0	0	0	0	0	0	0	0	0	0	0	0	0	0	0	0	0	0	0	0	0	0	0	0	0	0	0	0	0	0	0	0	0	0	0	0	0	0	0	0	0	0	0	0	0	0	0	0	0	0	0	0	0	0	0	0
0	0	0	0	0	0	0	0	0	0	113	0	0	2	0	0	0	0	37	0	0	0	0	0	0	0	0	1	0	0	0	57	0	0	0	0	0	0	0	0	0	1	0	0	0	0	0	0	0	0	0	46	0	0	0	2	0	66	38	0	0	0	0	0	0	0	2	0	0	0	0	0	0	0	0
0	0	0	0	0	0	0	0	0	0	0	0	0	0	0	0	0	0	0	0	1	0	0	0	0	0	0	0	0	0	0	0	0	0	0	0	0	0	0	0	0	0	0	0	0	0	0	0	0	0	0	0	0	0	0	0	0	0	0	0	0	0	0	0	0	0	0	0	0	0	0	3	0	0	0
0	0	0	0	0	70	0	0	0	0	0	0	0	141	0	0	0	0	0	0	0	0	0	0	0	0	7	0	0	1	0	0	0	0	0	0	0	0	0	0	0	0	0	0	0	0	0	0	0	0	0	0	0	0	0	2	0	0	21	0	62	0	0	0	0	0	0	0	0	0	0	0	0	87	0
0	0	0	0	0	0	0	0	0	0	0	0	0	0	0	0	0	0	0	0	0	0	0	0	0	0	0	0	0	0	0	0	0	0	0	0	0	0	0	0	0	0	0	0	0	0	0	0	0	0	0	0	0	0	0	0	0	0	0	0	0	0	0	0	0	0	0	0	0	0	0	0	0	0	0
0	0	0	0	0	0	0	0	0	0	44	0	0	2	0	0	0	0	7	0	2	0	0	0	0	0	0	0	0	0	0	1	0	0	0	0	0	0	0	0	0	0	0	0	0	0	0	0	0	0	0	12	0	0	0	0	0	1	0	0	0	0	0	0	0	0	14	0	0	0	0	0	0	0	0
0	0	0	0	0	0	0	0	0	0	0	0	0	0	0	0	0	0	0	0	0	0	0	0	0	0	0	0	0	0	0	0	0	0	0	0	0	0	0	0	0	0	0	0	0	0	0	0	0	0	0	0	0	0	0	0	0	0	0	0	0	0	0	0	0	0	0	0	0	0	0	0	0	0	0
0	0	0	0	0	0	0	0	0	0	0	0	0	0	0	0	0	0	189	0	0	0	0	0	0	0	0	0	0	0	0	0	0	0	0	0	0	0	0	0	0	0	0	0	0	0	0	0	0	0	0	0	0	0	0	0	0	0	0	0	0	0	0	0	0	0	0	0	0	0	0	0	0	0	0
0	0	0	0	0	0	0	0	0	0	77	0	0	0	0	0	0	0	15	46	3	0	9	0	2	0	0	0	0	0	0	185	0	0	0	0	0	0	0	0	0	0	0	0	46	0	0	0	12	0	0	0	0	53	0	7	0	7	20	0	0	0	0	0	0	0	0	44	0	0	36	0	0	0	18
0	0	0	13	0	0	0	0	16	0	0	0	0	5	0	0	1	0	0	93	0	530	328	0	229	22	421	0	0	322	0	8	0	191	0	265	0	0	0	0	211	0	0	0	0	0	0	0	0	0	0	0	0	153	0	301	1	18	271	0	0	0	0	0	0	0	0	83	0	0	8	0	1	0	12
0	0	0	0	0	0	0	0	0	0	130	0	0	0	0	0	0	0	11	0	2	151	0	0	47	2	208	0	0	10	0	362	0	16	0	24	0	0	0	0	8	0	0	0	0	0	0	0	0	0	0	53	153	0	0	7	0	65	115	0	4	0	0	0	0	0	0	0	0	0	0	0	0	0	0
0	0	0	0	0	0	0	0	0	0	0	0	0	0	0	0	0	0	0	0	0	0	0	0	0	0	0	0	0	0	0	0	0	0	0	0	0	0	0	0	0	0	0	0	0	0	0	0	0	0	0	0	0	0	0	0	0	0	0	0	0	0	0	0	0	0	0	0	0	0	0	0	0	0	0
0	0	0	2	0	0	0	0	0	0	0	0	0	3	0	0	0	0	0	2	0	69	160	0	345	9	124	0	0	32	0	226	0	13	0	9	0	0	0	0	24	0	0	0	2	0	2	0	0	0	0	7	301	7	0	0	0	2	51	2	33	0	0	0	0	0	0	8	0	0	0	0	0	0	7
0	0	0	0	0	0	0	0	0	0	0	0	0	0	0	0	0	0	0	0	3	0	0	0	2	0	0	0	0	0	0	0	0	0	0	0	0	0	0	0	0	0	0	0	0	0	0	0	0	0	0	0	1	0	0	0	0	1	0	0	0	0	0	0	0	0	0	0	0	0	17	0	0	0	0
0	0	2	33	0	0	0	0	0	0	58	0	0	41	9	0	0	0	3	13	2	20	1	0	16	26	15	0	0	6	0	244	0	2	0	6	0	0	0	0	22	5	3	0	66	0	0	0	1	0	0	7	18	65	0	2	1	0	41	3	51	0	31	0	0	0	0	3	0	0	1	0	1	8	5
0	0	0	1	0	0	0	2	0	0	12	2	0	129	0	0	0	0	3	177	0	294	211	0	83	31	162	0	0	522	0	8	0	154	0	487	0	0	0	0	270	0	300	0	38	0	21	0	0	0	0	20	271	115	0	51	0	41	0	306	737	0	24	0	0	0	1	362	0	0	1	0	2	2	203
0	0	0	0	0	0	0	0	0	0	6	2	0	54	3	0	0	0	3	0	0	1	0	0	0	0	12	2	0	136	0	0	0	2	0	90	0	0	0	0	5	0	0	0	0	0	0	0	0	0	0	0	0	0	0	2	0	3	306	0	679	0	2	0	0	0	0	0	0	0	0	0	0	26	0
0	0	0	12	0	1	0	0	41	0	1	2	0	724	0	0	0	0	0	111	0	12	245	0	9	11	85	0	0	267	0	0	0	226	0	340	0	0	0	0	389	1	48	0	0	0	62	0	0	0	0	0	0	4	0	33	0	51	737	679	0	0	0	0	75	0	0	180	0	0	14	2	4	0	0
0	0	0	0	0	0	0	0	0	0	0	0	0	0	0	0	0	0	0	0	0	0	0	0	0	0	0	0	0	0	0	0	0	0	0	0	0	0	0	0	0	0	0	0	0	0	0	0	0	0	0	0	0	0	0	0	0	0	0	0	0	0	0	0	0	0	0	0	0	0	0	0	0	0	0
0	0	8	94	0	173	0	0	0	0	2	3	0	1	460	0	8	0	34	0	1	3	0	0	4	0	55	0	0	2	0	0	0	101	0	2	0	0	0	0	0	18	97	0	0	0	0	0	0	0	0	0	0	0	0	0	0	31	24	2	0	0	0	0	1	0	0	0	0	0	0	0	48	101	32
0	0	0	0	0	0	0	0	0	0	0	0	0	0	0	0	0	0	0	0	0	0	0	0	0	0	0	0	0	0	0	0	0	0	0	0	0	0	0	0	0	0	0	0	0	0	0	0	0	0	0	0	0	0	0	0	0	0	0	0	0	0	0	0	0	0	0	0	0	0	0	0	0	0	0
0	0	1	0	0	78	0	0	0	0	0	0	0	70	1	0	0	0	0	0	0	0	0	0	0	0	0	0	0	0	0	0	0	0	0	0	0	0	0	0	0	0	0	0	0	0	0	0	0	0	0	0	0	0	0	0	0	0	0	0	75	0	1	0	0	0	0	0	0	0	0	0	0	51	0
0	0	0	0	0	0	0	0	0	0	0	0	0	0	0	0	0	0	0	0	0	0	0	0	0	0	0	0	0	0	0	0	0	0	0	0	0	0	0	0	0	0	0	0	0	0	0	0	0	0	0	0	0	0	0	0	0	0	0	0	0	0	0	0	0	0	0	0	0	0	0	0	0	0	0
0	0	0	0	0	0	0	6	0	0	63	0	0	1	0	0	0	0	0	0	0	0	0	0	0	0	1	0	0	0	0	0	0	1	0	0	0	0	0	0	0	0	0	0	2	0	0	0	14	0	0	0	0	0	0	0	0	0	1	0	0	0	0	0	0	0	0	0	0	0	0	0	0	0	0
0	0	0	0	0	0	0	0	0	0	1	0	0	1	0	0	0	0	0	0	0	7	0	0	2	0	178	0	0	239	0	77	0	3	0	65	0	0	0	0	0	0	0	0	0	0	0	0	0	0	0	44	83	0	0	8	0	3	362	0	180	0	0	0	0	0	0	0	0	0	0	0	0	0	0
0	0	0	0	0	0	0	0	0	0	0	0	0	0	0	0	0	0	0	0	0	0	0	0	0	0	0	0	0	0	0	0	0	0	0	0	0	0	0	0	0	0	0	0	0	0	0	0	0	0	0	0	0	0	0	0	0	0	0	0	0	0	0	0	0	0	0	0	0	0	0	0	0	0	0
0	0	0	0	0	0	0	0	0	0	0	0	0	0	0	0	0	0	0	0	0	0	0	0	0	0	0	0	0	0	0	0	0	0	0	0	0	0	0	0	0	0	2	0	0	0	0	0	0	0	0	0	0	0	0	0	0	0	0	0	0	0	0	0	0	0	0	0	0	0	0	0	0	0	0
0	0	0	0	0	0	0	0	0	0	74	0	0	9	0	0	0	0	2	0	2	0	0	0	4	0	3	1	0	1	0	37	0	0	0	0	0	0	0	0	0	0	0	0	0	0	0	0	0	0	0	36	8	0	0	0	17	1	1	0	14	0	0	0	0	0	0	0	0	0	0	0	0	1	0
0	0	0	0	0	0	0	0	0	0	0	0	0	0	0	0	0	0	0	0	130	0	0	0	0	0	2	0	0	0	0	0	0	0	0	0	0	0	0	0	0	0	0	0	0	3	0	0	0	0	0	0	0	0	0	0	0	0	0	0	2	0	0	0	0	0	0	0	0	0	0	0	0	0	0
0	0	0	0	0	2	0	0	0	0	4	0	0	3	39	0	0	0	8	0	0	1	0	0	0	0	0	0	0	0	0	0	0	2	0	1	0	0	0	0	0	2	0	0	0	0	0	0	0	0	0	0	1	0	0	0	0	1	2	0	4	0	48	0	0	0	0	0	0	0	0	0	0	0	0
0	0	0	2	0	233	0	0	0	0	0	0	0	2	0	0	6	0	1	1	1	2	0	0	0	0	0	0	0	2	0	0	0	1	0	1	0	0	0	0	1	0	2	0	0	0	87	0	0	0	0	0	0	0	0	0	0	8	2	26	0	0	101	0	51	0	0	0	0	0	1	0	0	0	1
0	0	1	0	0	0	0	0	0	0	0	0	0	0	0	0	0	0	2	0	0	7	0	0	2	0	4	0	0	0	0	303	0	3	0	0	0	0	0	0	0	1	0	0	0	0	0	0	0	0	0	18	12	0	0	7	0	5	203	0	0	0	32	0	0	0	0	0	0	0	0	0	0	1	0
