0	0	0	0	0	0	0	0	0	0	0	0	0	0	0	0	0	0	0	0	0	0	0	0	0	0	0	0	0	0	0	0	0	0	0	0	0	0	0	0	0	0	0	0	0	0	0	0	0	0	0	0	0	0	0	0	0	0	0	0	0	0	0	0	0	0	0	0	0	0	0	0	0	0	0
0	0	0	0	0	0	0	0	2	0	0	0	0	108	0	0	0	0	0	7	3	0	0	0	31	24	0	0	0	102	0	2	0	18	68	52	0	0	0	0	42	0	0	0	0	31	0	0	0	0	0	0	125	0	0	127	8	1	2	0	0	0	0	0	0	0	0	135	0	0	1	72	0	0	0
0	0	0	12	3	87	0	1	93	0	1	0	0	89	14	3	30	3	1	2	2	0	0	0	0	0	0	1	0	3	0	0	0	13	72	3	1	0	0	0	31	3	1	0	2	2	6	12	3	0	0	0	1	1	0	2	0	17	10	64	0	19	24	0	85	0	0	2	0	0	2	69	0	3	0
0	0	12	0	1	102	0	0	0	0	30	0	0	3	282	72	32	0	0	0	0	1	0	0	0	0	0	365	0	1	0	5	0	87	0	0	68	0	0	0	1	97	1	0	101	8	0	89	120	0	0	0	0	0	0	0	0	140	3	0	0	59	127	0	21	0	69	0	0	0	81	0	96	12	0
0	0	3	1	0	5	0	0	0	0	0	0	0	0	0	0	0	1	0	0	0	0	0	0	0	0	0	1	0	0	0	0	0	1	0	0	0	0	0	0	0	1	0	0	0	0	0	0	0	0	0	0	0	0	0	0	0	2	5	0	0	0	8	0	0	0	0	0	0	0	0	8	0	1	0
0	0	87	102	5	0	0	0	1	0	1	9	0	167	140	20	171	8	0	1	0	4	0	0	0	0	0	3	0	0	0	1	0	13	331	3	4	0	0	0	122	63	22	0	0	0	9	4	3	0	0	0	0	0	0	0	0	40	93	2	0	102	434	0	135	0	0	1	0	6	21	36	182	376	6
0	0	0	0	0	0	0	0	0	0	0	0	0	0	0	0	0	0	0	0	0	0	0	0	0	0	0	0	0	0	0	0	0	0	0	0	0	0	0	0	0	0	0	0	0	0	0	0	0	0	0	0	0	0	0	0	0	0	0	0	0	0	0	0	0	0	0	0	0	0	0	0	0	0	0
0	0	1	0	0	0	0	0	0	0	0	35	0	0	0	0	0	6	6	0	0	9	0	0	2	0	4	0	0	0	0	0	0	1	0	1	0	0	0	0	1	120	0	0	0	8	0	0	0	0	0	0	4	0	0	0	0	0	31	0	0	0	2	0	0	0	0	0	0	0	0	0	0	2	0
0	2	93	0	0	1	0	0	0	0	0	0	0	304	0	0	0	7	0	0	8	11	1	0	0	0	57	0	0	50	0	0	0	17	76	34	0	0	0	0	221	0	0	0	0	0	0	0	0	0	0	0	59	0	0	1	0	2	53	0	0	0	0	0	0	0	0	0	0	0	3	2	0	1	0
0	0	0	0	0	0	0	0	0	0	0	0	0	0	0	0	0	0	0	0	0	0	0	0	0	0	0	0	0	0	0	0	0	0	0	0	0	0	0	0	0	0	0	0	0	0	0	0	0	0	0	0	0	0	0	0	0	0	0	0	0	0	0	0	0	0	0	0	0	0	0	0	0	0	0
0	0	1	30	0	1	0	0	0	0	0	0	0	6	12	0	0	7	0	0	0	13	0	0	0	0	0	25	0	20	0	47	0	1	0	0	1	0	0	0	2	12	0	0	3	0	10	0	3	0	0	2	0	1	0	1	0	65	23	0	0	11	7	0	0	0	1	0	0	0	8	0	0	0	0
0	0	0	0	0	9	0	35	0	0	0	0	0	0	5	0	4	0	0	0	0	0	0	0	0	0	0	0	0	0	0	0	0	1	2	0	0	0	0	0	1	19	0	0	0	0	0	0	0	0	0	0	0	0	0	0	0	0	0	0	0	3	19	0	0	0	0	0	0	0	0	0	0	7	0
0	0	0	0	0	0	0	0	0	0	0	0	0	0	0	0	0	0	0	0	0	0	0	0	0	0	0	0	0	0	0	0	0	0	0	0	0	0	0	0	0	0	0	0	0	0	0	0	0	0	0	0	0	0	0	0	0	0	0	0	0	0	0	0	0	0	0	0	0	0	0	0	0	0	0
0	108	89	3	0	167	0	0	304	0	6	0	0	0	3	0	45	73	0	161	5	198	0	6	0	1	5	0	0	13	0	0	0	218	564	75	1	0	0	0	603	2	2	0	2	2	57	1	1	0	0	0	11	0	0	10	5	77	106	46	0	2	8	0	26	0	0	3	0	0	6	410	110	4	1
0	0	14	282	0	140	0	0	0	0	12	5	0	3	0	12	10	0	1	0	4	0	0	0	0	0	1	17	0	0	0	0	0	75	0	1	4	0	0	0	0	0	0	0	3	0	0	149	22	0	0	0	0	0	0	1	0	18	16	0	0	261	797	0	99	0	5	0	0	0	2	0	207	24	0
0	0	3	72	0	20	0	0	0	0	0	0	0	0	12	0	16	1	0	9	0	0	0	0	0	0	0	0	0	0	0	1	0	5	0	0	109	0	0	0	0	7	37	0	108	0	11	2	99	0	0	0	0	0	0	0	0	43	20	0	0	6	21	0	1	0	28	0	0	0	61	0	15	0	0
0	0	30	32	0	171	0	0	0	0	0	4	0	45	10	16	0	0	0	0	0	4	0	0	0	0	0	1	0	0	0	14	0	4	120	1	0	0	0	0	20	0	0	0	0	31	0	0	0	0	0	0	0	0	0	6	0	4	13	2	0	1	178	0	0	0	0	0	0	0	0	0	0	124	0
0	0	3	0	1	8	0	6	7	0	7	0	0	73	0	1	0	0	0	140	0	324	37	0	0	0	164	0	0	35	0	2	0	135	127	22	1	0	0	0	282	5	0	0	3	5	25	0	0	0	0	1	229	3	0	80	3	11	44	1	0	0	0	0	0	0	0	76	0	0	23	59	8	0	8
0	0	1	0	0	0	0	6	0	0	0	0	0	0	1	0	0	0	0	0	0	0	0	0	0	1	0	0	0	0	0	4	0	0	1	1	0	0	0	0	0	0	0	0	21	15	0	1	26	0	183	5	0	20	0	0	0	39	5	0	0	1	17	0	0	0	0	0	0	0	9	0	2	0	1
0	7	2	0	0	1	0	0	0	0	0	0	0	161	0	9	0	140	0	0	0	149	0	0	12	0	201	0	0	217	0	6	0	10	28	11	0	0	0	0	231	0	14	0	0	34	0	0	0	0	0	14	140	0	0	7	3	49	26	0	0	0	1	0	0	0	0	0	0	0	10	3	0	1	0
0	3	2	0	0	0	0	0	8	0	0	0	0	5	4	0	0	0	0	0	0	0	0	0	0	0	1	0	0	12	0	0	0	22	0	28	0	0	0	0	24	0	0	0	0	0	0	1	0	0	0	0	17	1	0	8	0	1	9	0	0	0	0	0	0	0	0	0	0	0	1	11	1	0	0
0	0	0	1	0	4	0	9	11	0	13	0	0	198	0	0	4	324	0	149	0	0	7	0	3	0	326	0	0	13	0	0	0	128	196	15	1	0	0	0	391	0	0	0	1	29	0	0	0	0	0	1	242	1	0	60	0	1	18	1	0	4	17	0	0	0	0	1	0	0	4	5	0	2	0
0	0	0	0	0	0	0	0	1	0	0	0	0	0	0	0	0	37	0	0	0	7	0	0	95	0	33	0	0	64	0	54	0	0	10	1	0	0	0	0	5	0	0	0	0	10	0	0	0	0	0	4	27	0	0	82	0	0	10	0	0	0	0	0	0	0	0	9	0	0	0	0	1	0	1
0	0	0	0	0	0	0	0	0	0	0	0	0	6	0	0	0	0	0	0	0	0	0	0	0	0	0	0	0	0	0	0	0	0	2	0	0	0	0	0	0	0	0	0	0	0	0	0	0	0	0	0	0	0	0	1	0	1	4	0	0	0	0	0	0	0	0	0	0	0	1	0	0	1	0
0	31	0	0	0	0	0	2	0	0	0	0	0	0	0	0	0	0	0	12	0	3	95	0	0	1340	4	0	0	31	0	7	0	12	0	73	0	0	0	0	3	0	0	0	0	373	0	0	2	0	0	8	6	274	0	359	300	3	6	0	0	0	4	0	0	0	0	6	0	0	0	2	0	0	2
0	24	0	0	0	0	0	0	0	0	0	0	0	1	0	0	0	0	1	0	0	0	0	0	1340	0	3	0	0	0	0	1	0	0	0	11	0	0	0	0	1	0	0	0	0	119	0	0	0	0	0	6	9	1	0	88	4	0	1	0	0	0	2	0	0	0	0	0	0	0	0	0	0	0	0
0	0	0	0	0	0	0	4	57	0	0	0	0	5	1	0	0	164	0	201	1	326	33	0	4	3	0	0	0	33	0	5	0	229	32	83	0	0	0	0	361	0	0	0	1	5	12	0	0	0	0	0	515	3	0	66	0	15	23	0	0	0	1	0	0	0	0	38	0	0	3	17	7	0	1
0	0	1	365	1	3	0	0	0	0	25	0	0	0	17	0	1	0	0	0	0	0	0	0	0	0	0	0	0	0	0	0	0	9	1	0	246	0	0	0	0	457	1	0	10	0	1	2	248	0	0	0	0	0	0	0	0	2	0	0	0	14	21	0	1	0	126	0	0	0	3	0	9	0	0
0	0	0	0	0	0	0	0	0	0	0	0	0	0	0	0	0	0	0	0	0	0	0	0	0	0	0	0	0	0	0	0	0	0	0	0	0	0	0	0	0	0	0	0	0	0	0	0	0	0	0	0	0	0	0	0	0	0	0	0	0	0	0	0	0	0	0	0	0	0	0	0	0	0	0
0	102	3	1	0	0	0	0	50	0	20	0	0	13	0	0	0	35	0	217	12	13	64	0	31	0	33	0	0	0	0	1	0	101	40	218	0	0	0	0	376	0	1	0	0	0	33	0	0	0	0	0	274	3	0	16	2	23	312	58	0	0	0	0	0	0	0	183	0	0	15	170	9	0	2
0	0	0	0	0	0	0	0	0	0	0	0	0	0	0	0	0	0	0	0	0	0	0	0	0	0	0	0	0	0	0	0	0	0	0	0	0	0	0	0	0	0	0	0	0	0	0	0	0	0	0	0	0	0	0	0	0	0	0	0	0	0	0	0	0	0	0	0	0	0	0	0	0	0	0
0	2	0	5	0	1	0	0	0	0	47	0	0	0	0	1	14	2	4	6	0	0	54	0	7	1	5	0	0	1	0	0	0	0	3	2	1	0	0	0	0	0	16	0	171	23	0	33	8	0	0	433	3	31	0	102	0	134	3	1	0	0	0	0	15	0	0	110	0	0	3	0	0	2	92
0	0	0	0	0	0	0	0	0	0	0	0	0	0	0	0	0	0	0	0	0	0	0	0	0	0	0	0	0	0	0	0	0	0	0	0	0	0	0	0	0	0	0	0	0	0	0	0	0	0	0	0	0	0	0	0	0	0	0	0	0	0	0	0	0	0	0	0	0	0	0	0	0	0	0
0	18	13	87	1	13	0	1	17	0	1	1	0	218	75	5	4	135	0	10	22	128	0	0	12	0	229	9	0	101	0	0	0	0	15	49	1	0	0	0	208	0	1	0	0	20	3	1	0	0	0	0	150	0	0	4	4	9	43	2	0	1	171	0	0	0	0	1	0	0	6	13	3	3	0
0	68	72	0	0	331	0	0	76	0	0	2	0	564	0	0	120	127	1	28	0	196	10	2	0	0	32	1	0	40	0	3	0	15	0	19	0	0	0	0	292	0	0	0	15	4	92	0	0	0	0	1	93	13	0	32	0	27	223	3	0	0	12	0	0	0	0	34	0	0	11	208	85	516	7
0	52	3	0	0	3	0	1	34	0	0	0	0	75	1	0	1	22	1	11	28	15	1	0	73	11	83	0	0	218	0	2	0	49	19	0	0	0	0	0	119	0	0	0	1	3	1	0	0	0	0	0	186	0	0	12	2	18	128	0	0	1	7	0	0	0	0	33	0	0	11	67	2	1	0
0	0	1	68	0	4	0	0	0	0	1	0	0	1	4	109	0	1	0	0	0	1	0	0	0	0	0	246	0	0	0	1	0	1	0	0	0	0	0	0	0	81	10	0	0	1	0	0	0	0	0	0	0	0	0	0	0	31	20	0	0	0	3	0	0	0	0	0	0	0	0	0	0	26	0
0	0	0	0	0	0	0	0	0	0	0	0	0	0	0	0	0	0	0	0	0	0	0	0	0	0	0	0	0	0	0	0	0	0	0	0	0	0	0	0	0	0	0	0	0	0	0	0	0	0	0	0	0	0	0	0	0	0	0	0	0	0	0	0	0	0	0	0	0	0	0	0	0	0	0
0	0	0	0	0	0	0	0	0	0	0	0	0	0	0	0	0	0	0	0	0	0	0	0	0	0	0	0	0	0	0	0	0	0	0	0	0	0	0	0	0	0	0	0	0	0	0	0	0	0	0	0	0	0	0	0	0	0	0	0	0	0	0	0	0	0	0	0	0	0	0	0	0	0	0
0	0	0	0	0	0	0	0	0	0	0	0	0	0	0	0	0	0	0	0	0	0	0	0	0	0	0	0	0	0	0	0	0	0	0	0	0	0	0	0	0	0	0	0	0	0	0	0	0	0	0	0	0	0	0	0	0	0	0	0	0	0	0	0	0	0	0	0	0	0	0	0	0	0	0
0	42	31	1	0	122	0	1	221	0	2	1	0	603	0	0	20	282	0	231	24	391	5	0	3	1	361	0	0	376	0	0	0	208	292	119	0	0	0	0	0	0	0	0	0	0	30	0	0	0	0	0	283	1	0	36	1	73	136	9	0	0	0	0	0	0	0	0	0	0	21	254	47	0	2
0	0	3	97	1	63	0	120	0	0	12	19	0	2	0	7	0	5	0	0	0	0	0	0	0	0	0	457	0	0	0	0	0	0	0	0	81	0	0	0	0	0	11	0	98	1	0	0	136	0	0	0	0	0	0	0	0	1	41	0	0	0	1	0	0	0	0	0	0	0	0	0	0	14	1
0	0	1	1	0	22	0	0	0	0	0	0	0	2	0	37	0	0	0	14	0	0	0	0	0	0	0	1	0	1	0	16	0	1	0	0	10	0	0	0	0	11	0	0	80	0	25	0	12	0	0	0	0	0	0	0	0	53	6	0	1	0	7	0	0	0	4	1	0	0	0	6	4	16	0
0	0	0	0	0	0	0	0	0	0	0	0	0	0	0	0	0	0	0	0	0	0	0	0	0	0	0	0	0	0	0	0	0	0	0	0	0	0	0	0	0	0	0	0	0	0	0	0	0	0	0	0	0	0	0	0	0	0	0	0	0	0	0	0	0	0	0	0	0	0	0	0	0	0	0
0	0	2	101	0	0	0	0	0	0	3	0	0	2	3	108	0	3	21	0	0	1	0	0	0	0	1	10	0	0	0	171	0	0	15	1	0	0	0	0	0	98	80	0	0	7	0	0	0	0	0	44	0	0	0	0	0	152	159	0	0	0	1	0	0	0	0	0	0	2	8	0	0	18	0
0	31	2	8	0	0	0	8	0	0	0	0	0	2	0	0	31	5	15	34	0	29	10	0	373	119	5	0	0	0	0	23	0	20	4	3	1	0	0	0	0	1	0	0	7	0	0	0	7	0	0	22	0	187	0	276	2	251	16	0	0	31	30	0	0	0	0	52	0	0	16	0	2	1	19
0	0	6	0	0	9	0	0	0	0	10	0	0	57	0	11	0	25	0	0	0	0	0	0	0	0	12	1	0	33	0	0	0	3	92	1	0	0	0	0	30	0	25	0	0	0	0	0	0	0	0	0	1	0	0	0	0	4	111	0	0	0	5	0	0	0	0	0	0	0	8	1	0	3	0
0	0	12	89	0	4	0	0	0	0	0	0	0	1	149	2	0	0	1	0	1	0	0	0	0	0	0	2	0	0	0	33	0	1	0	0	0	0	0	0	0	0	0	0	0	0	0	0	0	0	0	0	0	0	0	0	0	1	2	0	0	0	6	0	0	0	0	0	0	0	0	0	0	11	0
0	0	3	120	0	3	0	0	0	0	3	0	0	1	22	99	0	0	26	0	0	0	0	0	2	0	0	248	0	0	0	8	0	0	0	0	0	0	0	0	0	136	12	0	0	7	0	0	0	0	0	1	0	0	0	0	0	271	6	0	0	0	29	0	0	0	0	0	0	0	21	0	0	4	0
0	0	0	0	0	0	0	0	0	0	0	0	0	0	0	0	0	0	0	0	0	0	0	0	0	0	0	0	0	0	0	0	0	0	0	0	0	0	0	0	0	0	0	0	0	0	0	0	0	0	0	0	0	0	0	0	0	0	0	0	0	0	0	0	0	0	0	0	0	0	0	0	0	0	0
0	0	0	0	0	0	0	0	0	0	0	0	0	0	0	0	0	0	183	0	0	0	0	0	0	0	0	0	0	0	0	0	0	0	0	0	0	0	0	0	0	0	0	0	0	0	0	0	0	0	0	0	0	0	0	0	0	0	0	0	0	0	0	0	0	0	0	0	0	0	0	0	0	0	0
0	0	0	0	0	0	0	0	0	0	2	0	0	0	0	0	0	1	5	14	0	1	4	0	8	6	0	0	0	0	0	433	0	0	1	0	0	0	0	0	0	0	0	0	44	22	0	0	1	0	0	0	1	25	0	6	0	9	2	0	0	0	0	0	0	0	0	25	0	0	27	0	0	0	15
0	125	1	0	0	0	0	4	59	0	0	0	0	11	0	0	0	229	0	140	17	242	27	0	6	9	515	0	0	274	0	3	0	150	93	186	0	0	0	0	283	0	0	0	0	0	1	0	0	0	0	1	0	4	0	90	2	47	46	0	0	1	0	0	0	0	0	120	0	0	2	123	6	1	0
0	0	1	0	0	0	0	0	0	0	1	0	0	0	0	0	0	3	20	0	1	1	0	0	274	1	3	0	0	3	0	31	0	0	13	0	0	0	0	0	1	0	0	0	0	187	0	0	0	0	0	25	4	0	0	87	0	127	16	0	0	0	0	0	0	0	0	0	0	0	32	0	0	0	0
0	0	0	0	0	0	0	0	0	0	0	0	0	0	0	0	0	0	0	0	0	0	0	0	0	0	0	0	0	0	0	0	0	0	0	0	0	0	0	0	0	0	0	0	0	0	0	0	0	0	0	0	0	0	0	0	0	0	0	0	0	0	0	0	0	0	0	0	0	0	0	0	0	0	0
0	127	2	0	0	0	0	0	1	0	1	0	0	10	1	0	6	80	0	7	8	60	82	1	359	88	66	0	0	16	0	102	0	4	32	12	0	0	0	0	36	0	0	0	0	276	0	0	0	0	0	6	90	87	0	0	222	4	23	0	0	0	1	0	0	0	0	80	0	0	7	3	0	1	0
0	8	0	0	0	0	0	0	0	0	0	0	0	5	0	0	0	3	0	3	0	0	0	0	300	4	0	0	0	2	0	0	0	4	0	2	0	0	0	0	1	0	0	0	0	2	0	0	0	0	0	0	2	0	0	222	0	208	0	0	0	0	0	0	0	0	0	0	0	0	102	0	0	0	0
0	1	17	140	2	40	0	0	2	0	65	0	0	77	18	43	4	11	39	49	1	1	0	1	3	0	15	2	0	23	0	134	0	9	27	18	31	0	0	0	73	1	53	0	152	251	4	1	271	0	0	9	47	127	0	4	208	0	155	9	0	3	64	0	1	0	0	1	0	6	211	10	4	9	24
0	2	10	3	5	93	0	31	53	0	23	0	0	106	16	20	13	44	5	26	9	18	10	4	6	1	23	0	0	312	0	3	0	43	223	128	20	0	0	0	136	41	6	0	159	16	111	2	6	0	0	2	46	16	0	23	0	155	0	104	0	42	52	0	13	0	2	219	0	11	19	280	52	25	158
0	0	64	0	0	2	0	0	0	0	0	0	0	46	0	0	2	1	0	0	0	1	0	0	0	0	0	0	0	58	0	1	0	2	3	0	0	0	0	0	9	0	0	0	0	0	0	0	0	0	0	0	0	0	0	0	0	9	104	0	0	0	2	0	0	0	0	2	0	0	0	4	2	0	0
0	0	0	0	0	0	0	0	0	0	0	0	0	0	0	0	0	0	0	0	0	0	0	0	0	0	0	0	0	0	0	0	0	0	0	0	0	0	0	0	0	0	1	0	0	0	0	0	0	0	0	0	0	0	0	0	0	0	0	0	0	0	0	0	0	0	0	0	0	0	0	0	0	0	0
0	0	19	59	0	102	0	0	0	0	11	3	0	2	261	6	1	0	1	0	0	4	0	0	0	0	0	14	0	0	0	0	0	1	0	1	0	0	0	0	0	0	0	0	0	31	0	0	0	0	0	0	1	0	0	0	0	3	42	0	0	0	184	0	0	0	0	0	0	0	0	0	0	1	0
0	0	24	127	8	434	0	2	0	0	7	19	0	8	797	21	178	0	17	1	0	17	0	0	4	2	1	21	0	0	0	0	0	171	12	7	3	0	0	0	0	1	7	0	1	30	5	6	29	0	0	0	0	0	0	1	0	64	52	2	0	184	0	0	10	0	0	0	0	6	15	0	65	224	12
0	0	0	0	0	0	0	0	0	0	0	0	0	0	0	0	0	0	0	0	0	0	0	0	0	0	0	0	0	0	0	0	0	0	0	0	0	0	0	0	0	0	0	0	0	0	0	0	0	0	0	0	0	0	0	0	0	0	0	0	0	0	0	0	0	0	0	0	0	0	0	0	0	0	0
0	0	85	21	0	135	0	0	0	0	0	0	0	26	99	1	0	0	0	0	0	0	0	0	0	0	0	1	0	0	0	15	0	0	0	0	0	0	0	0	0	0	0	0	0	0	0	0	0	0	0	0	0	0	0	0	0	1	13	0	0	0	10	0	0	0	0	0	0	0	0	0	0	88	0
0	0	0	0	0	0	0	0	0	0	0	0	0	0	0	0	0	0	0	0	0	0	0	0	0	0	0	0	0	0	0	0	0	0	0	0	0	0	0	0	0	0	0	0	0	0	0	0	0	0	0	0	0	0	0	0	0	0	0	0	0	0	0	0	0	0	0	0	0	0	0	0	0	0	0
0	0	0	69	0	0	0	0	0	0	1	0	0	0	5	28	0	0	0	0	0	0	0	0	0	0	0	126	0	0	0	0	0	0	0	0	0	0	0	0	0	0	4	0	0	0	0	0	0	0	0	0	0	0	0	0	0	0	2	0	0	0	0	0	0	0	0	0	0	0	0	0	0	0	0
0	135	2	0	0	1	0	0	0	0	0	0	0	3	0	0	0	76	0	0	0	1	9	0	6	0	38	0	0	183	0	110	0	1	34	33	0	0	0	0	0	0	1	0	0	52	0	0	0	0	0	25	120	0	0	80	0	1	219	2	0	0	0	0	0	0	0	0	0	0	7	1	0	0	0
0	0	0	0	0	0	0	0	0	0	0	0	0	0	0	0	0	0	0	0	0	0	0	0	0	0	0	0	0	0	0	0	0	0	0	0	0	0	0	0	0	0	0	0	0	0	0	0	0	0	0	0	0	0	0	0	0	0	0	0	0	0	0	0	0	0	0	0	0	0	0	0	0	0	0
0	0	0	0	0	6	0	0	0	0	0	0	0	0	0	0	0	0	0	0	0	0	0	0	0	0	0	0	0	0	0	0	0	0	0	0	0	0	0	0	0	0	0	0	2	0	0	0	0	0	0	0	0	0	0	0	0	6	11	0	0	0	6	0	0	0	0	0	0	0	0	1	4	6	0
0	1	2	81	0	21	0	0	3	0	8	0	0	6	2	61	0	23	9	10	1	4	0	1	0	0	3	3	0	15	0	3	0	6	11	11	0	0	0	0	21	0	0	0	8	16	8	0	21	0	0	27	2	32	0	7	102	211	19	0	0	0	15	0	0	0	0	7	0	0	0	12	1	1	4
0	72	69	0	8	36	0	0	2	0	0	0	0	410	0	0	0	59	0	3	11	5	0	0	2	0	17	0	0	170	0	0	0	13	208	67	0	0	0	0	254	0	6	0	0	0	1	0	0	0	0	0	123	0	0	3	0	10	280	4	0	0	0	0	0	0	0	1	0	1	12	0	0	0	0
0	0	0	96	0	182	0	0	0	0	0	0	0	110	207	15	0	8	2	0	1	0	1	0	0	0	7	9	0	9	0	0	0	3	85	2	0	0	0	0	47	0	4	0	0	2	0	0	0	0	0	0	6	0	0	0	0	4	52	2	0	0	65	0	0	0	0	0	0	4	1	0	0	38	0
0	0	3	12	1	376	0	2	1	0	0	7	0	4	24	0	124	0	0	1	0	2	0	1	0	0	0	0	0	0	0	2	0	3	516	1	26	0	0	0	0	14	16	0	18	1	3	11	4	0	0	0	1	0	0	1	0	9	25	0	0	1	224	0	88	0	0	0	0	6	1	0	38	0	0
0	0	0	0	0	6	0	0	0	0	0	0	0	1	0	0	0	8	1	0	0	0	1	0	2	0	1	0	0	2	0	92	0	0	7	0	0	0	0	0	2	1	0	0	0	19	0	0	0	0	0	15	0	0	0	0	0	24	158	0	0	0	12	0	0	0	0	0	0	0	4	0	0	0	0
