0	0	0	0	0	0	0	0	0	0	0	0	0	0	0	0	0	0	0	0	0	0	0	0	0	0	0	0	0	0	0	0	0	0	0	0	0	0	0	0	0	0	0	0	0	0	0	0	0	0	0	0	0	0	0	0	0	0	0	0	0	0	0	0	0	0	0	0	0	0	0	0	0	0	0
0	0	0	0	0	0	0	0	0	0	1	0	0	0	0	0	0	0	0	0	0	0	7	0	0	1	1	0	0	1	0	0	0	0	1	4	0	0	1	0	0	0	0	0	0	0	0	0	0	0	2	0	0	0	0	4	0	0	1	0	0	0	0	0	0	0	0	1	7	0	0	0	0	0	0
0	0	0	51	0	180	0	0	19	0	1	0	0	18	13	0	13	0	4	0	15	0	1	7	0	0	0	0	0	2	1	1	3	7	19	9	4	0	18	0	34	0	165	0	16	3	17	0	0	0	0	0	0	0	0	4	0	26	31	0	0	66	164	0	7	0	2	5	8	10	17	21	0	45	1
0	0	51	0	0	0	21	0	0	0	247	0	0	6	57	20	0	3	1	0	13	10	0	0	0	0	10	1	0	38	9	0	7	0	1	0	0	0	0	0	0	0	0	0	0	0	0	0	15	0	0	0	13	0	0	0	0	59	0	0	0	0	0	0	0	0	0	0	0	1	0	0	51	6	4
0	0	0	0	0	0	0	0	0	0	0	0	0	0	0	0	0	0	0	0	0	0	0	0	0	0	0	0	0	0	712	0	0	0	0	0	0	0	0	0	0	0	0	0	0	0	0	0	0	0	0	0	0	0	0	0	0	0	0	0	0	0	0	0	0	0	2	0	0	0	0	0	0	0	0
0	0	180	0	0	0	0	0	0	0	0	0	0	33	26	1	0	0	19	0	13	0	0	0	0	0	0	0	0	0	91	0	6	0	36	0	0	0	0	0	0	0	0	0	2	0	0	0	0	0	0	0	0	0	0	0	0	2	0	0	0	0	0	0	0	0	0	0	0	0	0	1	179	40	0
0	0	0	21	0	0	0	0	0	0	0	0	0	4	0	0	0	462	0	103	3	352	37	10	2	0	234	0	0	187	0	1	0	86	73	108	0	0	5	0	196	0	2	0	0	203	0	0	0	0	0	0	0	0	0	50	19	0	25	0	0	0	0	0	0	0	0	6	131	0	20	5	2	0	10
0	0	0	0	0	0	0	0	0	0	0	0	0	0	0	0	0	0	0	0	0	0	0	0	0	0	0	0	0	0	2	0	0	0	0	0	0	0	0	0	0	0	0	0	0	0	0	0	0	0	0	0	0	0	0	0	0	0	0	0	0	0	0	0	0	0	0	0	0	0	0	0	0	0	0
0	0	19	0	0	0	0	0	0	0	0	0	0	298	0	0	0	145	0	0	106	81	0	0	0	0	1	0	0	8	0	0	141	4	26	0	0	0	0	0	0	0	0	0	0	0	0	0	0	0	0	0	0	0	0	0	0	0	0	0	0	0	0	0	0	0	0	0	0	0	0	0	10	0	0
0	0	0	0	0	0	0	0	0	0	0	0	0	0	0	0	0	0	0	0	0	0	0	0	0	0	0	0	0	1	0	0	0	0	0	0	0	0	0	0	0	0	0	0	0	0	0	0	0	0	3	0	0	0	0	0	0	0	0	0	0	0	0	0	0	0	0	0	0	0	0	0	0	0	0
0	1	1	247	0	0	0	0	0	0	0	0	0	0	37	210	0	0	46	24	24	0	0	0	0	0	1	1	0	0	0	211	0	4	0	0	76	0	1	0	0	0	31	0	343	0	0	0	12	0	0	56	0	0	0	0	0	261	0	0	0	5	31	0	0	0	163	0	1	0	80	0	1	0	0
0	0	0	0	0	0	0	0	0	0	0	0	0	0	0	0	0	0	0	0	48	0	0	0	0	0	0	0	0	0	0	0	0	0	0	0	0	0	0	0	0	0	0	0	0	0	0	0	0	0	0	0	0	0	0	0	0	0	0	0	0	0	0	0	0	0	0	0	0	0	0	0	6	0	0
0	0	0	0	0	0	0	0	0	0	0	0	0	0	0	0	0	0	0	0	0	0	0	0	0	0	0	0	0	0	0	0	0	0	0	0	0	0	0	0	0	0	0	0	0	0	0	0	0	0	0	0	0	0	0	0	0	0	0	0	0	0	0	0	0	0	0	0	0	0	0	0	0	0	0
0	0	18	6	0	33	4	0	298	0	0	0	0	0	0	0	6	53	0	28	10	46	1	6	0	0	0	0	0	16	0	0	158	227	741	25	0	0	8	0	379	0	2	0	0	1	189	0	0	0	0	0	0	0	0	10	0	19	61	0	0	2	1	0	1	0	0	1	15	0	28	179	4	3	1
0	0	13	57	0	26	0	0	0	0	37	0	0	0	0	1	0	0	1	0	5	0	0	6	0	0	0	0	0	0	0	0	7	2	16	0	7	0	122	0	1	0	59	0	86	0	0	0	0	0	0	0	0	0	0	0	0	1	5	0	0	521	670	0	11	0	13	0	15	0	0	0	53	8	0
0	0	0	20	0	1	0	0	0	0	210	0	0	0	1	0	1	0	16	10	1	0	0	0	0	0	0	0	0	0	0	7	0	0	1	0	124	0	4	0	0	0	185	0	214	0	0	0	3	0	0	0	0	0	0	0	0	114	1	0	0	3	0	0	0	0	17	0	0	0	1	0	0	0	3
0	0	13	0	0	0	0	0	0	0	0	0	0	6	0	1	0	0	0	0	4	13	0	0	0	0	1	0	0	0	0	0	0	0	0	0	0	0	0	0	0	0	0	0	0	0	0	0	0	0	0	0	0	0	0	0	0	1	0	0	0	0	0	0	0	0	0	0	0	0	0	0	13	1	0
0	0	0	3	0	0	462	0	145	0	0	0	0	53	0	0	0	0	3	30	2	761	43	0	6	0	368	0	0	24	0	8	0	113	125	11	3	0	5	0	408	0	0	0	2	228	1	0	0	0	0	1	262	0	0	109	5	2	23	0	0	0	1	0	0	0	0	201	370	0	10	1	3	0	9
0	0	4	1	0	19	0	0	0	0	46	0	0	0	1	16	0	3	0	0	0	0	0	2	0	0	0	0	0	0	3	9	0	3	4	0	9	0	17	0	1	0	2	0	49	2	3	0	0	0	355	0	0	0	0	0	0	0	2	0	0	7	28	0	0	0	8	0	0	11	0	1	12	15	1
0	0	0	0	0	0	103	0	0	0	24	0	0	28	0	10	0	30	0	0	94	42	2	2	0	0	24	0	0	189	0	102	0	1	8	2	0	0	0	0	0	0	0	0	0	2	0	0	0	0	0	0	0	0	0	0	15	67	0	0	0	0	0	0	0	0	0	0	4	0	6	2	0	0	183
0	0	15	13	0	13	3	0	106	0	24	48	0	10	5	1	4	2	0	94	0	115	0	43	0	1	61	0	0	13	0	177	2	100	46	13	0	0	15	0	121	0	52	0	0	137	3	0	0	0	0	3	0	0	0	71	121	211	28	0	0	18	22	0	3	0	13	6	15	2	152	119	38	6	7
0	0	0	10	0	0	352	0	81	0	0	0	0	46	0	0	13	761	0	42	115	0	40	1	1	0	441	0	0	126	0	5	0	404	236	91	1	0	3	0	496	0	3	0	0	215	4	0	0	0	0	1	250	0	0	83	31	19	18	0	0	14	14	0	0	0	0	6	385	0	17	162	2	1	6
0	7	1	0	0	0	37	0	0	0	0	0	0	1	0	0	0	43	0	2	0	40	0	0	0	0	43	0	0	35	0	290	0	1	11	0	0	0	0	0	0	0	0	0	0	0	0	0	0	0	0	25	213	0	0	0	5	10	0	0	0	0	0	0	0	0	0	0	0	0	0	0	1	1	53
0	0	7	0	0	0	10	0	0	0	0	0	0	6	6	0	0	0	2	2	43	1	0	0	0	0	1	0	0	14	0	4	0	0	8	0	0	0	0	0	0	0	0	0	0	0	0	0	0	0	0	0	0	0	0	0	2	6	0	0	0	0	0	0	0	0	0	0	0	0	0	0	0	0	1
0	0	0	0	0	0	2	0	0	0	0	0	0	0	0	0	0	6	0	0	0	1	0	0	0	46	0	0	0	0	0	6	0	0	0	0	0	0	0	0	0	0	0	0	0	0	0	0	0	0	0	0	95	0	0	0	21	0	0	0	0	0	0	0	0	0	0	0	0	0	0	0	0	0	0
0	1	0	0	0	0	0	0	0	0	0	0	0	0	0	0	0	0	0	0	1	0	0	0	46	0	0	0	0	0	0	14	0	0	0	0	0	0	0	0	0	0	0	0	0	0	0	0	0	0	0	4	43	0	0	0	1	0	0	0	0	0	0	0	0	0	0	0	0	0	0	0	0	0	0
0	1	0	10	0	0	234	0	1	0	1	0	0	0	0	0	1	368	0	24	61	441	43	1	0	0	0	0	0	23	0	0	0	294	34	40	0	0	0	0	321	0	0	0	0	208	1	0	0	0	0	0	163	0	0	75	0	3	13	0	0	0	0	0	0	0	0	37	295	0	7	90	1	8	0
0	0	0	1	0	0	0	0	0	0	1	0	0	0	0	0	0	0	0	0	0	0	0	0	0	0	0	0	0	0	344	0	0	0	0	0	0	0	0	0	0	0	0	0	0	0	0	0	0	0	0	0	0	0	0	0	0	1	0	0	0	0	0	0	0	0	0	0	0	0	0	0	0	0	0
0	0	0	0	0	0	0	0	0	0	0	0	0	0	0	0	0	0	0	0	0	0	0	0	0	0	0	0	0	0	0	0	0	0	0	0	0	0	0	0	0	0	0	0	0	0	0	0	0	0	0	0	0	0	0	0	0	0	0	0	0	0	0	0	0	0	0	0	0	0	0	0	0	0	0
0	1	2	38	0	0	187	0	8	1	0	0	0	16	0	0	0	24	0	189	13	126	35	14	0	0	23	0	0	0	0	2	2	67	20	26	0	0	60	0	96	0	0	0	0	1	0	0	0	0	0	0	113	0	0	8	51	1	25	0	0	0	0	0	0	0	0	2	10	0	0	0	2	1	1
0	0	1	9	712	91	0	2	0	0	0	0	0	0	0	0	0	0	3	0	0	0	0	0	0	0	0	344	0	0	0	0	0	0	2	0	1542	0	0	0	0	0	0	0	10	0	0	0	0	0	0	0	0	0	0	0	0	11	1	0	0	12	0	0	0	0	2485	0	0	0	0	1	19	145	0
0	0	1	0	0	0	1	0	0	0	211	0	0	0	0	7	0	8	9	102	177	5	290	4	6	14	0	0	0	2	0	0	0	0	4	0	0	0	0	0	4	0	0	0	372	228	0	0	0	0	0	236	1	0	0	284	0	464	84	0	0	0	0	0	2	0	0	182	12	0	62	0	1	0	712
0	0	3	7	0	6	0	0	141	0	0	0	0	158	7	0	0	0	0	0	2	0	0	0	0	0	0	0	0	2	0	0	0	1	563	2	0	0	0	0	0	0	19	0	0	0	484	0	0	0	0	0	0	0	0	0	0	0	0	0	0	0	248	0	378	0	0	0	0	174	4	0	0	4	0
0	0	7	0	0	0	86	0	4	0	4	0	0	227	2	0	0	113	3	1	100	404	1	0	0	0	294	0	0	67	0	0	1	0	7	7	0	0	4	0	8	0	0	0	2	2	0	0	0	0	0	0	49	0	0	0	1	2	0	0	0	0	2	0	0	0	0	0	8	0	1	5	3	0	0
0	1	19	1	0	36	73	0	26	0	0	0	0	741	16	1	0	125	4	8	46	236	11	8	0	0	34	0	0	20	2	4	563	7	0	8	0	0	2	0	195	0	0	0	4	3	263	0	0	0	0	0	2	0	0	60	0	11	307	0	0	0	4	0	0	0	0	24	78	0	7	85	11	16	4
0	4	9	0	0	0	108	0	0	0	0	0	0	25	0	0	0	11	0	2	13	91	0	0	0	0	40	0	0	26	0	0	2	7	8	0	0	0	0	0	0	0	0	0	0	0	0	0	0	0	0	0	135	0	0	0	0	0	0	0	0	0	0	0	0	0	0	0	0	0	0	0	8	2	1
0	0	4	0	0	0	0	0	0	0	76	0	0	0	7	124	0	3	9	0	0	1	0	0	0	0	0	0	0	0	1542	0	0	0	0	0	0	0	0	0	0	0	0	0	0	0	0	0	11	0	0	0	0	0	0	0	0	0	0	0	0	0	0	0	0	0	2	0	0	0	0	0	4	3	21
0	0	0	0	0	0	0	0	0	0	0	0	0	0	0	0	0	0	0	0	0	0	0	0	0	0	0	0	0	0	0	0	0	0	0	0	0	0	0	0	0	0	0	0	0	0	0	0	0	0	0	0	0	0	0	0	0	0	0	0	0	0	0	0	0	0	0	0	0	0	0	0	0	0	0
0	1	18	0	0	0	5	0	0	0	1	0	0	8	122	4	0	5	17	0	15	3	0	0	0	0	0	0	0	60	0	0	0	4	2	0	0	0	0	0	0	0	0	0	2	0	0	0	0	0	0	0	0	0	0	0	7	1	0	0	0	0	0	0	0	0	0	0	0	2	0	0	18	21	0
0	0	0	0	0	0	0	0	0	0	0	0	0	0	0	0	0	0	0	0	0	0	0	0	0	0	0	0	0	0	0	0	0	0	0	0	0	0	0	0	0	0	0	0	0	0	0	0	0	0	0	0	0	0	0	0	0	0	0	0	0	0	0	0	0	0	0	0	0	0	0	0	0	0	0
0	0	34	0	0	0	196	0	0	0	0	0	0	379	1	0	0	408	1	0	121	496	0	0	0	0	321	0	0	96	0	4	0	8	195	0	0	0	0	0	0	0	0	0	0	0	0	0	0	0	0	0	142	0	0	0	1	0	0	0	0	0	0	0	0	0	0	0	0	0	0	0	10	1	17
0	0	0	0	0	0	0	0	0	0	0	0	0	0	0	0	0	0	0	0	0	0	0	0	0	0	0	0	0	0	0	0	0	0	0	0	0	0	0	0	0	0	0	0	0	0	0	0	0	0	0	0	0	0	0	0	0	0	0	0	0	0	0	0	0	0	0	0	0	0	0	0	0	0	0
0	0	165	0	0	0	2	0	0	0	31	0	0	2	59	185	0	0	2	0	52	3	0	0	0	0	0	0	0	0	0	0	19	0	0	0	0	0	0	0	0	0	0	0	4	0	0	0	0	0	0	0	0	0	0	0	0	0	0	0	0	0	0	0	0	0	0	0	0	1	0	0	165	8	2
0	0	0	0	0	0	0	0	0	0	0	0	0	0	0	0	0	0	0	0	0	0	0	0	0	0	0	0	0	0	0	0	0	0	0	0	0	0	0	0	0	0	0	0	0	0	0	0	0	0	0	0	0	0	0	0	0	0	0	0	0	0	0	0	0	0	0	0	0	0	0	0	0	0	0
0	0	16	0	0	2	0	0	0	0	343	0	0	0	86	214	0	2	49	0	0	0	0	0	0	0	0	0	0	0	10	372	0	2	4	0	0	0	2	0	0	0	4	0	0	0	0	0	18	0	0	58	0	0	0	0	0	79	0	0	0	2	4	0	0	0	0	0	0	1	0	0	16	7	342
0	0	3	0	0	0	203	0	0	0	0	0	0	1	0	0	0	228	2	2	137	215	0	0	0	0	208	0	0	1	0	228	0	2	3	0	0	0	0	0	0	0	0	0	0	0	0	0	0	0	0	27	0	0	0	0	0	4	0	0	0	0	0	0	0	0	0	0	0	0	0	0	3	1	6
0	0	17	0	0	0	0	0	0	0	0	0	0	189	0	0	0	1	3	0	3	4	0	0	0	0	1	0	0	0	0	0	484	0	263	0	0	0	0	0	0	0	0	0	0	0	0	0	0	0	0	1	0	0	0	0	0	2	0	0	0	0	0	0	0	0	0	0	0	0	0	0	13	5	0
0	0	0	0	0	0	0	0	0	0	0	0	0	0	0	0	0	0	0	0	0	0	0	0	0	0	0	0	0	0	0	0	0	0	0	0	0	0	0	0	0	0	0	0	0	0	0	0	0	0	0	0	0	0	0	0	0	0	0	0	0	0	0	0	0	0	0	0	0	0	0	0	0	0	0
0	0	0	15	0	0	0	0	0	0	12	0	0	0	0	3	0	0	0	0	0	0	0	0	0	0	0	0	0	0	0	0	0	0	0	0	11	0	0	0	0	0	0	0	18	0	0	0	0	0	0	0	0	0	0	0	0	7	0	0	0	2	7	0	0	0	16	0	0	0	2	0	0	0	0
0	0	0	0	0	0	0	0	0	0	0	0	0	0	0	0	0	0	0	0	0	0	0	0	0	0	0	0	0	0	0	0	0	0	0	0	0	0	0	0	0	0	0	0	0	0	0	0	0	0	0	0	0	0	0	0	0	0	0	0	0	0	0	0	0	0	0	0	0	0	0	0	0	0	0
0	2	0	0	0	0	0	0	0	3	0	0	0	0	0	0	0	0	355	0	0	0	0	0	0	0	0	0	0	0	0	0	0	0	0	0	0	0	0	0	0	0	0	0	0	0	0	0	0	0	0	0	0	0	0	0	0	0	0	0	0	0	0	0	0	0	0	0	0	0	0	0	0	3	0
0	0	0	0	0	0	0	0	0	0	56	0	0	0	0	0	0	1	0	0	3	1	25	0	0	4	0	0	0	0	0	236	0	0	0	0	0	0	0	0	0	0	0	0	58	27	1	0	0	0	0	0	0	0	0	24	0	0	1	0	0	0	0	0	0	0	0	19	0	0	1	0	1	0	184
0	0	0	13	0	0	0	0	0	0	0	0	0	0	0	0	0	262	0	0	0	250	213	0	95	43	163	0	0	113	0	1	0	49	2	135	0	0	0	0	142	0	0	0	0	0	0	0	0	0	0	0	0	0	0	80	34	0	84	0	0	0	0	0	0	0	0	166	168	0	0	30	3	0	0
0	0	0	0	0	0	0	0	0	0	0	0	0	0	0	0	0	0	0	0	0	0	0	0	0	0	0	0	0	0	0	0	0	0	0	0	0	0	0	0	0	0	0	0	0	0	0	0	0	0	0	0	0	0	0	0	0	0	0	0	0	0	0	0	0	0	0	0	0	0	0	0	0	0	0
0	0	0	0	0	0	0	0	0	0	0	0	0	0	0	0	0	0	0	0	0	0	0	0	0	0	0	0	0	0	0	0	0	0	0	0	0	0	0	0	0	0	0	0	0	0	0	0	0	0	0	0	0	0	0	0	0	0	0	0	0	0	0	0	0	0	0	0	0	0	0	0	0	0	0
0	4	4	0	0	0	50	0	0	0	0	0	0	10	0	0	0	109	0	0	71	83	0	0	0	0	75	0	0	8	0	284	0	0	60	0	0	0	0	0	0	0	0	0	0	0	0	0	0	0	0	24	80	0	0	0	46	1	0	0	0	0	0	0	0	0	0	0	0	0	0	0	4	0	0
0	0	0	0	0	0	19	0	0	0	0	0	0	0	0	0	0	5	0	15	121	31	5	2	21	1	0	0	0	51	0	0	0	1	0	0	0	0	7	0	1	0	0	0	0	0	0	0	0	0	0	0	34	0	0	46	0	33	0	0	0	0	0	0	0	0	0	0	2	0	2	3	0	0	2
0	0	26	59	0	2	0	0	0	0	261	0	0	19	1	114	1	2	0	67	211	19	10	6	0	0	3	1	0	1	11	464	0	2	11	0	0	0	1	0	0	0	0	0	79	4	2	0	7	0	0	0	0	0	0	1	33	0	2	0	0	6	3	0	0	0	12	1	0	0	52	2	23	4	179
0	1	31	0	0	0	25	0	0	0	0	0	0	61	5	1	0	23	2	0	28	18	0	0	0	0	13	0	0	25	1	84	0	0	307	0	0	0	0	0	0	0	0	0	0	0	0	0	0	0	0	1	84	0	0	0	0	2	0	0	0	0	0	0	0	0	0	0	0	0	0	0	31	2	187
0	0	0	0	0	0	0	0	0	0	0	0	0	0	0	0	0	0	0	0	0	0	0	0	0	0	0	0	0	0	0	0	0	0	0	0	0	0	0	0	0	0	0	0	0	0	0	0	0	0	0	0	0	0	0	0	0	0	0	0	0	0	0	0	0	0	0	0	0	0	0	0	0	0	0
0	0	0	0	0	0	0	0	0	0	0	0	0	0	0	0	0	0	0	0	0	0	0	0	0	0	0	0	0	0	0	0	0	0	0	0	0	0	0	0	0	0	0	0	0	0	0	0	0	0	0	0	0	0	0	0	0	0	0	0	0	0	0	0	0	0	0	0	0	0	0	0	0	0	0
0	0	66	0	0	0	0	0	0	0	5	0	0	2	521	3	0	0	7	0	18	14	0	0	0	0	0	0	0	0	12	0	0	0	0	0	0	0	0	0	0	0	0	0	2	0	0	0	2	0	0	0	0	0	0	0	0	6	0	0	0	0	0	0	0	0	0	0	0	0	0	0	66	22	2
0	0	164	0	0	0	0	0	0	0	31	0	0	1	670	0	0	1	28	0	22	14	0	0	0	0	0	0	0	0	0	0	248	2	4	0	0	0	0	0	0	0	0	0	4	0	0	0	7	0	0	0	0	0	0	0	0	3	0	0	0	0	0	0	0	0	0	0	0	3	0	0	164	36	24
0	0	0	0	0	0	0	0	0	0	0	0	0	0	0	0	0	0	0	0	0	0	0	0	0	0	0	0	0	0	0	0	0	0	0	0	0	0	0	0	0	0	0	0	0	0	0	0	0	0	0	0	0	0	0	0	0	0	0	0	0	0	0	0	0	0	0	0	0	0	0	0	0	0	0
0	0	7	0	0	0	0	0	0	0	0	0	0	1	11	0	0	0	0	0	3	0	0	0	0	0	0	0	0	0	0	2	378	0	0	0	0	0	0	0	0	0	0	0	0	0	0	0	0	0	0	0	0	0	0	0	0	0	0	0	0	0	0	0	0	0	0	0	0	0	0	0	6	0	0
0	0	0	0	0	0	0	0	0	0	0	0	0	0	0	0	0	0	0	0	0	0	0	0	0	0	0	0	0	0	0	0	0	0	0	0	0	0	0	0	0	0	0	0	0	0	0	0	0	0	0	0	0	0	0	0	0	0	0	0	0	0	0	0	0	0	0	0	0	0	0	0	0	0	0
0	0	2	0	2	0	0	0	0	0	163	0	0	0	13	17	0	0	8	0	13	0	0	0	0	0	0	0	0	0	2485	0	0	0	0	0	2	0	0	0	0	0	0	0	0	0	0	0	16	0	0	0	0	0	0	0	0	12	0	0	0	0	0	0	0	0	0	0	0	0	0	0	2	0	1
0	1	5	0	0	0	6	0	0	0	0	0	0	1	0	0	0	201	0	0	6	6	0	0	0	0	37	0	0	2	0	182	0	0	24	0	0	0	0	0	0	0	0	0	0	0	0	0	0	0	0	19	166	0	0	0	0	1	0	0	0	0	0	0	0	0	0	0	0	0	0	0	5	1	29
0	7	8	0	0	0	131	0	0	0	1	0	0	15	15	0	0	370	0	4	15	385	0	0	0	0	295	0	0	10	0	12	0	8	78	0	0	0	0	0	0	0	0	0	0	0	0	0	0	0	0	0	168	0	0	0	2	0	0	0	0	0	0	0	0	0	0	0	0	0	0	0	8	2	121
0	0	10	1	0	0	0	0	0	0	0	0	0	0	0	0	0	0	11	0	2	0	0	0	0	0	0	0	0	0	0	0	174	0	0	0	0	0	2	0	0	0	1	0	1	0	0	0	0	0	0	0	0	0	0	0	0	0	0	0	0	0	3	0	0	0	0	0	0	0	0	0	11	9	0
0	0	17	0	0	0	20	0	0	0	80	0	0	28	0	1	0	10	0	6	152	17	0	0	0	0	7	0	0	0	0	62	4	1	7	0	0	0	0	0	0	0	0	0	0	0	0	0	2	0	0	1	0	0	0	0	2	52	0	0	0	0	0	0	0	0	0	0	0	0	0	0	3	0	2
0	0	21	0	0	1	5	0	0	0	0	0	0	179	0	0	0	1	1	2	119	162	0	0	0	0	90	0	0	0	1	0	0	5	85	0	0	0	0	0	0	0	0	0	0	0	0	0	0	0	0	0	30	0	0	0	3	2	0	0	0	0	0	0	0	0	0	0	0	0	0	0	21	9	1
0	0	0	51	0	179	2	0	10	0	1	6	0	4	53	0	13	3	12	0	38	2	1	0	0	0	1	0	0	2	19	1	0	3	11	8	4	0	18	0	10	0	165	0	16	3	13	0	0	0	0	1	3	0	0	4	0	23	31	0	0	66	164	0	6	0	2	5	8	11	3	21	0	64	3
0	0	45	6	0	40	0	0	0	0	0	0	0	3	8	0	1	0	15	0	6	1	1	0	0	0	8	0	0	1	145	0	4	0	16	2	3	0	21	0	1	0	8	0	7	1	5	0	0	0	3	0	0	0	0	0	0	4	2	0	0	22	36	0	0	0	0	1	2	9	0	9	64	0	0
0	0	1	4	0	0	10	0	0	0	0	0	0	1	0	3	0	9	1	183	7	6	53	1	0	0	0	0	0	1	0	712	0	0	4	1	21	0	0	0	17	0	2	0	342	6	0	0	0	0	0	184	0	0	0	0	2	179	187	0	0	2	24	0	0	0	1	29	121	0	2	1	3	0	0
