0	0	0	0	0	0	0	0	0	0	0	0	0	0	0	0	0	0	0	0	0	0	0	0	0	0	0	0	0	0	0	0	0	0	0	0	0	0	0	0	0	0	0	0	0	0	0	0	0	0	0	0	0	0	0	0	0	0	0	0	0	0	0	0	0	0	0	0	0	0	0	0	0	0	0
0	0	0	0	0	0	0	0	0	0	0	0	0	0	0	0	0	1	0	10	2	0	75	0	146	40	4	0	0	0	0	0	0	0	0	53	0	0	0	0	0	0	0	0	0	3	13	0	1	0	0	0	8	1	0	140	10	0	3	0	0	0	0	0	0	0	0	49	131	0	0	2	0	4	0
0	0	0	0	3	10	0	0	13	1	3	0	0	487	7	0	1	12	0	11	31	2	0	0	0	1	4	4	0	0	0	7	2	10	7	6	0	0	0	0	9	0	2	0	0	0	9	8	6	0	0	0	0	0	0	5	6	16	2	4	13	13	7	0	2	0	1	3	1	8	14	3	6	0	0
0	0	0	0	0	0	0	0	0	0	270	0	0	3	116	5	0	2	9	0	1	0	0	0	0	0	7	28	0	0	0	5	0	1	0	0	0	0	0	0	0	0	0	0	846	0	0	0	0	0	0	0	0	0	0	0	0	177	0	0	0	0	3	0	0	0	1	0	0	4	0	0	0	0	0
0	0	3	0	0	0	0	0	0	0	1	0	0	0	0	0	0	0	0	0	0	0	0	0	0	0	0	20	0	0	0	0	0	0	0	0	0	0	0	0	0	0	0	0	0	0	0	0	0	0	0	0	0	0	0	0	0	0	0	0	0	0	0	0	0	0	0	0	0	0	0	0	3	0	0
0	0	10	0	0	0	0	0	0	0	9	0	0	120	17	0	0	0	21	0	2	0	0	0	0	0	0	10	0	0	0	1	4	0	0	0	0	1	0	0	0	0	1	0	134	0	0	0	0	0	0	0	0	0	0	0	0	0	0	0	0	0	110	0	2	0	0	0	0	10	0	0	10	3	1
0	0	0	0	0	0	0	0	0	0	167	0	0	0	0	0	0	0	20	0	1	3	0	0	0	73	4	0	0	0	0	139	0	0	0	0	0	0	0	0	0	0	0	12	876	0	0	0	0	0	0	0	0	0	0	0	0	80	0	0	1	0	0	0	0	0	0	0	0	0	0	0	0	0	191
0	0	0	0	0	0	0	0	0	0	0	0	0	0	0	0	0	0	0	0	0	0	0	0	0	0	0	0	0	0	0	0	0	0	0	0	0	0	0	0	0	0	0	0	0	0	0	0	0	0	0	0	0	0	0	0	0	0	0	0	0	0	0	0	0	0	0	0	0	0	0	0	0	0	0
0	0	13	0	0	0	0	0	0	0	0	0	0	459	0	0	0	110	0	0	217	335	0	0	0	0	42	0	0	0	0	2	0	60	0	0	0	0	0	0	0	0	0	0	0	0	0	0	0	0	0	5	1	0	0	0	0	3	0	0	11	0	0	0	0	0	0	0	0	0	2	0	13	0	0
0	0	1	0	0	0	0	0	0	0	2	0	0	0	1	0	0	0	1	0	0	0	0	0	0	0	1	0	0	0	0	0	0	0	0	9	0	0	0	0	0	0	0	0	0	0	0	0	0	0	0	0	0	0	0	0	0	0	4	0	0	0	0	0	0	0	0	0	0	0	0	0	1	0	0
0	0	3	270	1	9	167	0	0	2	0	0	0	0	19	23	0	0	39	57	179	0	0	0	0	0	0	52	0	0	0	64	0	0	1	7	257	0	0	0	0	0	5	0	1495	0	7	3	265	0	0	74	0	331	0	0	0	464	33	1	0	18	5	0	0	0	276	0	18	0	178	11	4	0	1
0	0	0	0	0	0	0	0	0	0	0	0	0	0	0	0	0	0	0	0	0	0	0	0	0	0	0	0	0	0	0	0	0	0	0	0	0	0	0	0	0	0	14	0	0	0	0	0	0	0	0	0	0	0	0	0	0	0	0	0	0	0	17	0	0	0	0	0	4	6	0	0	0	0	0
0	0	0	0	0	0	0	0	0	0	0	0	0	0	0	0	0	0	0	0	0	0	0	0	0	0	0	0	0	0	0	0	0	0	0	0	0	0	0	0	0	0	0	0	0	0	0	0	0	0	0	0	0	0	0	0	0	0	0	0	0	0	0	0	0	0	0	0	0	0	0	0	0	0	0
0	0	487	3	0	120	0	0	459	0	0	0	0	0	0	0	29	75	0	57	51	152	1	2	0	1	67	0	0	0	0	36	0	262	346	86	0	0	0	0	477	0	0	0	0	1	255	0	0	0	0	29	1	0	0	34	97	42	55	1	6	0	0	0	1	0	0	0	36	3	47	405	153	0	3
0	0	7	116	0	17	0	0	0	1	19	0	0	0	0	0	12	0	3	0	1	14	0	0	0	0	0	0	0	0	0	1	5	2	0	1	37	0	0	0	2	0	24	0	5	5	5	79	40	0	0	0	0	0	0	0	0	7	0	0	0	250	435	0	0	0	0	0	4	44	18	0	55	0	0
0	0	0	5	0	0	0	0	0	0	23	0	0	0	0	0	0	0	0	0	0	0	0	0	0	0	0	0	0	0	0	0	0	0	0	0	13	0	0	0	0	0	13	0	13	0	0	0	12	0	0	0	0	6	0	0	0	0	0	0	0	0	0	0	0	0	0	0	0	0	0	0	0	0	0
0	0	1	0	0	0	0	0	0	0	0	0	0	29	12	0	0	0	0	0	1	0	0	0	0	0	0	0	0	0	0	0	0	0	0	0	0	0	0	0	0	0	0	0	0	0	0	0	0	0	0	0	1	0	0	0	0	0	0	0	0	0	17	0	0	0	0	0	0	0	0	0	1	0	0
0	1	12	2	0	0	0	0	110	0	0	0	0	75	0	0	0	0	0	124	3	354	0	0	1	0	198	1	0	0	0	44	0	93	74	28	0	0	0	0	177	0	0	5	0	0	6	0	0	0	5	19	1	2	0	47	12	0	39	2	0	0	0	0	0	0	1	22	89	0	10	23	25	0	14
0	0	0	9	0	21	20	0	0	1	39	0	0	0	3	0	0	0	0	0	3	0	0	0	0	0	0	0	0	0	0	0	0	0	1	1	14	0	0	0	0	0	0	0	226	2	0	7	23	0	238	0	0	11	0	0	0	0	0	0	0	7	5	0	0	0	12	0	0	6	0	0	0	38	1
0	10	11	0	0	0	0	0	0	0	57	0	0	57	0	0	0	124	0	0	76	184	0	0	0	5	169	0	0	0	0	13	0	82	0	8	0	0	0	0	8	0	0	0	4	0	0	0	0	0	0	6	44	4	0	2	6	138	0	0	9	0	0	0	0	0	0	0	2	0	10	2	9	0	114
0	2	31	1	0	2	1	0	217	0	179	0	0	51	1	0	1	3	3	76	0	223	0	1	0	0	77	0	0	0	0	23	0	102	13	42	0	0	0	0	187	0	0	0	2	4	2	0	114	0	0	144	5	110	0	108	17	292	21	7	0	2	0	0	0	0	2	3	25	1	131	213	13	0	26
0	0	2	0	0	0	3	0	335	0	0	0	0	152	14	0	0	354	0	184	223	0	10	0	3	2	522	0	0	0	0	2	0	417	230	130	0	0	0	0	586	0	1	0	0	23	47	0	0	0	0	0	237	3	0	13	65	10	60	1	0	1	0	0	0	0	1	4	22	0	7	266	9	0	35
0	75	0	0	0	0	0	0	0	0	0	0	0	1	0	0	0	0	0	0	0	10	0	0	10	0	56	0	0	0	0	30	0	1	0	0	0	0	0	0	0	0	0	0	0	0	0	0	0	0	0	0	39	0	0	0	0	0	0	0	2	0	0	0	0	0	0	0	0	0	0	0	0	0	43
0	0	0	0	0	0	0	0	0	0	0	0	0	2	0	0	0	0	0	0	1	0	0	0	0	0	1	0	0	0	0	0	0	0	0	0	0	0	0	0	0	0	0	0	0	0	0	0	0	0	0	0	0	0	0	0	0	0	0	0	0	0	0	0	0	0	0	0	0	0	0	0	0	0	0
0	146	0	0	0	0	0	0	0	0	0	0	0	0	0	0	0	1	0	0	0	3	10	0	0	445	4	0	0	0	0	0	0	0	0	0	0	0	0	0	0	0	0	0	0	6	0	0	0	0	0	0	3	0	0	12	8	41	0	0	0	0	0	0	0	0	0	0	0	0	0	0	0	0	2
0	40	1	0	0	0	73	0	0	0	0	0	0	1	0	0	0	0	0	5	0	2	0	0	445	0	1	0	0	0	0	0	0	1	0	2	0	0	0	0	1	0	0	0	0	0	0	0	0	0	0	0	3	51	0	84	30	40	0	0	0	0	0	0	0	0	0	0	90	0	0	0	0	0	1
0	4	4	7	0	0	4	0	42	1	0	0	0	67	0	0	0	198	0	169	77	522	56	1	4	1	0	0	0	0	0	21	0	249	92	89	0	0	0	1	345	0	0	0	4	22	16	0	0	0	0	19	92	10	0	56	16	9	56	0	1	1	1	0	0	0	1	62	67	0	7	241	20	0	4
0	0	4	28	20	10	0	0	0	0	52	0	0	0	0	0	0	1	0	0	0	0	0	0	0	0	0	0	0	0	0	0	0	0	25	0	141	0	0	0	0	0	0	0	1	0	0	7	3	0	0	0	0	0	0	24	19	1	0	0	0	5	6	0	0	0	137	0	0	3	0	0	26	0	0
0	0	0	0	0	0	0	0	0	0	0	0	0	0	0	0	0	0	0	0	0	0	0	0	0	0	0	0	0	0	0	0	0	0	0	0	0	0	0	0	0	0	0	0	0	0	0	0	0	0	0	0	0	0	0	0	0	0	0	0	0	0	0	0	0	0	0	0	0	0	0	0	0	0	0
0	0	0	0	0	0	0	0	0	0	0	0	0	0	0	0	0	0	0	0	0	0	0	0	0	0	0	0	0	0	0	0	0	0	0	0	0	0	0	0	0	0	0	0	0	0	0	0	0	0	0	0	0	0	0	0	0	0	0	0	0	0	0	0	0	0	0	0	0	0	0	0	0	0	0
0	0	0	0	0	0	0	0	0	0	0	0	0	0	0	0	0	0	0	0	0	0	0	0	0	0	0	0	0	0	0	0	0	0	0	0	0	0	0	0	0	0	0	0	0	0	0	0	0	0	0	0	0	0	0	0	0	0	0	0	0	0	0	0	0	0	0	0	0	0	0	0	0	0	0
0	0	7	5	0	1	139	0	2	0	64	0	0	36	1	0	0	44	0	13	23	2	30	0	0	0	21	0	0	0	0	0	0	0	28	0	1	0	0	0	0	0	1	0	93	184	34	38	1	0	0	153	0	70	0	99	0	200	1	0	0	5	2	0	0	0	0	64	27	0	41	0	30	0	155
0	0	2	0	0	4	0	0	0	0	0	0	0	0	5	0	0	0	0	0	0	0	0	0	0	0	0	0	0	0	0	0	0	0	0	0	0	0	0	0	0	0	0	0	0	0	0	0	0	0	0	0	0	0	0	0	0	0	0	0	0	0	0	0	0	0	0	0	0	0	0	0	0	0	0
0	0	10	1	0	0	0	0	60	0	0	0	0	262	2	0	0	93	0	82	102	417	1	0	0	1	249	0	0	0	0	0	0	0	6	54	0	0	0	0	96	0	0	0	6	2	0	0	0	0	0	2	101	1	0	1	29	13	9	0	2	0	3	0	0	0	0	0	1	0	10	26	14	0	59
0	0	7	0	0	0	0	0	0	0	1	0	0	346	0	0	0	74	1	0	13	230	0	0	0	0	92	25	0	0	0	28	0	6	0	0	0	0	0	0	0	0	0	0	8	0	0	0	0	0	0	0	16	0	0	0	0	7	0	6	2	0	0	0	0	0	0	0	0	0	3	0	7	2	2
0	53	6	0	0	0	0	0	0	9	7	0	0	86	1	0	0	28	1	8	42	130	0	0	0	2	89	0	0	0	0	0	0	54	0	0	0	0	0	0	0	0	0	0	0	0	0	0	0	0	0	0	117	0	0	0	0	18	0	14	9	0	0	0	0	0	0	0	0	0	4	0	6	0	49
0	0	0	0	0	0	0	0	0	0	257	0	0	0	37	13	0	0	14	0	0	0	0	0	0	0	0	141	0	0	0	1	0	0	0	0	0	0	0	0	0	0	0	0	2160	0	0	0	0	0	0	0	0	0	0	0	0	12	0	0	0	0	11	0	0	0	62	0	0	0	0	0	0	13	2
0	0	0	0	0	1	0	0	0	0	0	0	0	0	0	0	0	0	0	0	0	0	0	0	0	0	0	0	0	0	0	0	0	0	0	0	0	0	0	0	0	0	0	0	4	0	0	0	0	0	0	0	0	0	0	0	0	0	0	0	0	0	1	0	0	0	0	0	0	0	0	0	0	0	0
0	0	0	0	0	0	0	0	0	0	0	0	0	0	0	0	0	0	0	0	0	0	0	0	0	0	0	0	0	0	0	0	0	0	0	0	0	0	0	0	0	0	0	0	0	0	0	0	0	0	0	0	0	0	0	0	0	0	0	0	0	0	0	0	0	0	0	0	0	0	0	0	0	0	0
0	0	0	0	0	0	0	0	0	0	0	0	0	0	0	0	0	0	0	0	0	0	0	0	0	0	1	0	0	0	0	0	0	0	0	0	0	0	0	0	0	0	0	0	0	0	0	0	0	0	0	0	0	0	0	0	0	0	0	0	0	0	0	0	0	0	0	0	0	0	0	0	0	0	0
0	0	9	0	0	0	0	0	0	0	0	0	0	477	2	0	0	177	0	8	187	586	0	0	0	1	345	0	0	0	0	0	0	96	0	0	0	0	0	0	0	0	0	4	14	0	0	0	0	0	0	0	104	0	0	0	0	31	0	0	13	0	0	0	0	0	0	0	0	0	9	2	9	0	51
0	0	0	0	0	0	0	0	0	0	0	0	0	0	0	0	0	0	0	0	0	0	0	0	0	0	0	0	0	0	0	0	0	0	0	0	0	0	0	0	0	0	0	0	0	0	0	0	0	0	0	0	0	0	0	0	0	0	0	0	0	0	0	0	0	0	0	0	0	0	0	0	0	0	0
0	0	2	0	0	1	0	0	0	0	5	14	0	0	24	13	0	0	0	0	0	1	0	0	0	0	0	0	0	0	0	1	0	0	0	0	0	0	0	0	0	0	0	0	8	0	0	0	0	0	0	0	0	0	0	0	0	0	0	0	0	0	1	0	0	0	0	0	0	0	0	0	2	0	0
0	0	0	0	0	0	12	0	0	0	0	0	0	0	0	0	0	5	0	0	0	0	0	0	0	0	0	0	0	0	0	0	0	0	0	0	0	0	0	0	4	0	0	0	0	12	0	0	0	0	0	0	0	0	0	3	0	0	2	2	0	0	0	0	0	0	0	0	8	0	27	0	0	0	0
0	0	0	846	0	134	876	0	0	0	1495	0	0	0	5	13	0	0	226	4	2	0	0	0	0	0	4	1	0	0	0	93	0	6	8	0	2160	4	0	0	14	0	8	0	0	0	4	0	1264	0	0	139	0	704	0	0	0	1465	154	0	0	1928	95	0	0	0	794	2	66	28	18	0	0	50	947
0	3	0	0	0	0	0	0	0	0	0	0	0	1	5	0	0	0	2	0	4	23	0	0	6	0	22	0	0	0	0	184	0	2	0	0	0	0	0	0	0	0	0	12	0	0	0	0	0	0	0	1	0	0	0	0	0	73	0	0	0	0	6	0	0	0	0	0	0	0	0	0	0	0	85
0	13	9	0	0	0	0	0	0	0	7	0	0	255	5	0	0	6	0	0	2	47	0	0	0	0	16	0	0	0	0	34	0	0	0	0	0	0	0	0	0	0	0	0	4	0	0	0	0	0	0	0	0	0	0	0	0	3	0	0	5	0	45	0	2	0	0	0	0	0	0	0	9	0	0
0	0	8	0	0	0	0	0	0	0	3	0	0	0	79	0	0	0	7	0	0	0	0	0	0	0	0	7	0	0	0	38	0	0	0	0	0	0	0	0	0	0	0	0	0	0	0	0	0	0	0	0	0	0	0	0	0	0	0	4	0	0	22	0	0	0	0	0	0	0	0	0	8	0	0
0	1	6	0	0	0	0	0	0	0	265	0	0	0	40	12	0	0	23	0	114	0	0	0	0	0	0	3	0	0	0	1	0	0	0	0	0	0	0	0	0	0	0	0	1264	0	0	0	0	0	0	0	0	0	0	0	0	103	0	0	0	0	109	0	0	0	1	0	0	0	0	0	6	0	0
0	0	0	0	0	0	0	0	0	0	0	0	0	0	0	0	0	0	0	0	0	0	0	0	0	0	0	0	0	0	0	0	0	0	0	0	0	0	0	0	0	0	0	0	0	0	0	0	0	0	0	0	0	0	0	0	0	0	0	0	0	0	0	0	0	0	0	0	0	0	0	0	0	0	0
0	0	0	0	0	0	0	0	0	0	0	0	0	0	0	0	0	5	238	0	0	0	0	0	0	0	0	0	0	0	0	0	0	0	0	0	0	0	0	0	0	0	0	0	0	0	0	0	0	0	0	0	0	0	0	0	0	0	0	0	0	0	0	0	0	0	0	0	0	0	0	0	0	0	0
0	0	0	0	0	0	0	0	5	0	74	0	0	29	0	0	0	19	0	6	144	0	0	0	0	0	19	0	0	0	0	153	0	2	0	0	0	0	0	0	0	0	0	0	139	1	0	0	0	0	0	0	0	79	0	22	0	201	0	0	0	0	0	0	0	0	0	3	12	0	26	0	11	0	131
0	8	0	0	0	0	0	0	1	0	0	0	0	1	0	0	1	1	0	44	5	237	39	0	3	3	92	0	0	0	0	0	0	101	16	117	0	0	0	0	104	0	0	0	0	0	0	0	0	0	0	0	0	12	0	8	1	14	3	0	0	3	0	0	0	0	0	30	1	0	6	1	3	0	17
0	1	0	0	0	0	0	0	0	0	331	0	0	0	0	6	0	2	11	4	110	3	0	0	0	51	10	0	0	0	0	70	0	1	0	0	0	0	0	0	0	0	0	0	704	0	0	0	0	0	0	79	12	0	0	0	0	204	0	0	0	0	0	0	0	0	0	0	0	0	0	0	0	0	194
0	0	0	0	0	0	0	0	0	0	0	0	0	0	0	0	0	0	0	0	0	0	0	0	0	0	0	0	0	0	0	0	0	0	0	0	0	0	0	0	0	0	0	0	0	0	0	0	0	0	0	0	0	0	0	0	0	0	0	0	0	0	0	0	0	0	0	0	0	0	0	0	0	0	0
0	140	5	0	0	0	0	0	0	0	0	0	0	34	0	0	0	47	0	2	108	13	0	0	12	84	56	24	0	0	0	99	0	1	0	0	0	0	0	0	0	0	0	3	0	0	0	0	0	0	0	22	8	0	0	0	0	5	0	0	2	0	0	0	0	0	0	0	0	0	0	0	5	0	4
0	10	6	0	0	0	0	0	0	0	0	0	0	97	0	0	0	12	0	6	17	65	0	0	8	30	16	19	0	0	0	0	0	29	0	0	0	0	0	0	0	0	0	0	0	0	0	0	0	0	0	0	1	0	0	0	0	11	0	10	9	0	0	0	0	0	0	0	0	0	7	1	6	0	0
0	0	16	177	0	0	80	0	3	0	464	0	0	42	7	0	0	0	0	138	292	10	0	0	41	40	9	1	0	0	0	200	0	13	7	18	12	0	0	0	31	0	0	0	1465	73	3	0	103	0	0	201	14	204	0	5	11	0	10	7	4	1	2	0	0	0	78	0	9	0	118	4	11	0	304
0	3	2	0	0	0	0	0	0	4	33	0	0	55	0	0	0	39	0	0	21	60	0	0	0	0	56	0	0	0	0	1	0	9	0	0	0	0	0	0	0	0	0	2	154	0	0	0	0	0	0	0	3	0	0	0	0	10	0	2	0	0	0	0	0	0	0	0	0	1	2	1	2	0	211
0	0	4	0	0	0	0	0	0	0	1	0	0	1	0	0	0	2	0	0	7	1	0	0	0	0	0	0	0	0	0	0	0	0	6	14	0	0	0	0	0	0	0	2	0	0	0	4	0	0	0	0	0	0	0	0	10	7	2	0	5	0	0	0	0	0	0	26	0	0	20	30	4	31	0
0	0	13	0	0	0	1	0	11	0	0	0	0	6	0	0	0	0	0	9	0	0	2	0	0	0	1	0	0	0	0	0	0	2	2	9	0	0	0	0	13	0	0	0	0	0	5	0	0	0	0	0	0	0	0	2	9	4	0	5	0	0	0	0	0	0	0	0	0	0	5	7	4	0	0
0	0	13	0	0	0	0	0	0	0	18	0	0	0	250	0	0	0	7	0	2	1	0	0	0	0	1	5	0	0	0	5	0	0	0	0	0	0	0	0	0	0	0	0	1928	0	0	0	0	0	0	0	3	0	0	0	0	1	0	0	0	0	220	0	0	0	0	0	0	0	0	0	13	22	0
0	0	7	3	0	110	0	0	0	0	5	17	0	0	435	0	17	0	5	0	0	0	0	0	0	0	1	6	0	0	0	2	0	3	0	0	11	1	0	0	0	0	1	0	95	6	45	22	109	0	0	0	0	0	0	0	0	2	0	0	0	220	0	0	0	0	0	0	0	71	0	0	63	1	22
0	0	0	0	0	0	0	0	0	0	0	0	0	0	0	0	0	0	0	0	0	0	0	0	0	0	0	0	0	0	0	0	0	0	0	0	0	0	0	0	0	0	0	0	0	0	0	0	0	0	0	0	0	0	0	0	0	0	0	0	0	0	0	0	0	0	0	0	0	0	0	0	0	0	0
0	0	2	0	0	2	0	0	0	0	0	0	0	1	0	0	0	0	0	0	0	0	0	0	0	0	0	0	0	0	0	0	0	0	0	0	0	0	0	0	0	0	0	0	0	0	2	0	0	0	0	0	0	0	0	0	0	0	0	0	0	0	0	0	0	0	0	0	0	4	0	0	0	0	0
0	0	0	0	0	0	0	0	0	0	0	0	0	0	0	0	0	0	0	0	0	0	0	0	0	0	0	0	0	0	0	0	0	0	0	0	0	0	0	0	0	0	0	0	0	0	0	0	0	0	0	0	0	0	0	0	0	0	0	0	0	0	0	0	0	0	0	0	0	0	0	0	0	0	0
0	0	1	1	0	0	0	0	0	0	276	0	0	0	0	0	0	1	12	0	2	1	0	0	0	0	1	137	0	0	0	0	0	0	0	0	62	0	0	0	0	0	0	0	794	0	0	0	1	0	0	0	0	0	0	0	0	78	0	0	0	0	0	0	0	0	0	0	0	0	0	0	1	0	0
0	49	3	0	0	0	0	0	0	0	0	0	0	0	0	0	0	22	0	0	3	4	0	0	0	0	62	0	0	0	0	64	0	0	0	0	0	0	0	0	0	0	0	0	2	0	0	0	0	0	0	3	30	0	0	0	0	0	0	26	0	0	0	0	0	0	0	0	0	0	2	0	3	0	87
0	131	1	0	0	0	0	0	0	0	18	4	0	36	4	0	0	89	0	2	25	22	0	0	0	90	67	0	0	0	0	27	0	1	0	0	0	0	0	0	0	0	0	8	66	0	0	0	0	0	0	12	1	0	0	0	0	9	0	0	0	0	0	0	0	0	0	0	0	0	0	0	1	0	280
0	0	8	4	0	10	0	0	0	0	0	6	0	3	44	0	0	0	6	0	1	0	0	0	0	0	0	3	0	0	0	0	0	0	0	0	0	0	0	0	0	0	0	0	28	0	0	0	0	0	0	0	0	0	0	0	0	0	1	0	0	0	71	0	4	0	0	0	0	0	2	2	8	12	0
0	0	14	0	0	0	0	0	2	0	178	0	0	47	18	0	0	10	0	10	131	7	0	0	0	0	7	0	0	0	0	41	0	10	3	4	0	0	0	0	9	0	0	27	18	0	0	0	0	0	0	26	6	0	0	0	7	118	2	20	5	0	0	0	0	0	0	2	0	2	0	10	8	0	57
0	2	3	0	0	0	0	0	0	0	11	0	0	405	0	0	0	23	0	2	213	266	0	0	0	0	241	0	0	0	0	0	0	26	0	0	0	0	0	0	2	0	0	0	0	0	0	0	0	0	0	0	1	0	0	0	1	4	1	30	7	0	0	0	0	0	0	0	0	2	10	0	3	0	1
0	0	6	0	3	10	0	0	13	1	4	0	0	153	55	0	1	25	0	9	13	9	0	0	0	0	20	26	0	0	0	30	0	14	7	6	0	0	0	0	9	0	2	0	0	0	9	8	6	0	0	11	3	0	0	5	6	11	2	4	4	13	63	0	0	0	1	3	1	8	8	3	0	0	0
0	4	0	0	0	3	0	0	0	0	0	0	0	0	0	0	0	0	38	0	0	0	0	0	0	0	0	0	0	0	0	0	0	0	2	0	13	0	0	0	0	0	0	0	50	0	0	0	0	0	0	0	0	0	0	0	0	0	0	31	0	22	1	0	0	0	0	0	0	12	0	0	0	0	0
0	0	0	0	0	1	191	0	0	0	1	0	0	3	0	0	0	14	1	114	26	35	43	0	2	1	4	0	0	0	0	155	0	59	2	49	2	0	0	0	51	0	0	0	947	85	0	0	0	0	0	131	17	194	0	4	0	304	211	0	0	0	22	0	0	0	0	87	280	0	57	1	0	0	0
