0	0	0	0	0	0	0	0	0	0	0	0	0	0	0	0	0	0	0	0	0	0	0	0	0	0	0	0	0	0	0	0	0	0	0	0	0	0	0	0	0	0	0	0	0	0	0	0	0	0	0	0	0	0	0	0	0	0	0	0	0	0	0	0	0	0	0	0	0	0	0	0	0	0	0
0	0	0	0	0	0	8	0	0	0	0	0	0	0	0	0	0	3	0	8	0	0	117	0	132	0	0	0	0	26	0	1	0	0	0	35	0	0	0	0	1	0	0	0	0	1	0	0	0	0	0	0	107	1	0	131	0	0	13	0	0	0	0	0	0	0	0	8	89	0	0	0	0	0	0
0	0	0	1	0	91	0	0	63	0	9	0	0	80	18	0	0	18	0	1	0	0	1	4	1	0	0	0	0	1	10	1	0	3	72	7	1	0	6	0	19	0	6	0	33	0	47	0	0	0	8	0	0	1	0	1	1	6	1	46	0	22	55	0	50	0	6	0	30	0	0	34	9	7	14
0	0	1	0	0	0	7	0	0	2	182	0	0	3	107	94	0	5	14	0	0	1	0	0	0	0	0	7	0	18	0	0	0	0	0	0	0	0	0	0	0	0	0	0	0	0	0	0	0	0	0	0	0	0	0	0	0	42	0	8	0	0	0	0	0	0	18	0	0	0	0	0	1	4	3
0	0	0	0	0	0	0	0	0	2	0	0	0	0	4	5	0	0	0	0	3	0	0	0	0	0	0	7	0	0	482	4	3	0	1	0	0	0	0	0	0	0	0	0	0	0	0	0	0	0	0	0	0	0	0	0	0	0	0	0	0	0	0	0	0	0	1	0	0	0	0	0	0	0	0
0	0	91	0	0	0	0	0	0	0	31	4	0	155	18	1	0	0	0	0	1	1	0	0	0	0	0	0	0	0	0	0	0	0	968	0	0	0	0	0	0	0	0	0	0	0	0	0	0	0	0	0	0	0	0	0	0	0	0	0	0	0	0	0	0	0	0	0	0	0	0	0	81	1	0
0	8	0	7	0	0	0	0	1	0	1	0	0	3	0	0	0	879	0	112	0	452	66	2	5	0	497	0	0	155	0	4	0	152	64	287	0	0	0	0	444	0	0	0	0	90	0	0	0	0	0	0	0	84	0	113	35	20	189	0	0	0	0	0	0	0	0	105	76	0	3	51	1	0	28
0	0	0	0	0	0	0	0	0	0	0	0	0	0	0	0	0	0	0	0	0	0	0	0	0	0	0	0	0	0	1	0	0	0	0	0	0	0	0	0	0	0	0	0	0	0	0	0	0	0	0	0	0	0	0	0	0	0	0	0	0	0	0	0	0	0	0	0	0	0	0	0	0	0	0
0	0	63	0	0	0	1	0	0	0	0	0	0	404	0	0	0	148	0	6	70	73	0	0	0	0	1	0	0	2	0	0	0	6	119	0	0	0	0	0	0	0	0	0	0	0	0	0	0	0	0	0	0	0	0	0	0	0	0	24	0	0	0	0	0	0	0	0	0	0	0	0	53	0	0
0	0	0	2	2	0	0	0	0	0	1	0	0	0	2	0	0	0	0	1	0	0	0	0	0	0	0	0	0	1	0	0	0	0	0	1	0	0	0	0	1	0	1	0	0	0	0	0	0	0	1	0	0	0	0	0	0	16	0	0	0	0	6	0	0	0	0	0	0	0	0	1	0	0	0
0	0	9	182	0	31	1	0	0	1	0	0	0	2	1	176	0	3	35	135	5	2	0	3	0	0	0	2	0	0	14	78	0	3	0	1	72	0	16	0	1	0	54	0	215	0	0	0	0	0	0	61	0	242	0	0	0	119	2	3	0	10	59	0	2	0	158	0	15	0	178	1	28	24	1
0	0	0	0	0	4	0	0	0	0	0	0	0	0	0	0	0	0	0	0	0	0	0	0	0	0	0	0	0	0	0	0	0	0	0	0	0	0	0	0	0	0	0	0	0	0	0	0	0	0	0	0	0	0	0	0	0	0	0	0	0	0	4	0	0	0	0	0	0	0	0	0	0	0	0
0	0	0	0	0	0	0	0	0	0	0	0	0	0	0	0	0	0	0	0	0	0	0	0	0	0	0	0	0	0	0	0	0	0	0	0	0	0	0	0	0	0	0	0	0	0	0	0	0	0	0	0	0	0	0	0	0	0	0	0	0	0	0	0	0	0	0	0	0	0	0	0	0	0	0
0	0	80	3	0	155	3	0	404	0	2	0	0	0	5	4	0	49	1	88	0	42	0	12	0	0	0	0	0	29	0	0	0	275	1507	48	0	0	0	0	325	0	0	0	2	0	141	0	0	0	21	0	0	0	0	17	19	23	10	52	0	3	4	0	1	0	0	1	2	0	3	180	144	0	0
0	0	18	107	4	18	0	0	0	2	1	0	0	5	0	0	0	0	1	4	0	1	0	16	0	0	1	0	0	0	0	0	0	3	1	2	37	0	134	0	1	0	198	0	224	0	1	0	0	0	0	0	0	0	0	0	33	18	5	5	0	214	468	0	28	0	9	0	0	0	0	0	65	26	0
0	0	0	94	5	1	0	0	0	0	176	0	0	4	0	0	0	5	7	20	1	0	0	16	0	0	0	2	0	1	0	0	0	3	0	4	172	0	6	0	4	0	39	0	8	0	0	0	0	0	0	0	0	0	0	0	0	36	19	0	0	2	5	0	0	0	120	6	23	0	0	0	3	3	0
0	0	0	0	0	0	0	0	0	0	0	0	0	0	0	0	0	0	0	0	0	0	0	0	0	0	0	0	0	0	0	0	0	0	8	0	0	0	0	0	0	0	0	0	0	0	0	0	0	0	0	0	0	0	0	0	0	0	0	0	0	0	0	0	0	0	0	0	0	0	0	0	0	1	0
0	3	18	5	0	0	879	0	148	0	3	0	0	49	0	5	0	0	3	45	0	719	15	4	25	0	379	0	0	24	0	9	0	192	114	51	1	0	7	0	341	0	0	0	2	78	2	0	0	0	0	0	16	62	0	72	16	5	150	40	0	18	1	0	0	0	0	97	157	0	2	66	50	5	23
0	0	0	14	0	0	0	0	0	0	35	0	0	1	1	7	0	3	0	0	0	0	0	1	0	0	0	0	0	0	1	0	0	9	0	0	2	0	14	0	0	0	2	0	60	0	0	0	0	0	468	0	0	12	0	0	0	6	13	0	0	28	19	0	0	0	1	0	0	0	0	0	2	4	0
0	8	1	0	0	0	112	0	6	1	135	0	0	88	4	20	0	45	0	0	23	33	24	4	0	0	33	0	0	264	7	23	0	7	77	14	0	0	2	0	10	0	76	0	4	0	0	0	0	0	0	2	0	28	0	2	26	197	18	138	0	0	0	0	0	0	5	36	124	0	6	26	1	0	419
0	0	0	0	3	1	0	0	70	0	5	0	0	0	0	1	0	0	0	23	0	23	0	1	0	0	5	0	0	0	0	5	0	80	1	1	0	0	0	0	76	0	0	0	0	6	0	0	0	0	0	0	0	0	0	0	0	0	1	0	0	11	0	0	0	0	15	0	0	0	0	81	7	0	0
0	0	0	1	0	1	452	0	73	0	2	0	0	42	1	0	0	719	0	33	23	0	6	1	3	0	401	0	0	9	2	0	0	406	46	41	0	0	1	0	356	0	1	0	10	15	26	0	0	0	0	0	0	41	0	41	25	11	134	8	0	2	3	0	2	0	0	12	71	0	3	174	3	0	3
0	117	1	0	0	0	66	0	0	0	0	0	0	0	0	0	0	15	0	24	0	6	0	0	0	0	35	0	0	1	0	35	0	0	12	0	0	0	0	0	0	0	0	0	0	0	0	0	0	0	0	0	237	0	0	0	0	0	0	2	0	0	0	0	0	0	0	0	0	0	0	0	1	0	35
0	0	4	0	0	0	2	0	0	0	3	0	0	12	16	16	0	4	1	4	1	1	0	0	0	0	1	0	0	13	0	0	0	0	5	0	0	0	0	0	0	0	0	0	0	0	0	0	0	0	0	0	3	0	0	0	70	2	0	0	0	0	0	0	0	0	0	0	0	0	0	0	4	0	1
0	132	1	0	0	0	5	0	0	0	0	0	0	0	0	0	0	25	0	0	0	3	0	0	0	0	2	0	0	0	3	0	0	0	0	0	0	0	0	0	0	0	0	0	0	0	0	0	0	0	0	0	379	0	0	0	108	0	0	0	0	0	0	0	0	0	0	0	0	0	0	0	1	0	0
0	0	0	0	0	0	0	0	0	0	0	0	0	0	0	0	0	0	0	0	0	0	0	0	0	0	0	0	0	0	0	0	0	0	0	0	0	0	0	0	0	0	0	0	0	0	0	0	0	0	0	0	0	0	0	0	0	0	0	0	0	0	0	0	0	0	0	0	0	0	0	0	0	0	0
0	0	0	0	0	0	497	0	1	0	0	0	0	0	1	0	0	379	0	33	5	401	35	1	2	0	0	0	0	18	1	4	0	244	24	54	0	0	2	0	279	0	0	0	1	57	4	0	0	0	0	0	11	57	0	67	15	15	142	0	0	0	1	0	0	0	0	115	68	0	7	147	1	0	3
0	0	0	7	7	0	0	0	0	0	2	0	0	0	0	2	0	0	0	0	0	0	0	0	0	0	0	0	0	0	228	0	0	0	0	0	6	0	0	0	0	0	0	0	3	0	0	0	0	0	0	0	0	0	0	0	0	0	0	0	0	1	0	0	0	0	16	0	0	0	0	0	0	0	0
0	0	0	0	0	0	0	0	0	0	0	0	0	0	0	0	0	0	0	0	0	0	0	0	0	0	0	0	0	0	0	0	0	0	0	0	0	0	0	0	0	0	0	0	0	0	0	0	0	0	0	0	0	0	0	0	0	0	0	0	0	0	0	0	0	0	0	0	0	0	0	0	0	0	0
0	26	1	18	0	0	155	0	2	1	0	0	0	29	0	1	0	24	0	264	0	9	1	13	0	0	18	0	0	0	2	0	0	118	6	270	0	0	186	0	332	0	0	0	0	28	2	0	0	0	0	0	0	0	0	0	75	2	185	23	0	0	0	0	0	0	0	169	283	0	0	13	1	0	2
0	0	10	0	482	0	0	1	0	0	14	0	0	0	0	0	0	0	1	7	0	2	0	0	3	0	1	228	0	2	0	11	0	0	8	6	1050	0	10	0	0	0	0	0	6	0	0	0	0	0	0	0	1	9	0	1	0	0	0	0	0	0	1	0	0	0	1254	10	4	0	0	0	43	0	1
0	1	1	0	4	0	4	0	0	0	78	0	0	0	0	0	0	9	0	23	5	0	35	0	0	0	4	0	0	0	11	0	0	0	6	0	0	0	13	0	5	0	0	0	0	2	0	0	0	0	0	42	0	98	0	80	0	116	2	0	0	0	0	0	0	0	0	146	2	0	0	0	1	0	271
0	0	0	0	3	0	0	0	0	0	0	0	0	0	0	0	0	0	0	0	0	0	0	0	0	0	0	0	0	0	0	0	0	0	0	0	0	0	0	0	0	0	0	0	0	0	0	0	0	0	0	0	0	0	0	0	0	0	0	0	0	0	0	0	0	0	0	0	0	0	0	0	0	0	0
0	0	3	0	0	0	152	0	6	0	3	0	0	275	3	3	0	192	9	7	80	406	0	0	0	0	244	0	0	118	0	0	0	0	22	10	0	0	1	0	15	0	0	0	0	0	0	0	0	0	0	0	0	0	0	4	1	1	7	2	0	0	0	0	0	0	1	0	1	0	0	7	4	4	3
0	0	72	0	1	968	64	0	119	0	0	0	0	1507	1	0	8	114	0	77	1	46	12	5	0	0	24	0	0	6	8	6	0	22	0	101	0	0	4	0	634	0	0	0	1	0	100	0	0	0	185	10	0	0	0	125	0	11	30	1	0	1	2	0	2	0	0	33	2	0	27	22	171	0	1
0	35	7	0	0	0	287	0	0	1	1	0	0	48	2	4	0	51	0	14	1	41	0	0	0	0	54	0	0	270	6	0	0	10	101	0	0	0	0	0	0	0	0	0	0	0	0	0	0	0	0	0	0	0	0	0	0	6	0	20	0	0	0	0	0	0	0	0	0	0	0	0	7	0	0
0	0	1	0	0	0	0	0	0	0	72	0	0	0	37	172	0	1	2	0	0	0	0	0	0	0	0	6	0	0	1050	0	0	0	0	0	0	0	0	0	0	0	0	0	0	0	0	0	0	0	0	0	0	0	0	0	0	1	0	0	0	0	0	0	0	0	3	0	0	0	0	0	1	4	0
0	0	0	0	0	0	0	0	0	0	0	0	0	0	0	0	0	0	0	0	0	0	0	0	0	0	0	0	0	0	0	0	0	0	0	0	0	0	0	0	0	0	0	0	0	0	0	0	0	0	0	0	0	0	0	0	0	0	0	0	0	0	0	0	0	0	0	0	0	0	0	0	0	0	0
0	0	6	0	0	0	0	0	0	0	16	0	0	0	134	6	0	7	14	2	0	1	0	0	0	0	2	0	0	186	10	13	0	1	4	0	0	0	0	0	0	0	0	0	0	0	0	0	0	0	0	0	0	0	0	0	2	0	0	4	0	0	0	0	0	0	0	0	0	0	0	0	6	10	0
0	0	0	0	0	0	0	0	0	0	0	0	0	0	0	0	0	0	0	0	0	0	0	0	0	0	0	0	0	0	0	0	0	0	0	0	0	0	0	0	0	0	0	0	0	0	0	0	0	0	0	0	0	0	0	0	0	0	0	0	0	0	0	0	0	0	0	0	0	0	0	0	0	0	0
0	1	19	0	0	0	444	0	0	1	1	0	0	325	1	4	0	341	0	10	76	356	0	0	0	0	279	0	0	332	0	5	0	15	634	0	0	0	0	0	0	0	0	0	0	0	0	0	0	0	0	0	0	0	0	0	1	3	0	2	0	0	0	0	0	0	0	0	0	0	0	0	6	0	2
0	0	0	0	0	0	0	0	0	0	0	0	0	0	0	0	0	0	0	0	0	0	0	0	0	0	0	0	0	0	0	0	0	0	0	0	0	0	0	0	0	0	0	0	0	0	0	0	0	0	0	0	0	0	0	0	0	0	0	0	0	0	0	0	0	0	0	0	0	0	0	0	0	0	0
0	0	6	0	0	0	0	0	0	1	54	0	0	0	198	39	0	0	2	76	0	1	0	0	0	0	0	0	0	0	0	0	0	0	0	0	0	0	0	0	0	0	0	0	0	0	0	0	0	0	0	0	0	0	0	0	0	2	0	8	0	0	0	0	0	0	0	0	0	0	0	0	6	1	0
0	0	0	0	0	0	0	0	0	0	0	0	0	0	0	0	0	0	0	0	0	0	0	0	0	0	0	0	0	0	0	0	0	0	0	0	0	0	0	0	0	0	0	0	0	0	0	0	0	0	0	0	0	0	0	0	0	0	0	0	0	0	0	0	0	0	0	0	0	0	0	0	0	0	0
0	0	33	0	0	0	0	0	0	0	215	0	0	2	224	8	0	2	60	4	0	10	0	0	0	0	1	3	0	0	6	0	0	0	1	0	0	0	0	0	0	0	0	0	0	0	0	0	0	0	0	3	0	0	0	0	0	71	0	0	0	0	0	0	0	0	1	0	0	0	0	0	33	10	210
0	1	0	0	0	0	90	0	0	0	0	0	0	0	0	0	0	78	0	0	6	15	0	0	0	0	57	0	0	28	0	2	0	0	0	0	0	0	0	0	0	0	0	0	0	0	0	0	0	0	0	0	1	0	0	0	0	0	0	0	0	0	0	0	0	0	0	0	0	0	0	0	0	0	6
0	0	47	0	0	0	0	0	0	0	0	0	0	141	1	0	0	2	0	0	0	26	0	0	0	0	4	0	0	2	0	0	0	0	100	0	0	0	0	0	0	0	0	0	0	0	0	0	0	0	0	0	0	0	0	0	0	0	0	0	0	0	0	0	0	0	0	0	0	0	0	0	38	0	0
0	0	0	0	0	0	0	0	0	0	0	0	0	0	0	0	0	0	0	0	0	0	0	0	0	0	0	0	0	0	0	0	0	0	0	0	0	0	0	0	0	0	0	0	0	0	0	0	0	0	0	0	0	0	0	0	0	0	0	0	0	0	0	0	0	0	0	0	0	0	0	0	0	0	0
0	0	0	0	0	0	0	0	0	0	0	0	0	0	0	0	0	0	0	0	0	0	0	0	0	0	0	0	0	0	0	0	0	0	0	0	0	0	0	0	0	0	0	0	0	0	0	0	0	0	0	0	0	0	0	0	0	0	0	0	0	0	0	0	0	0	0	0	0	0	0	0	0	0	0
0	0	0	0	0	0	0	0	0	0	0	0	0	0	0	0	0	0	0	0	0	0	0	0	0	0	0	0	0	0	0	0	0	0	0	0	0	0	0	0	0	0	0	0	0	0	0	0	0	0	0	0	0	0	0	0	0	0	0	0	0	0	0	0	0	0	0	0	0	0	0	0	0	0	0
0	0	8	0	0	0	0	0	0	1	0	0	0	21	0	0	0	0	468	0	0	0	0	0	0	0	0	0	0	0	0	0	0	0	185	0	0	0	0	0	0	0	0	0	0	0	0	0	0	0	0	0	0	0	0	0	0	3	0	0	0	0	0	0	0	0	0	0	0	0	0	0	8	0	0
0	0	0	0	0	0	0	0	0	0	61	0	0	0	0	0	0	0	0	2	0	0	0	0	0	0	0	0	0	0	0	42	0	0	10	0	0	0	0	0	0	0	0	0	3	0	0	0	0	0	0	0	1	24	0	0	0	15	0	0	0	0	0	0	0	0	0	0	0	0	0	0	0	0	78
0	107	0	0	0	0	0	0	0	0	0	0	0	0	0	0	0	16	0	0	0	0	237	3	379	0	11	0	0	0	1	0	0	0	0	0	0	0	0	0	0	0	0	0	0	1	0	0	0	0	0	1	0	0	0	302	4	0	0	0	0	0	0	0	0	0	0	0	256	0	0	0	1	0	0
0	1	1	0	0	0	84	0	0	0	242	0	0	0	0	0	0	62	12	28	0	41	0	0	0	0	57	0	0	0	9	98	0	0	0	0	0	0	0	0	0	0	0	0	0	0	0	0	0	0	0	24	0	0	0	0	0	110	0	0	0	0	0	0	0	0	0	0	0	0	0	0	1	0	254
0	0	0	0	0	0	0	0	0	0	0	0	0	0	0	0	0	0	0	0	0	0	0	0	0	0	0	0	0	0	0	0	0	0	0	0	0	0	0	0	0	0	0	0	0	0	0	0	0	0	0	0	0	0	0	0	0	0	0	0	0	0	0	0	0	0	0	0	0	0	0	0	0	0	0
0	131	1	0	0	0	113	0	0	0	0	0	0	17	0	0	0	72	0	2	0	41	0	0	0	0	67	0	0	0	1	80	0	4	125	0	0	0	0	0	0	0	0	0	0	0	0	0	0	0	0	0	302	0	0	0	61	0	0	0	0	0	0	0	0	0	0	0	0	0	0	0	1	0	9
0	0	1	0	0	0	35	0	0	0	0	0	0	19	33	0	0	16	0	26	0	25	0	70	108	0	15	0	0	75	0	0	0	1	0	0	0	0	2	0	1	0	0	0	0	0	0	0	0	0	0	0	4	0	0	61	0	59	0	0	0	0	0	0	0	0	0	0	10	0	22	0	1	0	0
0	0	6	42	0	0	20	0	0	16	119	0	0	23	18	36	0	5	6	197	0	11	0	2	0	0	15	0	0	2	0	116	0	1	11	6	1	0	0	0	3	0	2	0	71	0	0	0	0	0	3	15	0	110	0	0	59	0	2	7	0	2	4	0	0	0	5	2	1	0	72	4	7	2	27
0	13	1	0	0	0	189	0	0	0	2	0	0	10	5	19	0	150	13	18	1	134	0	0	0	0	142	0	0	185	0	2	0	7	30	0	0	0	0	0	0	0	0	0	0	0	0	0	0	0	0	0	0	0	0	0	0	2	0	8	0	0	0	0	0	0	0	0	0	0	0	0	1	2	82
0	0	46	8	0	0	0	0	24	0	3	0	0	52	5	0	0	40	0	138	0	8	2	0	0	0	0	0	0	23	0	0	0	2	1	20	0	0	4	0	2	0	8	0	0	0	0	0	0	0	0	0	0	0	0	0	0	7	8	0	0	0	0	0	0	0	18	92	8	0	60	28	54	1	22
0	0	0	0	0	0	0	0	0	0	0	0	0	0	0	0	0	0	0	0	0	0	0	0	0	0	0	0	0	0	0	0	0	0	0	0	0	0	0	0	0	0	0	0	0	0	0	0	0	0	0	0	0	0	0	0	0	0	0	0	0	0	0	0	0	0	0	0	0	0	0	0	0	0	0
0	0	22	0	0	0	0	0	0	0	10	0	0	3	214	2	0	18	28	0	11	2	0	0	0	0	0	1	0	0	0	0	0	0	1	0	0	0	0	0	0	0	0	0	0	0	0	0	0	0	0	0	0	0	0	0	0	2	0	0	0	0	0	0	0	0	0	0	0	0	0	0	22	10	0
0	0	55	0	0	0	0	0	0	6	59	4	0	4	468	5	0	1	19	0	0	3	0	0	0	0	1	0	0	0	1	0	0	0	2	0	0	0	0	0	0	0	0	0	0	0	0	0	0	0	0	0	0	0	0	0	0	4	0	0	0	0	0	0	0	0	11	0	0	0	0	0	55	9	4
0	0	0	0	0	0	0	0	0	0	0	0	0	0	0	0	0	0	0	0	0	0	0	0	0	0	0	0	0	0	0	0	0	0	0	0	0	0	0	0	0	0	0	0	0	0	0	0	0	0	0	0	0	0	0	0	0	0	0	0	0	0	0	0	0	0	0	0	0	0	0	0	0	0	0
0	0	50	0	0	0	0	0	0	0	2	0	0	1	28	0	0	0	0	0	0	2	0	0	0	0	0	0	0	0	0	0	0	0	2	0	0	0	0	0	0	0	0	0	0	0	0	0	0	0	0	0	0	0	0	0	0	0	0	0	0	0	0	0	0	0	0	0	0	0	0	0	45	0	0
0	0	0	0	0	0	0	0	0	0	0	0	0	0	0	0	0	0	0	0	0	0	0	0	0	0	0	0	0	0	0	0	0	0	0	0	0	0	0	0	0	0	0	0	0	0	0	0	0	0	0	0	0	0	0	0	0	0	0	0	0	0	0	0	0	0	0	0	0	0	0	0	0	0	0
0	0	6	18	1	0	0	0	0	0	158	0	0	0	9	120	0	0	1	5	15	0	0	0	0	0	0	16	0	0	1254	0	0	1	0	0	3	0	0	0	0	0	0	0	1	0	0	0	0	0	0	0	0	0	0	0	0	5	0	18	0	0	11	0	0	0	0	0	0	0	0	0	6	0	0
0	8	0	0	0	0	105	0	0	0	0	0	0	1	0	6	0	97	0	36	0	12	0	0	0	0	115	0	0	169	10	146	0	0	33	0	0	0	0	0	0	0	0	0	0	0	0	0	0	0	0	0	0	0	0	0	0	2	0	92	0	0	0	0	0	0	0	0	0	0	0	0	0	0	54
0	89	30	0	0	0	76	0	0	0	15	0	0	2	0	23	0	157	0	124	0	71	0	0	0	0	68	0	0	283	4	2	0	1	2	0	0	0	0	0	0	0	0	0	0	0	0	0	0	0	0	0	256	0	0	0	10	1	0	8	0	0	0	0	0	0	0	0	0	0	0	0	30	0	197
0	0	0	0	0	0	0	0	0	0	0	0	0	0	0	0	0	0	0	0	0	0	0	0	0	0	0	0	0	0	0	0	0	0	0	0	0	0	0	0	0	0	0	0	0	0	0	0	0	0	0	0	0	0	0	0	0	0	0	0	0	0	0	0	0	0	0	0	0	0	0	0	0	0	0
0	0	0	0	0	0	3	0	0	0	178	0	0	3	0	0	0	2	0	6	0	3	0	0	0	0	7	0	0	0	0	0	0	0	27	0	0	0	0	0	0	0	0	0	0	0	0	0	0	0	0	0	0	0	0	0	22	72	0	60	0	0	0	0	0	0	0	0	0	0	0	0	0	0	6
0	0	34	0	0	0	51	0	0	1	1	0	0	180	0	0	0	66	0	26	81	174	0	0	0	0	147	0	0	13	0	0	0	7	22	0	0	0	0	0	0	0	0	0	0	0	0	0	0	0	0	0	0	0	0	0	0	4	0	28	0	0	0	0	0	0	0	0	0	0	0	0	29	0	24
0	0	9	1	0	81	1	0	53	0	28	0	0	144	65	3	0	50	2	1	7	3	1	4	1	0	1	0	0	1	43	1	0	4	171	7	1	0	6	0	6	0	6	0	33	0	38	0	0	0	8	0	1	1	0	1	1	7	1	54	0	22	55	0	45	0	6	0	30	0	0	29	0	14	35
0	0	7	4	0	1	0	0	0	0	24	0	0	0	26	3	1	5	4	0	0	0	0	0	0	0	0	0	0	0	0	0	0	4	0	0	4	0	10	0	0	0	1	0	10	0	0	0	0	0	0	0	0	0	0	0	0	2	2	1	0	10	9	0	0	0	0	0	0	0	0	0	14	0	0
0	0	14	3	0	0	28	0	0	0	1	0	0	0	0	0	0	23	0	419	0	3	35	1	0	0	3	0	0	2	1	271	0	3	1	0	0	0	0	0	2	0	0	0	210	6	0	0	0	0	0	78	0	254	0	9	0	27	82	22	0	0	4	0	0	0	0	54	197	0	6	24	35	0	0
